0.0 0.034202732145786285
0.0 0.03437233716249466
0.0 0.03536088764667511
0.0 0.0355643630027771
0.0 0.0356912724673748
0.0 0.03658943250775337
0.0 0.03721148893237114
0.0 0.03723208233714104
0.0 0.037558555603027344
0.0 0.03768150135874748
0.0 0.03803636133670807
0.0 0.038189373910427094
0.0 0.03822736814618111
0.0 0.03835558146238327
0.0 0.03838391974568367
0.0 0.03902150318026543
0.0 0.039028581231832504
0.0 0.03908713907003403
0.0 0.039236657321453094
0.0 0.03940419852733612
0.0 0.03945964202284813
0.0 0.03953485190868378
0.0 0.039701540023088455
0.0 0.039888735860586166
0.0 0.04004065319895744
0.0 0.04006805270910263
0.0 0.04008859768509865
0.0 0.04012702777981758
0.0 0.04013422504067421
0.0 0.04020892083644867
0.0 0.04023515805602074
0.0 0.04024573042988777
0.0 0.04027016833424568
0.0 0.040275488048791885
0.0 0.040281157940626144
0.0 0.04056818038225174
0.0 0.0407143160700798
0.0 0.04082224518060684
0.0 0.040935859084129333
0.0 0.04094698652625084
0.0 0.04095517098903656
0.0 0.04120522364974022
0.0 0.04124365374445915
0.0 0.04126023128628731
0.0 0.04128548502922058
0.0 0.04131031781435013
0.0 0.04132547974586487
0.0 0.04138876497745514
0.0 0.04140385612845421
0.0 0.04143933579325676
0.0 0.04156135767698288
0.0 0.041606854647397995
0.0 0.041688092052936554
0.0 0.041797906160354614
0.0 0.04181569814682007
0.0 0.041898924857378006
0.0 0.04202033579349518
0.0 0.042079389095306396
0.0 0.0421074740588665
0.0 0.04220634326338768
0.0 0.042226262390613556
0.0 0.042413149029016495
0.0 0.04247258976101875
0.0 0.04248114302754402
0.0 0.04249351844191551
0.0 0.04265215992927551
0.0 0.042694106698036194
0.0 0.043077465146780014
0.0 0.043139733374118805
0.0 0.043139778077602386
0.0 0.043160587549209595
0.0 0.04337330535054207
0.0 0.04367876797914505
0.0 0.04369685426354408
0.0 0.043743133544921875
0.0 0.04376348853111267
0.0 0.04379459097981453
0.0 0.043819084763526917
0.0 0.04384910315275192
0.0 0.04394225403666496
0.0 0.044012706726789474
0.0 0.044203873723745346
0.0 0.04424474760890007
0.0 0.044289447367191315
0.0 0.04430157318711281
0.0 0.04431358352303505
0.0 0.04436555877327919
0.0 0.04437556490302086
0.0 0.04438316076993942
0.0 0.04453640058636665
0.0 0.04462013021111488
0.0 0.0446934849023819
0.0 0.04469845071434975
0.0 0.04471544176340103
0.0 0.04481515288352966
0.0 0.04484402388334274
0.0 0.045013319700956345
0.0 0.04508662596344948
0.0 0.04510137811303139
0.0 0.0451052226126194
0.0 0.04511600360274315
0.0 0.04517661780118942
0.0 0.045205458998680115
0.0 0.04530680179595947
0.0 0.04531155154109001
0.0 0.04536147788167
0.0 0.04537057876586914
0.0 0.045392293483018875
0.0 0.04544615373015404
0.0 0.04549292102456093
0.0 0.045517195016145706
0.0 0.045592308044433594
0.0 0.04569539800286293
0.0 0.04570147022604942
0.0 0.04571015387773514
0.0 0.045749764889478683
0.0 0.04580630734562874
0.0 0.04582217335700989
0.0 0.045829448848962784
0.0 0.045915793627500534
0.0 0.04596512019634247
0.0 0.045990344136953354
0.0 0.046005409210920334
0.0 0.046177152544260025
0.0 0.04620075970888138
0.0 0.04620599001646042
0.0 0.04624692350625992
0.0 0.04636933282017708
0.0 0.04642361402511597
0.0 0.04662225395441055
0.0 0.046622686088085175
0.0 0.04664347693324089
0.0 0.04675929248332977
0.0 0.04682137072086334
0.0 0.0469386912882328
0.0 0.04694709554314613
0.0 0.046985726803541183
0.0 0.046987082809209824
0.0 0.04701382666826248
0.0 0.04703395068645477
0.0 0.04716074466705322
0.0 0.04716462641954422
0.0 0.047230660915374756
0.0 0.04723115265369415
0.0 0.04732585325837135
0.0 0.04735594987869263
0.0 0.047375861555337906
0.0 0.047432009130716324
0.0 0.047440726310014725
0.0 0.047545190900564194
0.0 0.04764062911272049
0.0 0.04769972711801529
0.0 0.047753382474184036
0.0 0.04783356934785843
0.0 0.04789259284734726
0.0 0.048066314309835434
0.0 0.04806702956557274
0.0 0.048098403960466385
0.0 0.04809853807091713
0.0 0.048101089894771576
0.0 0.048121921718120575
0.0 0.048154156655073166
0.0 0.04817285016179085
0.0 0.04818141460418701
0.0 0.04819402098655701
0.0 0.0482017807662487
0.0 0.048218999058008194
0.0 0.04830343276262283
0.0 0.04830348119139671
0.0 0.04831079766154289
0.0 0.04836982116103172
0.0 0.04839707538485527
0.0 0.04839923977851868
0.0 0.04849402979016304
0.0 0.048543233424425125
0.0 0.04855326935648918
0.0 0.04857374355196953
0.0 0.048579275608062744
0.0 0.04859897494316101
0.0 0.04862894117832184
0.0 0.04869307577610016
0.0 0.04872044175863266
0.0 0.0487397201359272
0.0 0.048762038350105286
0.0 0.048777177929878235
0.0 0.04880211502313614
0.0 0.04884364455938339
0.0 0.048926565796136856
0.0 0.04893895238637924
0.0 0.048952583223581314
0.0 0.04897806793451309
0.0 0.0490332767367363
0.0 0.04904962331056595
0.0 0.049063753336668015
0.0 0.04908867925405502
0.0 0.0490894578397274
0.0 0.04915900155901909
0.0 0.04916326329112053
0.0 0.04917653650045395
0.0 0.049215417355298996
0.0 0.04930791258811951
0.0 0.04936673864722252
0.0 0.04936889931559563
0.0 0.04941239207983017
0.0 0.04944377765059471
0.0 0.049524277448654175
0.0 0.049580615013837814
0.0 0.04960905387997627
0.0 0.04965532571077347
0.0 0.049721717834472656
0.0 0.0497281439602375
0.0 0.049785517156124115
0.0 0.04978736490011215
0.0 0.04979798570275307
0.0 0.04981604218482971
0.0 0.049833834171295166
0.0 0.04990203678607941
0.0 0.04992078244686127
0.0 0.04997832700610161
0.0 0.050049375742673874
0.0 0.05005262419581413
0.0 0.05006783455610275
0.0 0.05009836331009865
0.0 0.05010272189974785
0.0 0.050112638622522354
0.0 0.05018248036503792
0.0 0.050197627395391464
0.0 0.05023059621453285
0.0 0.05025243014097214
0.0 0.050256725400686264
0.0 0.05034978687763214
0.0 0.0503532849252224
0.0 0.05040252208709717
0.0 0.050444815307855606
0.0 0.05057362839579582
0.0 0.050589121878147125
0.0 0.05059188976883888
0.0 0.050683289766311646
0.0 0.050695255398750305
0.0 0.05072202906012535
0.0 0.050794508308172226
0.0 0.05082860589027405
0.0 0.05088138207793236
0.0 0.05090143159031868
0.0 0.05093568563461304
0.0 0.050985466688871384
0.0 0.051042940467596054
0.0 0.05108679458498955
0.0 0.051261551678180695
0.0 0.051319755613803864
0.0 0.05136750265955925
0.0 0.051392994821071625
0.0 0.05141456425189972
0.0 0.05143849179148674
0.0 0.051499951630830765
0.0 0.05151856318116188
0.0 0.05161916837096214
0.0 0.05172891914844513
0.0 0.051845189183950424
0.0 0.0518830306828022
0.0 0.051901187747716904
0.0 0.05191448703408241
0.0 0.05194728821516037
0.0 0.05195925384759903
0.0 0.05201616510748863
0.0 0.05207042768597603
0.0 0.0521729476749897
0.0 0.0522986501455307
0.0 0.05234309658408165
0.0 0.052380919456481934
0.0 0.05245933309197426
0.0 0.05250148847699165
0.0 0.052596352994441986
0.0 0.05263331159949303
0.0 0.05264769122004509
0.0 0.05264895409345627
0.0 0.052670687437057495
0.0 0.052755873650312424
0.0 0.05277634412050247
0.0 0.05283493921160698
0.0 0.052877027541399
0.0 0.05304042249917984
0.0 0.053135376423597336
0.0 0.05321004241704941
0.0 0.05332382023334503
0.0 0.05333318933844566
0.0 0.05335361137986183
0.0 0.053398892283439636
0.0 0.05345022305846214
0.0 0.0534977987408638
0.0 0.05357951670885086
0.0 0.053634658455848694
0.0 0.05372194945812225
0.0 0.0538148507475853
0.0 0.05398226156830788
0.0 0.053994037210941315
0.0 0.054044172167778015
0.0 0.054087307304143906
0.0 0.05415530502796173
0.0 0.054186876863241196
0.0 0.054299116134643555
0.0 0.05431077629327774
0.0 0.0544140599668026
0.0 0.05446716770529747
0.0 0.054514870047569275
0.0 0.05452422425150871
0.0 0.05457409843802452
0.0 0.054757386445999146
0.0 0.05476009100675583
0.0 0.05476512387394905
0.0 0.054816119372844696
0.0 0.05483068898320198
0.0 0.05498150736093521
0.0 0.05504239350557327
0.0 0.055106401443481445
0.0 0.05522599816322327
0.0 0.055277276784181595
0.0 0.055280815809965134
0.0 0.0554017573595047
0.0 0.055448614060878754
0.0 0.055470436811447144
0.0 0.05548679456114769
0.0 0.05562727898359299
0.0 0.055667437613010406
0.0 0.05570777505636215
0.0 0.05574138090014458
0.0 0.05590100958943367
0.0 0.056001629680395126
0.0 0.0560455285012722
0.0 0.0560702383518219
0.0 0.05607907474040985
0.0 0.05608851835131645
0.0 0.056128621101379395
0.0 0.05623641237616539
0.0 0.05625955015420914
0.0 0.056360941380262375
0.0 0.0564015731215477
0.0 0.05644771829247475
0.0 0.0565628819167614
0.0 0.05659393221139908
0.0 0.05662539601325989
0.0 0.056630395352840424
0.0 0.05671852082014084
0.0 0.05673738941550255
0.0 0.05675152316689491
0.0 0.056876786053180695
0.0 0.05699804797768593
0.0 0.0570298433303833
0.0 0.05725422129034996
0.0 0.05732988938689232
0.0 0.05735643953084946
0.0 0.05736652389168739
0.0 0.05738776549696922
0.0 0.05752606689929962
0.0 0.057658690959215164
0.0 0.057700492441654205
0.0 0.057736754417419434
0.0 0.05782342329621315
0.0 0.05792191997170448
0.0 0.05812174454331398
0.0 0.05814654752612114
0.0 0.05822845920920372
0.0 0.05823923647403717
0.0 0.05841585621237755
0.0 0.05849064514040947
0.0 0.058533478528261185
0.0 0.05860619992017746
0.0 0.05868268385529518
0.0 0.058734774589538574
0.0 0.05878147855401039
0.0 0.05888165533542633
0.0 0.05895965173840523
0.0 0.059112902730703354
0.0 0.05925104767084122
0.0 0.05941348522901535
0.0 0.059414055198431015
0.0 0.05952310562133789
0.0 0.05960610508918762
0.0 0.059672046452760696
0.0 0.059683650732040405
0.0 0.05984368547797203
0.0 0.05995400995016098
0.0 0.060100257396698
0.0 0.060259029269218445
0.0 0.06027546897530556
0.0 0.060343846678733826
0.0 0.06059521064162254
0.0 0.06068970635533333
0.0 0.060779981315135956
0.0 0.06094792112708092
0.0 0.061035770922899246
0.0 0.061331912875175476
0.0 0.061369191855192184
0.0 0.06155738979578018
0.0 0.061590250581502914
0.0 0.06159377843141556
0.0 0.06171213835477829
0.0 0.06184086203575134
0.0 0.06204574927687645
0.0 0.062302302569150925
0.0 0.06231490150094032
0.0 0.06258498877286911
0.0 0.06260760128498077
0.0 0.06273108720779419
0.0 0.06274522095918655
0.0 0.06289377808570862
0.0 0.06300954520702362
0.0 0.06301948428153992
0.0 0.06325609236955643
0.0 0.06326218694448471
0.0 0.06338649988174438
0.0 0.06339474767446518
0.0 0.0633981004357338
0.0 0.06356585025787354
0.0 0.0636398047208786
0.0 0.06369952857494354
0.0 0.06404027342796326
0.0 0.06411083787679672
0.0 0.06431546062231064
0.0 0.06469856202602386
0.0 0.06482706218957901
0.0 0.06485241651535034
0.0 0.06486917287111282
0.0 0.06492942571640015
0.0 0.0653696283698082
0.0 0.06537074595689774
0.0 0.0654606819152832
0.0 0.06554330140352249
0.0 0.0655878335237503
0.0 0.0656341016292572
0.0 0.06577470898628235
0.0 0.06582897901535034
0.0 0.06598123908042908
0.0 0.06608974188566208
0.0 0.06612227857112885
0.0 0.06630261242389679
0.0 0.06647670269012451
0.0 0.06655779480934143
0.0 0.06656501442193985
0.0 0.0666005089879036
0.0 0.06687002629041672
0.0 0.06710083782672882
0.0 0.06710097193717957
0.0 0.06722830981016159
0.0 0.0673539787530899
0.0 0.0673622190952301
0.0 0.06766459345817566
0.0 0.06845740973949432
0.0 0.0687314048409462
0.0 0.06874226778745651
0.0 0.06882832944393158
0.0 0.06888122856616974
0.0 0.06904561817646027
0.0 0.06919435411691666
0.0 0.0693993866443634
0.0 0.06961478292942047
0.0 0.06966257095336914
0.0 0.06986914575099945
0.0 0.06991849094629288
0.0 0.06992270052433014
0.0 0.0699908509850502
0.0 0.07052202522754669
0.0 0.07055732607841492
0.0 0.07060395181179047
0.0 0.07062757015228271
0.0 0.07064081728458405
0.0 0.07065552473068237
0.0 0.07083896547555923
0.0 0.0711221992969513
0.0 0.07150566577911377
0.0 0.07314953207969666
0.0 0.0731901302933693
0.0 0.07338535040616989
0.0 0.0735664814710617
0.0 0.07473879307508469
0.0 0.07500885426998138
0.0 0.0752364918589592
0.0 0.07537428289651871
0.0 0.0760207548737526
0.0 0.07685228437185287
0.0 0.07706055045127869
0.0 0.07706787437200546
0.0 0.0770711898803711
0.0 0.0775340273976326
0.0 0.07911938428878784
0.0 0.07919576019048691
0.0 0.07932797074317932
0.0 0.079823799431324
0.0 0.08123637735843658
0.0 0.08244582265615463
0.0 0.08276034891605377
0.0 0.08290774375200272
0.0 0.08292406052350998
0.0 0.08450359106063843
0.0 0.08493274450302124
0.0 0.08624044805765152
0.0 0.08761763572692871
0.0 0.08833503723144531
0.0 0.08890336006879807
0.0 0.09101027250289917
0.0 0.0910472497344017
0.0 0.09374846518039703
0.0 0.09382617473602295
0.0 0.09400223195552826
0.0 0.0949144959449768
0.0 0.09534058719873428
0.0 0.09645161777734756
0.0 0.098447784781456
0.0 0.10295563191175461
0.0 0.1032240018248558
0.0 0.10973382741212845
0.0 inf
