0.0 0.029561368748545647
0.0 0.04499636963009834
0.0 0.04519389942288399
0.0 0.0453905388712883
0.0 0.04569193720817566
0.0 0.04677446559071541
0.0 0.04688625782728195
0.0 0.04725121706724167
0.0 0.048688311129808426
0.0 0.048694729804992676
0.0 0.04933473467826843
0.0 0.04987793415784836
0.0 0.05018391087651253
0.0 0.050253771245479584
0.0 0.05057600140571594
0.0 0.05067365989089012
0.0 0.05071672052145004
0.0 0.05097024515271187
0.0 0.05108874291181564
0.0 0.05124356225132942
0.0 0.05139636620879173
0.0 0.05150372162461281
0.0 0.05150577798485756
0.0 0.051577623933553696
0.0 0.05190076306462288
0.0 0.05206209793686867
0.0 0.05244361236691475
0.0 0.05267920345067978
0.0 0.05272367224097252
0.0 0.05279681831598282
0.0 0.05282100662589073
0.0 0.052970483899116516
0.0 0.05306001752614975
0.0 0.05308310315012932
0.0 0.05339239165186882
0.0 0.053419362753629684
0.0 0.05370907112956047
0.0 0.053957026451826096
0.0 0.05454655736684799
0.0 0.05456368625164032
0.0 0.05464309826493263
0.0 0.05474725738167763
0.0 0.05480830743908882
0.0 0.05505425110459328
0.0 0.05541975051164627
0.0 0.0556425116956234
0.0 0.05566497519612312
0.0 0.05578428879380226
0.0 0.055858612060546875
0.0 0.05588237941265106
0.0 0.055965930223464966
0.0 0.056035857647657394
0.0 0.05610688775777817
0.0 0.056223608553409576
0.0 0.05627382546663284
0.0 0.056712739169597626
0.0 0.056821782141923904
0.0 0.05692209675908089
0.0 0.05700422823429108
0.0 0.057023145258426666
0.0 0.05732773244380951
0.0 0.057579826563596725
0.0 0.05766323208808899
0.0 0.058052804321050644
0.0 0.05807262659072876
0.0 0.058147940784692764
0.0 0.05825454369187355
0.0 0.058669403195381165
0.0 0.05870912969112396
0.0 0.05890829861164093
0.0 0.059027500450611115
0.0 0.05916781350970268
0.0 0.05925952270627022
0.0 0.059308622032403946
0.0 0.05935199558734894
0.0 0.059352580457925797
0.0 0.05958209186792374
0.0 0.059642013162374496
0.0 0.05965043231844902
0.0 0.05972033739089966
0.0 0.05985990911722183
0.0 0.0601053461432457
0.0 0.060209766030311584
0.0 0.06027045473456383
0.0 0.060321249067783356
0.0 0.06036856025457382
0.0 0.06038431450724602
0.0 0.0604264996945858
0.0 0.06048765778541565
0.0 0.06051976606249809
0.0 0.06065404415130615
0.0 0.060692742466926575
0.0 0.06074904277920723
0.0 0.06077835336327553
0.0 0.061215851455926895
0.0 0.06123867630958557
0.0 0.06231393292546272
0.0 0.06244316324591637
0.0 0.062460917979478836
0.0 0.06272269785404205
0.0 0.06287695467472076
0.0 0.06289128214120865
0.0 0.06291458010673523
0.0 0.06293497234582901
0.0 0.06312083452939987
0.0 0.0631980374455452
0.0 0.06319992989301682
0.0 0.0632837563753128
0.0 0.0634344294667244
0.0 0.06350049376487732
0.0 0.06353110074996948
0.0 0.06388897448778152
0.0 0.06390196084976196
0.0 0.06392204761505127
0.0 0.06396268308162689
0.0 0.06397320330142975
0.0 0.06406398862600327
0.0 0.06414563208818436
0.0 0.0641905888915062
0.0 0.06425637006759644
0.0 0.06434712558984756
0.0 0.06438418477773666
0.0 0.06441675126552582
0.0 0.06443954259157181
0.0 0.0644461065530777
0.0 0.06462133675813675
0.0 0.06464985758066177
0.0 0.0646815299987793
0.0 0.06477192044258118
0.0 0.06485108286142349
0.0 0.06487198919057846
0.0 0.06497790664434433
0.0 0.06498263031244278
0.0 0.06502094864845276
0.0 0.06502331048250198
0.0 0.06530715525150299
0.0 0.06585875153541565
0.0 0.0659705102443695
0.0 0.06604095548391342
0.0 0.0660858303308487
0.0 0.06610801070928574
0.0 0.06615745276212692
0.0 0.06620655208826065
0.0 0.06644419580698013
0.0 0.06665778905153275
0.0 0.06678979098796844
0.0 0.06680255383253098
0.0 0.06684885174036026
0.0 0.06691040843725204
0.0 0.0669984295964241
0.0 0.06704247742891312
0.0 0.06705053150653839
0.0 0.06713911145925522
0.0 0.06721706688404083
0.0 0.0672360509634018
0.0 0.06723838299512863
0.0 0.06729044765233994
0.0 0.06742594391107559
0.0 0.06783943623304367
0.0 0.06784866005182266
0.0 0.06787442415952682
0.0 0.06793776154518127
0.0 0.06815456598997116
0.0 0.06830757111310959
0.0 0.06833313405513763
0.0 0.06861814111471176
0.0 0.0686332955956459
0.0 0.06876694411039352
0.0 0.0688353180885315
0.0 0.06896237283945084
0.0 0.0689956396818161
0.0 0.06914384663105011
0.0 0.06915721297264099
0.0 0.06934818625450134
0.0 0.06935594975948334
0.0 0.06963150203227997
0.0 0.06963805854320526
0.0 0.0696972906589508
0.0 0.06973597407341003
0.0 0.06975408643484116
0.0 0.06979446113109589
0.0 0.06990428268909454
0.0 0.06990529596805573
0.0 0.07000472396612167
0.0 0.07011566311120987
0.0 0.07027344405651093
0.0 0.07031369209289551
0.0 0.07032939791679382
0.0 0.07043947279453278
0.0 0.07057226449251175
0.0 0.07085075229406357
0.0 0.07107268273830414
0.0 0.07122761756181717
0.0 0.07123839855194092
0.0 0.07123852521181107
0.0 0.07134250551462173
0.0 0.07136525213718414
0.0 0.07144045829772949
0.0 0.07149722427129745
0.0 0.0715252235531807
0.0 0.07160254567861557
0.0 0.07170593738555908
0.0 0.07170716673135757
0.0 0.0717448741197586
0.0 0.07174547761678696
0.0 0.07174909114837646
0.0 0.07191172987222672
0.0 0.07203751802444458
0.0 0.07204464077949524
0.0 0.07230229675769806
0.0 0.07242245972156525
0.0 0.07245799899101257
0.0 0.07265450805425644
0.0 0.07266438007354736
0.0 0.07267183065414429
0.0 0.07269623130559921
0.0 0.07273515313863754
0.0 0.0727461576461792
0.0 0.07299916446208954
0.0 0.07315890491008759
0.0 0.07327859103679657
0.0 0.07354366779327393
0.0 0.0735824778676033
0.0 0.07359445095062256
0.0 0.07367771863937378
0.0 0.07379515469074249
0.0 0.07395703345537186
0.0 0.07403655350208282
0.0 0.07413352280855179
0.0 0.07424110174179077
0.0 0.07442815601825714
0.0 0.07448765635490417
0.0 0.07459235191345215
0.0 0.07463379204273224
0.0 0.07466892153024673
0.0 0.07471180707216263
0.0 0.07473782449960709
0.0 0.07481400668621063
0.0 0.07486162334680557
0.0 0.07487539201974869
0.0 0.07498537749052048
0.0 0.07506916671991348
0.0 0.07507982850074768
0.0 0.07524839788675308
0.0 0.07545234262943268
0.0 0.075502410531044
0.0 0.07560178637504578
0.0 0.07560187578201294
0.0 0.0756671354174614
0.0 0.07576698809862137
0.0 0.07582230120897293
0.0 0.07592330127954483
0.0 0.07595185190439224
0.0 0.07600519061088562
0.0 0.07606671005487442
0.0 0.07632480561733246
0.0 0.07634587585926056
0.0 0.07634813338518143
0.0 0.076380155980587
0.0 0.0764143243432045
0.0 0.07682359218597412
0.0 0.07697941362857819
0.0 0.0771840438246727
0.0 0.07718624919652939
0.0 0.07730324566364288
0.0 0.07736648619174957
0.0 0.07758153229951859
0.0 0.07762517035007477
0.0 0.07772958278656006
0.0 0.0777817815542221
0.0 0.0780063197016716
0.0 0.07811073958873749
0.0 0.07812849432229996
0.0 0.07829951494932175
0.0 0.07849223166704178
0.0 0.07870925217866898
0.0 0.0788007527589798
0.0 0.0788203701376915
0.0 0.07884598523378372
0.0 0.0788506343960762
0.0 0.07907317578792572
0.0 0.07910467684268951
0.0 0.07937156409025192
0.0 0.0795460045337677
0.0 0.07966475188732147
0.0 0.07989701628684998
0.0 0.08001800626516342
0.0 0.08001824468374252
0.0 0.08016973733901978
0.0 0.08034171909093857
0.0 0.08035337179899216
0.0 0.080359548330307
0.0 0.08039364218711853
0.0 0.08050724118947983
0.0 0.08056765794754028
0.0 0.0805966779589653
0.0 0.08061746507883072
0.0 0.08070413023233414
0.0 0.08075123280286789
0.0 0.08084570616483688
0.0 0.08088985830545425
0.0 0.08093039691448212
0.0 0.08116160333156586
0.0 0.08116285502910614
0.0 0.08117084950208664
0.0 0.08119135349988937
0.0 0.0811941847205162
0.0 0.08129118382930756
0.0 0.08150354772806168
0.0 0.08169163018465042
0.0 0.08188146352767944
0.0 0.08189982175827026
0.0 0.08194402605295181
0.0 0.08209198713302612
0.0 0.08220244199037552
0.0 0.08225131034851074
0.0 0.08228354156017303
0.0 0.0824243575334549
0.0 0.08251992613077164
0.0 0.08255796879529953
0.0 0.08273416757583618
0.0 0.08280109614133835
0.0 0.08314649760723114
0.0 0.08319246023893356
0.0 0.0833464190363884
0.0 0.08357451856136322
0.0 0.08370757848024368
0.0 0.08371087908744812
0.0 0.0837571918964386
0.0 0.08377759903669357
0.0 0.08379688113927841
0.0 0.08386706560850143
0.0 0.08393321931362152
0.0 0.08394619077444077
0.0 0.0839785560965538
0.0 0.08405323326587677
0.0 0.08410336077213287
0.0 0.08421740680932999
0.0 0.08443863689899445
0.0 0.08469536155462265
0.0 0.08470209687948227
0.0 0.08472400158643723
0.0 0.08488418161869049
0.0 0.08491560816764832
0.0 0.08560081571340561
0.0 0.08571947365999222
0.0 0.08578887581825256
0.0 0.08613628894090652
0.0 0.0861559733748436
0.0 0.08618070185184479
0.0 0.08623401820659637
0.0 0.08623889833688736
0.0 0.08627069741487503
0.0 0.08638153970241547
0.0 0.08658456802368164
0.0 0.08659496158361435
0.0 0.08668126910924911
0.0 0.08735369890928268
0.0 0.08748862147331238
0.0 0.08757367730140686
0.0 0.08782017976045609
0.0 0.08794233947992325
0.0 0.08819874376058578
0.0 0.08830691128969193
0.0 0.08845651894807816
0.0 0.08847746253013611
0.0 0.08869562298059464
0.0 0.08884665369987488
0.0 0.08885051310062408
0.0 0.08894817531108856
0.0 0.08898599445819855
0.0 0.08900135010480881
0.0 0.0891803726553917
0.0 0.08935728669166565
0.0 0.0895688608288765
0.0 0.08966383337974548
0.0 0.08971001207828522
0.0 0.08976777642965317
0.0 0.08978822827339172
0.0 0.08981428295373917
0.0 0.08985188603401184
0.0 0.09005424380302429
0.0 0.090354323387146
0.0 0.09071292728185654
0.0 0.09086688607931137
0.0 0.09090407192707062
0.0 0.09091632068157196
0.0 0.09098407626152039
0.0 0.09102490544319153
0.0 0.09132101386785507
0.0 0.09132660180330276
0.0 0.09133142232894897
0.0 0.09138801693916321
0.0 0.09147681295871735
0.0 0.09160865843296051
0.0 0.09164588898420334
0.0 0.09165309369564056
0.0 0.0916554182767868
0.0 0.09166889637708664
0.0 0.09175009280443192
0.0 0.09185794740915298
0.0 0.09213323146104813
0.0 0.09215530753135681
0.0 0.09218008816242218
0.0 0.09218169003725052
0.0 0.09246702492237091
0.0 0.09274767339229584
0.0 0.09315915405750275
0.0 0.09322421997785568
0.0 0.09323015809059143
0.0 0.09324409067630768
0.0 0.09335663914680481
0.0 0.09339625388383865
0.0 0.09348349273204803
0.0 0.09353865683078766
0.0 0.09411237388849258
0.0 0.09415014088153839
0.0 0.09439585357904434
0.0 0.09451045095920563
0.0 0.09479033946990967
0.0 0.09482347965240479
0.0 0.09499241411685944
0.0 0.09507958590984344
0.0 0.0952109694480896
0.0 0.09527299553155899
0.0 0.09556934237480164
0.0 0.096015565097332
0.0 0.09604699909687042
0.0 0.09613068401813507
0.0 0.09625689685344696
0.0 0.09649199992418289
0.0 0.09690098464488983
0.0 0.09694969654083252
0.0 0.09701349586248398
0.0 0.09723497182130814
0.0 0.09731197357177734
0.0 0.09733131527900696
0.0 0.09733724594116211
0.0 0.0975409522652626
0.0 0.0976344421505928
0.0 0.09769126772880554
0.0 0.09798470884561539
0.0 0.09903077781200409
0.0 0.09916920214891434
0.0 0.09930231422185898
0.0 0.09933188557624817
0.0 0.09936284273862839
0.0 0.09937076270580292
0.0 0.09961748123168945
0.0 0.0998876690864563
0.0 0.09989265352487564
0.0 0.09989819675683975
0.0 0.09991306811571121
0.0 0.1000773012638092
0.0 0.10028072446584702
0.0 0.10056842863559723
0.0 0.10139430314302444
0.0 0.10143909603357315
0.0 0.10193037986755371
0.0 0.10209300369024277
0.0 0.10249193012714386
0.0 0.10257061570882797
0.0 0.1026197224855423
0.0 0.10309886932373047
0.0 0.1043763980269432
0.0 0.10461607575416565
0.0 0.10475046932697296
0.0 0.10491148382425308
0.0 0.10499256104230881
0.0 0.10521790385246277
0.0 0.10592398792505264
0.0 0.10626117885112762
0.0 0.10630038380622864
0.0 0.10705771297216415
0.0 0.10708371549844742
0.0 0.1074603945016861
0.0 0.1077125146985054
0.0 0.10811635106801987
0.0 0.10857803374528885
0.0 0.10866552591323853
0.0 0.10944879800081253
0.0 0.11002570390701294
0.0 0.11043434590101242
0.0 0.11047377437353134
0.0 0.11057358980178833
0.0 0.11063999682664871
0.0 0.11070141941308975
0.0 0.11090871691703796
0.0 0.1112380251288414
0.0 0.11132694780826569
0.0 0.11250828951597214
0.0 0.11254444718360901
0.0 0.1131337508559227
0.0 0.11323520541191101
0.0 0.11367567628622055
0.0 0.11379700899124146
0.0 0.11380530893802643
0.0 0.11386755108833313
0.0 0.11393406987190247
0.0 0.11514732241630554
0.0 0.11658449470996857
0.0 0.11793126165866852
0.0 0.12069845199584961
0.0 0.12107162177562714
0.0 0.12199540436267853
0.0 0.12335295975208282
0.0 0.125250905752182
0.0 0.13476409018039703
0.0 0.13576771318912506
0.0 0.13807234168052673
0.0 0.14702807366847992
0.0 inf
