0.0 0.03194775432348251
0.0 0.03945150598883629
0.0 0.041453633457422256
0.0 0.041912056505680084
0.0 0.0424637608230114
0.0 0.04373791813850403
0.0 0.04640304297208786
0.0 0.04670369252562523
0.0 0.04678470641374588
0.0 0.047144535928964615
0.0 0.047168489545583725
0.0 0.047388095408678055
0.0 0.04894394800066948
0.0 0.05146725848317146
0.0 0.051657553762197495
0.0 0.05201064795255661
0.0 0.052165448665618896
0.0 0.054110608994960785
0.0 0.054210055619478226
0.0 0.0543811097741127
0.0 0.05473305657505989
0.0 0.054762426763772964
0.0 0.054994914680719376
0.0 0.05523676797747612
0.0 0.055329617112874985
0.0 0.05541830509901047
0.0 0.05557074770331383
0.0 0.055669765919446945
0.0 0.056044887751340866
0.0 0.0561174601316452
0.0 0.056207913905382156
0.0 0.05641014873981476
0.0 0.056444957852363586
0.0 0.05647246167063713
0.0 0.05667775124311447
0.0 0.056696098297834396
0.0 0.05674606189131737
0.0 0.056749649345874786
0.0 0.05682691931724548
0.0 0.05691486597061157
0.0 0.0569375678896904
0.0 0.05695910006761551
0.0 0.05711144581437111
0.0 0.05735045671463013
0.0 0.057360853999853134
0.0 0.057458940893411636
0.0 0.05747613310813904
0.0 0.057534947991371155
0.0 0.057631053030490875
0.0 0.057905010879039764
0.0 0.05799812823534012
0.0 0.058324918150901794
0.0 0.05835019797086716
0.0 0.05848196893930435
0.0 0.058639731258153915
0.0 0.058784760534763336
0.0 0.05889519304037094
0.0 0.0591740645468235
0.0 0.059214141219854355
0.0 0.05959039553999901
0.0 0.059650301933288574
0.0 0.059887368232011795
0.0 0.05989965423941612
0.0 0.06017151102423668
0.0 0.06018500775098801
0.0 0.06020957976579666
0.0 0.06025521084666252
0.0 0.06026604399085045
0.0 0.0604083351790905
0.0 0.0606686994433403
0.0 0.06082519143819809
0.0 0.060846053063869476
0.0 0.06088150292634964
0.0 0.06101701408624649
0.0 0.06102009490132332
0.0 0.06108308956027031
0.0 0.061156317591667175
0.0 0.06121473014354706
0.0 0.0612977035343647
0.0 0.061605967581272125
0.0 0.06170377507805824
0.0 0.06172681599855423
0.0 0.06173520162701607
0.0 0.06173877790570259
0.0 0.0617499053478241
0.0 0.06175031512975693
0.0 0.061851147562265396
0.0 0.06187219172716141
0.0 0.06193825602531433
0.0 0.06197426840662956
0.0 0.06204391270875931
0.0 0.06207049638032913
0.0 0.062165405601263046
0.0 0.062263090163469315
0.0 0.06251638382673264
0.0 0.06257222592830658
0.0 0.06272701174020767
0.0 0.06287860125303268
0.0 0.06288911402225494
0.0 0.06296063959598541
0.0 0.06296350061893463
0.0 0.06317707151174545
0.0 0.06331820040941238
0.0 0.06333290040493011
0.0 0.06340622156858444
0.0 0.06349269300699234
0.0 0.06353574991226196
0.0 0.06356225907802582
0.0 0.06356538087129593
0.0 0.06360470503568649
0.0 0.06366017460823059
0.0 0.06374207139015198
0.0 0.06381741166114807
0.0 0.06394674628973007
0.0 0.06401902437210083
0.0 0.06415142118930817
0.0 0.06429536640644073
0.0 0.06433982402086258
0.0 0.0643797442317009
0.0 0.06451503187417984
0.0 0.06457144021987915
0.0 0.06461271643638611
0.0 0.06461413949728012
0.0 0.06483713537454605
0.0 0.06491198390722275
0.0 0.06533125042915344
0.0 0.06545400619506836
0.0 0.0654854029417038
0.0 0.06552787870168686
0.0 0.06556210666894913
0.0 0.06563219428062439
0.0 0.06569404900074005
0.0 0.06580705940723419
0.0 0.06595032662153244
0.0 0.06599049270153046
0.0 0.06607081741094589
0.0 0.06610310822725296
0.0 0.0661216676235199
0.0 0.06617463380098343
0.0 0.06620009243488312
0.0 0.06624627858400345
0.0 0.06634779274463654
0.0 0.0663592591881752
0.0 0.06638851761817932
0.0 0.06649903953075409
0.0 0.06653895229101181
0.0 0.06655392795801163
0.0 0.06657905876636505
0.0 0.06680895388126373
0.0 0.06695012748241425
0.0 0.06696955114603043
0.0 0.06699363142251968
0.0 0.0670877993106842
0.0 0.0670948326587677
0.0 0.0671500638127327
0.0 0.06715620309114456
0.0 0.06722542643547058
0.0 0.06723946332931519
0.0 0.0672997534275055
0.0 0.06746610999107361
0.0 0.06747394055128098
0.0 0.06755881756544113
0.0 0.06766784936189651
0.0 0.06771596521139145
0.0 0.06774134188890457
0.0 0.06778382509946823
0.0 0.06781751662492752
0.0 0.06784681230783463
0.0 0.0678778812289238
0.0 0.06803632527589798
0.0 0.0680832788348198
0.0 0.0682297870516777
0.0 0.06831248104572296
0.0 0.06833742558956146
0.0 0.06840059906244278
0.0 0.06850968301296234
0.0 0.06855438649654388
0.0 0.06858202815055847
0.0 0.06875903159379959
0.0 0.06890395283699036
0.0 0.06905954331159592
0.0 0.06917192786931992
0.0 0.06926935166120529
0.0 0.06929808109998703
0.0 0.0693240687251091
0.0 0.06934855878353119
0.0 0.06941160559654236
0.0 0.06943898648023605
0.0 0.06956390291452408
0.0 0.0697774812579155
0.0 0.06987163424491882
0.0 0.06991792470216751
0.0 0.07016424834728241
0.0 0.07042084634304047
0.0 0.07046737521886826
0.0 0.07047893106937408
0.0 0.07080058008432388
0.0 0.0709691122174263
0.0 0.07097144424915314
0.0 0.07104089111089706
0.0 0.0712834969162941
0.0 0.07135193049907684
0.0 0.07148288935422897
0.0 0.07150783389806747
0.0 0.07156509906053543
0.0 0.07158976793289185
0.0 0.07171890139579773
0.0 0.07196610420942307
0.0 0.07201580703258514
0.0 0.07205313444137573
0.0 0.07220591604709625
0.0 0.07231084257364273
0.0 0.0723961591720581
0.0 0.07268783450126648
0.0 0.07271049171686172
0.0 0.07275956869125366
0.0 0.0728241577744484
0.0 0.07293271273374557
0.0 0.07306484878063202
0.0 0.07339999824762344
0.0 0.07346625626087189
0.0 0.0734916552901268
0.0 0.07365050911903381
0.0 0.07371748983860016
0.0 0.07372419536113739
0.0 0.07383587956428528
0.0 0.07387322932481766
0.0 0.07390282303094864
0.0 0.07397513836622238
0.0 0.07397965341806412
0.0 0.07398522645235062
0.0 0.07400868833065033
0.0 0.07401143014431
0.0 0.07401344180107117
0.0 0.07401725649833679
0.0 0.07403592020273209
0.0 0.07408621907234192
0.0 0.07418157905340195
0.0 0.07419763505458832
0.0 0.07422292977571487
0.0 0.07430976629257202
0.0 0.07464397698640823
0.0 0.0746796652674675
0.0 0.0747181698679924
0.0 0.07475994527339935
0.0 0.07482264190912247
0.0 0.07513027638196945
0.0 0.07518934458494186
0.0 0.07531826943159103
0.0 0.07548752427101135
0.0 0.0755736455321312
0.0 0.07562971860170364
0.0 0.0757470652461052
0.0 0.07576406002044678
0.0 0.0757787749171257
0.0 0.07581839710474014
0.0 0.07586902379989624
0.0 0.07587490975856781
0.0 0.07613266259431839
0.0 0.07616223394870758
0.0 0.07626845687627792
0.0 0.07636640965938568
0.0 0.07644616067409515
0.0 0.07653636485338211
0.0 0.07672377675771713
0.0 0.07673890888690948
0.0 0.07682952284812927
0.0 0.07693594694137573
0.0 0.07695133984088898
0.0 0.07696294784545898
0.0 0.07707206159830093
0.0 0.07709050178527832
0.0 0.07710963487625122
0.0 0.07712537050247192
0.0 0.07724430412054062
0.0 0.07728426903486252
0.0 0.07737969607114792
0.0 0.07740116119384766
0.0 0.077472984790802
0.0 0.07764196395874023
0.0 0.07799772918224335
0.0 0.07801578938961029
0.0 0.07817525416612625
0.0 0.07846582680940628
0.0 0.07863640785217285
0.0 0.07876099646091461
0.0 0.07878292351961136
0.0 0.07895570993423462
0.0 0.07900357991456985
0.0 0.07907356321811676
0.0 0.07920410484075546
0.0 0.07941588014364243
0.0 0.07941614836454391
0.0 0.07945118844509125
0.0 0.07948291301727295
0.0 0.07950562238693237
0.0 0.07962667942047119
0.0 0.07964887470006943
0.0 0.08024249225854874
0.0 0.08029428124427795
0.0 0.08043041825294495
0.0 0.08048408478498459
0.0 0.08075267821550369
0.0 0.08095142245292664
0.0 0.08114438503980637
0.0 0.08128339052200317
0.0 0.08140403032302856
0.0 0.08141809701919556
0.0 0.08144702017307281
0.0 0.0816556066274643
0.0 0.08170177042484283
0.0 0.0817500427365303
0.0 0.08176658302545547
0.0 0.08189098536968231
0.0 0.08198084682226181
0.0 0.08211848139762878
0.0 0.0821501687169075
0.0 0.08220189809799194
0.0 0.08244968205690384
0.0 0.08249116688966751
0.0 0.08258198946714401
0.0 0.08264600485563278
0.0 0.08271914720535278
0.0 0.08273347467184067
0.0 0.08296544849872589
0.0 0.08306937664747238
0.0 0.08314799517393112
0.0 0.08327271789312363
0.0 0.08331597596406937
0.0 0.08353936672210693
0.0 0.08354508876800537
0.0 0.0838533416390419
0.0 0.08386464416980743
0.0 0.08396690338850021
0.0 0.08399920910596848
0.0 0.08401711285114288
0.0 0.08417820930480957
0.0 0.0843873843550682
0.0 0.08458460122346878
0.0 0.0846460685133934
0.0 0.08478696644306183
0.0 0.0848596915602684
0.0 0.0851140022277832
0.0 0.08521702885627747
0.0 0.08528100699186325
0.0 0.08537306636571884
0.0 0.08569338917732239
0.0 0.08571835607290268
0.0 0.08575382083654404
0.0 0.08607728779315948
0.0 0.08612725883722305
0.0 0.08617512881755829
0.0 0.08624603599309921
0.0 0.08673448860645294
0.0 0.08689581602811813
0.0 0.08691918104887009
0.0 0.08706486970186234
0.0 0.08738532662391663
0.0 0.08739907294511795
0.0 0.08785367757081985
0.0 0.08799506723880768
0.0 0.08810867369174957
0.0 0.08825274556875229
0.0 0.08879628032445908
0.0 0.08894526958465576
0.0 0.08898070454597473
0.0 0.08917183429002762
0.0 0.08917532861232758
0.0 0.08920370787382126
0.0 0.08935948461294174
0.0 0.08938927948474884
0.0 0.08964956551790237
0.0 0.08974592387676239
0.0 0.0897633507847786
0.0 0.08979888260364532
0.0 0.09000109881162643
0.0 0.09002090990543365
0.0 0.09005182981491089
0.0 0.09008485078811646
0.0 0.09009603410959244
0.0 0.09010856598615646
0.0 0.09017603099346161
0.0 0.09050518274307251
0.0 0.09054215252399445
0.0 0.0910651907324791
0.0 0.09127063304185867
0.0 0.09128499031066895
0.0 0.0915427953004837
0.0 0.0915612131357193
0.0 0.09156505763530731
0.0 0.09156685322523117
0.0 0.09165367484092712
0.0 0.09195885807275772
0.0 0.09197647869586945
0.0 0.09203460067510605
0.0 0.09235265851020813
0.0 0.09245430678129196
0.0 0.09251226484775543
0.0 0.0925183892250061
0.0 0.09253273904323578
0.0 0.09275896102190018
0.0 0.09292548894882202
0.0 0.09303836524486542
0.0 0.09308606386184692
0.0 0.09315367788076401
0.0 0.09318209439516068
0.0 0.0933367908000946
0.0 0.093376025557518
0.0 0.09371357411146164
0.0 0.09377200156450272
0.0 0.0939287394285202
0.0 0.09396954625844955
0.0 0.09430734813213348
0.0 0.09432103484869003
0.0 0.09446284174919128
0.0 0.0944836214184761
0.0 0.09483815729618073
0.0 0.09518047422170639
0.0 0.09524508565664291
0.0 0.0952458530664444
0.0 0.0954023152589798
0.0 0.09561198204755783
0.0 0.09566841274499893
0.0 0.09584303945302963
0.0 0.09607948362827301
0.0 0.09616190195083618
0.0 0.0962061807513237
0.0 0.09620683640241623
0.0 0.09621112793684006
0.0 0.09628093987703323
0.0 0.09640756249427795
0.0 0.09679871797561646
0.0 0.09686309099197388
0.0 0.09689199924468994
0.0 0.09689649194478989
0.0 0.09695339947938919
0.0 0.09697016328573227
0.0 0.0974738597869873
0.0 0.09769780933856964
0.0 0.09770090132951736
0.0 0.09891071170568466
0.0 0.09932327270507812
0.0 0.09983710199594498
0.0 0.10034172981977463
0.0 0.100398950278759
0.0 0.10042248666286469
0.0 0.10064950585365295
0.0 0.10079207271337509
0.0 0.10088559240102768
0.0 0.10142606496810913
0.0 0.10183543711900711
0.0 0.10226035118103027
0.0 0.10240979492664337
0.0 0.1026470735669136
0.0 0.1028953343629837
0.0 0.10313616693019867
0.0 0.10325813293457031
0.0 0.10371718555688858
0.0 0.10373211652040482
0.0 0.1037430539727211
0.0 0.10408927500247955
0.0 0.10432768613100052
0.0 0.10444972664117813
0.0 0.10447897762060165
0.0 0.10458289831876755
0.0 0.10469182580709457
0.0 0.10471101105213165
0.0 0.10492943227291107
0.0 0.10548680275678635
0.0 0.10556849092245102
0.0 0.1058436706662178
0.0 0.10600060224533081
0.0 0.10608743876218796
0.0 0.10617862641811371
0.0 0.10801377892494202
0.0 0.10829289257526398
0.0 0.10919155925512314
0.0 0.10925712436437607
0.0 0.109516941010952
0.0 0.11083205789327621
0.0 0.11087963730096817
0.0 0.11113457381725311
0.0 0.11195067316293716
0.0 0.11236881464719772
0.0 0.11274901032447815
0.0 0.113215371966362
0.0 0.11329347640275955
0.0 0.11375145614147186
0.0 0.1140064150094986
0.0 0.11436481028795242
0.0 0.11442804336547852
0.0 0.11469149589538574
0.0 0.11478392034769058
0.0 0.11497402936220169
0.0 0.11497955024242401
0.0 0.11559518426656723
0.0 0.11912070214748383
0.0 0.11922099441289902
0.0 0.11923108994960785
0.0 0.11941525340080261
0.0 0.11950774490833282
0.0 0.1206059381365776
0.0 0.12071999907493591
0.0 0.1208973303437233
0.0 0.12253223359584808
0.0 0.12405356764793396
0.0 0.1294638216495514
0.0 0.13318942487239838
0.0 0.13323450088500977
0.0 0.1394515037536621
0.0 0.17235632240772247
0.0 inf
