0.0 0.020909758284687996
0.0 0.0224776491522789
0.0 0.02309376187622547
0.0 0.0239738617092371
0.0 0.024083925411105156
0.0 0.02409503422677517
0.0 0.024300195276737213
0.0 0.024307435378432274
0.0 0.0245792418718338
0.0 0.02485400252044201
0.0 0.024896953254938126
0.0 0.024898739531636238
0.0 0.02501269243657589
0.0 0.025032801553606987
0.0 0.02507012151181698
0.0 0.025076130405068398
0.0 0.025149423629045486
0.0 0.02518080361187458
0.0 0.025271445512771606
0.0 0.025425737723708153
0.0 0.025485510006546974
0.0 0.025614511221647263
0.0 0.025702133774757385
0.0 0.025753913447260857
0.0 0.02601378969848156
0.0 0.026264816522598267
0.0 0.02627813071012497
0.0 0.026284508407115936
0.0 0.026317542418837547
0.0 0.026336709037423134
0.0 0.02641778253018856
0.0 0.026586323976516724
0.0 0.026616951450705528
0.0 0.02661881037056446
0.0 0.026629960164427757
0.0 0.026636827737092972
0.0 0.026660999283194542
0.0 0.026707179844379425
0.0 0.02682124450802803
0.0 0.02683296427130699
0.0 0.026891279965639114
0.0 0.026949558407068253
0.0 0.026982957497239113
0.0 0.027008090168237686
0.0 0.027013227343559265
0.0 0.027262168005108833
0.0 0.02746363915503025
0.0 0.02748599834740162
0.0 0.02753409929573536
0.0 0.02760777436196804
0.0 0.027655551210045815
0.0 0.027744295075535774
0.0 0.027756761759519577
0.0 0.027859540656208992
0.0 0.02789492718875408
0.0 0.027936480939388275
0.0 0.027959326282143593
0.0 0.02805030532181263
0.0 0.028105175122618675
0.0 0.028191518038511276
0.0 0.028262635692954063
0.0 0.028381137177348137
0.0 0.02840777486562729
0.0 0.028409644961357117
0.0 0.028666149824857712
0.0 0.028705863282084465
0.0 0.028794055804610252
0.0 0.028803454712033272
0.0 0.028806064277887344
0.0 0.02880617417395115
0.0 0.028821686282753944
0.0 0.028944319114089012
0.0 0.02895096316933632
0.0 0.02904762513935566
0.0 0.029071228578686714
0.0 0.029112447053194046
0.0 0.0291315745562315
0.0 0.029175402596592903
0.0 0.029184626415371895
0.0 0.0292006004601717
0.0 0.029238678514957428
0.0 0.029312122613191605
0.0 0.02933540754020214
0.0 0.029341477900743484
0.0 0.0293867327272892
0.0 0.029404660686850548
0.0 0.02949000522494316
0.0 0.029551396146416664
0.0 0.02955961413681507
0.0 0.029572369530797005
0.0 0.029616305604577065
0.0 0.029711157083511353
0.0 0.0298200324177742
0.0 0.029881134629249573
0.0 0.02990744821727276
0.0 0.029908251017332077
0.0 0.029935188591480255
0.0 0.029940925538539886
0.0 0.029986683279275894
0.0 0.030030136927962303
0.0 0.030038168653845787
0.0 0.030048709362745285
0.0 0.030050581321120262
0.0 0.030067969113588333
0.0 0.03008110821247101
0.0 0.03008437342941761
0.0 0.030112560838460922
0.0 0.030113402754068375
0.0 0.030132323503494263
0.0 0.03017602674663067
0.0 0.03023807518184185
0.0 0.030284885317087173
0.0 0.030324429273605347
0.0 0.030347857624292374
0.0 0.0304605383425951
0.0 0.03046554885804653
0.0 0.03058455139398575
0.0 0.030671926215291023
0.0 0.030713209882378578
0.0 0.030738089233636856
0.0 0.0308733731508255
0.0 0.03091813623905182
0.0 0.030925888568162918
0.0 0.031001970171928406
0.0 0.031057875603437424
0.0 0.031067393720149994
0.0 0.031191598623991013
0.0 0.03119215928018093
0.0 0.031244764104485512
0.0 0.031262338161468506
0.0 0.03130502253770828
0.0 0.03131476417183876
0.0 0.03132280707359314
0.0 0.03132510185241699
0.0 0.0313558354973793
0.0 0.031365275382995605
0.0 0.031617775559425354
0.0 0.03161941096186638
0.0 0.031673695892095566
0.0 0.03169788792729378
0.0 0.03187360614538193
0.0 0.03188906982541084
0.0 0.031894978135824203
0.0 0.03191991150379181
0.0 0.0320238322019577
0.0 0.03204422816634178
0.0 0.03205114230513573
0.0 0.03210273012518883
0.0 0.03224398195743561
0.0 0.03228916600346565
0.0 0.03229036182165146
0.0 0.03233344107866287
0.0 0.0323607474565506
0.0 0.032385170459747314
0.0 0.03238889202475548
0.0 0.03258199989795685
0.0 0.03258359804749489
0.0 0.032624997198581696
0.0 0.03269572556018829
0.0 0.03271493315696716
0.0 0.03271961584687233
0.0 0.03274775296449661
0.0 0.03288797661662102
0.0 0.032895054668188095
0.0 0.03294744715094566
0.0 0.03298381716012955
0.0 0.03299324959516525
0.0 0.0329958014190197
0.0 0.03300762549042702
0.0 0.03303847089409828
0.0 0.03306430205702782
0.0 0.033120784908533096
0.0 0.03316250070929527
0.0 0.03319186717271805
0.0 0.03319435566663742
0.0 0.03324002027511597
0.0 0.03327881917357445
0.0 0.033364370465278625
0.0 0.033436212688684464
0.0 0.03348662331700325
0.0 0.03357751667499542
0.0 0.03361649438738823
0.0 0.033636100590229034
0.0 0.033637866377830505
0.0 0.03366852551698685
0.0 0.03370758518576622
0.0 0.033729858696460724
0.0 0.03376707062125206
0.0 0.033838484436273575
0.0 0.03386586531996727
0.0 0.03387899324297905
0.0 0.03390888869762421
0.0 0.033935125917196274
0.0 0.03395669907331467
0.0 0.03396913409233093
0.0 0.03400179743766785
0.0 0.03402446582913399
0.0 0.03404264897108078
0.0 0.03407565504312515
0.0 0.03413084149360657
0.0 0.03416435420513153
0.0 0.03420218080282211
0.0 0.03422458842396736
0.0 0.034430764615535736
0.0 0.034512959420681
0.0 0.03451583534479141
0.0 0.03454145789146423
0.0 0.034588027745485306
0.0 0.03461476042866707
0.0 0.034667983651161194
0.0 0.034683842211961746
0.0 0.034914832562208176
0.0 0.034918684512376785
0.0 0.03493170067667961
0.0 0.03500272333621979
0.0 0.03509190306067467
0.0 0.03511770814657211
0.0 0.03517633676528931
0.0 0.035232167690992355
0.0 0.03527174890041351
0.0 0.035315580666065216
0.0 0.035326749086380005
0.0 0.03533210605382919
0.0 0.035349342972040176
0.0 0.03536808118224144
0.0 0.035384949296712875
0.0 0.035398468375205994
0.0 0.03539954870939255
0.0 0.03543413430452347
0.0 0.03546836972236633
0.0 0.03551309183239937
0.0 0.035564083606004715
0.0 0.03558054938912392
0.0 0.03562125936150551
0.0 0.035648562014102936
0.0 0.03566253185272217
0.0 0.03574538603425026
0.0 0.035802628844976425
0.0 0.035827066749334335
0.0 0.035877835005521774
0.0 0.03587992861866951
0.0 0.035951681435108185
0.0 0.03595278412103653
0.0 0.03597906231880188
0.0 0.03598104417324066
0.0 0.03599622845649719
0.0 0.03600030019879341
0.0 0.03600546717643738
0.0 0.036148153245449066
0.0 0.03625980392098427
0.0 0.03631380572915077
0.0 0.03632398322224617
0.0 0.03636964038014412
0.0 0.03639823943376541
0.0 0.03646336495876312
0.0 0.03651008382439613
0.0 0.03655450791120529
0.0 0.03663547709584236
0.0 0.036657948046922684
0.0 0.03671271726489067
0.0 0.03673305734992027
0.0 0.03676425665616989
0.0 0.036803606897592545
0.0 0.03682216629385948
0.0 0.036922305822372437
0.0 0.03694717586040497
0.0 0.036948274821043015
0.0 0.03707479313015938
0.0 0.037082962691783905
0.0 0.03708828613162041
0.0 0.037089768797159195
0.0 0.03723888099193573
0.0 0.037314508110284805
0.0 0.03733839839696884
0.0 0.03735704347491264
0.0 0.037444621324539185
0.0 0.037457581609487534
0.0 0.03747148439288139
0.0 0.03753438591957092
0.0 0.03765428066253662
0.0 0.03769974038004875
0.0 0.037702105939388275
0.0 0.03777811676263809
0.0 0.0377885065972805
0.0 0.03781149908900261
0.0 0.037839408963918686
0.0 0.03801736235618591
0.0 0.03804370388388634
0.0 0.03807311877608299
0.0 0.03815992549061775
0.0 0.038171809166669846
0.0 0.038363680243492126
0.0 0.03842673450708389
0.0 0.03846665471792221
0.0 0.038555290549993515
0.0 0.038614459335803986
0.0 0.03870708867907524
0.0 0.038725800812244415
0.0 0.03879290446639061
0.0 0.03895537182688713
0.0 0.038967836648225784
0.0 0.03897209092974663
0.0 0.03902816399931908
0.0 0.039028748869895935
0.0 0.03903673589229584
0.0 0.039345502853393555
0.0 0.03944208100438118
0.0 0.039463430643081665
0.0 0.03947146609425545
0.0 0.03952218219637871
0.0 0.03957831859588623
0.0 0.03959427401423454
0.0 0.03968958556652069
0.0 0.03983442112803459
0.0 0.03985125571489334
0.0 0.03986136615276337
0.0 0.03994940221309662
0.0 0.04003061726689339
0.0 0.04005768522620201
0.0 0.040082722902297974
0.0 0.04017365723848343
0.0 0.04027709737420082
0.0 0.040279142558574677
0.0 0.040323834866285324
0.0 0.04035072773694992
0.0 0.040358442813158035
0.0 0.0404052771627903
0.0 0.04046644642949104
0.0 0.040480103343725204
0.0 0.040583617985248566
0.0 0.04058772698044777
0.0 0.04059814661741257
0.0 0.040613360702991486
0.0 0.04074213281273842
0.0 0.04080613702535629
0.0 0.04080941155552864
0.0 0.04103739932179451
0.0 0.04108598455786705
0.0 0.041086841374635696
0.0 0.04110543802380562
0.0 0.04111315682530403
0.0 0.04111810773611069
0.0 0.041138701140880585
0.0 0.04120120033621788
0.0 0.041258830577135086
0.0 0.04143678396940231
0.0 0.041516903787851334
0.0 0.04154207929968834
0.0 0.04163263365626335
0.0 0.041635509580373764
0.0 0.0417061410844326
0.0 0.04181911051273346
0.0 0.04190871864557266
0.0 0.04200454428792
0.0 0.04201769456267357
0.0 0.04214351996779442
0.0 0.04221748188138008
0.0 0.0422690287232399
0.0 0.04227403551340103
0.0 0.04231448099017143
0.0 0.042371489107608795
0.0 0.04260885715484619
0.0 0.04266543313860893
0.0 0.0428394190967083
0.0 0.04285119101405144
0.0 0.04286382719874382
0.0 0.04296917840838432
0.0 0.042984697967767715
0.0 0.04302063584327698
0.0 0.0430954284965992
0.0 0.04317057505249977
0.0 0.04321789741516113
0.0 0.043454743921756744
0.0 0.043479833751916885
0.0 0.04368932172656059
0.0 0.0437173992395401
0.0 0.04393206536769867
0.0 0.04403610900044441
0.0 0.04406185448169708
0.0 0.04406358674168587
0.0 0.04407742992043495
0.0 0.044090259820222855
0.0 0.04413849487900734
0.0 0.0441514290869236
0.0 0.04430800676345825
0.0 0.04435878247022629
0.0 0.044531356543302536
0.0 0.044620584696531296
0.0 0.04466727375984192
0.0 0.04487796127796173
0.0 0.0449545718729496
0.0 0.045054350048303604
0.0 0.0451088473200798
0.0 0.04512352496385574
0.0 0.04515539109706879
0.0 0.045273616909980774
0.0 0.04534120485186577
0.0 0.045445218682289124
0.0 0.04546230658888817
0.0 0.04551936313509941
0.0 0.0458589643239975
0.0 0.045934829860925674
0.0 0.04594424366950989
0.0 0.046096596866846085
0.0 0.046112414449453354
0.0 0.046250276267528534
0.0 0.04636559635400772
0.0 0.04640330746769905
0.0 0.04651018604636192
0.0 0.04654008150100708
0.0 0.04672138765454292
0.0 0.04676669090986252
0.0 0.04687132313847542
0.0 0.04700437933206558
0.0 0.04710276052355766
0.0 0.04710932821035385
0.0 0.04716289043426514
0.0 0.04727129638195038
0.0 0.047400183975696564
0.0 0.04750989377498627
0.0 0.047681983560323715
0.0 0.0477151945233345
0.0 0.04774991050362587
0.0 0.04779598116874695
0.0 0.047797925770282745
0.0 0.04783298820257187
0.0 0.04801749810576439
0.0 0.04818032309412956
0.0 0.04834352433681488
0.0 0.048408471047878265
0.0 0.048495542258024216
0.0 0.048670027405023575
0.0 0.04884995520114899
0.0 0.048851657658815384
0.0 0.04893951863050461
0.0 0.04900004342198372
0.0 0.049062833189964294
0.0 0.049270473420619965
0.0 0.049375198781490326
0.0 0.04942595213651657
0.0 0.04968446493148804
0.0 0.049886491149663925
0.0 0.04996073246002197
0.0 0.04996476322412491
0.0 0.05011104792356491
0.0 0.050143051892519
0.0 0.05015029385685921
0.0 0.0502854622900486
0.0 0.05028931796550751
0.0 0.050362955778837204
0.0 0.05045347660779953
0.0 0.05057542026042938
0.0 0.050580088049173355
0.0 0.05064129829406738
0.0 0.050871241837739944
0.0 0.05140318349003792
0.0 0.051590900868177414
0.0 0.051993079483509064
0.0 0.052043598145246506
0.0 0.05207495391368866
0.0 0.052085984498262405
0.0 0.0522407665848732
0.0 0.05228995159268379
0.0 0.052413154393434525
0.0 0.05241507664322853
0.0 0.05267336592078209
0.0 0.05274276062846184
0.0 0.052918337285518646
0.0 0.05294012278318405
0.0 0.05318721756339073
0.0 0.053278595209121704
0.0 0.053596146404743195
0.0 0.05365495756268501
0.0 0.05386318638920784
0.0 0.05401965230703354
0.0 0.05465933680534363
0.0 0.05474717915058136
0.0 0.05477191135287285
0.0 0.05501015484333038
0.0 0.05509399622678757
0.0 0.0551600344479084
0.0 0.05519777536392212
0.0 0.05533280223608017
0.0 0.05549442768096924
0.0 0.05554817244410515
0.0 0.056037962436676025
0.0 0.05605802312493324
0.0 0.0571010559797287
0.0 0.05729551240801811
0.0 0.057710807770490646
0.0 0.05861833691596985
0.0 0.05936472490429878
0.0 0.05946439504623413
0.0 0.059723563492298126
0.0 0.05974140763282776
0.0 0.059837959706783295
0.0 0.05995824187994003
0.0 0.060022395104169846
0.0 0.060917723923921585
0.0 0.06153295189142227
0.0 0.06235842779278755
0.0 0.06433059275150299
0.0 0.06448695063591003
0.0 0.06499100476503372
0.0 0.06647045165300369
0.0 0.06753060966730118
0.0 0.07048913091421127
0.0 0.0705820769071579
0.0 0.07072731107473373
0.0 0.07714197784662247
0.0 0.07961233705282211
0.0 inf
