0.0 0.04033602401614189
0.0 0.04289364442229271
0.0 0.044221047312021255
0.0 0.04557528719305992
0.0 0.04664372652769089
0.0 0.04825863614678383
0.0 0.04837464913725853
0.0 0.04844006523489952
0.0 0.04898994043469429
0.0 0.049110278487205505
0.0 0.04985792189836502
0.0 0.04998146742582321
0.0 0.050202686339616776
0.0 0.05065217614173889
0.0 0.05094228312373161
0.0 0.05108616128563881
0.0 0.051141489297151566
0.0 0.05153911933302879
0.0 0.05192169174551964
0.0 0.052186332643032074
0.0 0.05295675992965698
0.0 0.053138479590415955
0.0 0.05332163721323013
0.0 0.05441731959581375
0.0 0.05457179993391037
0.0 0.055350471287965775
0.0 0.055439453572034836
0.0 0.05559408292174339
0.0 0.05593430995941162
0.0 0.055945947766304016
0.0 0.056287333369255066
0.0 0.0565447174012661
0.0 0.056571364402770996
0.0 0.05658412724733353
0.0 0.056592561304569244
0.0 0.056858304888010025
0.0 0.05693985894322395
0.0 0.056959543377161026
0.0 0.05697459354996681
0.0 0.05723898857831955
0.0 0.05730132758617401
0.0 0.05738399922847748
0.0 0.05765797942876816
0.0 0.05786296725273132
0.0 0.05803124979138374
0.0 0.058048587292432785
0.0 0.05822881683707237
0.0 0.05835672467947006
0.0 0.058425817638635635
0.0 0.05854717642068863
0.0 0.05899697169661522
0.0 0.059016305953264236
0.0 0.05904705449938774
0.0 0.059208083897829056
0.0 0.05929563567042351
0.0 0.05939627066254616
0.0 0.0594613142311573
0.0 0.05965426191687584
0.0 0.059683073312044144
0.0 0.059906911104917526
0.0 0.05996058136224747
0.0 0.060149990022182465
0.0 0.06017414852976799
0.0 0.060352642089128494
0.0 0.060703810304403305
0.0 0.06080896034836769
0.0 0.06088818237185478
0.0 0.06100425869226456
0.0 0.06112067028880119
0.0 0.061147335916757584
0.0 0.061173658818006516
0.0 0.061218131333589554
0.0 0.06125253066420555
0.0 0.06132865697145462
0.0 0.06134317070245743
0.0 0.06144912168383598
0.0 0.061528515070676804
0.0 0.06161052733659744
0.0 0.061735764145851135
0.0 0.0619271956384182
0.0 0.06214888021349907
0.0 0.06219114735722542
0.0 0.062205806374549866
0.0 0.06222965195775032
0.0 0.06244024634361267
0.0 0.062470320612192154
0.0 0.06250698864459991
0.0 0.06251651793718338
0.0 0.06260771304368973
0.0 0.06268062442541122
0.0 0.06275027990341187
0.0 0.06279100477695465
0.0 0.0628921240568161
0.0 0.0629013329744339
0.0 0.06307363510131836
0.0 0.06315430998802185
0.0 0.06318458169698715
0.0 0.0632394477725029
0.0 0.06331440061330795
0.0 0.06331852078437805
0.0 0.06340808421373367
0.0 0.06343986839056015
0.0 0.06350132077932358
0.0 0.06361954659223557
0.0 0.06376796960830688
0.0 0.06384371221065521
0.0 0.06386050581932068
0.0 0.06388020515441895
0.0 0.0638822466135025
0.0 0.06393560022115707
0.0 0.06407904624938965
0.0 0.06409116834402084
0.0 0.06409767270088196
0.0 0.0641530379652977
0.0 0.0642227753996849
0.0 0.06423556059598923
0.0 0.06430798768997192
0.0 0.06442669779062271
0.0 0.06443319469690323
0.0 0.06451458483934402
0.0 0.064534991979599
0.0 0.06461181491613388
0.0 0.06466992199420929
0.0 0.06473008543252945
0.0 0.06475619226694107
0.0 0.06475875526666641
0.0 0.06477071344852448
0.0 0.06483017653226852
0.0 0.06516030430793762
0.0 0.06525159627199173
0.0 0.06526783853769302
0.0 0.06533065438270569
0.0 0.06534979492425919
0.0 0.06535372138023376
0.0 0.06542428582906723
0.0 0.06548044085502625
0.0 0.06548389047384262
0.0 0.06549903750419617
0.0 0.06561680883169174
0.0 0.06564123928546906
0.0 0.06566122174263
0.0 0.06574275344610214
0.0 0.06578410416841507
0.0 0.06601385027170181
0.0 0.0660286396741867
0.0 0.06620689481496811
0.0 0.06628798693418503
0.0 0.06665073335170746
0.0 0.06676298379898071
0.0 0.06679705530405045
0.0 0.06680049002170563
0.0 0.0668378472328186
0.0 0.06689489632844925
0.0 0.06720522046089172
0.0 0.06743118166923523
0.0 0.06745471060276031
0.0 0.0675494521856308
0.0 0.06764556467533112
0.0 0.06768064945936203
0.0 0.06778642535209656
0.0 0.06782292574644089
0.0 0.06795308738946915
0.0 0.06799142807722092
0.0 0.06826995313167572
0.0 0.06830764561891556
0.0 0.06833809614181519
0.0 0.06837815046310425
0.0 0.06839609146118164
0.0 0.06842868775129318
0.0 0.06856389343738556
0.0 0.06861808151006699
0.0 0.06870519369840622
0.0 0.06878270953893661
0.0 0.06894827634096146
0.0 0.06905857473611832
0.0 0.06906211376190186
0.0 0.06930070370435715
0.0 0.06944206357002258
0.0 0.06951192766427994
0.0 0.0697033703327179
0.0 0.06972575932741165
0.0 0.06980334222316742
0.0 0.06989892572164536
0.0 0.06997817009687424
0.0 0.07003261148929596
0.0 0.07019882649183273
0.0 0.07020682841539383
0.0 0.07026315480470657
0.0 0.07050815224647522
0.0 0.07054611295461655
0.0 0.070645272731781
0.0 0.07065866142511368
0.0 0.07069092988967896
0.0 0.0707186833024025
0.0 0.07090578228235245
0.0 0.07092972844839096
0.0 0.07097137719392776
0.0 0.07113946229219437
0.0 0.07118339836597443
0.0 0.07120411843061447
0.0 0.07134505361318588
0.0 0.0713471919298172
0.0 0.07140731066465378
0.0 0.07141690701246262
0.0 0.07142955809831619
0.0 0.07143832743167877
0.0 0.07151353359222412
0.0 0.07157229632139206
0.0 0.07164149731397629
0.0 0.07179940491914749
0.0 0.07196629792451859
0.0 0.0719897449016571
0.0 0.07205429673194885
0.0 0.07205653935670853
0.0 0.0720626711845398
0.0 0.07217249274253845
0.0 0.07221043854951859
0.0 0.07222522050142288
0.0 0.0723409652709961
0.0 0.07236792892217636
0.0 0.07247184962034225
0.0 0.07250235974788666
0.0 0.07251065969467163
0.0 0.07254540175199509
0.0 0.07257823646068573
0.0 0.07270622253417969
0.0 0.07279245555400848
0.0 0.07291515171527863
0.0 0.07304153591394424
0.0 0.0731130838394165
0.0 0.07321525365114212
0.0 0.0732322484254837
0.0 0.07328107953071594
0.0 0.07345204055309296
0.0 0.07347632199525833
0.0 0.07349451631307602
0.0 0.07351717352867126
0.0 0.07352779060602188
0.0 0.07360765337944031
0.0 0.0736432746052742
0.0 0.07364431023597717
0.0 0.07365155220031738
0.0 0.0736553743481636
0.0 0.0736752599477768
0.0 0.07385022938251495
0.0 0.07388083636760712
0.0 0.07388177514076233
0.0 0.07393679022789001
0.0 0.07394641637802124
0.0 0.07401275634765625
0.0 0.07406044751405716
0.0 0.07408089190721512
0.0 0.07416364550590515
0.0 0.07417398691177368
0.0 0.0742068812251091
0.0 0.07422318309545517
0.0 0.07433929294347763
0.0 0.07457783073186874
0.0 0.0746900662779808
0.0 0.07483917474746704
0.0 0.07494458556175232
0.0 0.07498177140951157
0.0 0.07519051432609558
0.0 0.07540292292833328
0.0 0.07544343173503876
0.0 0.07552734017372131
0.0 0.07559872418642044
0.0 0.07561908662319183
0.0 0.07564257830381393
0.0 0.07564640045166016
0.0 0.07567234337329865
0.0 0.07570791989564896
0.0 0.0757889673113823
0.0 0.07624708116054535
0.0 0.07629292458295822
0.0 0.07631540298461914
0.0 0.07642689347267151
0.0 0.0765824094414711
0.0 0.07665704935789108
0.0 0.0770329162478447
0.0 0.07705143839120865
0.0 0.07707479596138
0.0 0.077192522585392
0.0 0.07727792114019394
0.0 0.07730655372142792
0.0 0.07733289152383804
0.0 0.07737608999013901
0.0 0.0774400532245636
0.0 0.0775277316570282
0.0 0.07760500907897949
0.0 0.0778646394610405
0.0 0.07793151587247849
0.0 0.0779651552438736
0.0 0.07807942479848862
0.0 0.07811955362558365
0.0 0.0781199112534523
0.0 0.07817362993955612
0.0 0.07823137938976288
0.0 0.0782846063375473
0.0 0.0783650353550911
0.0 0.07837654650211334
0.0 0.0784982219338417
0.0 0.07851676642894745
0.0 0.07865744084119797
0.0 0.07872307300567627
0.0 0.0787372887134552
0.0 0.07881706953048706
0.0 0.07884800434112549
0.0 0.07895766943693161
0.0 0.07908060401678085
0.0 0.07917531579732895
0.0 0.07934492826461792
0.0 0.079370878636837
0.0 0.07974260300397873
0.0 0.07982169836759567
0.0 0.07987397164106369
0.0 0.0802638828754425
0.0 0.0803009644150734
0.0 0.08033815026283264
0.0 0.08044911921024323
0.0 0.08049754798412323
0.0 0.08059682697057724
0.0 0.080638088285923
0.0 0.08066359907388687
0.0 0.08075489103794098
0.0 0.08112049102783203
0.0 0.08119899034500122
0.0 0.08120442926883698
0.0 0.08123964071273804
0.0 0.08131736516952515
0.0 0.08133842796087265
0.0 0.08135589212179184
0.0 0.08137074112892151
0.0 0.0813722014427185
0.0 0.08151806890964508
0.0 0.08152635395526886
0.0 0.0816945880651474
0.0 0.08170950412750244
0.0 0.08175725489854813
0.0 0.08179072290658951
0.0 0.08179640769958496
0.0 0.0818726196885109
0.0 0.08188379555940628
0.0 0.08188924193382263
0.0 0.082001231610775
0.0 0.08252310007810593
0.0 0.0827769786119461
0.0 0.08295617997646332
0.0 0.08342710137367249
0.0 0.08355659991502762
0.0 0.08357413858175278
0.0 0.0836019441485405
0.0 0.08366461098194122
0.0 0.08384167402982712
0.0 0.0838756337761879
0.0 0.08429641276597977
0.0 0.08450955897569656
0.0 0.08454081416130066
0.0 0.08464451134204865
0.0 0.08475001156330109
0.0 0.08483496308326721
0.0 0.08484256267547607
0.0 0.08497542887926102
0.0 0.08519279211759567
0.0 0.0852511003613472
0.0 0.08525926619768143
0.0 0.08527632057666779
0.0 0.08541662245988846
0.0 0.08542114496231079
0.0 0.08549989014863968
0.0 0.08550753444433212
0.0 0.0855116993188858
0.0 0.08557571470737457
0.0 0.0856529027223587
0.0 0.08584030717611313
0.0 0.0858578011393547
0.0 0.0859198048710823
0.0 0.08595654368400574
0.0 0.08600857853889465
0.0 0.08606405556201935
0.0 0.08612701296806335
0.0 0.08613847196102142
0.0 0.08615598827600479
0.0 0.08629664033651352
0.0 0.08640171587467194
0.0 0.08642342686653137
0.0 0.08650881797075272
0.0 0.08665688335895538
0.0 0.08678790181875229
0.0 0.08684556931257248
0.0 0.08686759322881699
0.0 0.08691354840993881
0.0 0.08691944926977158
0.0 0.08700895309448242
0.0 0.08719205111265182
0.0 0.08719703555107117
0.0 0.08747036010026932
0.0 0.08749287575483322
0.0 0.08757626265287399
0.0 0.08788666874170303
0.0 0.08789868652820587
0.0 0.08801296353340149
0.0 0.08815119415521622
0.0 0.08829081058502197
0.0 0.0886896625161171
0.0 0.08885201066732407
0.0 0.08911266177892685
0.0 0.08925208449363708
0.0 0.08934188634157181
0.0 0.0893682986497879
0.0 0.08948485553264618
0.0 0.08957484364509583
0.0 0.08988082408905029
0.0 0.08996520191431046
0.0 0.0903051421046257
0.0 0.09048701822757721
0.0 0.09049851447343826
0.0 0.09054264426231384
0.0 0.09069585800170898
0.0 0.09084735810756683
0.0 0.09091423451900482
0.0 0.09143608063459396
0.0 0.0916554406285286
0.0 0.09173741191625595
0.0 0.092413991689682
0.0 0.09242160618305206
0.0 0.09273018687963486
0.0 0.09274481981992722
0.0 0.09298525005578995
0.0 0.09298547357320786
0.0 0.09314791858196259
0.0 0.09317448735237122
0.0 0.09319908916950226
0.0 0.09333854168653488
0.0 0.09366771578788757
0.0 0.09394323825836182
0.0 0.09427626430988312
0.0 0.09453179687261581
0.0 0.09454154223203659
0.0 0.09459959715604782
0.0 0.09460992366075516
0.0 0.0948885828256607
0.0 0.09521618485450745
0.0 0.09540742635726929
0.0 0.09551260620355606
0.0 0.09555965662002563
0.0 0.09592235833406448
0.0 0.09616879373788834
0.0 0.09624368697404861
0.0 0.09666755795478821
0.0 0.0966801717877388
0.0 0.09680914133787155
0.0 0.09681738913059235
0.0 0.09687481820583344
0.0 0.09702711552381516
0.0 0.09723341464996338
0.0 0.09726537019014359
0.0 0.09730948507785797
0.0 0.09752088040113449
0.0 0.09763922542333603
0.0 0.09780007600784302
0.0 0.09787352383136749
0.0 0.09794336557388306
0.0 0.09806226193904877
0.0 0.09840493649244308
0.0 0.09851959347724915
0.0 0.09923665225505829
0.0 0.09925144165754318
0.0 0.09928958117961884
0.0 0.09958359599113464
0.0 0.09976726770401001
0.0 0.10008326172828674
0.0 0.10031531006097794
0.0 0.10038981586694717
0.0 0.10048620402812958
0.0 0.10082564502954483
0.0 0.10148590803146362
0.0 0.10205494612455368
0.0 0.10319916158914566
0.0 0.10331083089113235
0.0 0.10337397456169128
0.0 0.10338936001062393
0.0 0.10354785621166229
0.0 0.1042058989405632
0.0 0.10466430336236954
0.0 0.10577636957168579
0.0 0.10690232366323471
0.0 0.10716956108808517
0.0 0.10726629197597504
0.0 0.10753313452005386
0.0 0.10765636712312698
0.0 0.10795537382364273
0.0 0.1084241047501564
0.0 0.10955100506544113
0.0 0.1095757782459259
0.0 0.1098608672618866
0.0 0.11051394790410995
0.0 0.1106061264872551
0.0 0.11084678024053574
0.0 0.11087093502283096
0.0 0.11266151815652847
0.0 0.11337491869926453
0.0 0.11366836726665497
0.0 0.11584113538265228
0.0 0.12081921100616455
0.0 0.12340729683637619
0.0 0.1253836452960968
0.0 0.12794363498687744
0.0 0.12979407608509064
0.0 0.1333237737417221
0.0 0.14111405611038208
0.0 inf
