0.0 0.013905159197747707
0.0 0.014894846826791763
0.0 0.015577180311083794
0.0 0.015614526346325874
0.0 0.015897706151008606
0.0 0.015912408009171486
0.0 0.016034787520766258
0.0 0.016122756525874138
0.0 0.016459155827760696
0.0 0.01649983786046505
0.0 0.01660672202706337
0.0 0.016923828050494194
0.0 0.017237232998013496
0.0 0.01736856810748577
0.0 0.017578454688191414
0.0 0.017601605504751205
0.0 0.017678771167993546
0.0 0.017847582697868347
0.0 0.018117349594831467
0.0 0.01821308210492134
0.0 0.018270296975970268
0.0 0.018322329968214035
0.0 0.018448304384946823
0.0 0.018500668928027153
0.0 0.01855219528079033
0.0 0.018614647909998894
0.0 0.018707845360040665
0.0 0.018722161650657654
0.0 0.01876010373234749
0.0 0.018858976662158966
0.0 0.018866926431655884
0.0 0.018874570727348328
0.0 0.01892818883061409
0.0 0.018934287130832672
0.0 0.0189528688788414
0.0 0.018970942124724388
0.0 0.019002767279744148
0.0 0.019010035321116447
0.0 0.019035156816244125
0.0 0.01904607005417347
0.0 0.019049350172281265
0.0 0.01909930445253849
0.0 0.01919851452112198
0.0 0.01921038329601288
0.0 0.019210966303944588
0.0 0.019225038588047028
0.0 0.01922701857984066
0.0 0.019227348268032074
0.0 0.019244762137532234
0.0 0.01925896853208542
0.0 0.019311396405100822
0.0 0.019398989155888557
0.0 0.019446367397904396
0.0 0.01946321688592434
0.0 0.019464567303657532
0.0 0.01954752393066883
0.0 0.019655609503388405
0.0 0.019656721502542496
0.0 0.019672563299536705
0.0 0.019700076431035995
0.0 0.01974502205848694
0.0 0.01974685862660408
0.0 0.019748128950595856
0.0 0.019780466333031654
0.0 0.019798679277300835
0.0 0.019812606275081635
0.0 0.019831635057926178
0.0 0.019842198118567467
0.0 0.019843271002173424
0.0 0.01985967345535755
0.0 0.019862690940499306
0.0 0.019863279536366463
0.0 0.019869834184646606
0.0 0.019873594865202904
0.0 0.019883451983332634
0.0 0.01996118761599064
0.0 0.019994577392935753
0.0 0.01999518647789955
0.0 0.020003708079457283
0.0 0.020031459629535675
0.0 0.02003609761595726
0.0 0.02007828839123249
0.0 0.020089419558644295
0.0 0.02016051486134529
0.0 0.020231932401657104
0.0 0.02024202048778534
0.0 0.02026483602821827
0.0 0.020314455032348633
0.0 0.020370719954371452
0.0 0.020370816811919212
0.0 0.020401258021593094
0.0 0.020432310178875923
0.0 0.020432667806744576
0.0 0.020464641973376274
0.0 0.020464954897761345
0.0 0.02049887180328369
0.0 0.020505422726273537
0.0 0.02051614224910736
0.0 0.020526601001620293
0.0 0.020535999909043312
0.0 0.020573250949382782
0.0 0.02058476209640503
0.0 0.02060120925307274
0.0 0.020630985498428345
0.0 0.0206396896392107
0.0 0.020640481263399124
0.0 0.02066841721534729
0.0 0.020687200129032135
0.0 0.02071079984307289
0.0 0.02071712724864483
0.0 0.02072756178677082
0.0 0.020728979259729385
0.0 0.020773865282535553
0.0 0.020777232944965363
0.0 0.02084232307970524
0.0 0.0208730548620224
0.0 0.020882461220026016
0.0 0.02091493271291256
0.0 0.02092653699219227
0.0 0.020938927307724953
0.0 0.020965561270713806
0.0 0.020976465195417404
0.0 0.020987752825021744
0.0 0.021047387272119522
0.0 0.021060502156615257
0.0 0.021063724532723427
0.0 0.021071739494800568
0.0 0.021075600758194923
0.0 0.02113868109881878
0.0 0.021143386140465736
0.0 0.021192513406276703
0.0 0.02119271457195282
0.0 0.021205374971032143
0.0 0.021274322643876076
0.0 0.021324237808585167
0.0 0.021387547254562378
0.0 0.02139793336391449
0.0 0.021403521299362183
0.0 0.021413182839751244
0.0 0.021457621827721596
0.0 0.021474936977028847
0.0 0.021495262160897255
0.0 0.021515753120183945
0.0 0.021516023203730583
0.0 0.02154800109565258
0.0 0.02158287540078163
0.0 0.021658433601260185
0.0 0.021675970405340195
0.0 0.021706758067011833
0.0 0.021736329421401024
0.0 0.021789634600281715
0.0 0.02183689922094345
0.0 0.02187051624059677
0.0 0.021925371140241623
0.0 0.021954761818051338
0.0 0.021989580243825912
0.0 0.02201964147388935
0.0 0.022021526470780373
0.0 0.022028537467122078
0.0 0.022061241790652275
0.0 0.022063907235860825
0.0 0.022069573402404785
0.0 0.022090880200266838
0.0 0.022108711302280426
0.0 0.022159168496727943
0.0 0.022226126864552498
0.0 0.02227684296667576
0.0 0.022299431264400482
0.0 0.022329388186335564
0.0 0.02235158532857895
0.0 0.022382058203220367
0.0 0.022420067340135574
0.0 0.022430434823036194
0.0 0.022448448464274406
0.0 0.0224682055413723
0.0 0.02249700017273426
0.0 0.022532178089022636
0.0 0.022538522258400917
0.0 0.022569796070456505
0.0 0.022581161931157112
0.0 0.02258259989321232
0.0 0.022590981796383858
0.0 0.022642146795988083
0.0 0.022659139707684517
0.0 0.02266894467175007
0.0 0.022682499140501022
0.0 0.02269274927675724
0.0 0.022713104262948036
0.0 0.02272890880703926
0.0 0.022733982652425766
0.0 0.022755414247512817
0.0 0.022813213989138603
0.0 0.022816086187958717
0.0 0.02281896583735943
0.0 0.022898970171809196
0.0 0.02291613258421421
0.0 0.022926822304725647
0.0 0.022956987842917442
0.0 0.02296682633459568
0.0 0.023005550727248192
0.0 0.023011868819594383
0.0 0.02303294464945793
0.0 0.023060165345668793
0.0 0.023071998730301857
0.0 0.02308071032166481
0.0 0.023084623739123344
0.0 0.023110900074243546
0.0 0.023133205249905586
0.0 0.023133685812354088
0.0 0.02313532866537571
0.0 0.02313709259033203
0.0 0.02315632440149784
0.0 0.0231915395706892
0.0 0.02323434129357338
0.0 0.023260537534952164
0.0 0.023309750482439995
0.0 0.023312848061323166
0.0 0.023325912654399872
0.0 0.02332821860909462
0.0 0.023344676941633224
0.0 0.02337775193154812
0.0 0.023388322442770004
0.0 0.023397015407681465
0.0 0.02342343144118786
0.0 0.023435113951563835
0.0 0.023466020822525024
0.0 0.02348332107067108
0.0 0.023503536358475685
0.0 0.02352047525346279
0.0 0.02352668158710003
0.0 0.02354515716433525
0.0 0.023560602217912674
0.0 0.023574884980916977
0.0 0.023582300171256065
0.0 0.023583007976412773
0.0 0.023585211485624313
0.0 0.023599758744239807
0.0 0.023635921999812126
0.0 0.023670652881264687
0.0 0.023675179108977318
0.0 0.023716913536190987
0.0 0.0237314123660326
0.0 0.023747846484184265
0.0 0.023750944063067436
0.0 0.023754708468914032
0.0 0.023790063336491585
0.0 0.023803511634469032
0.0 0.0238096471875906
0.0 0.02384132705628872
0.0 0.0238435547798872
0.0 0.023847371339797974
0.0 0.02390952594578266
0.0 0.0239458829164505
0.0 0.0240548737347126
0.0 0.024079691618680954
0.0 0.02409246191382408
0.0 0.024122580885887146
0.0 0.02415439300239086
0.0 0.02416115440428257
0.0 0.02416677214205265
0.0 0.024167507886886597
0.0 0.02421153523027897
0.0 0.02422918938100338
0.0 0.024235067889094353
0.0 0.024237023666501045
0.0 0.024242375046014786
0.0 0.02428288757801056
0.0 0.024287672713398933
0.0 0.02429390698671341
0.0 0.024358075112104416
0.0 0.024373365566134453
0.0 0.024389948695898056
0.0 0.02439568191766739
0.0 0.024436533451080322
0.0 0.024463806301355362
0.0 0.024528659880161285
0.0 0.024548903107643127
0.0 0.024565372616052628
0.0 0.02456873655319214
0.0 0.02458338998258114
0.0 0.02460355870425701
0.0 0.024616431444883347
0.0 0.024644814431667328
0.0 0.02469305507838726
0.0 0.024724429473280907
0.0 0.024737704545259476
0.0 0.024857450276613235
0.0 0.024881362915039062
0.0 0.02496311254799366
0.0 0.02496759034693241
0.0 0.024973737075924873
0.0 0.02498210035264492
0.0 0.024983743205666542
0.0 0.025002487003803253
0.0 0.025008894503116608
0.0 0.025028884410858154
0.0 0.025059549137949944
0.0 0.02507469430565834
0.0 0.025079810991883278
0.0 0.025182554498314857
0.0 0.02519935742020607
0.0 0.02520190179347992
0.0 0.025212489068508148
0.0 0.02522365003824234
0.0 0.025254247710108757
0.0 0.02526688762009144
0.0 0.02526705712080002
0.0 0.025297295302152634
0.0 0.025303352624177933
0.0 0.025307945907115936
0.0 0.025331387296319008
0.0 0.025347553193569183
0.0 0.025361953303217888
0.0 0.025374354794621468
0.0 0.02538386732339859
0.0 0.025400348007678986
0.0 0.025411149486899376
0.0 0.025424616411328316
0.0 0.025430692359805107
0.0 0.025487564504146576
0.0 0.025533776730298996
0.0 0.02556729130446911
0.0 0.02562035247683525
0.0 0.02571464143693447
0.0 0.025741320103406906
0.0 0.025743739679455757
0.0 0.02578154020011425
0.0 0.02581194043159485
0.0 0.02586655132472515
0.0 0.025888755917549133
0.0 0.02592325769364834
0.0 0.025926904752850533
0.0 0.025991002097725868
0.0 0.026031242683529854
0.0 0.026052800938487053
0.0 0.02608204074203968
0.0 0.02612130530178547
0.0 0.026220014318823814
0.0 0.026223676279187202
0.0 0.026230234652757645
0.0 0.02625672146677971
0.0 0.026343271136283875
0.0 0.026368314400315285
0.0 0.026483336463570595
0.0 0.026504341512918472
0.0 0.02655922807753086
0.0 0.026586761698126793
0.0 0.026593681424856186
0.0 0.02664119005203247
0.0 0.026642467826604843
0.0 0.026660677045583725
0.0 0.02666459232568741
0.0 0.02667102962732315
0.0 0.02670871466398239
0.0 0.026735980063676834
0.0 0.026745030656456947
0.0 0.026753615587949753
0.0 0.026781296357512474
0.0 0.026789063587784767
0.0 0.026791000738739967
0.0 0.026826582849025726
0.0 0.02683139406144619
0.0 0.02684887684881687
0.0 0.02691822126507759
0.0 0.02692369930446148
0.0 0.026959864422678947
0.0 0.026986783370375633
0.0 0.027042103931307793
0.0 0.027072127908468246
0.0 0.02712123654782772
0.0 0.027192188426852226
0.0 0.027244802564382553
0.0 0.027310436591506004
0.0 0.0273145642131567
0.0 0.02735549584031105
0.0 0.02737123891711235
0.0 0.027379712089896202
0.0 0.027384232729673386
0.0 0.02746805176138878
0.0 0.027490930631756783
0.0 0.027525581419467926
0.0 0.02756262943148613
0.0 0.02756611444056034
0.0 0.027579808607697487
0.0 0.02765747532248497
0.0 0.027660338208079338
0.0 0.027687501162290573
0.0 0.027740055695176125
0.0 0.027851944789290428
0.0 0.027863886207342148
0.0 0.027991535142064095
0.0 0.028022468090057373
0.0 0.028034508228302002
0.0 0.028053447604179382
0.0 0.028072074055671692
0.0 0.028073443099856377
0.0 0.028179703280329704
0.0 0.028183041140437126
0.0 0.028184082359075546
0.0 0.028187064453959465
0.0 0.028292493894696236
0.0 0.028350917622447014
0.0 0.0283784382045269
0.0 0.028398847207427025
0.0 0.028406815603375435
0.0 0.02843611128628254
0.0 0.028465302661061287
0.0 0.02857811003923416
0.0 0.02866012416779995
0.0 0.028678661212325096
0.0 0.028715331107378006
0.0 0.02886427938938141
0.0 0.028883613646030426
0.0 0.028937743976712227
0.0 0.028964906930923462
0.0 0.02905958518385887
0.0 0.0290704146027565
0.0 0.029078783467411995
0.0 0.02924535796046257
0.0 0.029311278834939003
0.0 0.029391763731837273
0.0 0.029395731166005135
0.0 0.029472431167960167
0.0 0.02950417809188366
0.0 0.02956412546336651
0.0 0.029664553701877594
0.0 0.029673798009753227
0.0 0.029843313619494438
0.0 0.02984568476676941
0.0 0.029864657670259476
0.0 0.029888320714235306
0.0 0.030001726001501083
0.0 0.030011693015694618
0.0 0.030079666525125504
0.0 0.030083419755101204
0.0 0.030333900824189186
0.0 0.03054882399737835
0.0 0.030580919235944748
0.0 0.0305834598839283
0.0 0.03063885122537613
0.0 0.030643625184893608
0.0 0.030679386109113693
0.0 0.03074963577091694
0.0 0.030788414180278778
0.0 0.031073689460754395
0.0 0.031120767816901207
0.0 0.03116566501557827
0.0 0.03117477335035801
0.0 0.031179703772068024
0.0 0.03123391419649124
0.0 0.031334999948740005
0.0 0.031349778175354004
0.0 0.03148946911096573
0.0 0.031565967947244644
0.0 0.031636033207178116
0.0 0.0318288654088974
0.0 0.031903959810733795
0.0 0.03206925839185715
0.0 0.032080911099910736
0.0 0.03216487541794777
0.0 0.03219139575958252
0.0 0.0322084054350853
0.0 0.0322444885969162
0.0 0.032284438610076904
0.0 0.03255412355065346
0.0 0.03257476165890694
0.0 0.032620567828416824
0.0 0.03271878883242607
0.0 0.03347935527563095
0.0 0.033743008971214294
0.0 0.03397306799888611
0.0 0.03405214846134186
0.0 0.034209463745355606
0.0 0.034313175827264786
0.0 0.03437572717666626
0.0 0.03438638523221016
0.0 0.03439526632428169
0.0 0.034418001770973206
0.0 0.03457760810852051
0.0 0.034637704491615295
0.0 0.03472636640071869
0.0 0.03474625572562218
0.0 0.03475683927536011
0.0 0.03491679206490517
0.0 0.0350150540471077
0.0 0.03508646413683891
0.0 0.03536796569824219
0.0 0.03570929914712906
0.0 0.035767562687397
0.0 0.035773348063230515
0.0 0.035849716514348984
0.0 0.03593309596180916
0.0 0.036109864711761475
0.0 0.03647437319159508
0.0 0.03659926354885101
0.0 0.03681661933660507
0.0 0.03684578090906143
0.0 0.03738929703831673
0.0 0.038401275873184204
0.0 0.03878559172153473
0.0 0.03987102583050728
0.0 0.03995633125305176
0.0 0.040241025388240814
0.0 0.04049212858080864
0.0 0.04073656350374222
0.0 0.040810711681842804
0.0 0.04190167784690857
0.0 0.04320788010954857
0.0 0.04356088116765022
0.0 0.04562617838382721
0.0 0.051058005541563034
0.0 inf
