0.0 0.016683118417859077
0.0 0.018499013036489487
0.0 0.01855911687016487
0.0 0.0191501434892416
0.0 0.020462799817323685
0.0 0.0205561313778162
0.0 0.020656488835811615
0.0 0.02103480137884617
0.0 0.021235181018710136
0.0 0.021382948383688927
0.0 0.021588999778032303
0.0 0.021670164540410042
0.0 0.02170199528336525
0.0 0.021761834621429443
0.0 0.02214922197163105
0.0 0.022202134132385254
0.0 0.02229348197579384
0.0 0.022356858476996422
0.0 0.02251497283577919
0.0 0.022616339847445488
0.0 0.02285563386976719
0.0 0.0229013841599226
0.0 0.023089244961738586
0.0 0.023210393264889717
0.0 0.023214003071188927
0.0 0.023236745968461037
0.0 0.023276109248399734
0.0 0.023319654166698456
0.0 0.023379972204566002
0.0 0.023449525237083435
0.0 0.02356014959514141
0.0 0.023719407618045807
0.0 0.023820579051971436
0.0 0.02401534467935562
0.0 0.02411515824496746
0.0 0.02425466850399971
0.0 0.0242556594312191
0.0 0.024259822443127632
0.0 0.0242717657238245
0.0 0.02432948909699917
0.0 0.024465706199407578
0.0 0.024472270160913467
0.0 0.02447357587516308
0.0 0.024519843980669975
0.0 0.02456139773130417
0.0 0.024706032127141953
0.0 0.02475593611598015
0.0 0.02483505941927433
0.0 0.024903669953346252
0.0 0.0250727366656065
0.0 0.02510458044707775
0.0 0.025165187194943428
0.0 0.025196531787514687
0.0 0.025282900780439377
0.0 0.02528669312596321
0.0 0.025352908298373222
0.0 0.025424761697649956
0.0 0.02560618706047535
0.0 0.025733401998877525
0.0 0.025771627202630043
0.0 0.025870556011795998
0.0 0.026019282639026642
0.0 0.026073936372995377
0.0 0.0260782353579998
0.0 0.026080474257469177
0.0 0.026094423606991768
0.0 0.02610904723405838
0.0 0.026190202683210373
0.0 0.026246996596455574
0.0 0.02630579099059105
0.0 0.02633669227361679
0.0 0.026394806802272797
0.0 0.02642999216914177
0.0 0.026508938521146774
0.0 0.026511432603001595
0.0 0.026522496715188026
0.0 0.026619017124176025
0.0 0.026680713519454002
0.0 0.026761455461382866
0.0 0.026789940893650055
0.0 0.026812586933374405
0.0 0.026823408901691437
0.0 0.02683854103088379
0.0 0.026873508468270302
0.0 0.027001917362213135
0.0 0.02708999067544937
0.0 0.027219625189900398
0.0 0.02724633552134037
0.0 0.027263425290584564
0.0 0.027302496135234833
0.0 0.02735750563442707
0.0 0.027380594983696938
0.0 0.027386067435145378
0.0 0.02740461938083172
0.0 0.027416367083787918
0.0 0.02744169346988201
0.0 0.02744232304394245
0.0 0.02756231278181076
0.0 0.02759501338005066
0.0 0.027647433802485466
0.0 0.027770131826400757
0.0 0.02777557075023651
0.0 0.02777666039764881
0.0 0.027777059003710747
0.0 0.027805201709270477
0.0 0.02782830409705639
0.0 0.027999956160783768
0.0 0.028053242713212967
0.0 0.0280586089938879
0.0 0.028150159865617752
0.0 0.02828540839254856
0.0 0.02830120176076889
0.0 0.028304854407906532
0.0 0.02833404578268528
0.0 0.02837779000401497
0.0 0.02837926149368286
0.0 0.02841145358979702
0.0 0.028412964195013046
0.0 0.028454771265387535
0.0 0.028483277186751366
0.0 0.02849133498966694
0.0 0.028541913256049156
0.0 0.028550399467349052
0.0 0.028633546084165573
0.0 0.02868266962468624
0.0 0.028717007488012314
0.0 0.028731534257531166
0.0 0.028796959668397903
0.0 0.028797423467040062
0.0 0.028857490047812462
0.0 0.0289179515093565
0.0 0.02906460501253605
0.0 0.029100002720952034
0.0 0.029117202386260033
0.0 0.029120048508048058
0.0 0.02912816032767296
0.0 0.029178325086832047
0.0 0.029295751824975014
0.0 0.02934630587697029
0.0 0.029357289895415306
0.0 0.029409250244498253
0.0 0.029451260343194008
0.0 0.029476983472704887
0.0 0.029515735805034637
0.0 0.02952444553375244
0.0 0.029561515897512436
0.0 0.029635686427354813
0.0 0.029659580439329147
0.0 0.029734142124652863
0.0 0.029790958389639854
0.0 0.029944907873868942
0.0 0.030016275122761726
0.0 0.03003210760653019
0.0 0.030039403587579727
0.0 0.03004089742898941
0.0 0.03007580153644085
0.0 0.030122097581624985
0.0 0.03013061173260212
0.0 0.030146602541208267
0.0 0.03036694973707199
0.0 0.03037152998149395
0.0 0.03043835051357746
0.0 0.03044777736067772
0.0 0.030625542625784874
0.0 0.030716782435774803
0.0 0.03074631653726101
0.0 0.030757756903767586
0.0 0.030774643644690514
0.0 0.030802885070443153
0.0 0.03085549920797348
0.0 0.030935684219002724
0.0 0.031030401587486267
0.0 0.031038109213113785
0.0 0.031107407063245773
0.0 0.03112754225730896
0.0 0.031216062605381012
0.0 0.03121613711118698
0.0 0.0312198456376791
0.0 0.03122982196509838
0.0 0.031229941174387932
0.0 0.031407080590724945
0.0 0.031427159905433655
0.0 0.03150399401783943
0.0 0.031516529619693756
0.0 0.03155403211712837
0.0 0.03158452734351158
0.0 0.03161174803972244
0.0 0.03163398057222366
0.0 0.031634338200092316
0.0 0.031638555228710175
0.0 0.03164075314998627
0.0 0.03164433315396309
0.0 0.031653065234422684
0.0 0.031709637492895126
0.0 0.031729161739349365
0.0 0.031770478934049606
0.0 0.031775929033756256
0.0 0.031838320195674896
0.0 0.031845204532146454
0.0 0.03189566358923912
0.0 0.03189912438392639
0.0 0.03192497417330742
0.0 0.03194219991564751
0.0 0.03199458494782448
0.0 0.0320909358561039
0.0 0.03210956230759621
0.0 0.03212700039148331
0.0 0.032127827405929565
0.0 0.032181475311517715
0.0 0.03224831819534302
0.0 0.03236069530248642
0.0 0.03238324075937271
0.0 0.03245626762509346
0.0 0.03247928246855736
0.0 0.0325133390724659
0.0 0.032546933740377426
0.0 0.0325743667781353
0.0 0.03261464461684227
0.0 0.03264862298965454
0.0 0.03273775801062584
0.0 0.03278215602040291
0.0 0.0328260138630867
0.0 0.03283194079995155
0.0 0.032835863530635834
0.0 0.03284238278865814
0.0 0.032883238047361374
0.0 0.032936546951532364
0.0 0.03300603851675987
0.0 0.0330469124019146
0.0 0.033049434423446655
0.0 0.033081430941820145
0.0 0.033091504126787186
0.0 0.03309544920921326
0.0 0.03314221277832985
0.0 0.033165086060762405
0.0 0.0331927090883255
0.0 0.033308789134025574
0.0 0.033331163227558136
0.0 0.03334467485547066
0.0 0.03338796645402908
0.0 0.03356105089187622
0.0 0.033648960292339325
0.0 0.03366415947675705
0.0 0.0336872935295105
0.0 0.033708032220602036
0.0 0.033744893968105316
0.0 0.034050773829221725
0.0 0.03409158065915108
0.0 0.034098923206329346
0.0 0.03411751985549927
0.0 0.03412856534123421
0.0 0.0341402143239975
0.0 0.03424859791994095
0.0 0.03427501767873764
0.0 0.034364357590675354
0.0 0.0343686006963253
0.0 0.03437485918402672
0.0 0.03445790708065033
0.0 0.03456568717956543
0.0 0.03459840640425682
0.0 0.03460704907774925
0.0 0.0346287339925766
0.0 0.03463946655392647
0.0 0.034661248326301575
0.0 0.0347280390560627
0.0 0.034864235669374466
0.0 0.034865014255046844
0.0 0.0349486842751503
0.0 0.03495069593191147
0.0 0.034989289939403534
0.0 0.035045091062784195
0.0 0.0350554920732975
0.0 0.03517943620681763
0.0 0.035210173577070236
0.0 0.0352112241089344
0.0 0.03523387759923935
0.0 0.03542226552963257
0.0 0.035428814589977264
0.0 0.03547495976090431
0.0 0.035534948110580444
0.0 0.03577341139316559
0.0 0.03592964634299278
0.0 0.03599899634718895
0.0 0.036175161600112915
0.0 0.03618589788675308
0.0 0.03618744760751724
0.0 0.03624348342418671
0.0 0.036368437111377716
0.0 0.03646859899163246
0.0 0.03653906658291817
0.0 0.03655571490526199
0.0 0.036569658666849136
0.0 0.036593399941921234
0.0 0.03662046417593956
0.0 0.036747463047504425
0.0 0.036769844591617584
0.0 0.036820121109485626
0.0 0.036820296198129654
0.0 0.03686394542455673
0.0 0.0369466133415699
0.0 0.03698247671127319
0.0 0.03713808208703995
0.0 0.03715754300355911
0.0 0.03718641400337219
0.0 0.03719174489378929
0.0 0.037195611745119095
0.0 0.03720737621188164
0.0 0.03722275421023369
0.0 0.03726939111948013
0.0 0.03731369599699974
0.0 0.03737148642539978
0.0 0.03748388960957527
0.0 0.03749287873506546
0.0 0.037499163299798965
0.0 0.037525780498981476
0.0 0.0375610888004303
0.0 0.0375787615776062
0.0 0.03768457472324371
0.0 0.037781115621328354
0.0 0.03797108307480812
0.0 0.03805757686495781
0.0 0.03808704391121864
0.0 0.038097526878118515
0.0 0.03816501051187515
0.0 0.03820895776152611
0.0 0.038315385580062866
0.0 0.03834636136889458
0.0 0.03836289420723915
0.0 0.03840476647019386
0.0 0.038453396409749985
0.0 0.038577158004045486
0.0 0.03865938261151314
0.0 0.038671188056468964
0.0 0.038680195808410645
0.0 0.038701824843883514
0.0 0.0387585386633873
0.0 0.03876030072569847
0.0 0.0388202965259552
0.0 0.03887685388326645
0.0 0.038941897451877594
0.0 0.03895721212029457
0.0 0.03900625929236412
0.0 0.0390549935400486
0.0 0.03911502659320831
0.0 0.03914204612374306
0.0 0.039242979139089584
0.0 0.03930778056383133
0.0 0.03931892290711403
0.0 0.03932832181453705
0.0 0.03932995721697807
0.0 0.039435748010873795
0.0 0.03951183706521988
0.0 0.03957391157746315
0.0 0.039647042751312256
0.0 0.03978314995765686
0.0 0.039806656539440155
0.0 0.03993334621191025
0.0 0.03995156288146973
0.0 0.03997483849525452
0.0 0.0400971956551075
0.0 0.040389467030763626
0.0 0.04040048271417618
0.0 0.04053569957613945
0.0 0.04063751921057701
0.0 0.04093451797962189
0.0 0.04094497114419937
0.0 0.04101534187793732
0.0 0.0412214994430542
0.0 0.04126765578985214
0.0 0.041300226002931595
0.0 0.041345201432704926
0.0 0.041346464306116104
0.0 0.041371263563632965
0.0 0.04137498140335083
0.0 0.0414578951895237
0.0 0.04177514463663101
0.0 0.04196503013372421
0.0 0.04200045391917229
0.0 0.04202879220247269
0.0 0.0420551598072052
0.0 0.042073674499988556
0.0 0.04208111763000488
0.0 0.04210644215345383
0.0 0.042114343494176865
0.0 0.04213063418865204
0.0 0.042154524475336075
0.0 0.042232710868120193
0.0 0.04230138286948204
0.0 0.042445048689842224
0.0 0.04251452162861824
0.0 0.042647235095500946
0.0 0.04269016161561012
0.0 0.04274483397603035
0.0 0.04300600662827492
0.0 0.043022170662879944
0.0 0.04303279146552086
0.0 0.04317507892847061
0.0 0.043243132531642914
0.0 0.04329867288470268
0.0 0.04332549124956131
0.0 0.04341506212949753
0.0 0.04344474524259567
0.0 0.04362182319164276
0.0 0.04367879033088684
0.0 0.043761417269706726
0.0 0.04383290931582451
0.0 0.043881289660930634
0.0 0.04388333484530449
0.0 0.0439235083758831
0.0 0.04411359876394272
0.0 0.04411903768777847
0.0 0.044187597930431366
0.0 0.04423148185014725
0.0 0.04439132288098335
0.0 0.04447869211435318
0.0 0.04448487609624863
0.0 0.04455937072634697
0.0 0.044789720326662064
0.0 0.04525964334607124
0.0 0.04543589428067207
0.0 0.04554223269224167
0.0 0.04554709047079086
0.0 0.04557954892516136
0.0 0.04570525512099266
0.0 0.0457642525434494
0.0 0.04579143226146698
0.0 0.045827001333236694
0.0 0.04589753970503807
0.0 0.04592260718345642
0.0 0.046454381197690964
0.0 0.04647697135806084
0.0 0.04649503156542778
0.0 0.04653867334127426
0.0 0.04674630984663963
0.0 0.047154899686574936
0.0 0.04728507995605469
0.0 0.0475616455078125
0.0 0.047955162823200226
0.0 0.048162832856178284
0.0 0.04831601306796074
0.0 0.048566874116659164
0.0 0.04860210418701172
0.0 0.048630062490701675
0.0 0.04871295765042305
0.0 0.0489952526986599
0.0 0.04900871962308884
0.0 0.04913466051220894
0.0 0.04914085566997528
0.0 0.04925837367773056
0.0 0.049321092665195465
0.0 0.049381934106349945
0.0 0.04967792332172394
0.0 0.04978828877210617
0.0 0.050141289830207825
0.0 0.05070197582244873
0.0 0.05078708752989769
0.0 0.0509486198425293
0.0 0.05149708315730095
0.0 0.051520805805921555
0.0 0.05249493569135666
0.0 0.05266914516687393
0.0 0.05273783579468727
0.0 0.052864961326122284
0.0 0.05307319760322571
0.0 0.05312739312648773
0.0 0.05325238034129143
0.0 0.05364276096224785
0.0 0.05391711741685867
0.0 0.05394255742430687
0.0 0.0543094240128994
0.0 0.0546925812959671
0.0 0.05487725883722305
0.0 0.05497850477695465
0.0 0.05505746230483055
0.0 0.055605676025152206
0.0 0.056504204869270325
0.0 0.05658352002501488
0.0 0.05689658224582672
0.0 0.05796408653259277
0.0 0.0584903322160244
0.0 0.05885396897792816
0.0 0.05923426151275635
0.0 0.059354763478040695
0.0 0.05937724560499191
0.0 0.05995450168848038
0.0 0.059982795268297195
0.0 0.06001504510641098
0.0 0.06031777709722519
0.0 0.060911841690540314
0.0 0.061536580324172974
0.0 0.06185561418533325
0.0 0.06220611184835434
0.0 0.06273107975721359
0.0 0.06519990414381027
0.0 0.0655507892370224
0.0 0.06856533139944077
0.0 0.07486144453287125
0.0 0.07491004467010498
0.0 0.08662556856870651
0.0 0.0871424525976181
0.0 0.0905781164765358
0.0 0.0930347740650177
0.0 0.09345001727342606
0.0 0.11851512640714645
0.0 0.12541930377483368
0.0 0.1391773372888565
0.0 0.14692232012748718
0.0 0.14743086695671082
0.0 0.15022620558738708
0.0 0.17837293446063995
0.0 0.23862402141094208
0.0 inf
