0.0 0.028439966961741447
0.0 0.030676424503326416
0.0 0.031770240515470505
0.0 0.0330640971660614
0.0 0.03532810136675835
0.0 0.03565933182835579
0.0 0.03586417809128761
0.0 0.035982731729745865
0.0 0.03663191571831703
0.0 0.03671181574463844
0.0 0.03677615895867348
0.0 0.036884766072034836
0.0 0.03707050904631615
0.0 0.03708534315228462
0.0 0.03716828301548958
0.0 0.03726696968078613
0.0 0.03743191808462143
0.0 0.037699054926633835
0.0 0.03796029090881348
0.0 0.03818685933947563
0.0 0.038229282945394516
0.0 0.03830656409263611
0.0 0.038564156740903854
0.0 0.03880370780825615
0.0 0.03884994611144066
0.0 0.03911769390106201
0.0 0.03936722129583359
0.0 0.0394318662583828
0.0 0.03949366882443428
0.0 0.03950509428977966
0.0 0.03951121121644974
0.0 0.03965173289179802
0.0 0.03983347490429878
0.0 0.03986426070332527
0.0 0.039927925914525986
0.0 0.03998938202857971
0.0 0.04003782942891121
0.0 0.04008031263947487
0.0 0.040081508457660675
0.0 0.040219832211732864
0.0 0.04023614153265953
0.0 0.04026355221867561
0.0 0.04032168537378311
0.0 0.0403306670486927
0.0 0.04034451022744179
0.0 0.0405927412211895
0.0 0.04061977192759514
0.0 0.04064008966088295
0.0 0.040696315467357635
0.0 0.04094162583351135
0.0 0.04105981066823006
0.0 0.041069116443395615
0.0 0.041152872145175934
0.0 0.04118654131889343
0.0 0.04125150665640831
0.0 0.04134856536984444
0.0 0.04158562049269676
0.0 0.04176170751452446
0.0 0.04177851974964142
0.0 0.0418250598013401
0.0 0.0418306402862072
0.0 0.041840359568595886
0.0 0.04185798764228821
0.0 0.041880134493112564
0.0 0.04200756177306175
0.0 0.042037736624479294
0.0 0.042167507112026215
0.0 0.04217882826924324
0.0 0.042235661298036575
0.0 0.04231264442205429
0.0 0.04231536388397217
0.0 0.04232007637619972
0.0 0.042384594678878784
0.0 0.04239382594823837
0.0 0.042407408356666565
0.0 0.042472537606954575
0.0 0.04250557720661163
0.0 0.042536694556474686
0.0 0.042545970529317856
0.0 0.042611464858055115
0.0 0.04266650602221489
0.0 0.0426793172955513
0.0 0.04281936585903168
0.0 0.042844902724027634
0.0 0.042878177016973495
0.0 0.042905911803245544
0.0 0.04297405853867531
0.0 0.04305275157094002
0.0 0.043066248297691345
0.0 0.04338573291897774
0.0 0.04340851679444313
0.0 0.043503597378730774
0.0 0.043582260608673096
0.0 0.043652746826410294
0.0 0.04367896169424057
0.0 0.04388388991355896
0.0 0.04393335431814194
0.0 0.043971866369247437
0.0 0.044028159230947495
0.0 0.0440443754196167
0.0 0.04409313201904297
0.0 0.04410354048013687
0.0 0.04410901293158531
0.0 0.04411933198571205
0.0 0.04414530098438263
0.0 0.044171202927827835
0.0 0.04419306665658951
0.0 0.04419481009244919
0.0 0.04422231763601303
0.0 0.04427223652601242
0.0 0.04427385702729225
0.0 0.044351134449243546
0.0 0.0445278137922287
0.0 0.044535230845212936
0.0 0.04466407001018524
0.0 0.044707801192998886
0.0 0.04485294222831726
0.0 0.04489418491721153
0.0 0.0449189655482769
0.0 0.04495259374380112
0.0 0.045017026364803314
0.0 0.04502427577972412
0.0 0.04502570256590843
0.0 0.045035891234874725
0.0 0.04506367817521095
0.0 0.04510240629315376
0.0 0.04512553662061691
0.0 0.04514719545841217
0.0 0.0451994314789772
0.0 0.04529394581913948
0.0 0.04530751705169678
0.0 0.045733317732810974
0.0 0.04585489258170128
0.0 0.04589091241359711
0.0 0.04600862041115761
0.0 0.046015623956918716
0.0 0.04610942676663399
0.0 0.04615578055381775
0.0 0.04616129770874977
0.0 0.046446043998003006
0.0 0.04650459066033363
0.0 0.0465252511203289
0.0 0.046526748687028885
0.0 0.04660588130354881
0.0 0.04661698639392853
0.0 0.046796999871730804
0.0 0.04691280052065849
0.0 0.046995267271995544
0.0 0.047097887843847275
0.0 0.047246161848306656
0.0 0.04726840928196907
0.0 0.047298282384872437
0.0 0.04732499644160271
0.0 0.04732803255319595
0.0 0.047401122748851776
0.0 0.0474889874458313
0.0 0.04753097519278526
0.0 0.047541260719299316
0.0 0.04755531996488571
0.0 0.047579504549503326
0.0 0.04769061505794525
0.0 0.04770997166633606
0.0 0.04771915450692177
0.0 0.04774932190775871
0.0 0.047766003757715225
0.0 0.04785918816924095
0.0 0.04788340628147125
0.0 0.047903113067150116
0.0 0.04792891815304756
0.0 0.04799085110425949
0.0 0.048040345311164856
0.0 0.04804720729589462
0.0 0.048062779009342194
0.0 0.0480729341506958
0.0 0.04807297885417938
0.0 0.04809309169650078
0.0 0.04819690063595772
0.0 0.048271771520376205
0.0 0.04831273853778839
0.0 0.048345502465963364
0.0 0.04837248474359512
0.0 0.04841312766075134
0.0 0.0484212227165699
0.0 0.04848445579409599
0.0 0.0485026091337204
0.0 0.048646021634340286
0.0 0.048670798540115356
0.0 0.04867628961801529
0.0 0.04880344495177269
0.0 0.04887547716498375
0.0 0.04898633062839508
0.0 0.049040257930755615
0.0 0.04913361743092537
0.0 0.0491938479244709
0.0 0.04937369003891945
0.0 0.04938456788659096
0.0 0.049406830221414566
0.0 0.049491677433252335
0.0 0.04954589903354645
0.0 0.049685653299093246
0.0 0.04971220716834068
0.0 0.049796056002378464
0.0 0.049802616238594055
0.0 0.04982782527804375
0.0 0.04984303563833237
0.0 0.04987310618162155
0.0 0.04988512024283409
0.0 0.0499412827193737
0.0 0.04999988153576851
0.0 0.0500350184738636
0.0 0.050035834312438965
0.0 0.05008950084447861
0.0 0.05012251436710358
0.0 0.05014174059033394
0.0 0.05016414821147919
0.0 0.05022862181067467
0.0 0.05025223270058632
0.0 0.05037294700741768
0.0 0.05041320249438286
0.0 0.05042668804526329
0.0 0.05049608275294304
0.0 0.05053238570690155
0.0 0.050568364560604095
0.0 0.050873033702373505
0.0 0.05103461816906929
0.0 0.051072750240564346
0.0 0.05113604664802551
0.0 0.051151346415281296
0.0 0.0511554591357708
0.0 0.05119798332452774
0.0 0.051324378699064255
0.0 0.05134490504860878
0.0 0.05145247280597687
0.0 0.051613930612802505
0.0 0.05163789540529251
0.0 0.051652297377586365
0.0 0.05166630819439888
0.0 0.051673855632543564
0.0 0.051742203533649445
0.0 0.051808714866638184
0.0 0.051873594522476196
0.0 0.05208481475710869
0.0 0.05208646133542061
0.0 0.05213010311126709
0.0 0.052174005657434464
0.0 0.05224329233169556
0.0 0.052304599434137344
0.0 0.05233271047472954
0.0 0.05235212668776512
0.0 0.0523541085422039
0.0 0.05236387252807617
0.0 0.052479807287454605
0.0 0.052539002150297165
0.0 0.052548788487911224
0.0 0.052587252110242844
0.0 0.05259280651807785
0.0 0.05259973928332329
0.0 0.05262747034430504
0.0 0.05263317748904228
0.0 0.05264178290963173
0.0 0.0526561364531517
0.0 0.05266312509775162
0.0 0.052706677466630936
0.0 0.05270804837346077
0.0 0.05284480005502701
0.0 0.05286609008908272
0.0 0.052882805466651917
0.0 0.05292420834302902
0.0 0.052961062639951706
0.0 0.05296370014548302
0.0 0.05299174785614014
0.0 0.05300867184996605
0.0 0.05301962420344353
0.0 0.05309062451124191
0.0 0.05353726074099541
0.0 0.05354645848274231
0.0 0.053588803857564926
0.0 0.053636014461517334
0.0 0.05372004956007004
0.0 0.053833119571208954
0.0 0.05388132855296135
0.0 0.05393841490149498
0.0 0.054002296179533005
0.0 0.05405290797352791
0.0 0.05406021699309349
0.0 0.05409783869981766
0.0 0.054142918437719345
0.0 0.05420296639204025
0.0 0.05430277809500694
0.0 0.05441154167056084
0.0 0.05444268509745598
0.0 0.05452808737754822
0.0 0.05458597093820572
0.0 0.05460341274738312
0.0 0.0546182282269001
0.0 0.05462387576699257
0.0 0.054704759269952774
0.0 0.05497824773192406
0.0 0.054991014301776886
0.0 0.054999612271785736
0.0 0.05500258132815361
0.0 0.055048465728759766
0.0 0.055087052285671234
0.0 0.05509157106280327
0.0 0.055124059319496155
0.0 0.05527356266975403
0.0 0.05527409911155701
0.0 0.05534285679459572
0.0 0.055361293256282806
0.0 0.05559546872973442
0.0 0.05566965043544769
0.0 0.055877186357975006
0.0 0.05594003200531006
0.0 0.05597811937332153
0.0 0.05600401759147644
0.0 0.056035444140434265
0.0 0.056078873574733734
0.0 0.056100890040397644
0.0 0.056309234350919724
0.0 0.05632898584008217
0.0 0.056402433663606644
0.0 0.05658445879817009
0.0 0.05660698562860489
0.0 0.05682975426316261
0.0 0.05686264485120773
0.0 0.05697210505604744
0.0 0.05710994824767113
0.0 0.05716970935463905
0.0 0.05718734860420227
0.0 0.05725015327334404
0.0 0.057304296642541885
0.0 0.05735834315419197
0.0 0.05739418789744377
0.0 0.05749119445681572
0.0 0.05754255875945091
0.0 0.05758873000741005
0.0 0.05759309232234955
0.0 0.057624951004981995
0.0 0.05772765725851059
0.0 0.057790253311395645
0.0 0.05817769095301628
0.0 0.058251313865184784
0.0 0.05831165611743927
0.0 0.05842853710055351
0.0 0.05893317237496376
0.0 0.058938395231962204
0.0 0.05894247069954872
0.0 0.05904370918869972
0.0 0.05910744518041611
0.0 0.05910785496234894
0.0 0.05915594473481178
0.0 0.05929300934076309
0.0 0.05936090275645256
0.0 0.05941610410809517
0.0 0.059488166123628616
0.0 0.05956410616636276
0.0 0.06000446528196335
0.0 0.060078252106904984
0.0 0.060234587639570236
0.0 0.06027361750602722
0.0 0.060383133590221405
0.0 0.06039823964238167
0.0 0.06040675938129425
0.0 0.06057070568203926
0.0 0.06065058335661888
0.0 0.06068897992372513
0.0 0.06082971766591072
0.0 0.060830410569906235
0.0 0.06086325645446777
0.0 0.060888923704624176
0.0 0.06094016134738922
0.0 0.06097106635570526
0.0 0.06097671762108803
0.0 0.06142549589276314
0.0 0.06146213039755821
0.0 0.061546433717012405
0.0 0.0616287887096405
0.0 0.06164749711751938
0.0 0.06166338920593262
0.0 0.06183651089668274
0.0 0.06189966946840286
0.0 0.06215912103652954
0.0 0.06223088502883911
0.0 0.06223447993397713
0.0 0.06233601272106171
0.0 0.062353622168302536
0.0 0.06244359537959099
0.0 0.06264987587928772
0.0 0.06274796277284622
0.0 0.06278771907091141
0.0 0.06282205134630203
0.0 0.06285367906093597
0.0 0.06286564469337463
0.0 0.06295382231473923
0.0 0.06308136880397797
0.0 0.06318347156047821
0.0 0.06319312751293182
0.0 0.06330633163452148
0.0 0.06334251910448074
0.0 0.06337030977010727
0.0 0.06351493299007416
0.0 0.06384389847517014
0.0 0.06385404616594315
0.0 0.0638916864991188
0.0 0.0639360323548317
0.0 0.06397193670272827
0.0 0.06406066566705704
0.0 0.06412095576524734
0.0 0.06433074921369553
0.0 0.06435225903987885
0.0 0.06436857581138611
0.0 0.06443669646978378
0.0 0.06444742530584335
0.0 0.06454000622034073
0.0 0.06469642370939255
0.0 0.0647197961807251
0.0 0.06479223817586899
0.0 0.06485391408205032
0.0 0.06506308913230896
0.0 0.0650877133011818
0.0 0.06515772640705109
0.0 0.06517831981182098
0.0 0.06520283967256546
0.0 0.06525770574808121
0.0 0.0653311237692833
0.0 0.06552698463201523
0.0 0.06561341881752014
0.0 0.06585925817489624
0.0 0.06610821932554245
0.0 0.06611070036888123
0.0 0.06622109562158585
0.0 0.06659609824419022
0.0 0.06662646681070328
0.0 0.06681034713983536
0.0 0.06692276149988174
0.0 0.06700197607278824
0.0 0.06706064939498901
0.0 0.06719508767127991
0.0 0.06751726567745209
0.0 0.06759276986122131
0.0 0.06769084930419922
0.0 0.06770240515470505
0.0 0.06771072745323181
0.0 0.06779292225837708
0.0 0.06797078251838684
0.0 0.06820329278707504
0.0 0.06821893900632858
0.0 0.06821945309638977
0.0 0.06832525134086609
0.0 0.06840360909700394
0.0 0.068656787276268
0.0 0.06884841620922089
0.0 0.06902094930410385
0.0 0.06906182318925858
0.0 0.06916648149490356
0.0 0.06963011622428894
0.0 0.07000540941953659
0.0 0.07012712955474854
0.0 0.0701870396733284
0.0 0.07028984278440475
0.0 0.07080758363008499
0.0 0.07082581520080566
0.0 0.07086296379566193
0.0 0.07104654610157013
0.0 0.07114630937576294
0.0 0.07122229039669037
0.0 0.07138888537883759
0.0 0.07169782370328903
0.0 0.07185303419828415
0.0 0.07223600894212723
0.0 0.07230059802532196
0.0 0.07244133949279785
0.0 0.07244596630334854
0.0 0.07257378846406937
0.0 0.07307860255241394
0.0 0.07322381436824799
0.0 0.07398661226034164
0.0 0.07425007224082947
0.0 0.0742989182472229
0.0 0.07464143633842468
0.0 0.07467833161354065
0.0 0.0750977098941803
0.0 0.07562375068664551
0.0 0.07564312219619751
0.0 0.07586400955915451
0.0 0.0761512815952301
0.0 0.07650302350521088
0.0 0.07689382135868073
0.0 0.07707059383392334
0.0 0.07718151807785034
0.0 0.07728306204080582
0.0 0.07747844606637955
0.0 0.07811971753835678
0.0 0.07833178341388702
0.0 0.0790858045220375
0.0 0.07928799837827682
0.0 0.07971257716417313
0.0 0.07995518296957016
0.0 0.0812510997056961
0.0 0.08128476142883301
0.0 0.08351410925388336
0.0 0.08354154974222183
0.0 0.08501172810792923
0.0 0.08530564606189728
0.0 0.0853838324546814
0.0 0.08943457901477814
0.0 0.08985171467065811
0.0 0.09093690663576126
0.0 0.0947943925857544
0.0 0.09972167760133743
0.0 0.11927095055580139
0.0 inf
