0.0 0.012101755477488041
0.0 0.013875134289264679
0.0 0.013880560174584389
0.0 0.0141078419983387
0.0 0.014115860685706139
0.0 0.014123818837106228
0.0 0.014159743674099445
0.0 0.014174464158713818
0.0 0.01428533811122179
0.0 0.014386642724275589
0.0 0.01451140083372593
0.0 0.014531461521983147
0.0 0.014558034017682076
0.0 0.014700694009661674
0.0 0.01470929104834795
0.0 0.014737041667103767
0.0 0.01476231124252081
0.0 0.014867196790874004
0.0 0.014868040569126606
0.0 0.014949969947338104
0.0 0.0149595458060503
0.0 0.014964020811021328
0.0 0.014981879852712154
0.0 0.015122108161449432
0.0 0.015163039788603783
0.0 0.015168686397373676
0.0 0.015185642056167126
0.0 0.015197200700640678
0.0 0.01530421432107687
0.0 0.015411418862640858
0.0 0.015487875789403915
0.0 0.015547508373856544
0.0 0.015550244599580765
0.0 0.015639936551451683
0.0 0.0156954787671566
0.0 0.015697814524173737
0.0 0.01573731005191803
0.0 0.015754567459225655
0.0 0.015759699046611786
0.0 0.01576659083366394
0.0 0.015778565779328346
0.0 0.015817789360880852
0.0 0.015845393761992455
0.0 0.01584620028734207
0.0 0.015848953276872635
0.0 0.015922576189041138
0.0 0.01594885066151619
0.0 0.015953363850712776
0.0 0.01596672274172306
0.0 0.015993015840649605
0.0 0.016018636524677277
0.0 0.016021668910980225
0.0 0.0161407683044672
0.0 0.016216840595006943
0.0 0.016250550746917725
0.0 0.016259416937828064
0.0 0.01627625897526741
0.0 0.0163348987698555
0.0 0.016344601288437843
0.0 0.016356032341718674
0.0 0.016374802216887474
0.0 0.01639474742114544
0.0 0.01644239015877247
0.0 0.016461974009871483
0.0 0.01651299186050892
0.0 0.016537422314286232
0.0 0.016548333689570427
0.0 0.01661425270140171
0.0 0.016620367765426636
0.0 0.016687879338860512
0.0 0.016688551753759384
0.0 0.016728390008211136
0.0 0.016754860058426857
0.0 0.016809947788715363
0.0 0.016817569732666016
0.0 0.01682206057012081
0.0 0.016865437850356102
0.0 0.01687215454876423
0.0 0.016885410994291306
0.0 0.016887253150343895
0.0 0.016891350969672203
0.0 0.016929449513554573
0.0 0.01703622192144394
0.0 0.01707959920167923
0.0 0.017095565795898438
0.0 0.017102472484111786
0.0 0.01717117428779602
0.0 0.0172570813447237
0.0 0.017266664654016495
0.0 0.017293332144618034
0.0 0.0173379797488451
0.0 0.017368214204907417
0.0 0.01737925037741661
0.0 0.017409561201930046
0.0 0.01742561347782612
0.0 0.017427746206521988
0.0 0.01742846518754959
0.0 0.017441868782043457
0.0 0.017493676394224167
0.0 0.017509253695607185
0.0 0.017517277970910072
0.0 0.017518874257802963
0.0 0.017537502571940422
0.0 0.017558235675096512
0.0 0.01767708733677864
0.0 0.017681118100881577
0.0 0.017743894830346107
0.0 0.017794808372855186
0.0 0.01781603880226612
0.0 0.017831888049840927
0.0 0.017839986830949783
0.0 0.01785171404480934
0.0 0.017858754843473434
0.0 0.017929064109921455
0.0 0.01796090602874756
0.0 0.018000084906816483
0.0 0.01804419606924057
0.0 0.01813158392906189
0.0 0.01813993975520134
0.0 0.018143774941563606
0.0 0.01815222203731537
0.0 0.018162725493311882
0.0 0.018175937235355377
0.0 0.018195588141679764
0.0 0.01821572333574295
0.0 0.01821792870759964
0.0 0.018223479390144348
0.0 0.01824735477566719
0.0 0.018336709588766098
0.0 0.01836753636598587
0.0 0.018371669575572014
0.0 0.018408706411719322
0.0 0.0184269230812788
0.0 0.01843939907848835
0.0 0.018471214920282364
0.0 0.018483512103557587
0.0 0.01848572865128517
0.0 0.01848599873483181
0.0 0.018512917682528496
0.0 0.018551090732216835
0.0 0.018551895394921303
0.0 0.018560238182544708
0.0 0.018562499433755875
0.0 0.018574675545096397
0.0 0.018626125529408455
0.0 0.018638432025909424
0.0 0.018642567098140717
0.0 0.01866263709962368
0.0 0.018707439303398132
0.0 0.018730074167251587
0.0 0.01873009093105793
0.0 0.018740594387054443
0.0 0.018753858283162117
0.0 0.018756333738565445
0.0 0.018787669017910957
0.0 0.018794838339090347
0.0 0.0188304353505373
0.0 0.01884726621210575
0.0 0.018851885572075844
0.0 0.01888379454612732
0.0 0.018891513347625732
0.0 0.01892639882862568
0.0 0.018938830122351646
0.0 0.018939580768346786
0.0 0.018961850553750992
0.0 0.01898755133152008
0.0 0.018989091739058495
0.0 0.019060911610722542
0.0 0.019084762781858444
0.0 0.01910446397960186
0.0 0.01910984329879284
0.0 0.019117973744869232
0.0 0.019162464886903763
0.0 0.01920234225690365
0.0 0.01924503967165947
0.0 0.019246907904744148
0.0 0.019266821444034576
0.0 0.019294098019599915
0.0 0.019311627373099327
0.0 0.01937129721045494
0.0 0.01938101090490818
0.0 0.019420582801103592
0.0 0.019455403089523315
0.0 0.019480085000395775
0.0 0.01950730010867119
0.0 0.019514383748173714
0.0 0.019558563828468323
0.0 0.019561946392059326
0.0 0.01958513632416725
0.0 0.019585924223065376
0.0 0.019594384357333183
0.0 0.019620340317487717
0.0 0.019634416326880455
0.0 0.01969398371875286
0.0 0.019707072526216507
0.0 0.019716298207640648
0.0 0.019735660403966904
0.0 0.0198067519813776
0.0 0.01983608677983284
0.0 0.019838344305753708
0.0 0.019862696528434753
0.0 0.0198680367320776
0.0 0.019882256165146828
0.0 0.019940558820962906
0.0 0.019955787807703018
0.0 0.01995922438800335
0.0 0.019990652799606323
0.0 0.01999405398964882
0.0 0.020012449473142624
0.0 0.02008318342268467
0.0 0.020098673179745674
0.0 0.020165836438536644
0.0 0.020201005041599274
0.0 0.020207256078720093
0.0 0.020211776718497276
0.0 0.02024439536035061
0.0 0.0202498696744442
0.0 0.02027716487646103
0.0 0.020286209881305695
0.0 0.020289145410060883
0.0 0.020305145531892776
0.0 0.02030564472079277
0.0 0.0203104168176651
0.0 0.020383281633257866
0.0 0.020405398681759834
0.0 0.020433729514479637
0.0 0.020437924191355705
0.0 0.020460259169340134
0.0 0.02054077759385109
0.0 0.020557507872581482
0.0 0.020559221506118774
0.0 0.020565858110785484
0.0 0.020574327558279037
0.0 0.020646363496780396
0.0 0.020646676421165466
0.0 0.020682131871581078
0.0 0.02071346901357174
0.0 0.020779162645339966
0.0 0.02078907936811447
0.0 0.02084827981889248
0.0 0.020864998921751976
0.0 0.02096129022538662
0.0 0.02096775732934475
0.0 0.021004043519496918
0.0 0.021015236154198647
0.0 0.02102786675095558
0.0 0.021049415692687035
0.0 0.021064499393105507
0.0 0.02107667736709118
0.0 0.021117733791470528
0.0 0.0211274866014719
0.0 0.021148303523659706
0.0 0.021203655749559402
0.0 0.02122623845934868
0.0 0.021233825013041496
0.0 0.021245364099740982
0.0 0.021317176520824432
0.0 0.021368226036429405
0.0 0.021373216062784195
0.0 0.021431738510727882
0.0 0.021511953324079514
0.0 0.021517695859074593
0.0 0.021533461287617683
0.0 0.02153487130999565
0.0 0.021535877138376236
0.0 0.021545840427279472
0.0 0.021569054573774338
0.0 0.021581273525953293
0.0 0.02160441130399704
0.0 0.021666530519723892
0.0 0.021691350266337395
0.0 0.021694181486964226
0.0 0.021739035844802856
0.0 0.02175251953303814
0.0 0.021788321435451508
0.0 0.0218204278498888
0.0 0.021837811917066574
0.0 0.021839505061507225
0.0 0.021864907816052437
0.0 0.02186884731054306
0.0 0.02190210670232773
0.0 0.021936992183327675
0.0 0.021974174305796623
0.0 0.02200177125632763
0.0 0.022014927119016647
0.0 0.02202601730823517
0.0 0.022032057866454124
0.0 0.022085310891270638
0.0 0.022141972556710243
0.0 0.022151688113808632
0.0 0.022152693942189217
0.0 0.022160697728395462
0.0 0.02220829389989376
0.0 0.022209402173757553
0.0 0.022229410707950592
0.0 0.022270726040005684
0.0 0.022318469360470772
0.0 0.022457510232925415
0.0 0.02245812863111496
0.0 0.022506512701511383
0.0 0.022508393973112106
0.0 0.0225507952272892
0.0 0.022563382983207703
0.0 0.02256685309112072
0.0 0.02257988415658474
0.0 0.022600656375288963
0.0 0.02260441891849041
0.0 0.02264099009335041
0.0 0.022688185796141624
0.0 0.022693423554301262
0.0 0.022695600986480713
0.0 0.02273317612707615
0.0 0.022734561935067177
0.0 0.022756515070796013
0.0 0.022789351642131805
0.0 0.022794023156166077
0.0 0.02282756380736828
0.0 0.022832930088043213
0.0 0.022839181125164032
0.0 0.02285231277346611
0.0 0.022881200537085533
0.0 0.022891266271471977
0.0 0.022907894104719162
0.0 0.02294120006263256
0.0 0.022950652986764908
0.0 0.023013783618807793
0.0 0.023035334423184395
0.0 0.023043882101774216
0.0 0.023057900369167328
0.0 0.02317323163151741
0.0 0.023210791870951653
0.0 0.023239238187670708
0.0 0.023270439356565475
0.0 0.02328343875706196
0.0 0.023287897929549217
0.0 0.02329682931303978
0.0 0.02334609627723694
0.0 0.02337157353758812
0.0 0.0234023779630661
0.0 0.02341350167989731
0.0 0.023422377184033394
0.0 0.02343510463833809
0.0 0.023470133543014526
0.0 0.023484820500016212
0.0 0.02348908595740795
0.0 0.023495394736528397
0.0 0.023500101640820503
0.0 0.023545874282717705
0.0 0.02356773614883423
0.0 0.02362145110964775
0.0 0.02368246577680111
0.0 0.023694287985563278
0.0 0.023705022409558296
0.0 0.023722752928733826
0.0 0.023736601695418358
0.0 0.023739205673336983
0.0 0.023775313049554825
0.0 0.02377535216510296
0.0 0.023791467770934105
0.0 0.023849550634622574
0.0 0.023849669843912125
0.0 0.023992985486984253
0.0 0.024005474522709846
0.0 0.02407296560704708
0.0 0.024080075323581696
0.0 0.02411811240017414
0.0 0.024159520864486694
0.0 0.024213824421167374
0.0 0.0242291372269392
0.0 0.024284368380904198
0.0 0.024306638166308403
0.0 0.02433970756828785
0.0 0.024351736530661583
0.0 0.024396346881985664
0.0 0.02447323128581047
0.0 0.0244764257222414
0.0 0.024490419775247574
0.0 0.024545373395085335
0.0 0.024548469111323357
0.0 0.02457716315984726
0.0 0.024586228653788567
0.0 0.024602847173810005
0.0 0.024631932377815247
0.0 0.024665024131536484
0.0 0.024742189794778824
0.0 0.024818362668156624
0.0 0.02486848086118698
0.0 0.024914130568504333
0.0 0.024991311132907867
0.0 0.025018418207764626
0.0 0.025025755167007446
0.0 0.025093629956245422
0.0 0.025141578167676926
0.0 0.02520240657031536
0.0 0.02520960383117199
0.0 0.025235231965780258
0.0 0.02532058395445347
0.0 0.025350237265229225
0.0 0.025351621210575104
0.0 0.025530986487865448
0.0 0.02554008923470974
0.0 0.025568479672074318
0.0 0.025688061490654945
0.0 0.025747643783688545
0.0 0.025775518268346786
0.0 0.02582351490855217
0.0 0.02586001344025135
0.0 0.02593187801539898
0.0 0.02594606764614582
0.0 0.025955451652407646
0.0 0.025984378531575203
0.0 0.02601124532520771
0.0 0.026057513430714607
0.0 0.026079071685671806
0.0 0.026410939171910286
0.0 0.0264554712921381
0.0 0.02653658576309681
0.0 0.026560096070170403
0.0 0.026577234268188477
0.0 0.026704777032136917
0.0 0.02671384997665882
0.0 0.026763029396533966
0.0 0.02685868926346302
0.0 0.026933899149298668
0.0 0.026996871456503868
0.0 0.027033455669879913
0.0 0.027058444917201996
0.0 0.027063796296715736
0.0 0.02707974798977375
0.0 0.02709806151688099
0.0 0.02710210718214512
0.0 0.027105463668704033
0.0 0.027282342314720154
0.0 0.027301475405693054
0.0 0.027396684512495995
0.0 0.02744240127503872
0.0 0.02748747169971466
0.0 0.02751174382865429
0.0 0.027593089267611504
0.0 0.02763618528842926
0.0 0.027797881513834
0.0 0.0277996975928545
0.0 0.027808744460344315
0.0 0.027863331139087677
0.0 0.02790765091776848
0.0 0.028151437640190125
0.0 0.02818218432366848
0.0 0.02819058485329151
0.0 0.028227178379893303
0.0 0.028241660445928574
0.0 0.028329849243164062
0.0 0.028373882174491882
0.0 0.028446728363633156
0.0 0.02846403606235981
0.0 0.02850700542330742
0.0 0.02862081117928028
0.0 0.02862708829343319
0.0 0.02865675278007984
0.0 0.028725607320666313
0.0 0.02877301722764969
0.0 0.029045214876532555
0.0 0.029063159599900246
0.0 0.02907709591090679
0.0 0.02910369448363781
0.0 0.02910512313246727
0.0 0.029119962826371193
0.0 0.02932133339345455
0.0 0.02933802455663681
0.0 0.029504742473363876
0.0 0.0296650230884552
0.0 0.029875248670578003
0.0 0.029928307980298996
0.0 0.02994103543460369
0.0 0.030096864327788353
0.0 0.030101966112852097
0.0 0.030147569254040718
0.0 0.030172836035490036
0.0 0.030505860224366188
0.0 0.03057365119457245
0.0 0.0306928101927042
0.0 0.030865833163261414
0.0 0.031068095937371254
0.0 0.031146995723247528
0.0 0.03119855932891369
0.0 0.03129591792821884
0.0 0.0313054583966732
0.0 0.03142519295215607
0.0 0.03183439373970032
0.0 0.03183896839618683
0.0 0.03199394419789314
0.0 0.03199883550405502
0.0 0.03233525529503822
0.0 0.032400716096162796
0.0 0.032443802803754807
0.0 0.03264092281460762
0.0 0.03301946818828583
0.0 0.03333575278520584
0.0 0.03350786119699478
0.0 0.033928584307432175
0.0 0.03396987169981003
0.0 0.03452123701572418
0.0 0.03464725241065025
0.0 0.03531038388609886
0.0 0.0354093573987484
0.0 0.03548956289887428
0.0 0.035490166395902634
0.0 0.035528890788555145
0.0 0.03602021187543869
0.0 0.037728842347860336
0.0 0.03791187331080437
0.0 0.03848447650671005
0.0 inf
