0.0 0.03919276222586632
0.0 0.04085986688733101
0.0 0.04134098067879677
0.0 0.041673194617033005
0.0 0.043318286538124084
0.0 0.04402213171124458
0.0 0.04402564838528633
0.0 0.04473322629928589
0.0 0.044749848544597626
0.0 0.04503845050930977
0.0 0.045131586492061615
0.0 0.04516741633415222
0.0 0.04538944736123085
0.0 0.04539406672120094
0.0 0.04554477334022522
0.0 0.045698489993810654
0.0 0.046302907168865204
0.0 0.04646929353475571
0.0 0.0464821457862854
0.0 0.04657401517033577
0.0 0.047395169734954834
0.0 0.047533005475997925
0.0 0.047905512154102325
0.0 0.0483030341565609
0.0 0.048374176025390625
0.0 0.04841298609972
0.0 0.048891931772232056
0.0 0.04891875013709068
0.0 0.04933426156640053
0.0 0.04938130080699921
0.0 0.0494631864130497
0.0 0.04973401501774788
0.0 0.049876488745212555
0.0 0.049931809306144714
0.0 0.050044506788253784
0.0 0.05004485696554184
0.0 0.050108879804611206
0.0 0.05011259764432907
0.0 0.05020768195390701
0.0 0.05022347345948219
0.0 0.05032934993505478
0.0 0.0503326915204525
0.0 0.05044712498784065
0.0 0.05053572356700897
0.0 0.050929438322782516
0.0 0.05093498155474663
0.0 0.0510997548699379
0.0 0.05134442076086998
0.0 0.05135761946439743
0.0 0.05142516270279884
0.0 0.0514732263982296
0.0 0.05155664309859276
0.0 0.0515618771314621
0.0 0.05164048448204994
0.0 0.051648255437612534
0.0 0.051832329481840134
0.0 0.052188556641340256
0.0 0.05233281850814819
0.0 0.05234377831220627
0.0 0.052368272095918655
0.0 0.052543118596076965
0.0 0.05271599069237709
0.0 0.052871085703372955
0.0 0.05296776071190834
0.0 0.05298280343413353
0.0 0.05305993929505348
0.0 0.053200703114271164
0.0 0.05326107516884804
0.0 0.0533144436776638
0.0 0.053351882845163345
0.0 0.053439509123563766
0.0 0.05354977399110794
0.0 0.053690943866968155
0.0 0.05375659465789795
0.0 0.05384289473295212
0.0 0.053986646234989166
0.0 0.05401628836989403
0.0 0.054169733077287674
0.0 0.05423686280846596
0.0 0.05435681343078613
0.0 0.05443819239735603
0.0 0.05445905029773712
0.0 0.05448136106133461
0.0 0.054508522152900696
0.0 0.05466863512992859
0.0 0.05478013679385185
0.0 0.05495252460241318
0.0 0.05506451055407524
0.0 0.055079925805330276
0.0 0.05510012432932854
0.0 0.055117685347795486
0.0 0.05512338504195213
0.0 0.055135615170001984
0.0 0.05514967441558838
0.0 0.05522143468260765
0.0 0.055222779512405396
0.0 0.05523021146655083
0.0 0.05527277663350105
0.0 0.055277999490499496
0.0 0.055295977741479874
0.0 0.05536913871765137
0.0 0.05537663400173187
0.0 0.05543794482946396
0.0 0.05557473376393318
0.0 0.055640581995248795
0.0 0.05577268823981285
0.0 0.05588802695274353
0.0 0.055931027978658676
0.0 0.056075043976306915
0.0 0.056075774133205414
0.0 0.05620903894305229
0.0 0.05622561275959015
0.0 0.05632033571600914
0.0 0.0563988983631134
0.0 0.05639959126710892
0.0 0.05644809454679489
0.0 0.05662214010953903
0.0 0.0567227341234684
0.0 0.0567634254693985
0.0 0.05677385255694389
0.0 0.05680941417813301
0.0 0.056834544986486435
0.0 0.056933943182229996
0.0 0.05698179826140404
0.0 0.05700026825070381
0.0 0.05700915679335594
0.0 0.05708351358771324
0.0 0.057101987302303314
0.0 0.057136330753564835
0.0 0.057136837393045425
0.0 0.05716050788760185
0.0 0.057174962013959885
0.0 0.05717974528670311
0.0 0.057278770953416824
0.0 0.05730051174759865
0.0 0.057362161576747894
0.0 0.05748701095581055
0.0 0.057569488883018494
0.0 0.05763173848390579
0.0 0.05766439810395241
0.0 0.057676393538713455
0.0 0.057753827422857285
0.0 0.057803407311439514
0.0 0.05793369188904762
0.0 0.05800667032599449
0.0 0.05801045149564743
0.0 0.0580735057592392
0.0 0.05817990377545357
0.0 0.058184172958135605
0.0 0.05823115259408951
0.0 0.05825689435005188
0.0 0.058297980576753616
0.0 0.05833260715007782
0.0 0.05837661772966385
0.0 0.05838349461555481
0.0 0.058517929166555405
0.0 0.05854145810008049
0.0 0.05856414884328842
0.0 0.05877314880490303
0.0 0.059011559933423996
0.0 0.05915948003530502
0.0 0.059198956936597824
0.0 0.05934610962867737
0.0 0.05960652977228165
0.0 0.05961019545793533
0.0 0.059645697474479675
0.0 0.05966867133975029
0.0 0.05971158668398857
0.0 0.05977676063776016
0.0 0.05978865548968315
0.0 0.05988564342260361
0.0 0.059925761073827744
0.0 0.06008142977952957
0.0 0.06018691137433052
0.0 0.06021879240870476
0.0 0.06028497964143753
0.0 0.06043846532702446
0.0 0.06057300418615341
0.0 0.06057713180780411
0.0 0.06081467866897583
0.0 0.060836512595415115
0.0 0.06087877228856087
0.0 0.06102084368467331
0.0 0.061054617166519165
0.0 0.06109251081943512
0.0 0.061165228486061096
0.0 0.06127918139100075
0.0 0.061291083693504333
0.0 0.061363670974969864
0.0 0.06136871129274368
0.0 0.061484064906835556
0.0 0.06153660640120506
0.0 0.06159628555178642
0.0 0.06172565743327141
0.0 0.061766594648361206
0.0 0.061785466969013214
0.0 0.061786871403455734
0.0 0.06179718300700188
0.0 0.06191778928041458
0.0 0.06192520633339882
0.0 0.06203486770391464
0.0 0.062292445451021194
0.0 0.06238290295004845
0.0 0.06238899752497673
0.0 0.06241784244775772
0.0 0.06248584762215614
0.0 0.06259990483522415
0.0 0.06266903132200241
0.0 0.06281880289316177
0.0 0.06295168399810791
0.0 0.06320223212242126
0.0 0.06326393038034439
0.0 0.06327417492866516
0.0 0.06327775865793228
0.0 0.06335638463497162
0.0 0.06340974569320679
0.0 0.06343983113765717
0.0 0.06347785890102386
0.0 0.0634998008608818
0.0 0.0635453537106514
0.0 0.06364548206329346
0.0 0.06391061097383499
0.0 0.06395778059959412
0.0 0.06417813152074814
0.0 0.06428098678588867
0.0 0.0643690973520279
0.0 0.06439574062824249
0.0 0.06442834436893463
0.0 0.06450474262237549
0.0 0.06452206522226334
0.0 0.06452406197786331
0.0 0.06452914327383041
0.0 0.06455180048942566
0.0 0.06465213000774384
0.0 0.0648459792137146
0.0 0.06500034779310226
0.0 0.06502208858728409
0.0 0.06519575417041779
0.0 0.06530287861824036
0.0 0.06537353992462158
0.0 0.06563092023134232
0.0 0.06563872843980789
0.0 0.06572167575359344
0.0 0.06576891988515854
0.0 0.06581167131662369
0.0 0.0658625066280365
0.0 0.06590037792921066
0.0 0.06591997295618057
0.0 0.06598666310310364
0.0 0.06627596169710159
0.0 0.066344253718853
0.0 0.06638416647911072
0.0 0.06645454466342926
0.0 0.06645767390727997
0.0 0.06652774661779404
0.0 0.0665786936879158
0.0 0.0666240006685257
0.0 0.06664344668388367
0.0 0.0667741671204567
0.0 0.06687434017658234
0.0 0.06688669323921204
0.0 0.06702007353305817
0.0 0.06702481210231781
0.0 0.06704577058553696
0.0 0.06718949228525162
0.0 0.06721240282058716
0.0 0.06727200746536255
0.0 0.06736418604850769
0.0 0.06739838421344757
0.0 0.06741449981927872
0.0 0.06760268658399582
0.0 0.06761636584997177
0.0 0.06764974445104599
0.0 0.06767717003822327
0.0 0.06774069368839264
0.0 0.06778579205274582
0.0 0.0678856372833252
0.0 0.06808272749185562
0.0 0.06810157001018524
0.0 0.068108931183815
0.0 0.06817203760147095
0.0 0.06829500198364258
0.0 0.06833100318908691
0.0 0.06833790242671967
0.0 0.06850185245275497
0.0 0.06856287270784378
0.0 0.06865349411964417
0.0 0.06865427643060684
0.0 0.06869738548994064
0.0 0.06875845044851303
0.0 0.06896022707223892
0.0 0.06896810233592987
0.0 0.06908532232046127
0.0 0.06934759020805359
0.0 0.06942123919725418
0.0 0.06953629106283188
0.0 0.06970172375440598
0.0 0.06978783756494522
0.0 0.06981649994850159
0.0 0.06984767317771912
0.0 0.0699390396475792
0.0 0.06998489052057266
0.0 0.06999169290065765
0.0 0.07001308351755142
0.0 0.07009454816579819
0.0 0.07022348046302795
0.0 0.07028458267450333
0.0 0.07032109051942825
0.0 0.07075804471969604
0.0 0.07093318551778793
0.0 0.07095927745103836
0.0 0.0709892213344574
0.0 0.07102783024311066
0.0 0.07119592279195786
0.0 0.0712050050497055
0.0 0.07123766094446182
0.0 0.07128603756427765
0.0 0.07146213203668594
0.0 0.0714946985244751
0.0 0.07160472124814987
0.0 0.07162488996982574
0.0 0.07188450545072556
0.0 0.07214011996984482
0.0 0.07240479439496994
0.0 0.07241721451282501
0.0 0.07243578135967255
0.0 0.07247880846261978
0.0 0.07251942902803421
0.0 0.07252246886491776
0.0 0.07254669070243835
0.0 0.07257091253995895
0.0 0.07264886051416397
0.0 0.07268105447292328
0.0 0.07273638993501663
0.0 0.07278001308441162
0.0 0.07279179245233536
0.0 0.07283992320299149
0.0 0.0728669986128807
0.0 0.07291614264249802
0.0 0.07295451313257217
0.0 0.07297813147306442
0.0 0.0731910914182663
0.0 0.0733853206038475
0.0 0.07347694039344788
0.0 0.07356073707342148
0.0 0.07356700301170349
0.0 0.07366237044334412
0.0 0.07366275042295456
0.0 0.07375485450029373
0.0 0.0738430842757225
0.0 0.07393301278352737
0.0 0.07398977875709534
0.0 0.07405778765678406
0.0 0.07407191395759583
0.0 0.0741683766245842
0.0 0.07420604676008224
0.0 0.07423247396945953
0.0 0.07427415251731873
0.0 0.07437822222709656
0.0 0.07446399331092834
0.0 0.07456111162900925
0.0 0.07462292909622192
0.0 0.0746452733874321
0.0 0.0746544897556305
0.0 0.07468652725219727
0.0 0.07469084113836288
0.0 0.0749291330575943
0.0 0.07495974004268646
0.0 0.07500576972961426
0.0 0.07500949501991272
0.0 0.07508231699466705
0.0 0.07512519508600235
0.0 0.07516997307538986
0.0 0.0753249004483223
0.0 0.07540147751569748
0.0 0.07546921074390411
0.0 0.07551383972167969
0.0 0.07552393525838852
0.0 0.07561614364385605
0.0 0.07567574083805084
0.0 0.07572665065526962
0.0 0.07579166442155838
0.0 0.07595714181661606
0.0 0.07597075402736664
0.0 0.0760444924235344
0.0 0.07617407292127609
0.0 0.0763050764799118
0.0 0.0765310600399971
0.0 0.07653716951608658
0.0 0.07657715678215027
0.0 0.07667412608861923
0.0 0.0767698585987091
0.0 0.07678859680891037
0.0 0.07685808092355728
0.0 0.07706589996814728
0.0 0.07724706828594208
0.0 0.07724738866090775
0.0 0.07741538435220718
0.0 0.07745136320590973
0.0 0.07759729027748108
0.0 0.077785924077034
0.0 0.07780366390943527
0.0 0.0779472291469574
0.0 0.0780278667807579
0.0 0.0781668871641159
0.0 0.07840515673160553
0.0 0.07845832407474518
0.0 0.07846713811159134
0.0 0.07861678302288055
0.0 0.07871170341968536
0.0 0.07883977890014648
0.0 0.07895976305007935
0.0 0.0790521651506424
0.0 0.07912486791610718
0.0 0.07930023223161697
0.0 0.07931405305862427
0.0 0.07954411953687668
0.0 0.07962679117918015
0.0 0.0796465054154396
0.0 0.07981091737747192
0.0 0.07988017797470093
0.0 0.07999971508979797
0.0 0.08005080372095108
0.0 0.08006653934717178
0.0 0.08017374575138092
0.0 0.08022407442331314
0.0 0.08053480088710785
0.0 0.08085985481739044
0.0 0.0809822529554367
0.0 0.08116009831428528
0.0 0.08125130832195282
0.0 0.08129521459341049
0.0 0.08175329118967056
0.0 0.08181629329919815
0.0 0.08182302862405777
0.0 0.08186578750610352
0.0 0.08190938830375671
0.0 0.0820549950003624
0.0 0.08241205662488937
0.0 0.08247014135122299
0.0 0.08253639936447144
0.0 0.08274257183074951
0.0 0.08304577320814133
0.0 0.08387059718370438
0.0 0.0842738151550293
0.0 0.0844612717628479
0.0 0.08461322635412216
0.0 0.08510109037160873
0.0 0.0851622074842453
0.0 0.08579578250646591
0.0 0.08581025153398514
0.0 0.08592899888753891
0.0 0.08603709936141968
0.0 0.08653179556131363
0.0 0.08654407411813736
0.0 0.08682664483785629
0.0 0.08698008209466934
0.0 0.08730389177799225
0.0 0.08778292685747147
0.0 0.08838064223527908
0.0 0.08846625685691833
0.0 0.08869323879480362
0.0 0.0894317626953125
0.0 0.08997409790754318
0.0 0.09004472941160202
0.0 0.09027955681085587
0.0 0.09039001166820526
0.0 0.09040063619613647
0.0 0.09047389775514603
0.0 0.09074875712394714
0.0 0.09086531400680542
0.0 0.09134487062692642
0.0 0.0913688912987709
0.0 0.09154947102069855
0.0 0.09274239093065262
0.0 0.09327903389930725
0.0 0.09372822940349579
0.0 0.09486591070890427
0.0 0.09493917226791382
0.0 0.09536421298980713
0.0 0.095576211810112
0.0 0.09592247754335403
0.0 0.09727250039577484
0.0 0.09772634506225586
0.0 0.09805630892515182
0.0 0.09883059561252594
0.0 0.09893269091844559
0.0 0.09947910159826279
0.0 0.09972367435693741
0.0 0.10087946057319641
0.0 0.10129191726446152
0.0 0.10164448618888855
0.0 0.10275956243276596
0.0 0.10325922071933746
0.0 0.1047600507736206
0.0 0.1083046942949295
0.0 0.10908403992652893
0.0 0.11120904237031937
0.0 0.11842384934425354
0.0 0.11844602227210999
0.0 0.1201680526137352
0.0 0.1203322485089302
0.0 0.12243883311748505
0.0 0.12424352020025253
0.0 0.12555842101573944
0.0 0.12617601454257965
0.0 0.12891896069049835
0.0 0.13053980469703674
0.0 0.13211378455162048
0.0 0.14115199446678162
0.0 0.15628895163536072
0.0 inf
