0.0 0.04560741037130356
0.0 0.04757166653871536
0.0 0.05406792834401131
0.0 0.05413238704204559
0.0 0.05417419597506523
0.0 0.055675964802503586
0.0 0.05680215358734131
0.0 0.057982102036476135
0.0 0.05928716063499451
0.0 0.05972190573811531
0.0 0.059770673513412476
0.0 0.059801239520311356
0.0 0.06018703803420067
0.0 0.0603974312543869
0.0 0.06043287739157677
0.0 0.060633476823568344
0.0 0.06076263263821602
0.0 0.06097553297877312
0.0 0.06134270131587982
0.0 0.06147909164428711
0.0 0.061855945736169815
0.0 0.061898957937955856
0.0 0.06194634363055229
0.0 0.06218315660953522
0.0 0.06228616088628769
0.0 0.062380097806453705
0.0 0.0624229721724987
0.0 0.06254252046346664
0.0 0.06270109862089157
0.0 0.06291124224662781
0.0 0.06305912137031555
0.0 0.06307464092969894
0.0 0.06312420219182968
0.0 0.06323932856321335
0.0 0.06351704150438309
0.0 0.0635334700345993
0.0 0.06363874673843384
0.0 0.0637694001197815
0.0 0.06400806456804276
0.0 0.06415905803442001
0.0 0.06426804512739182
0.0 0.06432792544364929
0.0 0.06442651897668839
0.0 0.06462232768535614
0.0 0.06481079757213593
0.0 0.06526446342468262
0.0 0.06544043868780136
0.0 0.06551540642976761
0.0 0.06555542349815369
0.0 0.06565377861261368
0.0 0.06566482782363892
0.0 0.06576500833034515
0.0 0.06579860299825668
0.0 0.06595565378665924
0.0 0.06595803797245026
0.0 0.0659991055727005
0.0 0.06630219519138336
0.0 0.06648695468902588
0.0 0.06648857146501541
0.0 0.06651291251182556
0.0 0.0668070837855339
0.0 0.06683158129453659
0.0 0.0668516680598259
0.0 0.06692898273468018
0.0 0.06702585518360138
0.0 0.06703531742095947
0.0 0.06704176217317581
0.0 0.06713718920946121
0.0 0.06731977313756943
0.0 0.06734086573123932
0.0 0.06736651062965393
0.0 0.06739132106304169
0.0 0.06741533428430557
0.0 0.0675177052617073
0.0 0.06771023571491241
0.0 0.06810757517814636
0.0 0.06813555210828781
0.0 0.06833852827548981
0.0 0.06846999377012253
0.0 0.06854717433452606
0.0 0.06885547935962677
0.0 0.06905834376811981
0.0 0.069062739610672
0.0 0.06913837790489197
0.0 0.06917734444141388
0.0 0.06923773139715195
0.0 0.06930721551179886
0.0 0.06943482905626297
0.0 0.06948026269674301
0.0 0.06967408955097198
0.0 0.0698360875248909
0.0 0.06996659189462662
0.0 0.07004493474960327
0.0 0.07005325704813004
0.0 0.07007650285959244
0.0 0.07015913724899292
0.0 0.07037991285324097
0.0 0.07040336728096008
0.0 0.0704212412238121
0.0 0.0704277977347374
0.0 0.07052920758724213
0.0 0.07055312395095825
0.0 0.07056069374084473
0.0 0.07070901244878769
0.0 0.07089607417583466
0.0 0.07094951719045639
0.0 0.07111256569623947
0.0 0.07113125175237656
0.0 0.07113382965326309
0.0 0.07115259766578674
0.0 0.07143077999353409
0.0 0.07147549837827682
0.0 0.07158919423818588
0.0 0.07160626351833344
0.0 0.07175425440073013
0.0 0.07179950922727585
0.0 0.07193554192781448
0.0 0.07194828987121582
0.0 0.07206328958272934
0.0 0.07208703458309174
0.0 0.07209429144859314
0.0 0.07226741313934326
0.0 0.07228422909975052
0.0 0.07249035686254501
0.0 0.07249116152524948
0.0 0.07249631732702255
0.0 0.07253394275903702
0.0 0.07253456860780716
0.0 0.07253937423229218
0.0 0.07255873084068298
0.0 0.07263501733541489
0.0 0.07286781072616577
0.0 0.07290980219841003
0.0 0.07292984426021576
0.0 0.07294095307588577
0.0 0.07301059365272522
0.0 0.073039710521698
0.0 0.07309291511774063
0.0 0.07326339185237885
0.0 0.07331738620996475
0.0 0.07332569360733032
0.0 0.07336349785327911
0.0 0.07338013499975204
0.0 0.07345221191644669
0.0 0.07354243844747543
0.0 0.07362120598554611
0.0 0.07362158596515656
0.0 0.07365844398736954
0.0 0.07370654493570328
0.0 0.07380752265453339
0.0 0.07389221340417862
0.0 0.07390934973955154
0.0 0.07395531237125397
0.0 0.07396578043699265
0.0 0.07399950176477432
0.0 0.07440237700939178
0.0 0.07464510202407837
0.0 0.07467783242464066
0.0 0.07471677660942078
0.0 0.07485633343458176
0.0 0.07512056082487106
0.0 0.075235515832901
0.0 0.07541380077600479
0.0 0.07546070963144302
0.0 0.07550060749053955
0.0 0.07558751106262207
0.0 0.07571888715028763
0.0 0.07572328299283981
0.0 0.07577674090862274
0.0 0.07577961683273315
0.0 0.07584777474403381
0.0 0.07591244578361511
0.0 0.0759456530213356
0.0 0.07603324204683304
0.0 0.076217882335186
0.0 0.07637889683246613
0.0 0.0763988345861435
0.0 0.07642049342393875
0.0 0.076772540807724
0.0 0.07691440731287003
0.0 0.07695614546537399
0.0 0.07705137133598328
0.0 0.07706733047962189
0.0 0.0771293118596077
0.0 0.07713038474321365
0.0 0.07720603048801422
0.0 0.07734571397304535
0.0 0.07745636999607086
0.0 0.0774732455611229
0.0 0.07752404361963272
0.0 0.07752826064825058
0.0 0.07754000276327133
0.0 0.07762753218412399
0.0 0.07794740796089172
0.0 0.07796062529087067
0.0 0.07808022201061249
0.0 0.07833307236433029
0.0 0.07846277952194214
0.0 0.07847517728805542
0.0 0.07854460179805756
0.0 0.07873497903347015
0.0 0.078750379383564
0.0 0.07904758304357529
0.0 0.07911373674869537
0.0 0.07912718504667282
0.0 0.07913953065872192
0.0 0.07926765084266663
0.0 0.07943268865346909
0.0 0.07943734526634216
0.0 0.07955055683851242
0.0 0.07956457138061523
0.0 0.07981187105178833
0.0 0.07981231063604355
0.0 0.08000566810369492
0.0 0.0800810307264328
0.0 0.08017624169588089
0.0 0.08029583841562271
0.0 0.0803465023636818
0.0 0.08067147433757782
0.0 0.08068115264177322
0.0 0.08073040843009949
0.0 0.08075221627950668
0.0 0.08084554970264435
0.0 0.08130237460136414
0.0 0.08138777315616608
0.0 0.08141353726387024
0.0 0.08143959194421768
0.0 0.0815010517835617
0.0 0.08150696009397507
0.0 0.08153156191110611
0.0 0.08165212720632553
0.0 0.0816599503159523
0.0 0.08176576346158981
0.0 0.0820218175649643
0.0 0.08240341395139694
0.0 0.0824364721775055
0.0 0.08245395869016647
0.0 0.08249981701374054
0.0 0.08253013342618942
0.0 0.0826188176870346
0.0 0.08268002420663834
0.0 0.08270851522684097
0.0 0.08274378627538681
0.0 0.08285346627235413
0.0 0.0829378142952919
0.0 0.08299387991428375
0.0 0.08303113281726837
0.0 0.08311495929956436
0.0 0.08335408568382263
0.0 0.0833943635225296
0.0 0.08344265818595886
0.0 0.08344467729330063
0.0 0.08361345529556274
0.0 0.083697110414505
0.0 0.08382509648799896
0.0 0.08387106657028198
0.0 0.0839102640748024
0.0 0.0839463472366333
0.0 0.08398906886577606
0.0 0.08403980731964111
0.0 0.08413892984390259
0.0 0.08424336463212967
0.0 0.08428476750850677
0.0 0.08428917080163956
0.0 0.0843525230884552
0.0 0.08477214723825455
0.0 0.08484743535518646
0.0 0.08495031297206879
0.0 0.08496427536010742
0.0 0.08497360348701477
0.0 0.08503076434135437
0.0 0.08513642102479935
0.0 0.08522415161132812
0.0 0.08526651561260223
0.0 0.08533263206481934
0.0 0.08544286340475082
0.0 0.08554981648921967
0.0 0.08559149503707886
0.0 0.08560725301504135
0.0 0.08569131791591644
0.0 0.08590187877416611
0.0 0.08594205975532532
0.0 0.08600161224603653
0.0 0.08608394861221313
0.0 0.08611931651830673
0.0 0.08614742755889893
0.0 0.08620015531778336
0.0 0.08621276170015335
0.0 0.08624878525733948
0.0 0.08625639975070953
0.0 0.08625759929418564
0.0 0.08629749715328217
0.0 0.08631350845098495
0.0 0.0863480195403099
0.0 0.0864221528172493
0.0 0.0865110382437706
0.0 0.08657169342041016
0.0 0.08664468675851822
0.0 0.08688440173864365
0.0 0.08702515810728073
0.0 0.08707845956087112
0.0 0.08720969408750534
0.0 0.08721237629652023
0.0 0.08734312653541565
0.0 0.08735769987106323
0.0 0.08807109296321869
0.0 0.0883178561925888
0.0 0.08837177604436874
0.0 0.08838766068220139
0.0 0.08840075135231018
0.0 0.08870845288038254
0.0 0.08874595910310745
0.0 0.08885887265205383
0.0 0.08891782909631729
0.0 0.089003786444664
0.0 0.08937425911426544
0.0 0.08954264223575592
0.0 0.08963704109191895
0.0 0.08980032056570053
0.0 0.08997126668691635
0.0 0.09010545909404755
0.0 0.09011313319206238
0.0 0.09012942016124725
0.0 0.09015253186225891
0.0 0.09021499752998352
0.0 0.09027314186096191
0.0 0.0905088409781456
0.0 0.09057021886110306
0.0 0.09077445417642593
0.0 0.09079542756080627
0.0 0.0909738838672638
0.0 0.09109887480735779
0.0 0.09119025617837906
0.0 0.09129687398672104
0.0 0.09161963313817978
0.0 0.0916290208697319
0.0 0.09172870963811874
0.0 0.09179095178842545
0.0 0.09192603826522827
0.0 0.09274309873580933
0.0 0.09281347692012787
0.0 0.09282989799976349
0.0 0.09304274618625641
0.0 0.09307432919740677
0.0 0.09311892092227936
0.0 0.0933542251586914
0.0 0.09349532425403595
0.0 0.09370210021734238
0.0 0.09378988295793533
0.0 0.09403299540281296
0.0 0.09408392012119293
0.0 0.09411735832691193
0.0 0.09421820193529129
0.0 0.09425953775644302
0.0 0.09432172030210495
0.0 0.09446796774864197
0.0 0.09446844458580017
0.0 0.09463679790496826
0.0 0.09466969966888428
0.0 0.0946870818734169
0.0 0.09482164680957794
0.0 0.09497171640396118
0.0 0.09558968991041183
0.0 0.09561476111412048
0.0 0.09570643305778503
0.0 0.09585033357143402
0.0 0.09620602428913116
0.0 0.0964754968881607
0.0 0.0965321958065033
0.0 0.0965525433421135
0.0 0.09666743129491806
0.0 0.09689395129680634
0.0 0.09693093597888947
0.0 0.09696304053068161
0.0 0.09726986289024353
0.0 0.09730654954910278
0.0 0.09737853705883026
0.0 0.09739653766155243
0.0 0.09748650342226028
0.0 0.09750135242938995
0.0 0.09753472357988358
0.0 0.09786175936460495
0.0 0.09786474704742432
0.0 0.09799891710281372
0.0 0.09836601465940475
0.0 0.0983671247959137
0.0 0.09840123355388641
0.0 0.09850114583969116
0.0 0.09879987686872482
0.0 0.09883058816194534
0.0 0.09895924478769302
0.0 0.09905470907688141
0.0 0.09929396212100983
0.0 0.09937716275453568
0.0 0.0997018814086914
0.0 0.09976742416620255
0.0 0.10042154043912888
0.0 0.10043149441480637
0.0 0.10048303008079529
0.0 0.1006997600197792
0.0 0.10071870684623718
0.0 0.1009383574128151
0.0 0.10096230357885361
0.0 0.1011342853307724
0.0 0.10121527314186096
0.0 0.1012430489063263
0.0 0.10136999934911728
0.0 0.10154815018177032
0.0 0.10161980241537094
0.0 0.1018981784582138
0.0 0.10194514691829681
0.0 0.1021200641989708
0.0 0.10226795077323914
0.0 0.10230399668216705
0.0 0.10234419256448746
0.0 0.10237368196249008
0.0 0.10251293331384659
0.0 0.10260812938213348
0.0 0.10293172299861908
0.0 0.10304481536149979
0.0 0.10312069952487946
0.0 0.10324793308973312
0.0 0.10376765578985214
0.0 0.10382766276597977
0.0 0.10407931357622147
0.0 0.1042235791683197
0.0 0.10441496223211288
0.0 0.1045018807053566
0.0 0.10489863157272339
0.0 0.10499760508537292
0.0 0.10506512969732285
0.0 0.1067514568567276
0.0 0.1072736606001854
0.0 0.10732301324605942
0.0 0.10741454362869263
0.0 0.10759853571653366
0.0 0.1076352670788765
0.0 0.10785353183746338
0.0 0.10786660015583038
0.0 0.10801010578870773
0.0 0.1080629751086235
0.0 0.1082085520029068
0.0 0.10826265066862106
0.0 0.10877139121294022
0.0 0.10909077525138855
0.0 0.10937026888132095
0.0 0.10948733985424042
0.0 0.11030939966440201
0.0 0.11041697859764099
0.0 0.1104629710316658
0.0 0.11063540726900101
0.0 0.11086937040090561
0.0 0.11109436303377151
0.0 0.11110005527734756
0.0 0.11118249595165253
0.0 0.1119220182299614
0.0 0.11223649233579636
0.0 0.11227048188447952
0.0 0.11236877739429474
0.0 0.1124790757894516
0.0 0.11261986196041107
0.0 0.11262546479701996
0.0 0.11315526068210602
0.0 0.11319950222969055
0.0 0.11327649652957916
0.0 0.11338571459054947
0.0 0.11359650641679764
0.0 0.11470723897218704
0.0 0.11477910727262497
0.0 0.11494539678096771
0.0 0.11495881527662277
0.0 0.11502811312675476
0.0 0.11550331115722656
0.0 0.11563264578580856
0.0 0.1157558485865593
0.0 0.11618334800004959
0.0 0.1162310317158699
0.0 0.11676470935344696
0.0 0.11701439321041107
0.0 0.11701738089323044
0.0 0.11709751188755035
0.0 0.11743668466806412
0.0 0.11776793748140335
0.0 0.11791544407606125
0.0 0.11813386529684067
0.0 0.1181674674153328
0.0 0.11830125004053116
0.0 0.11845733970403671
0.0 0.11913596838712692
0.0 0.11951188743114471
0.0 0.11991220712661743
0.0 0.1203492283821106
0.0 0.12063983827829361
0.0 0.12188639491796494
0.0 0.12363557517528534
0.0 0.12369404733181
0.0 0.12514832615852356
0.0 0.12838687002658844
0.0 0.128999724984169
0.0 0.12930835783481598
0.0 0.13078723847866058
0.0 0.13143010437488556
0.0 0.13195425271987915
0.0 0.13241612911224365
0.0 0.13462649285793304
0.0 0.14494386315345764
0.0 0.1469382345676422
0.0 0.14922069013118744
0.0 0.1497686207294464
0.0 0.15548354387283325
0.0 0.1580219715833664
0.0 inf
