0.0 0.0371064767241478
0.0 0.03895499184727669
0.0 0.03952246531844139
0.0 0.04016408696770668
0.0 0.040572986006736755
0.0 0.042828261852264404
0.0 0.043204739689826965
0.0 0.0434315986931324
0.0 0.04367585480213165
0.0 0.04370579496026039
0.0 0.04406106099486351
0.0 0.04445279762148857
0.0 0.04445759579539299
0.0 0.044458430260419846
0.0 0.04472558572888374
0.0 0.04487399384379387
0.0 0.04496309161186218
0.0 0.04513916000723839
0.0 0.04530677571892738
0.0 0.04563846066594124
0.0 0.04592882841825485
0.0 0.04627050831913948
0.0 0.04689889773726463
0.0 0.04711898788809776
0.0 0.0471830740571022
0.0 0.04729621484875679
0.0 0.0475858710706234
0.0 0.047776464372873306
0.0 0.04795394465327263
0.0 0.04806556552648544
0.0 0.04845021292567253
0.0 0.04899441823363304
0.0 0.049015872180461884
0.0 0.04938042163848877
0.0 0.04942680150270462
0.0 0.049441322684288025
0.0 0.04953097924590111
0.0 0.049746304750442505
0.0 0.050300344824790955
0.0 0.050774946808815
0.0 0.0508047379553318
0.0 0.05147793889045715
0.0 0.05162237584590912
0.0 0.05166797712445259
0.0 0.05166809633374214
0.0 0.0516996793448925
0.0 0.05174105614423752
0.0 0.05183941498398781
0.0 0.052628450095653534
0.0 0.05270601809024811
0.0 0.05281636491417885
0.0 0.05313175544142723
0.0 0.053181979805231094
0.0 0.053292058408260345
0.0 0.05338045582175255
0.0 0.05338913947343826
0.0 0.05383449047803879
0.0 0.05393563210964203
0.0 0.0539897195994854
0.0 0.05399441719055176
0.0 0.05416489019989967
0.0 0.054279450327157974
0.0 0.05431337654590607
0.0 0.05433022230863571
0.0 0.054432883858680725
0.0 0.054566849023103714
0.0 0.05472283065319061
0.0 0.05494719371199608
0.0 0.05499391630291939
0.0 0.05518946796655655
0.0 0.05527440086007118
0.0 0.055481720715761185
0.0 0.05555753782391548
0.0 0.05570727959275246
0.0 0.05576259270310402
0.0 0.055840227752923965
0.0 0.05588972941040993
0.0 0.0558944009244442
0.0 0.05602914094924927
0.0 0.05612104386091232
0.0 0.05615383759140968
0.0 0.05617146193981171
0.0 0.0563526526093483
0.0 0.05652042478322983
0.0 0.05655919760465622
0.0 0.056736383587121964
0.0 0.05673941597342491
0.0 0.0568142831325531
0.0 0.0571640282869339
0.0 0.05724911391735077
0.0 0.05727094039320946
0.0 0.05742255225777626
0.0 0.05772038921713829
0.0 0.05778443068265915
0.0 0.0578569732606411
0.0 0.05788165330886841
0.0 0.058127544820308685
0.0 0.058178555220365524
0.0 0.05817941203713417
0.0 0.05823442339897156
0.0 0.05835840478539467
0.0 0.05855085700750351
0.0 0.05861245095729828
0.0 0.05863523483276367
0.0 0.058711323887109756
0.0 0.05883844569325447
0.0 0.058876410126686096
0.0 0.05892625451087952
0.0 0.059120308607816696
0.0 0.05914617329835892
0.0 0.05924461781978607
0.0 0.059640079736709595
0.0 0.0597248338162899
0.0 0.059839870780706406
0.0 0.05986817181110382
0.0 0.06007237732410431
0.0 0.06014939770102501
0.0 0.060204509645700455
0.0 0.060205891728401184
0.0 0.06022889167070389
0.0 0.060324527323246
0.0 0.060348182916641235
0.0 0.06040245294570923
0.0 0.06043148413300514
0.0 0.06043500453233719
0.0 0.060493748635053635
0.0 0.06076633557677269
0.0 0.060878217220306396
0.0 0.06113063544034958
0.0 0.061170995235443115
0.0 0.06128209829330444
0.0 0.06130506098270416
0.0 0.061357516795396805
0.0 0.0615580752491951
0.0 0.06171897426247597
0.0 0.061850544065237045
0.0 0.061872709542512894
0.0 0.06224815919995308
0.0 0.06226928532123566
0.0 0.06234094873070717
0.0 0.06241060048341751
0.0 0.06244823709130287
0.0 0.06271433085203171
0.0 0.06274932622909546
0.0 0.06276504695415497
0.0 0.06279978901147842
0.0 0.06281206011772156
0.0 0.06288044154644012
0.0 0.0629340261220932
0.0 0.06301029026508331
0.0 0.06313987821340561
0.0 0.06318103522062302
0.0 0.06320259720087051
0.0 0.06340966373682022
0.0 0.06345881521701813
0.0 0.06354120373725891
0.0 0.06367934495210648
0.0 0.06367990374565125
0.0 0.06384680420160294
0.0 0.06389618664979935
0.0 0.0638972818851471
0.0 0.06390420347452164
0.0 0.06412044167518616
0.0 0.06417971104383469
0.0 0.06439795345067978
0.0 0.0644744336605072
0.0 0.0646037608385086
0.0 0.06467100977897644
0.0 0.06485646963119507
0.0 0.06492245197296143
0.0 0.0650622695684433
0.0 0.06506463140249252
0.0 0.06512708961963654
0.0 0.06516196578741074
0.0 0.06519124656915665
0.0 0.0652502030134201
0.0 0.06528636068105698
0.0 0.06532639265060425
0.0 0.06533698737621307
0.0 0.06538525223731995
0.0 0.06546275317668915
0.0 0.065501868724823
0.0 0.06558297574520111
0.0 0.0657133162021637
0.0 0.06585656851530075
0.0 0.0658828616142273
0.0 0.06591343134641647
0.0 0.0659601092338562
0.0 0.06596840173006058
0.0 0.0660289004445076
0.0 0.066048264503479
0.0 0.06606704741716385
0.0 0.06618880480527878
0.0 0.06627015769481659
0.0 0.06632107496261597
0.0 0.06633062660694122
0.0 0.06641779094934464
0.0 0.06664881110191345
0.0 0.06668176501989365
0.0 0.06679543852806091
0.0 0.06680302321910858
0.0 0.06680630147457123
0.0 0.06687241792678833
0.0 0.06699575483798981
0.0 0.06709468364715576
0.0 0.06713210046291351
0.0 0.06720975786447525
0.0 0.06726248562335968
0.0 0.06728864461183548
0.0 0.06730785965919495
0.0 0.06734874099493027
0.0 0.06735913455486298
0.0 0.0673866719007492
0.0 0.06740593910217285
0.0 0.06750811636447906
0.0 0.06763515621423721
0.0 0.06764648109674454
0.0 0.06769203394651413
0.0 0.06777410209178925
0.0 0.06778629869222641
0.0 0.06780485808849335
0.0 0.06785653531551361
0.0 0.06787685304880142
0.0 0.0678841844201088
0.0 0.06805066019296646
0.0 0.06815823912620544
0.0 0.06828171014785767
0.0 0.06831764429807663
0.0 0.06834390014410019
0.0 0.0685604140162468
0.0 0.06872367113828659
0.0 0.0687522441148758
0.0 0.0687628984451294
0.0 0.0688169002532959
0.0 0.06897465884685516
0.0 0.06918202340602875
0.0 0.06926798820495605
0.0 0.06927044689655304
0.0 0.0692916214466095
0.0 0.06938549876213074
0.0 0.06950019299983978
0.0 0.06964537501335144
0.0 0.0697399452328682
0.0 0.06976306438446045
0.0 0.06976954638957977
0.0 0.06987466663122177
0.0 0.06998974829912186
0.0 0.07018198072910309
0.0 0.07028936594724655
0.0 0.07029150426387787
0.0 0.0703783705830574
0.0 0.07056315243244171
0.0 0.07056756317615509
0.0 0.07057104259729385
0.0 0.0707734152674675
0.0 0.0707845389842987
0.0 0.07093875110149384
0.0 0.07097183167934418
0.0 0.07098580151796341
0.0 0.07112059742212296
0.0 0.07122952491044998
0.0 0.07129346579313278
0.0 0.0714033842086792
0.0 0.07147815823554993
0.0 0.0715104267001152
0.0 0.07153559476137161
0.0 0.07153712213039398
0.0 0.07163035869598389
0.0 0.0716518834233284
0.0 0.07165873795747757
0.0 0.0718768909573555
0.0 0.07196131348609924
0.0 0.07198856770992279
0.0 0.07205013185739517
0.0 0.07218904048204422
0.0 0.07232502102851868
0.0 0.07251815497875214
0.0 0.07253450155258179
0.0 0.07254308462142944
0.0 0.07256905734539032
0.0 0.07257650047540665
0.0 0.07270971685647964
0.0 0.072757788002491
0.0 0.0730518102645874
0.0 0.07305391132831573
0.0 0.0730840265750885
0.0 0.0731176808476448
0.0 0.07319433987140656
0.0 0.07331418246030807
0.0 0.07331901043653488
0.0 0.07335399836301804
0.0 0.07347485423088074
0.0 0.07350318878889084
0.0 0.07359534502029419
0.0 0.07367497682571411
0.0 0.07386509329080582
0.0 0.07387401163578033
0.0 0.07401933521032333
0.0 0.07433164864778519
0.0 0.07441316545009613
0.0 0.07446844130754471
0.0 0.07511010766029358
0.0 0.07516329735517502
0.0 0.07519282400608063
0.0 0.0752326175570488
0.0 0.07531160861253738
0.0 0.07547396421432495
0.0 0.07574370503425598
0.0 0.07577565312385559
0.0 0.07578453421592712
0.0 0.07596591860055923
0.0 0.07600922137498856
0.0 0.07601349800825119
0.0 0.07626623660326004
0.0 0.07630041241645813
0.0 0.07635301351547241
0.0 0.07646353542804718
0.0 0.07655711472034454
0.0 0.07664179801940918
0.0 0.07670404016971588
0.0 0.076726034283638
0.0 0.07681386917829514
0.0 0.07685273140668869
0.0 0.07691225409507751
0.0 0.07692847400903702
0.0 0.07699471712112427
0.0 0.07705853134393692
0.0 0.07713133096694946
0.0 0.07715127617120743
0.0 0.07722548395395279
0.0 0.07727635651826859
0.0 0.0773685947060585
0.0 0.07738742232322693
0.0 0.07744987308979034
0.0 0.07748439908027649
0.0 0.07761834561824799
0.0 0.07764270901679993
0.0 0.07773862779140472
0.0 0.07773914188146591
0.0 0.07777153700590134
0.0 0.07784018665552139
0.0 0.07787319272756577
0.0 0.07821214944124222
0.0 0.07822255045175552
0.0 0.07827654480934143
0.0 0.0782998576760292
0.0 0.07830769568681717
0.0 0.07841038703918457
0.0 0.07856447249650955
0.0 0.07858975231647491
0.0 0.07875657081604004
0.0 0.07878711074590683
0.0 0.07889799773693085
0.0 0.07892269641160965
0.0 0.07928232103586197
0.0 0.07935026288032532
0.0 0.07937376946210861
0.0 0.07950668036937714
0.0 0.07967059314250946
0.0 0.07968392968177795
0.0 0.07969234883785248
0.0 0.07975482940673828
0.0 0.0797855481505394
0.0 0.07993296533823013
0.0 0.08004017174243927
0.0 0.08008203655481339
0.0 0.08010134845972061
0.0 0.08012709766626358
0.0 0.08029527962207794
0.0 0.08040715754032135
0.0 0.08045518398284912
0.0 0.08048878610134125
0.0 0.08060575276613235
0.0 0.08077333122491837
0.0 0.08093200623989105
0.0 0.08099937438964844
0.0 0.08115614205598831
0.0 0.08118537068367004
0.0 0.08120152354240417
0.0 0.0812152624130249
0.0 0.08133034408092499
0.0 0.08141697943210602
0.0 0.08143284171819687
0.0 0.0814867913722992
0.0 0.08149407058954239
0.0 0.08153486996889114
0.0 0.08158041536808014
0.0 0.08177763223648071
0.0 0.08180004358291626
0.0 0.08181674778461456
0.0 0.08187548816204071
0.0 0.08208522200584412
0.0 0.0820876955986023
0.0 0.0821433961391449
0.0 0.08252996951341629
0.0 0.08272813260555267
0.0 0.08277427405118942
0.0 0.08278874307870865
0.0 0.08281560242176056
0.0 0.0829196497797966
0.0 0.08310481160879135
0.0 0.08329695463180542
0.0 0.08369477093219757
0.0 0.08379263430833817
0.0 0.0838991180062294
0.0 0.08399315178394318
0.0 0.08404013514518738
0.0 0.08405112475156784
0.0 0.08411877602338791
0.0 0.08415157347917557
0.0 0.0842093750834465
0.0 0.08445625007152557
0.0 0.0844862163066864
0.0 0.08449635654687881
0.0 0.08451010286808014
0.0 0.08453316986560822
0.0 0.08457999676465988
0.0 0.08464761078357697
0.0 0.08474705368280411
0.0 0.08477874845266342
0.0 0.08490912616252899
0.0 0.08491883426904678
0.0 0.08507977426052094
0.0 0.08516458421945572
0.0 0.08538590371608734
0.0 0.0853901132941246
0.0 0.08550985902547836
0.0 0.08582483977079391
0.0 0.08593738824129105
0.0 0.08595634251832962
0.0 0.08601272106170654
0.0 0.08612842112779617
0.0 0.08623066544532776
0.0 0.08623779565095901
0.0 0.08629301935434341
0.0 0.08635270595550537
0.0 0.08642373979091644
0.0 0.08670683950185776
0.0 0.08698014169931412
0.0 0.08746311813592911
0.0 0.0875638946890831
0.0 0.0876697450876236
0.0 0.0876912847161293
0.0 0.08774296939373016
0.0 0.08788620680570602
0.0 0.08790476620197296
0.0 0.08813603967428207
0.0 0.08842254430055618
0.0 0.08867117762565613
0.0 0.08873026072978973
0.0 0.08919049054384232
0.0 0.0892486572265625
0.0 0.08937341719865799
0.0 0.08970673382282257
0.0 0.08993274718523026
0.0 0.09001384675502777
0.0 0.09011833369731903
0.0 0.09027975052595139
0.0 0.09061930328607559
0.0 0.09122025221586227
0.0 0.09142670035362244
0.0 0.09160798043012619
0.0 0.0916265919804573
0.0 0.09163899719715118
0.0 0.09166829288005829
0.0 0.09182307869195938
0.0 0.09260561317205429
0.0 0.09300214052200317
0.0 0.09330521523952484
0.0 0.09393924474716187
0.0 0.09399785101413727
0.0 0.09400570392608643
0.0 0.09444892406463623
0.0 0.09479377418756485
0.0 0.09481759369373322
0.0 0.09501592814922333
0.0 0.09512507170438766
0.0 0.0951959565281868
0.0 0.09594371914863586
0.0 0.09651043266057968
0.0 0.09680034965276718
0.0 0.09711803495883942
0.0 0.09742043167352676
0.0 0.09762611985206604
0.0 0.09826976805925369
0.0 0.09898829460144043
0.0 0.09899339079856873
0.0 0.09962984174489975
0.0 0.10007984191179276
0.0 0.10049288719892502
0.0 0.10086806118488312
0.0 0.10181137174367905
0.0 0.10292977094650269
0.0 0.10374318063259125
0.0 0.10470592230558395
0.0 0.10471811145544052
0.0 0.10531541705131531
0.0 0.10605750232934952
0.0 0.10629868507385254
0.0 0.10771407186985016
0.0 0.1079518124461174
0.0 0.1104859709739685
0.0 0.11063694953918457
0.0 0.11381738632917404
0.0 0.12306100875139236
0.0 0.12323632091283798
0.0 0.1266798973083496
0.0 0.129884272813797
0.0 0.1300663948059082
0.0 0.13890716433525085
0.0 0.1502993255853653
0.0 inf
