0.0 0.021878857165575027
0.0 0.025037731975317
0.0 0.028830494731664658
0.0 0.02999556064605713
0.0 0.030064230784773827
0.0 0.03025846742093563
0.0 0.030714930966496468
0.0 0.031122304499149323
0.0 0.03113766387104988
0.0 0.03140164539217949
0.0 0.03151940926909447
0.0 0.0316910520195961
0.0 0.031786203384399414
0.0 0.03223768621683121
0.0 0.03223980590701103
0.0 0.032254960387945175
0.0 0.03239009156823158
0.0 0.03243755176663399
0.0 0.032465867698192596
0.0 0.03247750550508499
0.0 0.03249190375208855
0.0 0.03265861049294472
0.0 0.032757848501205444
0.0 0.032969966530799866
0.0 0.03311308100819588
0.0 0.034234706312417984
0.0 0.034267228096723557
0.0 0.034352149814367294
0.0 0.03447673097252846
0.0 0.03488378971815109
0.0 0.035051848739385605
0.0 0.03528546541929245
0.0 0.03543970361351967
0.0 0.03554368391633034
0.0 0.03556038811802864
0.0 0.03561435639858246
0.0 0.035726647824048996
0.0 0.035761453211307526
0.0 0.03598862513899803
0.0 0.0361906960606575
0.0 0.036242369562387466
0.0 0.0363021045923233
0.0 0.03633192926645279
0.0 0.03646383434534073
0.0 0.03647621348500252
0.0 0.03653410077095032
0.0 0.036652326583862305
0.0 0.03672835975885391
0.0 0.03680805489420891
0.0 0.03685348108410835
0.0 0.036874305456876755
0.0 0.037140533328056335
0.0 0.037159956991672516
0.0 0.03716784343123436
0.0 0.037218112498521805
0.0 0.03727801516652107
0.0 0.03730595111846924
0.0 0.037553559988737106
0.0 0.03757007047533989
0.0 0.03778613731265068
0.0 0.037797801196575165
0.0 0.037895459681749344
0.0 0.03796553984284401
0.0 0.03805893287062645
0.0 0.03821384161710739
0.0 0.03824025020003319
0.0 0.038276489824056625
0.0 0.03830333799123764
0.0 0.03840107098221779
0.0 0.03840366005897522
0.0 0.03845825791358948
0.0 0.038512036204338074
0.0 0.03857062757015228
0.0 0.038620639592409134
0.0 0.038644444197416306
0.0 0.03871728107333183
0.0 0.038778480142354965
0.0 0.03878897428512573
0.0 0.03883706405758858
0.0 0.03892230615019798
0.0 0.03896608576178551
0.0 0.03899313509464264
0.0 0.03911706432700157
0.0 0.03919248282909393
0.0 0.0392087921500206
0.0 0.03930448740720749
0.0 0.03936510160565376
0.0 0.039374034851789474
0.0 0.03939715772867203
0.0 0.03940049931406975
0.0 0.03955548629164696
0.0 0.03961256891489029
0.0 0.03973542898893356
0.0 0.03989500552415848
0.0 0.03991313651204109
0.0 0.039970338344573975
0.0 0.03997951000928879
0.0 0.040068648755550385
0.0 0.04011141136288643
0.0 0.040264155715703964
0.0 0.04043890908360481
0.0 0.04048021510243416
0.0 0.04051390290260315
0.0 0.040532294660806656
0.0 0.040540024638175964
0.0 0.040581583976745605
0.0 0.04082341119647026
0.0 0.040860507637262344
0.0 0.040885958820581436
0.0 0.04092389717698097
0.0 0.04094621539115906
0.0 0.040960513055324554
0.0 0.04101312533020973
0.0 0.04113034904003143
0.0 0.041150785982608795
0.0 0.04121465981006622
0.0 0.04124779626727104
0.0 0.04140382260084152
0.0 0.04143057018518448
0.0 0.041567612439394
0.0 0.04159053415060043
0.0 0.04163870960474014
0.0 0.041940174996852875
0.0 0.04202134162187576
0.0 0.04210633039474487
0.0 0.04210677370429039
0.0 0.042172014713287354
0.0 0.04218097776174545
0.0 0.042192231863737106
0.0 0.042215920984745026
0.0 0.042391590774059296
0.0 0.042467135936021805
0.0 0.04248540848493576
0.0 0.04252444580197334
0.0 0.042558327317237854
0.0 0.042576421052217484
0.0 0.04258937016129494
0.0 0.04276954382658005
0.0 0.04281989857554436
0.0 0.042870983481407166
0.0 0.042881499975919724
0.0 0.04291949421167374
0.0 0.04292247071862221
0.0 0.042993031442165375
0.0 0.04300057142972946
0.0 0.04301400110125542
0.0 0.04305427521467209
0.0 0.04315388575196266
0.0 0.043280258774757385
0.0 0.043284472078084946
0.0 0.0433427095413208
0.0 0.04334705322980881
0.0 0.04337531700730324
0.0 0.04347924888134003
0.0 0.04358302801847458
0.0 0.04362305626273155
0.0 0.04364645481109619
0.0 0.04368431866168976
0.0 0.04370306059718132
0.0 0.04372400417923927
0.0 0.043736230581998825
0.0 0.04376167804002762
0.0 0.04378828406333923
0.0 0.04384826123714447
0.0 0.043866537511348724
0.0 0.044045232236385345
0.0 0.044080812484025955
0.0 0.044194962829351425
0.0 0.044255588203668594
0.0 0.04430587589740753
0.0 0.044321320950984955
0.0 0.044377684593200684
0.0 0.04438826069235802
0.0 0.044452469795942307
0.0 0.04476882144808769
0.0 0.04489361122250557
0.0 0.04492391645908356
0.0 0.04497446492314339
0.0 0.04505070671439171
0.0 0.045090124011039734
0.0 0.045185502618551254
0.0 0.04521167278289795
0.0 0.045227501541376114
0.0 0.045510172843933105
0.0 0.04559602960944176
0.0 0.04565099999308586
0.0 0.04583284258842468
0.0 0.045843616127967834
0.0 0.04592272266745567
0.0 0.04592909663915634
0.0 0.04596203565597534
0.0 0.045982830226421356
0.0 0.04605025425553322
0.0 0.04615934565663338
0.0 0.046225570142269135
0.0 0.046267248690128326
0.0 0.046302665024995804
0.0 0.04634736478328705
0.0 0.04643853008747101
0.0 0.046492669731378555
0.0 0.04651200398802757
0.0 0.04654761776328087
0.0 0.046567291021347046
0.0 0.04665258899331093
0.0 0.0467408113181591
0.0 0.04676208272576332
0.0 0.04681927338242531
0.0 0.04682519659399986
0.0 0.04686009883880615
0.0 0.04687702655792236
0.0 0.047025807201862335
0.0 0.047183871269226074
0.0 0.04719330370426178
0.0 0.04728364944458008
0.0 0.0472877062857151
0.0 0.04732334613800049
0.0 0.04732725769281387
0.0 0.0473695769906044
0.0 0.04744945093989372
0.0 0.04750091955065727
0.0 0.04756426811218262
0.0 0.0476592481136322
0.0 0.047940563410520554
0.0 0.04801128804683685
0.0 0.048083171248435974
0.0 0.04808613657951355
0.0 0.048210930079221725
0.0 0.0485740564763546
0.0 0.04858778417110443
0.0 0.04872529208660126
0.0 0.048751264810562134
0.0 0.04876098036766052
0.0 0.04881972074508667
0.0 0.04884680360555649
0.0 0.048851337283849716
0.0 0.048871494829654694
0.0 0.04890533536672592
0.0 0.04894496873021126
0.0 0.04923304170370102
0.0 0.0493132546544075
0.0 0.04938264191150665
0.0 0.049429118633270264
0.0 0.049480654299259186
0.0 0.04968059062957764
0.0 0.0496879518032074
0.0 0.049804650247097015
0.0 0.049895189702510834
0.0 0.05002894252538681
0.0 0.050366923213005066
0.0 0.050471555441617966
0.0 0.05048959329724312
0.0 0.05052822455763817
0.0 0.050531256943941116
0.0 0.05059073120355606
0.0 0.050762709230184555
0.0 0.05080230161547661
0.0 0.05083492025732994
0.0 0.050885409116744995
0.0 0.05094672739505768
0.0 0.051028165966272354
0.0 0.0510348416864872
0.0 0.05107232183218002
0.0 0.05111156031489372
0.0 0.051137957721948624
0.0 0.05119073763489723
0.0 0.051226988434791565
0.0 0.05124348774552345
0.0 0.05125722661614418
0.0 0.05127951130270958
0.0 0.051381830126047134
0.0 0.051401328295469284
0.0 0.05146487429738045
0.0 0.05147084221243858
0.0 0.0517178513109684
0.0 0.05173446610569954
0.0 0.05177541449666023
0.0 0.05190208554267883
0.0 0.05190257355570793
0.0 0.05193261802196503
0.0 0.05194317549467087
0.0 0.05213779956102371
0.0 0.05233970656991005
0.0 0.05252630263566971
0.0 0.052706651389598846
0.0 0.05277029052376747
0.0 0.05286615714430809
0.0 0.05296381190419197
0.0 0.05298680067062378
0.0 0.05303030088543892
0.0 0.0530543178319931
0.0 0.05316013842821121
0.0 0.05319726839661598
0.0 0.053299278020858765
0.0 0.05331973731517792
0.0 0.053569961339235306
0.0 0.0537588894367218
0.0 0.05384421348571777
0.0 0.05389723926782608
0.0 0.05392419174313545
0.0 0.05423758924007416
0.0 0.05426957830786705
0.0 0.05432870239019394
0.0 0.054433662444353104
0.0 0.05456281080842018
0.0 0.054601624608039856
0.0 0.054604846984148026
0.0 0.05491872876882553
0.0 0.05499056354165077
0.0 0.05508944019675255
0.0 0.055309802293777466
0.0 0.055353131145238876
0.0 0.055458273738622665
0.0 0.056033022701740265
0.0 0.05613497272133827
0.0 0.05647267773747444
0.0 0.056543052196502686
0.0 0.05667607858777046
0.0 0.056828342378139496
0.0 0.05684637278318405
0.0 0.057213470339775085
0.0 0.057355187833309174
0.0 0.05738964304327965
0.0 0.05743435025215149
0.0 0.057439692318439484
0.0 0.057787247002124786
0.0 0.05800607055425644
0.0 0.05806833878159523
0.0 0.058221932500600815
0.0 0.05846503749489784
0.0 0.05856487900018692
0.0 0.05884077027440071
0.0 0.058901987969875336
0.0 0.05895515903830528
0.0 0.05905593931674957
0.0 0.059084828943014145
0.0 0.05933491140604019
0.0 0.05942005291581154
0.0 0.059517860412597656
0.0 0.0597405806183815
0.0 0.05974646657705307
0.0 0.05996906757354736
0.0 0.06001276895403862
0.0 0.06009690836071968
0.0 0.06018964201211929
0.0 0.06042587384581566
0.0 0.06058957800269127
0.0 0.06094780191779137
0.0 0.060952555388212204
0.0 0.06112465634942055
0.0 0.06128662824630737
0.0 0.061316654086112976
0.0 0.06142004579305649
0.0 0.061464931815862656
0.0 0.06158745661377907
0.0 0.06160113960504532
0.0 0.061641626060009
0.0 0.06169332563877106
0.0 0.06172141805291176
0.0 0.06179097294807434
0.0 0.061840273439884186
0.0 0.0622832328081131
0.0 0.06241217628121376
0.0 0.06245599687099457
0.0 0.06249196082353592
0.0 0.06257583945989609
0.0 0.06295330077409744
0.0 0.06297315657138824
0.0 0.06322190910577774
0.0 0.06325957179069519
0.0 0.06360197812318802
0.0 0.06368174403905869
0.0 0.06386241316795349
0.0 0.0638771802186966
0.0 0.06401600688695908
0.0 0.06420817971229553
0.0 0.06426107883453369
0.0 0.06434597820043564
0.0 0.06446371227502823
0.0 0.06456702202558517
0.0 0.06473217159509659
0.0 0.06498735398054123
0.0 0.06508752703666687
0.0 0.06511122733354568
0.0 0.06511138379573822
0.0 0.0652407556772232
0.0 0.06534042209386826
0.0 0.06541241705417633
0.0 0.06546132266521454
0.0 0.06597726792097092
0.0 0.06610968708992004
0.0 0.06629663705825806
0.0 0.06634517014026642
0.0 0.06640540808439255
0.0 0.06643475592136383
0.0 0.06651981920003891
0.0 0.0666801854968071
0.0 0.06680309772491455
0.0 0.06698521971702576
0.0 0.0670100674033165
0.0 0.06705404072999954
0.0 0.0670580118894577
0.0 0.06777063757181168
0.0 0.06783360987901688
0.0 0.06795763969421387
0.0 0.06807694584131241
0.0 0.06842061132192612
0.0 0.06845302134752274
0.0 0.06850551813840866
0.0 0.06883113831281662
0.0 0.06889555603265762
0.0 0.0697949007153511
0.0 0.07019594311714172
0.0 0.07042205333709717
0.0 0.07049167901277542
0.0 0.07054483890533447
0.0 0.07064711302518845
0.0 0.07090287655591965
0.0 0.07130133360624313
0.0 0.07140520215034485
0.0 0.07208043336868286
0.0 0.07237124443054199
0.0 0.07253864407539368
0.0 0.07274293154478073
0.0 0.07304364442825317
0.0 0.07341861724853516
0.0 0.07404569536447525
0.0 0.07407896965742111
0.0 0.07410592585802078
0.0 0.07423045486211777
0.0 0.07441730797290802
0.0 0.07458294183015823
0.0 0.07489480823278427
0.0 0.07498393207788467
0.0 0.07528607547283173
0.0 0.07539873570203781
0.0 0.07548574358224869
0.0 0.07564707100391388
0.0 0.07587774097919464
0.0 0.07588009536266327
0.0 0.07606057822704315
0.0 0.07637659460306168
0.0 0.07692603021860123
0.0 0.07709462940692902
0.0 0.07851073890924454
0.0 0.07854316383600235
0.0 0.07880336046218872
0.0 0.07883302122354507
0.0 0.07932878285646439
0.0 0.0795101746916771
0.0 0.08054839819669724
0.0 0.08058644086122513
0.0 0.08063505589962006
0.0 0.08066549897193909
0.0 0.0808844193816185
0.0 0.08130665123462677
0.0 0.08135999739170074
0.0 0.08140193670988083
0.0 0.08196226507425308
0.0 0.08296959847211838
0.0 0.08339150995016098
0.0 0.08385606855154037
0.0 0.08409394323825836
0.0 0.08478274196386337
0.0 0.08578682690858841
0.0 0.08690651506185532
0.0 0.08713992685079575
0.0 0.08731776475906372
0.0 0.08740649372339249
0.0 0.08793175965547562
0.0 0.08813223987817764
0.0 0.0882328525185585
0.0 0.088449627161026
0.0 0.08851037919521332
0.0 0.0885251834988594
0.0 0.08878311514854431
0.0 0.08879875391721725
0.0 0.08916488289833069
0.0 0.08946385979652405
0.0 0.08986300230026245
0.0 0.0904025211930275
0.0 0.09138960391283035
0.0 0.09171771258115768
0.0 0.09176903963088989
0.0 0.09340371936559677
0.0 0.09383752942085266
0.0 0.09410089254379272
0.0 0.09659809619188309
0.0 0.09773951768875122
0.0 0.09806299954652786
0.0 0.0981425791978836
0.0 0.10129887610673904
0.0 0.10207715630531311
0.0 0.10229896008968353
0.0 0.10244761407375336
0.0 0.10366250574588776
0.0 0.10419434309005737
0.0 0.10610341280698776
0.0 0.10641859471797943
0.0 0.11133843660354614
0.0 0.11150102317333221
0.0 0.11155170202255249
0.0 0.11178387701511383
0.0 0.11275006085634232
0.0 0.1158386617898941
0.0 0.12441279739141464
0.0 0.13056039810180664
0.0 0.13257579505443573
0.0 0.13285207748413086
0.0 0.146520733833313
0.0 0.14770132303237915
0.0 0.15222518146038055
0.0 inf
