0.0 0.03395112603902817
0.0 0.03892572224140167
0.0 0.041957609355449677
0.0 0.04241988807916641
0.0 0.04269438982009888
0.0 0.04305773228406906
0.0 0.04355175048112869
0.0 0.044044215232133865
0.0 0.04409409686923027
0.0 0.04413999244570732
0.0 0.044957395642995834
0.0 0.04525347054004669
0.0 0.045430783182382584
0.0 0.04547001048922539
0.0 0.045480646193027496
0.0 0.045610688626766205
0.0 0.04585439711809158
0.0 0.04587585851550102
0.0 0.045885972678661346
0.0 0.04604414850473404
0.0 0.04625197872519493
0.0 0.04654046520590782
0.0 0.04655121639370918
0.0 0.04697827994823456
0.0 0.04722870513796806
0.0 0.04733465239405632
0.0 0.047359026968479156
0.0 0.04746662825345993
0.0 0.04752575606107712
0.0 0.04756364971399307
0.0 0.04766862094402313
0.0 0.04770614951848984
0.0 0.0477522537112236
0.0 0.047937702387571335
0.0 0.047950927168130875
0.0 0.04805881530046463
0.0 0.04829801991581917
0.0 0.04834957793354988
0.0 0.048456888645887375
0.0 0.04850148782134056
0.0 0.04864216223359108
0.0 0.04868687689304352
0.0 0.04869631677865982
0.0 0.04880917817354202
0.0 0.0488269105553627
0.0 0.048991791903972626
0.0 0.04914882406592369
0.0 0.04924216866493225
0.0 0.04927202686667442
0.0 0.04930693656206131
0.0 0.04940406233072281
0.0 0.049441445618867874
0.0 0.049457669258117676
0.0 0.04969760775566101
0.0 0.04973786696791649
0.0 0.05002346262335777
0.0 0.050089139491319656
0.0 0.05009595677256584
0.0 0.05009738728404045
0.0 0.05021528899669647
0.0 0.05036543309688568
0.0 0.05062709376215935
0.0 0.050642192363739014
0.0 0.0506606251001358
0.0 0.050764355808496475
0.0 0.05084298178553581
0.0 0.050844140350818634
0.0 0.05100070312619209
0.0 0.05100352317094803
0.0 0.051005493849515915
0.0 0.05119724199175835
0.0 0.05128861218690872
0.0 0.0513915978372097
0.0 0.051439378410577774
0.0 0.05145677551627159
0.0 0.05151396989822388
0.0 0.05159143730998039
0.0 0.05163274332880974
0.0 0.051663488149642944
0.0 0.05170007050037384
0.0 0.05180603265762329
0.0 0.051899123936891556
0.0 0.052182283252477646
0.0 0.052263446152210236
0.0 0.052392784506082535
0.0 0.05248112604022026
0.0 0.052787892520427704
0.0 0.052925460040569305
0.0 0.05302949994802475
0.0 0.053138814866542816
0.0 0.05334469676017761
0.0 0.05334658920764923
0.0 0.05334673821926117
0.0 0.05347111076116562
0.0 0.05352892354130745
0.0 0.053657013922929764
0.0 0.05375662446022034
0.0 0.05383192375302315
0.0 0.05383778735995293
0.0 0.05390895530581474
0.0 0.05398140475153923
0.0 0.054008446633815765
0.0 0.05404025316238403
0.0 0.05410411208868027
0.0 0.05414106696844101
0.0 0.05438235402107239
0.0 0.05440153926610947
0.0 0.05441334843635559
0.0 0.054618772119283676
0.0 0.05492869392037392
0.0 0.054998673498630524
0.0 0.05518736690282822
0.0 0.05526559427380562
0.0 0.055281274020671844
0.0 0.05533952638506889
0.0 0.055345356464385986
0.0 0.05540464073419571
0.0 0.055435776710510254
0.0 0.055552415549755096
0.0 0.05559048056602478
0.0 0.05569037050008774
0.0 0.055762022733688354
0.0 0.05583443120121956
0.0 0.05584939941763878
0.0 0.05595151335000992
0.0 0.056103069335222244
0.0 0.05623329430818558
0.0 0.05631467327475548
0.0 0.05634688213467598
0.0 0.056348443031311035
0.0 0.05639391019940376
0.0 0.05644244700670242
0.0 0.05647629126906395
0.0 0.05650978535413742
0.0 0.056549329310655594
0.0 0.056575555354356766
0.0 0.056608930230140686
0.0 0.056631747633218765
0.0 0.0567777119576931
0.0 0.05680135637521744
0.0 0.05690280720591545
0.0 0.056956060230731964
0.0 0.05701800808310509
0.0 0.05704353749752045
0.0 0.05722495913505554
0.0 0.057230766862630844
0.0 0.057254113256931305
0.0 0.05731897056102753
0.0 0.0573587603867054
0.0 0.057457249611616135
0.0 0.05745771899819374
0.0 0.05746148154139519
0.0 0.05746396258473396
0.0 0.057566720992326736
0.0 0.057613175362348557
0.0 0.0577075332403183
0.0 0.05773753300309181
0.0 0.05778701603412628
0.0 0.05781802535057068
0.0 0.05782246217131615
0.0 0.05787569284439087
0.0 0.05804155021905899
0.0 0.05805090814828873
0.0 0.05809538811445236
0.0 0.05816534534096718
0.0 0.05825216695666313
0.0 0.05825672671198845
0.0 0.05837955325841904
0.0 0.05840788781642914
0.0 0.058579809963703156
0.0 0.05863970145583153
0.0 0.05864831060171127
0.0 0.058668434619903564
0.0 0.058767396956682205
0.0 0.058872148394584656
0.0 0.059096064418554306
0.0 0.059200190007686615
0.0 0.05926291272044182
0.0 0.059267207980155945
0.0 0.059430453926324844
0.0 0.059457290917634964
0.0 0.059460971504449844
0.0 0.0596393346786499
0.0 0.0596613846719265
0.0 0.0596906952559948
0.0 0.059774357825517654
0.0 0.05978931486606598
0.0 0.059867724776268005
0.0 0.059883520007133484
0.0 0.059948258101940155
0.0 0.05997245013713837
0.0 0.06000637263059616
0.0 0.06012178957462311
0.0 0.060164451599121094
0.0 0.060232292860746384
0.0 0.06024277210235596
0.0 0.06026580184698105
0.0 0.0603104829788208
0.0 0.06038342043757439
0.0 0.06039860099554062
0.0 0.06059898063540459
0.0 0.06065592169761658
0.0 0.06076318770647049
0.0 0.06082494556903839
0.0 0.06083395704627037
0.0 0.06099890545010567
0.0 0.06104440242052078
0.0 0.06107288599014282
0.0 0.06109335646033287
0.0 0.06129499152302742
0.0 0.061322394758462906
0.0 0.06133890524506569
0.0 0.06134004145860672
0.0 0.061600472778081894
0.0 0.06160994619131088
0.0 0.06164367124438286
0.0 0.0617334246635437
0.0 0.061878103762865067
0.0 0.06190408393740654
0.0 0.06201241910457611
0.0 0.06203651800751686
0.0 0.06204860657453537
0.0 0.06208004429936409
0.0 0.06208304315805435
0.0 0.062210019677877426
0.0 0.06227293983101845
0.0 0.062375202775001526
0.0 0.06240268051624298
0.0 0.062422510236501694
0.0 0.06254354864358902
0.0 0.06255729496479034
0.0 0.06267814338207245
0.0 0.06271857768297195
0.0 0.06283695995807648
0.0 0.06294292211532593
0.0 0.06296287477016449
0.0 0.06303732842206955
0.0 0.06303965300321579
0.0 0.06316521018743515
0.0 0.06324958801269531
0.0 0.06328418850898743
0.0 0.0633675754070282
0.0 0.06351051479578018
0.0 0.06411924213171005
0.0 0.06416506320238113
0.0 0.06422119587659836
0.0 0.06422831118106842
0.0 0.06423937529325485
0.0 0.06428075581789017
0.0 0.0643126592040062
0.0 0.06442564725875854
0.0 0.06443769484758377
0.0 0.06450312584638596
0.0 0.06460323929786682
0.0 0.06465315073728561
0.0 0.06466533243656158
0.0 0.06469575315713882
0.0 0.06470571458339691
0.0 0.06474260240793228
0.0 0.06483723968267441
0.0 0.06495092809200287
0.0 0.06501765549182892
0.0 0.06513581424951553
0.0 0.06521198898553848
0.0 0.06521438807249069
0.0 0.06524267047643661
0.0 0.06529182940721512
0.0 0.06553594768047333
0.0 0.06556598842144012
0.0 0.06557341665029526
0.0 0.06569847464561462
0.0 0.06581205129623413
0.0 0.06583526730537415
0.0 0.06589850038290024
0.0 0.06593762338161469
0.0 0.0660228356719017
0.0 0.06606610864400864
0.0 0.06610579043626785
0.0 0.06610583513975143
0.0 0.06615199893712997
0.0 0.06630336493253708
0.0 0.06635687500238419
0.0 0.06643016636371613
0.0 0.06644418090581894
0.0 0.06648781150579453
0.0 0.06650277972221375
0.0 0.06657517701387405
0.0 0.06658104807138443
0.0 0.0666082575917244
0.0 0.06663699448108673
0.0 0.06666642427444458
0.0 0.06669613718986511
0.0 0.06698272377252579
0.0 0.06702366471290588
0.0 0.06709033995866776
0.0 0.06711423397064209
0.0 0.06714186817407608
0.0 0.06727433949708939
0.0 0.06727775931358337
0.0 0.06748596578836441
0.0 0.06751211732625961
0.0 0.06760217249393463
0.0 0.06762892752885818
0.0 0.0676412358880043
0.0 0.06765050441026688
0.0 0.06772308796644211
0.0 0.06791937351226807
0.0 0.06794505566358566
0.0 0.0681619793176651
0.0 0.06817195564508438
0.0 0.06833091378211975
0.0 0.06833791732788086
0.0 0.06834743916988373
0.0 0.06842371076345444
0.0 0.06855197250843048
0.0 0.06855865567922592
0.0 0.06880573183298111
0.0 0.06886332482099533
0.0 0.06894468516111374
0.0 0.06901226192712784
0.0 0.06907230615615845
0.0 0.06935065239667892
0.0 0.06941673159599304
0.0 0.0694766715168953
0.0 0.0694989562034607
0.0 0.0695321336388588
0.0 0.06954289227724075
0.0 0.06955543160438538
0.0 0.06960946321487427
0.0 0.06961622089147568
0.0 0.06964867562055588
0.0 0.07009679079055786
0.0 0.07015246152877808
0.0 0.07029865682125092
0.0 0.07049443572759628
0.0 0.07051175832748413
0.0 0.07074669003486633
0.0 0.07099099457263947
0.0 0.07109418511390686
0.0 0.07111712545156479
0.0 0.07116441428661346
0.0 0.07131071388721466
0.0 0.07139628380537033
0.0 0.07144387066364288
0.0 0.0717211440205574
0.0 0.07173344492912292
0.0 0.07200003415346146
0.0 0.07224275916814804
0.0 0.07236252725124359
0.0 0.07244614511728287
0.0 0.07249552011489868
0.0 0.07256561517715454
0.0 0.07290155440568924
0.0 0.07294926792383194
0.0 0.07303233444690704
0.0 0.07325469702482224
0.0 0.07325785607099533
0.0 0.07365172356367111
0.0 0.0736701488494873
0.0 0.07369609922170639
0.0 0.0737861841917038
0.0 0.07380236685276031
0.0 0.07399215549230576
0.0 0.07400485128164291
0.0 0.07405892014503479
0.0 0.07407047599554062
0.0 0.07414378225803375
0.0 0.07431935518980026
0.0 0.07439704239368439
0.0 0.07441894710063934
0.0 0.07490679621696472
0.0 0.07499297708272934
0.0 0.07504554092884064
0.0 0.07505640387535095
0.0 0.075062595307827
0.0 0.07514788210391998
0.0 0.07516644895076752
0.0 0.07521869242191315
0.0 0.07537484169006348
0.0 0.07542277127504349
0.0 0.07559323310852051
0.0 0.07560044527053833
0.0 0.07566525787115097
0.0 0.07583750039339066
0.0 0.0758836418390274
0.0 0.0759691447019577
0.0 0.07609311491250992
0.0 0.07612127810716629
0.0 0.07613934576511383
0.0 0.07628471404314041
0.0 0.07633893191814423
0.0 0.07639122754335403
0.0 0.07660484313964844
0.0 0.0770052820444107
0.0 0.07738272845745087
0.0 0.07742145657539368
0.0 0.07760225236415863
0.0 0.07771484553813934
0.0 0.07773741334676743
0.0 0.07773768156766891
0.0 0.0778663381934166
0.0 0.07797606289386749
0.0 0.07803316414356232
0.0 0.07815419882535934
0.0 0.0781649798154831
0.0 0.07843748480081558
0.0 0.07873943448066711
0.0 0.07879561930894852
0.0 0.07930085062980652
0.0 0.07938667386770248
0.0 0.07940027862787247
0.0 0.07952208817005157
0.0 0.07962314039468765
0.0 0.07980826497077942
0.0 0.07989493757486343
0.0 0.07996716350317001
0.0 0.08002883195877075
0.0 0.0800311341881752
0.0 0.08019553124904633
0.0 0.08036214858293533
0.0 0.08080670237541199
0.0 0.08101527392864227
0.0 0.08106616884469986
0.0 0.08113544434309006
0.0 0.08117145299911499
0.0 0.0812358632683754
0.0 0.08147501945495605
0.0 0.08155205100774765
0.0 0.08168454468250275
0.0 0.08170636743307114
0.0 0.08172709494829178
0.0 0.08201359212398529
0.0 0.08276654779911041
0.0 0.08300349861383438
0.0 0.08315484970808029
0.0 0.08343008905649185
0.0 0.0837678611278534
0.0 0.08385395258665085
0.0 0.08420746773481369
0.0 0.08422739803791046
0.0 0.08422993868589401
0.0 0.08450870215892792
0.0 0.08453938364982605
0.0 0.08508971333503723
0.0 0.08512383699417114
0.0 0.08524385839700699
0.0 0.08536654710769653
0.0 0.08548952639102936
0.0 0.08551857620477676
0.0 0.08559616655111313
0.0 0.08613958209753036
0.0 0.08649615198373795
0.0 0.086771659553051
0.0 0.08696863800287247
0.0 0.0875731110572815
0.0 0.08798011392354965
0.0 0.08804599940776825
0.0 0.08807217329740524
0.0 0.08835417777299881
0.0 0.08841893821954727
0.0 0.08853186666965485
0.0 0.0887230709195137
0.0 0.08884673565626144
0.0 0.08892713487148285
0.0 0.08946561068296432
0.0 0.08959275484085083
0.0 0.08999698609113693
0.0 0.09041018784046173
0.0 0.09053962677717209
0.0 0.09068837016820908
0.0 0.09074888378381729
0.0 0.0908578410744667
0.0 0.09090358018875122
0.0 0.090940922498703
0.0 0.09202700108289719
0.0 0.092496857047081
0.0 0.09279415011405945
0.0 0.09293503314256668
0.0 0.09321291744709015
0.0 0.09358404576778412
0.0 0.09385828673839569
0.0 0.09409192204475403
0.0 0.09467094391584396
0.0 0.09494126588106155
0.0 0.09509704262018204
0.0 0.09634979814291
0.0 0.09645593166351318
0.0 0.09664537757635117
0.0 0.09758374094963074
0.0 0.09767644852399826
0.0 0.09776689857244492
0.0 0.09778819233179092
0.0 0.09810367971658707
0.0 0.09814055263996124
0.0 0.09820065647363663
0.0 0.09833455830812454
0.0 0.09843436628580093
0.0 0.098455511033535
0.0 0.09857047349214554
0.0 0.09859685599803925
0.0 0.09959272295236588
0.0 0.10009441524744034
0.0 0.10066427290439606
0.0 0.10195038467645645
0.0 0.10210765898227692
0.0 0.10350753366947174
0.0 0.10641255974769592
0.0 0.10660739243030548
0.0 0.10692157596349716
0.0 0.11473847925662994
0.0 0.1267506331205368
0.0 inf
