0.0 0.022923948243260384
0.0 0.028444750234484673
0.0 0.030189216136932373
0.0 0.03076835349202156
0.0 0.03195807337760925
0.0 0.03209732472896576
0.0 0.03274457901716232
0.0 0.03276633098721504
0.0 0.03315761312842369
0.0 0.03354750946164131
0.0 0.03365924954414368
0.0 0.03375019133090973
0.0 0.033885467797517776
0.0 0.03398389741778374
0.0 0.03405524045228958
0.0 0.0341498963534832
0.0 0.03455856814980507
0.0 0.03462308645248413
0.0 0.0349249504506588
0.0 0.03496627137064934
0.0 0.03556818515062332
0.0 0.03632925823330879
0.0 0.03688490018248558
0.0 0.03699966147542
0.0 0.03715484216809273
0.0 0.037368688732385635
0.0 0.037450097501277924
0.0 0.03770913928747177
0.0 0.0378449372947216
0.0 0.03812128305435181
0.0 0.03889185190200806
0.0 0.038903895765542984
0.0 0.03905158489942551
0.0 0.039196860045194626
0.0 0.03928161785006523
0.0 0.03948095440864563
0.0 0.0395563580095768
0.0 0.039738863706588745
0.0 0.03975056856870651
0.0 0.040275078266859055
0.0 0.04028158262372017
0.0 0.04038330540060997
0.0 0.04046391695737839
0.0 0.04054505005478859
0.0 0.040589433163404465
0.0 0.04070565477013588
0.0 0.041075196117162704
0.0 0.041423678398132324
0.0 0.041432544589042664
0.0 0.04148775339126587
0.0 0.041607294231653214
0.0 0.04169977828860283
0.0 0.041713204234838486
0.0 0.04179121553897858
0.0 0.04179578274488449
0.0 0.041813090443611145
0.0 0.041836149990558624
0.0 0.0419534407556057
0.0 0.04199111834168434
0.0 0.042026251554489136
0.0 0.04203743115067482
0.0 0.04215467348694801
0.0 0.042202502489089966
0.0 0.042230378836393356
0.0 0.042250003665685654
0.0 0.04226728528738022
0.0 0.04230063408613205
0.0 0.042313769459724426
0.0 0.0424446240067482
0.0 0.04249224811792374
0.0 0.042537327855825424
0.0 0.042537447065114975
0.0 0.042549021542072296
0.0 0.04260452091693878
0.0 0.04268980398774147
0.0 0.042778972536325455
0.0 0.04303125664591789
0.0 0.04311618208885193
0.0 0.0431874580681324
0.0 0.043241750448942184
0.0 0.043304212391376495
0.0 0.04331967979669571
0.0 0.04336128011345863
0.0 0.04344036430120468
0.0 0.043479662388563156
0.0 0.043579623103141785
0.0 0.04358280077576637
0.0 0.043583013117313385
0.0 0.043608952313661575
0.0 0.04361557960510254
0.0 0.043633975088596344
0.0 0.0437857061624527
0.0 0.043950967490673065
0.0 0.043955449014902115
0.0 0.043965116143226624
0.0 0.04400096833705902
0.0 0.04400729760527611
0.0 0.04406515136361122
0.0 0.04417254030704498
0.0 0.044177085161209106
0.0 0.044190146028995514
0.0 0.04425085335969925
0.0 0.044323716312646866
0.0 0.04444694146513939
0.0 0.04446730390191078
0.0 0.04453575983643532
0.0 0.04466656222939491
0.0 0.04479621723294258
0.0 0.04497535154223442
0.0 0.044988516718149185
0.0 0.04504326730966568
0.0 0.04516702890396118
0.0 0.04518970847129822
0.0 0.04525231197476387
0.0 0.045332178473472595
0.0 0.04540508985519409
0.0 0.04543325677514076
0.0 0.04548420011997223
0.0 0.0454920269548893
0.0 0.04552663862705231
0.0 0.04564882442355156
0.0 0.0457451306283474
0.0 0.04583721235394478
0.0 0.045892808586359024
0.0 0.04592091962695122
0.0 0.045972030609846115
0.0 0.04603251442313194
0.0 0.04633120447397232
0.0 0.04636240750551224
0.0 0.046399470418691635
0.0 0.04642556607723236
0.0 0.04644760116934776
0.0 0.04653671756386757
0.0 0.0466359443962574
0.0 0.04675959050655365
0.0 0.0467936173081398
0.0 0.04704512283205986
0.0 0.04718635976314545
0.0 0.04720158129930496
0.0 0.04723672568798065
0.0 0.04723744094371796
0.0 0.0472404807806015
0.0 0.047283198684453964
0.0 0.047348856925964355
0.0 0.047368090599775314
0.0 0.04765560105443001
0.0 0.04767709970474243
0.0 0.04777008667588234
0.0 0.04784553870558739
0.0 0.047865286469459534
0.0 0.047942306846380234
0.0 0.047953683882951736
0.0 0.04797650873661041
0.0 0.04804767668247223
0.0 0.04806770011782646
0.0 0.04807044193148613
0.0 0.048134807497262955
0.0 0.048300690948963165
0.0 0.048372481018304825
0.0 0.04841106757521629
0.0 0.04846400022506714
0.0 0.04847691208124161
0.0 0.04848480597138405
0.0 0.04856454208493233
0.0 0.04869312420487404
0.0 0.0487501323223114
0.0 0.04883740097284317
0.0 0.04889528453350067
0.0 0.04893818497657776
0.0 0.049000345170497894
0.0 0.0490267239511013
0.0 0.04911095276474953
0.0 0.04922513663768768
0.0 0.04929368942975998
0.0 0.049368202686309814
0.0 0.04942014813423157
0.0 0.049484703689813614
0.0 0.04950879141688347
0.0 0.04956378787755966
0.0 0.04958784207701683
0.0 0.04963958263397217
0.0 0.049701396375894547
0.0 0.04973050206899643
0.0 0.04974576458334923
0.0 0.049753930419683456
0.0 0.04984663799405098
0.0 0.04985954612493515
0.0 0.049863751977682114
0.0 0.0498739555478096
0.0 0.04989105463027954
0.0 0.049970079213380814
0.0 0.050002723932266235
0.0 0.05014030635356903
0.0 0.05020248144865036
0.0 0.050204500555992126
0.0 0.05022924765944481
0.0 0.05030466616153717
0.0 0.050572432577610016
0.0 0.050603460520505905
0.0 0.050629109144210815
0.0 0.05064823105931282
0.0 0.05069609731435776
0.0 0.05078845098614693
0.0 0.050802286714315414
0.0 0.05088971182703972
0.0 0.05096198990941048
0.0 0.050963394343853
0.0 0.051116857677698135
0.0 0.051121775060892105
0.0 0.05113288015127182
0.0 0.05115696042776108
0.0 0.05123612657189369
0.0 0.05125011131167412
0.0 0.051324307918548584
0.0 0.05136614665389061
0.0 0.051424622535705566
0.0 0.051529549062252045
0.0 0.051559895277023315
0.0 0.051661331206560135
0.0 0.051716700196266174
0.0 0.05174419283866882
0.0 0.0517820343375206
0.0 0.05179794877767563
0.0 0.052019067108631134
0.0 0.0520702563226223
0.0 0.05228269100189209
0.0 0.052308451384305954
0.0 0.05233597382903099
0.0 0.052356936037540436
0.0 0.052475135773420334
0.0 0.05249984562397003
0.0 0.05252091586589813
0.0 0.05262071266770363
0.0 0.052717920392751694
0.0 0.05281711742281914
0.0 0.05288925766944885
0.0 0.05319103226065636
0.0 0.05328355357050896
0.0 0.05328882113099098
0.0 0.053409647196531296
0.0 0.053434260189533234
0.0 0.05362772196531296
0.0 0.05368522182106972
0.0 0.05370339751243591
0.0 0.0537286140024662
0.0 0.05373489484190941
0.0 0.05383270978927612
0.0 0.053908951580524445
0.0 0.05394744127988815
0.0 0.05405363813042641
0.0 0.05407390370965004
0.0 0.05408135801553726
0.0 0.05416228994727135
0.0 0.054213035851716995
0.0 0.0542159341275692
0.0 0.05423842743039131
0.0 0.05440554767847061
0.0 0.054417502135038376
0.0 0.05455823987722397
0.0 0.05457000806927681
0.0 0.0545915812253952
0.0 0.05473858118057251
0.0 0.05479705333709717
0.0 0.05485137552022934
0.0 0.05492129921913147
0.0 0.055064428597688675
0.0 0.05510706827044487
0.0 0.05529431998729706
0.0 0.055328380316495895
0.0 0.055366914719343185
0.0 0.055368077009916306
0.0 0.0555301308631897
0.0 0.05559886619448662
0.0 0.055619016289711
0.0 0.05568090081214905
0.0 0.05578812211751938
0.0 0.05580462887883186
0.0 0.05590081214904785
0.0 0.05600037798285484
0.0 0.05600955709815025
0.0 0.056074049323797226
0.0 0.05620141327381134
0.0 0.05620771646499634
0.0 0.056399594992399216
0.0 0.05641496181488037
0.0 0.0564342699944973
0.0 0.056470323354005814
0.0 0.05653033033013344
0.0 0.05672052502632141
0.0 0.05680575966835022
0.0 0.05681956186890602
0.0 0.056897278875112534
0.0 0.057224053889513016
0.0 0.05737090855836868
0.0 0.05742495134472847
0.0 0.05771995335817337
0.0 0.05778168886899948
0.0 0.05779096484184265
0.0 0.05786409229040146
0.0 0.05793082341551781
0.0 0.05795854702591896
0.0 0.057990267872810364
0.0 0.058003976941108704
0.0 0.05814424157142639
0.0 0.05815600976347923
0.0 0.05817394331097603
0.0 0.0583748035132885
0.0 0.05841943994164467
0.0 0.05845044180750847
0.0 0.058645084500312805
0.0 0.058694206178188324
0.0 0.05880507081747055
0.0 0.05887980759143829
0.0 0.058913454413414
0.0 0.058918293565511703
0.0 0.05904008075594902
0.0 0.05910554528236389
0.0 0.059128884226083755
0.0 0.05923157185316086
0.0 0.0593259260058403
0.0 0.05941489711403847
0.0 0.0594383142888546
0.0 0.05954870954155922
0.0 0.059806499630212784
0.0 0.05989668145775795
0.0 0.06013266369700432
0.0 0.060231633484363556
0.0 0.06024564057588577
0.0 0.060388561338186264
0.0 0.060430027544498444
0.0 0.06049073114991188
0.0 0.06050175055861473
0.0 0.060761772096157074
0.0 0.06083328276872635
0.0 0.060847632586956024
0.0 0.06102169677615166
0.0 0.061226408928632736
0.0 0.061269257217645645
0.0 0.06147613376379013
0.0 0.06148320063948631
0.0 0.06153034791350365
0.0 0.061535321176052094
0.0 0.06157883256673813
0.0 0.06159849464893341
0.0 0.06160620227456093
0.0 0.0616128146648407
0.0 0.061712611466646194
0.0 0.061744652688503265
0.0 0.06176374852657318
0.0 0.06180906668305397
0.0 0.06181035563349724
0.0 0.06184079498052597
0.0 0.06196039542555809
0.0 0.06198815628886223
0.0 0.062020041048526764
0.0 0.062033046036958694
0.0 0.06210301071405411
0.0 0.06216355040669441
0.0 0.06224697828292847
0.0 0.06229034811258316
0.0 0.06230093911290169
0.0 0.06230319291353226
0.0 0.062479402869939804
0.0 0.06256348639726639
0.0 0.06277415156364441
0.0 0.06278733164072037
0.0 0.06304876506328583
0.0 0.06310409307479858
0.0 0.06313743442296982
0.0 0.06316961348056793
0.0 0.06327004730701447
0.0 0.0634067952632904
0.0 0.06345169991254807
0.0 0.0635451078414917
0.0 0.06358282268047333
0.0 0.0636080875992775
0.0 0.06392556428909302
0.0 0.06394321471452713
0.0 0.06409736722707748
0.0 0.06415203958749771
0.0 0.06415964663028717
0.0 0.0642191544175148
0.0 0.06428017467260361
0.0 0.0642954409122467
0.0 0.06435150653123856
0.0 0.06439416855573654
0.0 0.06450007855892181
0.0 0.06454011797904968
0.0 0.06505244225263596
0.0 0.06516633927822113
0.0 0.0653303787112236
0.0 0.06541227549314499
0.0 0.06550043821334839
0.0 0.06559149920940399
0.0 0.06559836119413376
0.0 0.06574030220508575
0.0 0.06577702611684799
0.0 0.06599750369787216
0.0 0.06640049070119858
0.0 0.0664876252412796
0.0 0.06662918627262115
0.0 0.06669879704713821
0.0 0.06679145991802216
0.0 0.06701342761516571
0.0 0.06723803281784058
0.0 0.0674290582537651
0.0 0.06758899241685867
0.0 0.06774117052555084
0.0 0.06783502548933029
0.0 0.06786108016967773
0.0 0.06818073987960815
0.0 0.06829211115837097
0.0 0.06834834814071655
0.0 0.06854182481765747
0.0 0.06879899650812149
0.0 0.0692313015460968
0.0 0.06939247995615005
0.0 0.06943179666996002
0.0 0.06970720738172531
0.0 0.06976292282342911
0.0 0.06983883678913116
0.0 0.06996723264455795
0.0 0.07005190849304199
0.0 0.07005950808525085
0.0 0.07013169676065445
0.0 0.07042212784290314
0.0 0.070707768201828
0.0 0.07077698409557343
0.0 0.07102767378091812
0.0 0.07103536278009415
0.0 0.07111210376024246
0.0 0.071167953312397
0.0 0.07124999165534973
0.0 0.07132600247859955
0.0 0.07139092683792114
0.0 0.07165585458278656
0.0 0.07170688360929489
0.0 0.07170864939689636
0.0 0.07176531851291656
0.0 0.07200078666210175
0.0 0.07207166403532028
0.0 0.07226371765136719
0.0 0.07264342904090881
0.0 0.07270245254039764
0.0 0.07310550659894943
0.0 0.0734616369009018
0.0 0.07376639544963837
0.0 0.07403182238340378
0.0 0.07408270239830017
0.0 0.07415319234132767
0.0 0.0743730440735817
0.0 0.07448471337556839
0.0 0.07465599477291107
0.0 0.07466601580381393
0.0 0.0752706453204155
0.0 0.07534011453390121
0.0 0.07539872080087662
0.0 0.07560677826404572
0.0 0.07618777453899384
0.0 0.07635544240474701
0.0 0.07656324654817581
0.0 0.076828233897686
0.0 0.07691885530948639
0.0 0.076999232172966
0.0 0.07700108736753464
0.0 0.0771067664027214
0.0 0.07718569040298462
0.0 0.0773034542798996
0.0 0.07730574160814285
0.0 0.07745195925235748
0.0 0.07746072858572006
0.0 0.0777398943901062
0.0 0.07794275134801865
0.0 0.07880645990371704
0.0 0.07882048934698105
0.0 0.07948385179042816
0.0 0.07962748408317566
0.0 0.07974037528038025
0.0 0.07983683049678802
0.0 0.08016891777515411
0.0 0.0804663747549057
0.0 0.0805957019329071
0.0 0.08121873438358307
0.0 0.08183638751506805
0.0 0.08300597220659256
0.0 0.08348510414361954
0.0 0.08393780142068863
0.0 0.08401360362768173
0.0 0.08421413600444794
0.0 0.08484380692243576
0.0 0.0872512087225914
0.0 0.08812713623046875
0.0 0.08957769721746445
0.0 0.09292195737361908
0.0 0.09317212551832199
0.0 0.09548018872737885
0.0 0.0967385396361351
0.0 0.09798406809568405
0.0 0.09848421066999435
0.0 0.0989561378955841
0.0 0.0995468944311142
0.0 0.10480058193206787
0.0 0.10648391395807266
0.0 0.10896718502044678
0.0 0.10926584154367447
0.0 0.11344485729932785
0.0 0.11356600373983383
0.0 0.12175283581018448
0.0 0.12904272973537445
0.0 0.20029538869857788
0.0 0.26597991585731506
0.0 inf
