0.0 0.04110569879412651
0.0 0.041708506643772125
0.0 0.04281418398022652
0.0 0.04289834201335907
0.0 0.04330924153327942
0.0 0.043347880244255066
0.0 0.044945817440748215
0.0 0.04515223205089569
0.0 0.04534412547945976
0.0 0.045418012887239456
0.0 0.04668431356549263
0.0 0.04672934487462044
0.0 0.047680698335170746
0.0 0.04768693819642067
0.0 0.04915669560432434
0.0 0.049209460616111755
0.0 0.04943130165338516
0.0 0.04962645098567009
0.0 0.04994482547044754
0.0 0.05006076768040657
0.0 0.050366632640361786
0.0 0.05082635208964348
0.0 0.05091246962547302
0.0 0.051204510033130646
0.0 0.05145308002829552
0.0 0.05170133337378502
0.0 0.05173119157552719
0.0 0.051864828914403915
0.0 0.05186515673995018
0.0 0.05217413604259491
0.0 0.05281822755932808
0.0 0.05285694822669029
0.0 0.05288703367114067
0.0 0.05318193882703781
0.0 0.05319809168577194
0.0 0.05332030728459358
0.0 0.053396694362163544
0.0 0.053413718938827515
0.0 0.05390308424830437
0.0 0.054115794599056244
0.0 0.054414648562669754
0.0 0.05445915460586548
0.0 0.05454355105757713
0.0 0.054544106125831604
0.0 0.054658982902765274
0.0 0.054683879017829895
0.0 0.05475758761167526
0.0 0.05477198585867882
0.0 0.054891034960746765
0.0 0.054991383105516434
0.0 0.05509766936302185
0.0 0.05529782176017761
0.0 0.05539679899811745
0.0 0.05541948974132538
0.0 0.055643778294324875
0.0 0.05588799715042114
0.0 0.0559781938791275
0.0 0.05601724237203598
0.0 0.05625525116920471
0.0 0.05645150691270828
0.0 0.05656290054321289
0.0 0.05677231028676033
0.0 0.05683533847332001
0.0 0.057031698524951935
0.0 0.0572093166410923
0.0 0.05723075941205025
0.0 0.05724959075450897
0.0 0.05727289617061615
0.0 0.05728461220860481
0.0 0.05730895698070526
0.0 0.05738188326358795
0.0 0.0574030838906765
0.0 0.05754178762435913
0.0 0.05756499245762825
0.0 0.057621415704488754
0.0 0.05771221965551376
0.0 0.05775458738207817
0.0 0.05777416750788689
0.0 0.05790207162499428
0.0 0.0579817034304142
0.0 0.058024756610393524
0.0 0.058071643114089966
0.0 0.05807892978191376
0.0 0.05808974429965019
0.0 0.05829617753624916
0.0 0.05840044468641281
0.0 0.05843404680490494
0.0 0.05852706357836723
0.0 0.058558810502290726
0.0 0.058604829013347626
0.0 0.058688435703516006
0.0 0.05874406173825264
0.0 0.05888324975967407
0.0 0.0589233860373497
0.0 0.05915362015366554
0.0 0.059166740626096725
0.0 0.05919977277517319
0.0 0.05921885743737221
0.0 0.05932072177529335
0.0 0.05933336168527603
0.0 0.05942493677139282
0.0 0.05946383252739906
0.0 0.05948455259203911
0.0 0.059644222259521484
0.0 0.059645820409059525
0.0 0.059707511216402054
0.0 0.05973752215504646
0.0 0.05974854901432991
0.0 0.05979081988334656
0.0 0.059806857258081436
0.0 0.059994425624608994
0.0 0.060009755194187164
0.0 0.06001502647995949
0.0 0.06004561483860016
0.0 0.06012538820505142
0.0 0.06021062284708023
0.0 0.06034630164504051
0.0 0.060549505054950714
0.0 0.060566939413547516
0.0 0.06063429266214371
0.0 0.060743678361177444
0.0 0.060743823647499084
0.0 0.060777854174375534
0.0 0.060783397406339645
0.0 0.06084355339407921
0.0 0.06087496504187584
0.0 0.0609767772257328
0.0 0.06146391108632088
0.0 0.06148175895214081
0.0 0.06153249740600586
0.0 0.06154346093535423
0.0 0.06157813221216202
0.0 0.061587244272232056
0.0 0.06168568879365921
0.0 0.06169797107577324
0.0 0.06171754002571106
0.0 0.06172345578670502
0.0 0.0617382749915123
0.0 0.061768051236867905
0.0 0.0618472546339035
0.0 0.06205301731824875
0.0 0.06212937831878662
0.0 0.0622423030436039
0.0 0.06232784688472748
0.0 0.062339238822460175
0.0 0.06246383115649223
0.0 0.06254633516073227
0.0 0.06254729628562927
0.0 0.06255173683166504
0.0 0.06262088567018509
0.0 0.06266620755195618
0.0 0.06275255978107452
0.0 0.06282435357570648
0.0 0.06289822608232498
0.0 0.06293606013059616
0.0 0.06322439014911652
0.0 0.06324170529842377
0.0 0.06344043463468552
0.0 0.06355122476816177
0.0 0.06362844258546829
0.0 0.06369844824075699
0.0 0.06377643346786499
0.0 0.06384922564029694
0.0 0.06388493627309799
0.0 0.06393183767795563
0.0 0.06407833099365234
0.0 0.0642838254570961
0.0 0.06431683897972107
0.0 0.06434927880764008
0.0 0.06435961276292801
0.0 0.06437906622886658
0.0 0.06439876556396484
0.0 0.06442486494779587
0.0 0.06449729204177856
0.0 0.0645226538181305
0.0 0.06456470489501953
0.0 0.06470804661512375
0.0 0.06472890824079514
0.0 0.06475213170051575
0.0 0.06481041014194489
0.0 0.0649113804101944
0.0 0.06498199701309204
0.0 0.06499756872653961
0.0 0.06517846137285233
0.0 0.06518213450908661
0.0 0.06518350541591644
0.0 0.06520657241344452
0.0 0.06520874053239822
0.0 0.06524783372879028
0.0 0.06531183421611786
0.0 0.06534818559885025
0.0 0.06550373136997223
0.0 0.0655369833111763
0.0 0.06557773798704147
0.0 0.06566963344812393
0.0 0.06593215465545654
0.0 0.0659639909863472
0.0 0.0659923329949379
0.0 0.06608390808105469
0.0 0.06611479818820953
0.0 0.06611930578947067
0.0 0.06618673354387283
0.0 0.06641457229852676
0.0 0.06664106249809265
0.0 0.06665807962417603
0.0 0.0667535811662674
0.0 0.06693027913570404
0.0 0.06697066873311996
0.0 0.06716297566890717
0.0 0.06722933053970337
0.0 0.06723904609680176
0.0 0.06731485575437546
0.0 0.06733440607786179
0.0 0.0675276592373848
0.0 0.06753189116716385
0.0 0.06754931062459946
0.0 0.06758613139390945
0.0 0.06765788048505783
0.0 0.06766098737716675
0.0 0.06771675497293472
0.0 0.0677623301744461
0.0 0.06796048581600189
0.0 0.06805773079395294
0.0 0.06806659698486328
0.0 0.06816382706165314
0.0 0.06817271560430527
0.0 0.06837284564971924
0.0 0.06840936839580536
0.0 0.06844135373830795
0.0 0.06851907074451447
0.0 0.06865428388118744
0.0 0.0686795637011528
0.0 0.06883852183818817
0.0 0.06889944523572922
0.0 0.06904755532741547
0.0 0.06905847042798996
0.0 0.06908439844846725
0.0 0.06910277158021927
0.0 0.06912768632173538
0.0 0.06937361508607864
0.0 0.06946960836648941
0.0 0.06956857442855835
0.0 0.06969685852527618
0.0 0.06970244646072388
0.0 0.06978052854537964
0.0 0.06991731375455856
0.0 0.06992080062627792
0.0 0.06994172185659409
0.0 0.06994621455669403
0.0 0.06994741410017014
0.0 0.07000094652175903
0.0 0.07003950327634811
0.0 0.07004910707473755
0.0 0.07026679813861847
0.0 0.07027323544025421
0.0 0.07028461247682571
0.0 0.07029414176940918
0.0 0.07038212567567825
0.0 0.07041531801223755
0.0 0.07059351354837418
0.0 0.07064081728458405
0.0 0.07067856937646866
0.0 0.07072023302316666
0.0 0.07072540372610092
0.0 0.07075058668851852
0.0 0.07076729834079742
0.0 0.07082926481962204
0.0 0.07088761776685715
0.0 0.07095510512590408
0.0 0.0709691196680069
0.0 0.07107026875019073
0.0 0.0711224302649498
0.0 0.0713326558470726
0.0 0.07139730453491211
0.0 0.07142025232315063
0.0 0.07158573716878891
0.0 0.07168649882078171
0.0 0.07183992862701416
0.0 0.0720171183347702
0.0 0.07207302004098892
0.0 0.07226835936307907
0.0 0.07231007516384125
0.0 0.07237619906663895
0.0 0.07243047654628754
0.0 0.07255224883556366
0.0 0.07260186225175858
0.0 0.07272343337535858
0.0 0.07301735877990723
0.0 0.07320546358823776
0.0 0.07323554903268814
0.0 0.07334961742162704
0.0 0.07341478765010834
0.0 0.07344453036785126
0.0 0.07348315417766571
0.0 0.07356300950050354
0.0 0.07383456081151962
0.0 0.07404501736164093
0.0 0.07404594868421555
0.0 0.07426656782627106
0.0 0.07440001517534256
0.0 0.07443530857563019
0.0 0.07444453984498978
0.0 0.07445923984050751
0.0 0.07448019087314606
0.0 0.07452598959207535
0.0 0.07458634674549103
0.0 0.07463949173688889
0.0 0.07469602674245834
0.0 0.07473679631948471
0.0 0.07486966252326965
0.0 0.0749029815196991
0.0 0.0749780610203743
0.0 0.07503069937229156
0.0 0.07514072954654694
0.0 0.0752197727560997
0.0 0.07524123787879944
0.0 0.0752469077706337
0.0 0.07535828649997711
0.0 0.07541149109601974
0.0 0.07552946358919144
0.0 0.07566099613904953
0.0 0.0757310539484024
0.0 0.07580487430095673
0.0 0.07585956156253815
0.0 0.0760330930352211
0.0 0.07604658603668213
0.0 0.07606334984302521
0.0 0.07614300400018692
0.0 0.07619417458772659
0.0 0.07630974054336548
0.0 0.07642011344432831
0.0 0.07666302472352982
0.0 0.07680079340934753
0.0 0.07680550217628479
0.0 0.07691406458616257
0.0 0.0771106407046318
0.0 0.07718318700790405
0.0 0.07732778787612915
0.0 0.0775020495057106
0.0 0.0777909979224205
0.0 0.07786483317613602
0.0 0.07804322242736816
0.0 0.07814071327447891
0.0 0.07835698872804642
0.0 0.0783667042851448
0.0 0.07847058027982712
0.0 0.07849205285310745
0.0 0.07857667654752731
0.0 0.07858783006668091
0.0 0.07874499261379242
0.0 0.0788087472319603
0.0 0.0788586437702179
0.0 0.07894217222929001
0.0 0.07894971966743469
0.0 0.07902193069458008
0.0 0.07907155901193619
0.0 0.07916363328695297
0.0 0.0797463059425354
0.0 0.07980770617723465
0.0 0.0798453614115715
0.0 0.07984920591115952
0.0 0.08000865578651428
0.0 0.08008226007223129
0.0 0.08027882874011993
0.0 0.08030808717012405
0.0 0.08032448589801788
0.0 0.08051109313964844
0.0 0.08082835376262665
0.0 0.08096598088741302
0.0 0.08098603039979935
0.0 0.08119682222604752
0.0 0.08148985356092453
0.0 0.08199659734964371
0.0 0.08200982958078384
0.0 0.08221461623907089
0.0 0.08247148990631104
0.0 0.08251547813415527
0.0 0.08255720883607864
0.0 0.0826144888997078
0.0 0.08262398838996887
0.0 0.08285072445869446
0.0 0.08293819427490234
0.0 0.08298381417989731
0.0 0.08299781382083893
0.0 0.08302682638168335
0.0 0.08325717598199844
0.0 0.08330181241035461
0.0 0.08344559371471405
0.0 0.08364152163267136
0.0 0.08369852602481842
0.0 0.08410819619894028
0.0 0.08411749452352524
0.0 0.08414337784051895
0.0 0.08421780169010162
0.0 0.08441078662872314
0.0 0.08457131683826447
0.0 0.08471402525901794
0.0 0.08489323407411575
0.0 0.08502136915922165
0.0 0.08504895120859146
0.0 0.08515392988920212
0.0 0.08516792207956314
0.0 0.08553598821163177
0.0 0.08557065576314926
0.0 0.08570200949907303
0.0 0.08583933860063553
0.0 0.08591964840888977
0.0 0.08596789091825485
0.0 0.08660882711410522
0.0 0.08664868772029877
0.0 0.08664940297603607
0.0 0.08674762398004532
0.0 0.08678699284791946
0.0 0.08687443286180496
0.0 0.08716392517089844
0.0 0.08721858263015747
0.0 0.0873418003320694
0.0 0.0873614028096199
0.0 0.08754002302885056
0.0 0.08757232874631882
0.0 0.08814716339111328
0.0 0.08816298097372055
0.0 0.08858243376016617
0.0 0.08862164616584778
0.0 0.08920042961835861
0.0 0.0896749198436737
0.0 0.08990950882434845
0.0 0.09001677483320236
0.0 0.09019655734300613
0.0 0.09022421389818192
0.0 0.09047312289476395
0.0 0.09047671407461166
0.0 0.0905141681432724
0.0 0.09069015085697174
0.0 0.09087963402271271
0.0 0.09092603623867035
0.0 0.09095411002635956
0.0 0.09153687953948975
0.0 0.09175428003072739
0.0 0.09208565950393677
0.0 0.09237184375524521
0.0 0.09246621280908585
0.0 0.0926002711057663
0.0 0.0928972065448761
0.0 0.09297025948762894
0.0 0.0931238904595375
0.0 0.0933171808719635
0.0 0.09341564774513245
0.0 0.0935194119811058
0.0 0.09354667365550995
0.0 0.09396708011627197
0.0 0.09411577135324478
0.0 0.09414535760879517
0.0 0.09417605400085449
0.0 0.09424355626106262
0.0 0.09427244961261749
0.0 0.09444348514080048
0.0 0.09446766972541809
0.0 0.09459835290908813
0.0 0.09477754682302475
0.0 0.09477872401475906
0.0 0.09478713572025299
0.0 0.09492669254541397
0.0 0.09537612646818161
0.0 0.09605654329061508
0.0 0.09632854163646698
0.0 0.09647718071937561
0.0 0.09671182185411453
0.0 0.0967504009604454
0.0 0.09679840505123138
0.0 0.09699121862649918
0.0 0.09717391431331635
0.0 0.09755661338567734
0.0 0.09763256460428238
0.0 0.09774920344352722
0.0 0.09786855429410934
0.0 0.09793426096439362
0.0 0.09796853363513947
0.0 0.09802606701850891
0.0 0.09835973381996155
0.0 0.09858917444944382
0.0 0.09898211807012558
0.0 0.09936490654945374
0.0 0.10001637041568756
0.0 0.10015703737735748
0.0 0.10081637650728226
0.0 0.10209805518388748
0.0 0.10245649516582489
0.0 0.10249491035938263
0.0 0.10258390009403229
0.0 0.10315743833780289
0.0 0.10320313274860382
0.0 0.10364814847707748
0.0 0.10367309302091599
0.0 0.10372821986675262
0.0 0.10607415437698364
0.0 0.1065313071012497
0.0 0.10655496269464493
0.0 0.10687249153852463
0.0 0.10884272307157516
0.0 0.10904055833816528
0.0 0.10982272773981094
0.0 0.11078448593616486
0.0 0.11232009530067444
0.0 0.11484821885824203
0.0 0.11494860053062439
0.0 0.11770974844694138
0.0 0.1229533851146698
0.0 0.12708936631679535
0.0 0.12972891330718994
0.0 0.14139920473098755
0.0 inf
