0.0 0.03306945413351059
0.0 0.03423461690545082
0.0 0.037269074469804764
0.0 0.03763068467378616
0.0 0.03818685561418533
0.0 0.03857973963022232
0.0 0.03864383324980736
0.0 0.039055678993463516
0.0 0.039321720600128174
0.0 0.03981596976518631
0.0 0.04093853011727333
0.0 0.04128023609519005
0.0 0.041383322328329086
0.0 0.04144204035401344
0.0 0.04170919582247734
0.0 0.04262417554855347
0.0 0.04299716278910637
0.0 0.043273407965898514
0.0 0.04338059946894646
0.0 0.043787721544504166
0.0 0.04380792751908302
0.0 0.04405249282717705
0.0 0.044104546308517456
0.0 0.044158753007650375
0.0 0.04417572543025017
0.0 0.04448000341653824
0.0 0.04461176320910454
0.0 0.04463276267051697
0.0 0.044696103781461716
0.0 0.044789887964725494
0.0 0.04487493634223938
0.0 0.045221958309412
0.0 0.04552276432514191
0.0 0.04562116786837578
0.0 0.045669522136449814
0.0 0.04582544043660164
0.0 0.04603401944041252
0.0 0.04644742235541344
0.0 0.04648019000887871
0.0 0.04689798131585121
0.0 0.04705127328634262
0.0 0.04715360701084137
0.0 0.047198336571455
0.0 0.04729513078927994
0.0 0.04731404781341553
0.0 0.04738004878163338
0.0 0.04750485345721245
0.0 0.04769183322787285
0.0 0.04789676144719124
0.0 0.04794276878237724
0.0 0.04797005653381348
0.0 0.048444829881191254
0.0 0.04853358119726181
0.0 0.048589836806058884
0.0 0.048700857907533646
0.0 0.048773206770420074
0.0 0.04877987504005432
0.0 0.04885624349117279
0.0 0.04936874657869339
0.0 0.04951736330986023
0.0 0.04963040351867676
0.0 0.04973047226667404
0.0 0.04973077028989792
0.0 0.04989784583449364
0.0 0.04994472488760948
0.0 0.05007031932473183
0.0 0.05015738680958748
0.0 0.05019517242908478
0.0 0.05022793635725975
0.0 0.050310466438531876
0.0 0.05033008009195328
0.0 0.050439752638339996
0.0 0.05055883154273033
0.0 0.05057895928621292
0.0 0.050711292773485184
0.0 0.05073276534676552
0.0 0.05075642839074135
0.0 0.05083050951361656
0.0 0.05088407173752785
0.0 0.05088863521814346
0.0 0.05094287917017937
0.0 0.05128839984536171
0.0 0.05131129175424576
0.0 0.051364462822675705
0.0 0.0514524020254612
0.0 0.05145415663719177
0.0 0.051458366215229034
0.0 0.05149035155773163
0.0 0.05152641236782074
0.0 0.051641203463077545
0.0 0.051673125475645065
0.0 0.051710572093725204
0.0 0.051736608147621155
0.0 0.05178779363632202
0.0 0.051800526678562164
0.0 0.05189530551433563
0.0 0.051911137998104095
0.0 0.05194959044456482
0.0 0.05195954069495201
0.0 0.05202687531709671
0.0 0.05206530913710594
0.0 0.05223912000656128
0.0 0.05235809087753296
0.0 0.05237535014748573
0.0 0.05243130400776863
0.0 0.052469417452812195
0.0 0.052657753229141235
0.0 0.052898090332746506
0.0 0.05291498452425003
0.0 0.05293350666761398
0.0 0.05310772359371185
0.0 0.053159721195697784
0.0 0.05317229777574539
0.0 0.05322591960430145
0.0 0.05333515256643295
0.0 0.053411077708005905
0.0 0.053483784198760986
0.0 0.053544022142887115
0.0 0.05357031896710396
0.0 0.05361270159482956
0.0 0.053672805428504944
0.0 0.053679436445236206
0.0 0.05373585969209671
0.0 0.05393337085843086
0.0 0.05395011231303215
0.0 0.054120469838380814
0.0 0.05418810993432999
0.0 0.054225534200668335
0.0 0.05433041602373123
0.0 0.05433974787592888
0.0 0.05446523800492287
0.0 0.05447161942720413
0.0 0.05451928451657295
0.0 0.054570358246564865
0.0 0.05462126433849335
0.0 0.05462336912751198
0.0 0.05466228350996971
0.0 0.05466640368103981
0.0 0.05467701330780983
0.0 0.05470818653702736
0.0 0.05473087728023529
0.0 0.05479198694229126
0.0 0.05480031669139862
0.0 0.05482424050569534
0.0 0.05485831946134567
0.0 0.05488404631614685
0.0 0.05491698533296585
0.0 0.05500836670398712
0.0 0.055085688829422
0.0 0.055097486823797226
0.0 0.05515473708510399
0.0 0.0551711767911911
0.0 0.05517870932817459
0.0 0.05523253604769707
0.0 0.055259820073843
0.0 0.05529588833451271
0.0 0.05531485378742218
0.0 0.05550777539610863
0.0 0.055614765733480453
0.0 0.05565273016691208
0.0 0.055685367435216904
0.0 0.05575544759631157
0.0 0.05587563291192055
0.0 0.05589829385280609
0.0 0.055935170501470566
0.0 0.05594150722026825
0.0 0.05601979419589043
0.0 0.05603698268532753
0.0 0.05613080412149429
0.0 0.0561913438141346
0.0 0.05634623393416405
0.0 0.05649375542998314
0.0 0.05650670453906059
0.0 0.05654915049672127
0.0 0.056652940809726715
0.0 0.05676759406924248
0.0 0.056817665696144104
0.0 0.05682893842458725
0.0 0.05690407007932663
0.0 0.05690508708357811
0.0 0.05696895346045494
0.0 0.05699541047215462
0.0 0.05714266747236252
0.0 0.05719854310154915
0.0 0.05720042064785957
0.0 0.05724970996379852
0.0 0.057422101497650146
0.0 0.05743498355150223
0.0 0.057505615055561066
0.0 0.057520173490047455
0.0 0.05760585144162178
0.0 0.05768702179193497
0.0 0.05773448571562767
0.0 0.05778895691037178
0.0 0.05782482028007507
0.0 0.0579281784594059
0.0 0.05795010179281235
0.0 0.05807286500930786
0.0 0.05808388069272041
0.0 0.058205507695674896
0.0 0.05821646377444267
0.0 0.05822525918483734
0.0 0.05828659608960152
0.0 0.05831728130578995
0.0 0.05839694291353226
0.0 0.05841751769185066
0.0 0.0585036426782608
0.0 0.0585392527282238
0.0 0.05867587774991989
0.0 0.05868208780884743
0.0 0.05873546749353409
0.0 0.058795902878046036
0.0 0.058895278722047806
0.0 0.05889695882797241
0.0 0.058934517204761505
0.0 0.05896897614002228
0.0 0.05905088409781456
0.0 0.059077583253383636
0.0 0.05909675359725952
0.0 0.059151314198970795
0.0 0.059185776859521866
0.0 0.059240952134132385
0.0 0.05933186784386635
0.0 0.059515051543712616
0.0 0.05953841656446457
0.0 0.059720586985349655
0.0 0.059746578335762024
0.0 0.059757404029369354
0.0 0.05977477505803108
0.0 0.059790290892124176
0.0 0.059968482702970505
0.0 0.06011537089943886
0.0 0.060125939548015594
0.0 0.06013605371117592
0.0 0.06026168167591095
0.0 0.06034171208739281
0.0 0.06050170212984085
0.0 0.060632240027189255
0.0 0.06065751239657402
0.0 0.0609063096344471
0.0 0.06093638390302658
0.0 0.06096059828996658
0.0 0.06098219007253647
0.0 0.06103011593222618
0.0 0.06118522956967354
0.0 0.06133539602160454
0.0 0.06144126504659653
0.0 0.06150537729263306
0.0 0.061650343239307404
0.0 0.061935245990753174
0.0 0.06197785958647728
0.0 0.06207370012998581
0.0 0.06222039833664894
0.0 0.06236732378602028
0.0 0.06238490343093872
0.0 0.06248262897133827
0.0 0.06252221018075943
0.0 0.0626409649848938
0.0 0.06280020624399185
0.0 0.06288904696702957
0.0 0.06294217705726624
0.0 0.06295990943908691
0.0 0.06302904337644577
0.0 0.06304683536291122
0.0 0.063344307243824
0.0 0.06334996968507767
0.0 0.06343391537666321
0.0 0.06345076858997345
0.0 0.06364171952009201
0.0 0.06398063153028488
0.0 0.06411553919315338
0.0 0.06412582099437714
0.0 0.0642375499010086
0.0 0.06435373425483704
0.0 0.06435970216989517
0.0 0.06441760063171387
0.0 0.06457548588514328
0.0 0.0647207498550415
0.0 0.0647384449839592
0.0 0.06476662307977676
0.0 0.06486328691244125
0.0 0.06500741839408875
0.0 0.06507731229066849
0.0 0.0650923103094101
0.0 0.06510760635137558
0.0 0.06511728465557098
0.0 0.0651717260479927
0.0 0.06520023941993713
0.0 0.06529366970062256
0.0 0.0653204470872879
0.0 0.0655788704752922
0.0 0.0656137466430664
0.0 0.06571373343467712
0.0 0.06582111865282059
0.0 0.0659898966550827
0.0 0.06629998236894608
0.0 0.0663156509399414
0.0 0.06633094698190689
0.0 0.06643331795930862
0.0 0.06650706380605698
0.0 0.06661082059144974
0.0 0.06664697080850601
0.0 0.06668837368488312
0.0 0.06712225824594498
0.0 0.06715916842222214
0.0 0.06721863895654678
0.0 0.06726975739002228
0.0 0.06727176904678345
0.0 0.0672764703631401
0.0 0.06730461865663528
0.0 0.06734387576580048
0.0 0.06743800640106201
0.0 0.06751155853271484
0.0 0.06761640310287476
0.0 0.0677180364727974
0.0 0.06772906333208084
0.0 0.0677538812160492
0.0 0.06792993098497391
0.0 0.06808225810527802
0.0 0.06819142401218414
0.0 0.06830579042434692
0.0 0.06835491955280304
0.0 0.06841468811035156
0.0 0.06842679530382156
0.0 0.06842942535877228
0.0 0.06861381232738495
0.0 0.06864148378372192
0.0 0.06867856532335281
0.0 0.06870094686746597
0.0 0.06882043927907944
0.0 0.06895583122968674
0.0 0.06902258098125458
0.0 0.06909964978694916
0.0 0.06913384795188904
0.0 0.06915777176618576
0.0 0.06920357048511505
0.0 0.06929121911525726
0.0 0.06941200792789459
0.0 0.06942074000835419
0.0 0.06942091882228851
0.0 0.0695655569434166
0.0 0.0696345642209053
0.0 0.0696391686797142
0.0 0.06971094757318497
0.0 0.0699622705578804
0.0 0.07016242295503616
0.0 0.07019644975662231
0.0 0.07044749706983566
0.0 0.07053834944963455
0.0 0.07057761400938034
0.0 0.0706537738442421
0.0 0.07073419541120529
0.0 0.0707508772611618
0.0 0.07090558856725693
0.0 0.07115236669778824
0.0 0.07115326821804047
0.0 0.07121533155441284
0.0 0.07130098342895508
0.0 0.07148852199316025
0.0 0.07149499654769897
0.0 0.0715041384100914
0.0 0.07195505499839783
0.0 0.07205131649971008
0.0 0.07206152379512787
0.0 0.07221540808677673
0.0 0.07224965840578079
0.0 0.07228843867778778
0.0 0.07231375575065613
0.0 0.07254303246736526
0.0 0.07260402292013168
0.0 0.07267184555530548
0.0 0.07282007485628128
0.0 0.072854183614254
0.0 0.07295414060354233
0.0 0.07305030524730682
0.0 0.0730990618467331
0.0 0.07313773036003113
0.0 0.07314247637987137
0.0 0.07315418869256973
0.0 0.07326991111040115
0.0 0.07359263300895691
0.0 0.07359275221824646
0.0 0.07360275834798813
0.0 0.07366874068975449
0.0 0.07384306192398071
0.0 0.07386492937803268
0.0 0.07436911016702652
0.0 0.07443589717149734
0.0 0.0747869461774826
0.0 0.07483319938182831
0.0 0.07486505061388016
0.0 0.07489657402038574
0.0 0.07496096938848495
0.0 0.07498853653669357
0.0 0.07501912117004395
0.0 0.0750473216176033
0.0 0.07509663701057434
0.0 0.07518953084945679
0.0 0.07519007474184036
0.0 0.07535521686077118
0.0 0.0754096508026123
0.0 0.07541974633932114
0.0 0.07551109045743942
0.0 0.07552610337734222
0.0 0.07554331421852112
0.0 0.07559026777744293
0.0 0.07566181570291519
0.0 0.0758819729089737
0.0 0.07589948922395706
0.0 0.07591594010591507
0.0 0.0763399675488472
0.0 0.07650315761566162
0.0 0.07677604258060455
0.0 0.07678674906492233
0.0 0.07695803791284561
0.0 0.07701469212770462
0.0 0.0770726352930069
0.0 0.07708714157342911
0.0 0.07724388688802719
0.0 0.07728268951177597
0.0 0.0776139572262764
0.0 0.07763659954071045
0.0 0.07769666612148285
0.0 0.07773043215274811
0.0 0.07776588201522827
0.0 0.07810089737176895
0.0 0.07819852232933044
0.0 0.07823340594768524
0.0 0.07844413071870804
0.0 0.07864921540021896
0.0 0.07865078002214432
0.0 0.07865985482931137
0.0 0.07883546501398087
0.0 0.07888126373291016
0.0 0.07906065881252289
0.0 0.07910462468862534
0.0 0.07926985621452332
0.0 0.07931410521268845
0.0 0.0795358195900917
0.0 0.08010624349117279
0.0 0.08021947741508484
0.0 0.08028583973646164
0.0 0.08045709133148193
0.0 0.08058924973011017
0.0 0.0807984322309494
0.0 0.08081302046775818
0.0 0.08084506541490555
0.0 0.08086755126714706
0.0 0.08149173855781555
0.0 0.08161228895187378
0.0 0.081866055727005
0.0 0.08189279586076736
0.0 0.0820024162530899
0.0 0.08248957246541977
0.0 0.0828009620308876
0.0 0.0828864648938179
0.0 0.08297057449817657
0.0 0.08318079262971878
0.0 0.08346588164567947
0.0 0.08359263837337494
0.0 0.08380131423473358
0.0 0.08382478356361389
0.0 0.08405973017215729
0.0 0.08409882336854935
0.0 0.08411041647195816
0.0 0.08425118029117584
0.0 0.08451516181230545
0.0 0.08462362736463547
0.0 0.08463862538337708
0.0 0.08473081886768341
0.0 0.08512230217456818
0.0 0.08519884198904037
0.0 0.08531725406646729
0.0 0.08607345819473267
0.0 0.086698979139328
0.0 0.08705773204565048
0.0 0.08730735629796982
0.0 0.08769005537033081
0.0 0.0882142186164856
0.0 0.08829080313444138
0.0 0.08932612091302872
0.0 0.08940061181783676
0.0 0.08946649730205536
0.0 0.08976004272699356
0.0 0.09037303924560547
0.0 0.09132806956768036
0.0 0.09139556437730789
0.0 0.09143705666065216
0.0 0.09166593849658966
0.0 0.09211742132902145
0.0 0.09313583374023438
0.0 0.09359545260667801
0.0 0.09452402591705322
0.0 0.09460746496915817
0.0 0.09577500075101852
0.0 0.09781453013420105
0.0 0.09792255610227585
0.0 0.09996742755174637
0.0 0.10080935060977936
0.0 0.10119079053401947
0.0 0.10218562185764313
0.0 0.10290966182947159
0.0 0.10407153517007828
0.0 0.10443878173828125
0.0 0.10462108254432678
0.0 0.10623671114444733
0.0 0.10919415205717087
0.0 0.11583218723535538
0.0 0.11853086948394775
0.0 0.13164077699184418
0.0 0.13695941865444183
0.0 inf
