0.0 0.047947827726602554
0.0 0.048007313162088394
0.0 0.05734732747077942
0.0 0.058737799525260925
0.0 0.059603963047266006
0.0 0.06002368405461311
0.0 0.06062687933444977
0.0 0.0608261413872242
0.0 0.06110534071922302
0.0 0.061322811990976334
0.0 0.06153618544340134
0.0 0.06219462677836418
0.0 0.06249168515205383
0.0 0.06276839226484299
0.0 0.06283542513847351
0.0 0.06314558535814285
0.0 0.06315305829048157
0.0 0.06358382850885391
0.0 0.06369497627019882
0.0 0.06392759829759598
0.0 0.06401053816080093
0.0 0.06427706032991409
0.0 0.06464017927646637
0.0 0.06496355682611465
0.0 0.06558699160814285
0.0 0.0657057911157608
0.0 0.06574966013431549
0.0 0.06577236950397491
0.0 0.06583162397146225
0.0 0.06613416224718094
0.0 0.06627707928419113
0.0 0.06667042523622513
0.0 0.06668037176132202
0.0 0.06693193316459656
0.0 0.0669596716761589
0.0 0.0672818198800087
0.0 0.06728263199329376
0.0 0.06736266613006592
0.0 0.06740490347146988
0.0 0.06769934296607971
0.0 0.06774113327264786
0.0 0.06804580986499786
0.0 0.06837887316942215
0.0 0.06857434660196304
0.0 0.06870750337839127
0.0 0.06880640238523483
0.0 0.06904935836791992
0.0 0.06920319050550461
0.0 0.06920937448740005
0.0 0.06951352953910828
0.0 0.06960512697696686
0.0 0.06979379802942276
0.0 0.06983241438865662
0.0 0.0698789432644844
0.0 0.07005444169044495
0.0 0.07006348669528961
0.0 0.07007881999015808
0.0 0.07013525813817978
0.0 0.07054432481527328
0.0 0.07062333822250366
0.0 0.07064447551965714
0.0 0.07071854919195175
0.0 0.07117103785276413
0.0 0.07121194899082184
0.0 0.07151380926370621
0.0 0.07157274335622787
0.0 0.07187478244304657
0.0 0.07189976423978806
0.0 0.07199600338935852
0.0 0.07201559841632843
0.0 0.0724935531616211
0.0 0.07255373895168304
0.0 0.07282137870788574
0.0 0.07307837158441544
0.0 0.07327112555503845
0.0 0.07331741601228714
0.0 0.07348912954330444
0.0 0.07352571934461594
0.0 0.07368353009223938
0.0 0.07390135526657104
0.0 0.07398038357496262
0.0 0.07412268221378326
0.0 0.07416868209838867
0.0 0.07437466084957123
0.0 0.07451510429382324
0.0 0.07456935942173004
0.0 0.07459361851215363
0.0 0.07470064610242844
0.0 0.0747341439127922
0.0 0.07477812469005585
0.0 0.07490046322345734
0.0 0.07514625787734985
0.0 0.07528379559516907
0.0 0.07542979717254639
0.0 0.07545501738786697
0.0 0.07562386244535446
0.0 0.07576233148574829
0.0 0.07588361948728561
0.0 0.07592937350273132
0.0 0.07594691216945648
0.0 0.07602433115243912
0.0 0.0760740265250206
0.0 0.0761423259973526
0.0 0.07616807520389557
0.0 0.07622049748897552
0.0 0.07622120529413223
0.0 0.07629112899303436
0.0 0.07634980976581573
0.0 0.07651018351316452
0.0 0.07654264569282532
0.0 0.0766684040427208
0.0 0.076700359582901
0.0 0.07670287787914276
0.0 0.07672981917858124
0.0 0.076744943857193
0.0 0.07683129608631134
0.0 0.07689544558525085
0.0 0.07701461017131805
0.0 0.07710283994674683
0.0 0.0771077424287796
0.0 0.07731495052576065
0.0 0.07735707610845566
0.0 0.0773717537522316
0.0 0.07748762518167496
0.0 0.07752474397420883
0.0 0.07765985280275345
0.0 0.07770682126283646
0.0 0.0778828039765358
0.0 0.07795152068138123
0.0 0.07815562188625336
0.0 0.07817716896533966
0.0 0.07821812480688095
0.0 0.07826455682516098
0.0 0.07830498367547989
0.0 0.07834654301404953
0.0 0.07838606089353561
0.0 0.07848847657442093
0.0 0.0785074532032013
0.0 0.0785614550113678
0.0 0.07859019935131073
0.0 0.07859449088573456
0.0 0.07895568758249283
0.0 0.07907749712467194
0.0 0.07908234000205994
0.0 0.07910186797380447
0.0 0.07915391772985458
0.0 0.07917115092277527
0.0 0.07934501767158508
0.0 0.07956583797931671
0.0 0.07965654134750366
0.0 0.07985609769821167
0.0 0.08003067225217819
0.0 0.08010188490152359
0.0 0.08012305945158005
0.0 0.08029463142156601
0.0 0.08034726232290268
0.0 0.0804113820195198
0.0 0.0805191844701767
0.0 0.08053165674209595
0.0 0.080686554312706
0.0 0.08072321116924286
0.0 0.08072669804096222
0.0 0.08082492649555206
0.0 0.08085855841636658
0.0 0.08091092854738235
0.0 0.08092623203992844
0.0 0.08096450567245483
0.0 0.08120498806238174
0.0 0.08120690286159515
0.0 0.08141651004552841
0.0 0.08149942010641098
0.0 0.08157343417406082
0.0 0.08162564039230347
0.0 0.08169002085924149
0.0 0.08177296817302704
0.0 0.08186528831720352
0.0 0.08187764137983322
0.0 0.08190423995256424
0.0 0.08195125311613083
0.0 0.08207324892282486
0.0 0.08224347978830338
0.0 0.08231509476900101
0.0 0.08237677812576294
0.0 0.0823802649974823
0.0 0.08245649933815002
0.0 0.08259975165128708
0.0 0.08275455236434937
0.0 0.08307105302810669
0.0 0.0831335261464119
0.0 0.08320321142673492
0.0 0.08327336609363556
0.0 0.08328612148761749
0.0 0.08341743797063828
0.0 0.0835830494761467
0.0 0.08384866267442703
0.0 0.08395080268383026
0.0 0.08396514505147934
0.0 0.08407220244407654
0.0 0.08411070704460144
0.0 0.08418890833854675
0.0 0.08431173115968704
0.0 0.08432896435260773
0.0 0.08448854088783264
0.0 0.08471541851758957
0.0 0.08475127816200256
0.0 0.08499131351709366
0.0 0.08502482622861862
0.0 0.08519275486469269
0.0 0.08521874994039536
0.0 0.08526276797056198
0.0 0.08531343191862106
0.0 0.08539898693561554
0.0 0.08548253029584885
0.0 0.08560813963413239
0.0 0.08580055087804794
0.0 0.08584333211183548
0.0 0.08588174730539322
0.0 0.0859452486038208
0.0 0.08609481155872345
0.0 0.08614473044872284
0.0 0.08615051209926605
0.0 0.08619236201047897
0.0 0.086293064057827
0.0 0.08634547889232635
0.0 0.08645693212747574
0.0 0.08646555989980698
0.0 0.08649145811796188
0.0 0.08683618158102036
0.0 0.08689651638269424
0.0 0.08702758699655533
0.0 0.08705097436904907
0.0 0.08705483376979828
0.0 0.08725153654813766
0.0 0.08726676553487778
0.0 0.08733319491147995
0.0 0.08749474585056305
0.0 0.08753564953804016
0.0 0.08756425976753235
0.0 0.08763212710618973
0.0 0.08766814321279526
0.0 0.08779413998126984
0.0 0.08783399313688278
0.0 0.08786933869123459
0.0 0.0879283919930458
0.0 0.08795255422592163
0.0 0.08800244331359863
0.0 0.08801829814910889
0.0 0.08819173276424408
0.0 0.08831623941659927
0.0 0.08834832161664963
0.0 0.08836351335048676
0.0 0.0883682370185852
0.0 0.08838111907243729
0.0 0.08838892728090286
0.0 0.08840470016002655
0.0 0.08845915645360947
0.0 0.08854325115680695
0.0 0.08856818825006485
0.0 0.08885686099529266
0.0 0.08889103680849075
0.0 0.08898608386516571
0.0 0.08906813710927963
0.0 0.08908896148204803
0.0 0.08915149420499802
0.0 0.08918004482984543
0.0 0.08921738713979721
0.0 0.08934693038463593
0.0 0.08936550468206406
0.0 0.08948172628879547
0.0 0.08959196507930756
0.0 0.08965306729078293
0.0 0.08983990550041199
0.0 0.08993798494338989
0.0 0.0899561420083046
0.0 0.09002634882926941
0.0 0.09011650085449219
0.0 0.09025326371192932
0.0 0.09029728174209595
0.0 0.09043730795383453
0.0 0.09052038192749023
0.0 0.09053419530391693
0.0 0.09072301536798477
0.0 0.09076695889234543
0.0 0.09078065305948257
0.0 0.09088516235351562
0.0 0.09089352190494537
0.0 0.09091142565011978
0.0 0.09109921753406525
0.0 0.0911598652601242
0.0 0.09118028730154037
0.0 0.09135208278894424
0.0 0.09151554107666016
0.0 0.09153038263320923
0.0 0.09159781783819199
0.0 0.09160614758729935
0.0 0.09163106232881546
0.0 0.09168271720409393
0.0 0.09177041053771973
0.0 0.09190966188907623
0.0 0.09205670654773712
0.0 0.09210599958896637
0.0 0.09238152951002121
0.0 0.09264568239450455
0.0 0.09293034672737122
0.0 0.09306748956441879
0.0 0.09308221191167831
0.0 0.0930824801325798
0.0 0.09309952706098557
0.0 0.09329149127006531
0.0 0.09363303333520889
0.0 0.09382197260856628
0.0 0.09394975006580353
0.0 0.09400656074285507
0.0 0.09406031668186188
0.0 0.0941876545548439
0.0 0.09425344318151474
0.0 0.09447726607322693
0.0 0.09454992413520813
0.0 0.09484728425741196
0.0 0.09485243260860443
0.0 0.09500779211521149
0.0 0.09504476934671402
0.0 0.09519952535629272
0.0 0.09541580826044083
0.0 0.09544157981872559
0.0 0.09549202024936676
0.0 0.0955926850438118
0.0 0.09576892107725143
0.0 0.09581481665372849
0.0 0.09594464302062988
0.0 0.09624483436346054
0.0 0.09627854079008102
0.0 0.0963364690542221
0.0 0.09645307809114456
0.0 0.0966046154499054
0.0 0.09679187089204788
0.0 0.09686198830604553
0.0 0.0969603881239891
0.0 0.09702273458242416
0.0 0.09715578705072403
0.0 0.0973050594329834
0.0 0.09734320640563965
0.0 0.09760871529579163
0.0 0.09771809726953506
0.0 0.09789197891950607
0.0 0.09790496528148651
0.0 0.0979069396853447
0.0 0.09820836782455444
0.0 0.09827251732349396
0.0 0.09845056384801865
0.0 0.09853269159793854
0.0 0.09896962344646454
0.0 0.09901323169469833
0.0 0.09969828277826309
0.0 0.09987104684114456
0.0 0.09996233135461807
0.0 0.09997320175170898
0.0 0.10003051906824112
0.0 0.10030192881822586
0.0 0.10033531486988068
0.0 0.10070846974849701
0.0 0.10072225332260132
0.0 0.10092639178037643
0.0 0.10102027654647827
0.0 0.10111422836780548
0.0 0.10112850368022919
0.0 0.10115387290716171
0.0 0.10138271749019623
0.0 0.10146831721067429
0.0 0.10148175060749054
0.0 0.10151370614767075
0.0 0.10152154415845871
0.0 0.10170478373765945
0.0 0.10174495726823807
0.0 0.10201580077409744
0.0 0.10213500261306763
0.0 0.10252013802528381
0.0 0.10279729962348938
0.0 0.10284476727247238
0.0 0.10292249917984009
0.0 0.10310088843107224
0.0 0.10319996625185013
0.0 0.10327988862991333
0.0 0.10344897210597992
0.0 0.10358130931854248
0.0 0.10388872027397156
0.0 0.10409779846668243
0.0 0.10432319343090057
0.0 0.10436464101076126
0.0 0.1046232357621193
0.0 0.10463366657495499
0.0 0.10470716655254364
0.0 0.10479868203401566
0.0 0.10482385754585266
0.0 0.1049211323261261
0.0 0.10510411113500595
0.0 0.10517947375774384
0.0 0.10530596971511841
0.0 0.10539450496435165
0.0 0.10551422834396362
0.0 0.10558318346738815
0.0 0.10601621121168137
0.0 0.10616683959960938
0.0 0.10618233680725098
0.0 0.10650066286325455
0.0 0.10651196539402008
0.0 0.1067071482539177
0.0 0.10686279833316803
0.0 0.10687190294265747
0.0 0.10693374276161194
0.0 0.107417993247509
0.0 0.10767292231321335
0.0 0.1080067977309227
0.0 0.10812431573867798
0.0 0.10827784240245819
0.0 0.1084817498922348
0.0 0.10853072255849838
0.0 0.10854712873697281
0.0 0.10881797224283218
0.0 0.1090729609131813
0.0 0.10958129167556763
0.0 0.10962057113647461
0.0 0.10974965244531631
0.0 0.10983479768037796
0.0 0.11017747223377228
0.0 0.1102466732263565
0.0 0.1103915423154831
0.0 0.11039185523986816
0.0 0.11081833392381668
0.0 0.11102857440710068
0.0 0.11109454929828644
0.0 0.11114718019962311
0.0 0.11134559661149979
0.0 0.11164703220129013
0.0 0.11172272264957428
0.0 0.11180054396390915
0.0 0.11183587461709976
0.0 0.11203452199697495
0.0 0.11220370978116989
0.0 0.1129438579082489
0.0 0.11303498595952988
0.0 0.11383279412984848
0.0 0.11383984982967377
0.0 0.11423241347074509
0.0 0.11469598859548569
0.0 0.11470122635364532
0.0 0.11477296054363251
0.0 0.11504266411066055
0.0 0.11537884920835495
0.0 0.1161087304353714
0.0 0.11639513075351715
0.0 0.11684002727270126
0.0 0.11734725534915924
0.0 0.11742877215147018
0.0 0.11775926500558853
0.0 0.11785273253917694
0.0 0.11793515086174011
0.0 0.11794338375329971
0.0 0.1182604506611824
0.0 0.11826329678297043
0.0 0.11839943379163742
0.0 0.11883921176195145
0.0 0.11892345547676086
0.0 0.11956525593996048
0.0 0.12001920491456985
0.0 0.12011300772428513
0.0 0.12015260010957718
0.0 0.12031190097332001
0.0 0.12060699611902237
0.0 0.12066368013620377
0.0 0.12079750746488571
0.0 0.12103113532066345
0.0 0.12123552709817886
0.0 0.12135370820760727
0.0 0.12171901762485504
0.0 0.12172351032495499
0.0 0.1219492107629776
0.0 0.12203171104192734
0.0 0.1224081963300705
0.0 0.12263359129428864
0.0 0.12347514182329178
0.0 0.12348926067352295
0.0 0.12405313551425934
0.0 0.12492578476667404
0.0 0.12512154877185822
0.0 0.12561333179473877
0.0 0.12631995975971222
0.0 0.12640172243118286
0.0 0.12758022546768188
0.0 0.1276986449956894
0.0 0.12807786464691162
0.0 0.1333504021167755
0.0 0.1333511769771576
0.0 0.1337609589099884
0.0 0.13440178334712982
0.0 0.13448412716388702
0.0 0.13541491329669952
0.0 0.13553795218467712
0.0 0.13654085993766785
0.0 0.13715438544750214
0.0 0.13769681751728058
0.0 0.13911210000514984
0.0 0.14337944984436035
0.0 0.14379774034023285
0.0 0.14512518048286438
0.0 0.14929351210594177
0.0 0.15124289691448212
0.0 0.15608806908130646
0.0 0.1567811667919159
0.0 0.1666644662618637
0.0 0.19202624261379242
0.0 inf
