0.0 0.04956744611263275
0.0 0.050289589911699295
0.0 0.05081598833203316
0.0 0.0517679788172245
0.0 0.052151236683130264
0.0 0.05320580676198006
0.0 0.05329279601573944
0.0 0.05401931330561638
0.0 0.05428030714392662
0.0 0.05430822819471359
0.0 0.05524592101573944
0.0 0.05577830597758293
0.0 0.05591380223631859
0.0 0.05704329535365105
0.0 0.0574154257774353
0.0 0.05757156014442444
0.0 0.058222293853759766
0.0 0.05837637558579445
0.0 0.05850525200366974
0.0 0.05874287709593773
0.0 0.05923735350370407
0.0 0.05936606228351593
0.0 0.059528809040784836
0.0 0.05973458290100098
0.0 0.05992693454027176
0.0 0.060220614075660706
0.0 0.06028180941939354
0.0 0.06043458729982376
0.0 0.06055215373635292
0.0 0.06065909191966057
0.0 0.06082892045378685
0.0 0.06091754138469696
0.0 0.06107613816857338
0.0 0.061138447374105453
0.0 0.06146872416138649
0.0 0.061774902045726776
0.0 0.06179431825876236
0.0 0.06190142780542374
0.0 0.06193329393863678
0.0 0.06231830641627312
0.0 0.06242641434073448
0.0 0.0630931630730629
0.0 0.06358068436384201
0.0 0.06360136717557907
0.0 0.06365785002708435
0.0 0.06376521289348602
0.0 0.06380067020654678
0.0 0.06403709203004837
0.0 0.06404168903827667
0.0 0.06409084051847458
0.0 0.06413403898477554
0.0 0.06422694772481918
0.0 0.06427021324634552
0.0 0.06432060897350311
0.0 0.06432437896728516
0.0 0.06437679380178452
0.0 0.06439545750617981
0.0 0.06446628272533417
0.0 0.06451431661844254
0.0 0.0646582543849945
0.0 0.06468474119901657
0.0 0.06511641293764114
0.0 0.06522352248430252
0.0 0.0652318000793457
0.0 0.06526535749435425
0.0 0.06559094041585922
0.0 0.06575240194797516
0.0 0.06576042622327805
0.0 0.0658653974533081
0.0 0.06604564934968948
0.0 0.06614229828119278
0.0 0.06632833182811737
0.0 0.06662492454051971
0.0 0.06662710011005402
0.0 0.06666833907365799
0.0 0.06668990850448608
0.0 0.0668560341000557
0.0 0.06697296351194382
0.0 0.06702851504087448
0.0 0.06715524941682816
0.0 0.06716351956129074
0.0 0.0671844482421875
0.0 0.06728488951921463
0.0 0.06732507795095444
0.0 0.06737292557954788
0.0 0.06751564145088196
0.0 0.06756872683763504
0.0 0.06759923696517944
0.0 0.06768644601106644
0.0 0.06798967719078064
0.0 0.0680258646607399
0.0 0.06809981912374496
0.0 0.06814683228731155
0.0 0.06824230402708054
0.0 0.06832631677389145
0.0 0.06836319714784622
0.0 0.06844259053468704
0.0 0.06844476610422134
0.0 0.06851401180028915
0.0 0.06852296739816666
0.0 0.06858496367931366
0.0 0.06858648359775543
0.0 0.0687137171626091
0.0 0.06874772906303406
0.0 0.06876233220100403
0.0 0.06877660006284714
0.0 0.06888432800769806
0.0 0.06892450898885727
0.0 0.06903146952390671
0.0 0.06914565712213516
0.0 0.06942462176084518
0.0 0.06944014132022858
0.0 0.06944280862808228
0.0 0.06945763528347015
0.0 0.06963268667459488
0.0 0.06971525400876999
0.0 0.06976491957902908
0.0 0.06989983469247818
0.0 0.06998235732316971
0.0 0.06999298185110092
0.0 0.07012498378753662
0.0 0.07013966888189316
0.0 0.07018062472343445
0.0 0.07019087672233582
0.0 0.07020029425621033
0.0 0.07022925466299057
0.0 0.07026523351669312
0.0 0.07029923051595688
0.0 0.07033945620059967
0.0 0.07043524831533432
0.0 0.07045214623212814
0.0 0.07047365605831146
0.0 0.0708468109369278
0.0 0.07101945579051971
0.0 0.07103554159402847
0.0 0.07106228172779083
0.0 0.07110889256000519
0.0 0.07116860151290894
0.0 0.0713711827993393
0.0 0.07140571624040604
0.0 0.07145310193300247
0.0 0.0714988112449646
0.0 0.07153717428445816
0.0 0.0715472623705864
0.0 0.07159516215324402
0.0 0.07160433381795883
0.0 0.07163028419017792
0.0 0.07180126756429672
0.0 0.07185743004083633
0.0 0.07193952053785324
0.0 0.07203969359397888
0.0 0.07208981364965439
0.0 0.07219967246055603
0.0 0.07224475592374802
0.0 0.07231014221906662
0.0 0.0725397914648056
0.0 0.07254387438297272
0.0 0.07256538420915604
0.0 0.0725976899266243
0.0 0.07265248149633408
0.0 0.07270608842372894
0.0 0.07273393124341965
0.0 0.07299762964248657
0.0 0.07303537428379059
0.0 0.07303626090288162
0.0 0.07304158806800842
0.0 0.0731450691819191
0.0 0.07327355444431305
0.0 0.07352589070796967
0.0 0.07355372607707977
0.0 0.07356226444244385
0.0 0.07358960062265396
0.0 0.07378862798213959
0.0 0.07379234582185745
0.0 0.07381579279899597
0.0 0.07388462871313095
0.0 0.07397448271512985
0.0 0.07408533990383148
0.0 0.07413098961114883
0.0 0.07417294383049011
0.0 0.07422718405723572
0.0 0.07438220828771591
0.0 0.07457622140645981
0.0 0.07459060847759247
0.0 0.07498078793287277
0.0 0.07500100135803223
0.0 0.07511909306049347
0.0 0.0752415657043457
0.0 0.07532326877117157
0.0 0.07536843419075012
0.0 0.07547957450151443
0.0 0.07549385726451874
0.0 0.07561396807432175
0.0 0.07579901069402695
0.0 0.0758369192481041
0.0 0.07587230950593948
0.0 0.07591031491756439
0.0 0.07595860958099365
0.0 0.07605405151844025
0.0 0.07625878602266312
0.0 0.07633869349956512
0.0 0.07636427134275436
0.0 0.07636971026659012
0.0 0.07640700787305832
0.0 0.07649581879377365
0.0 0.0767054557800293
0.0 0.0767475962638855
0.0 0.07679101824760437
0.0 0.07682854682207108
0.0 0.07683795690536499
0.0 0.07688485085964203
0.0 0.07690593600273132
0.0 0.07714547216892242
0.0 0.07714898139238358
0.0 0.07728071510791779
0.0 0.07736775279045105
0.0 0.0774577334523201
0.0 0.0774717777967453
0.0 0.07749345153570175
0.0 0.07762253284454346
0.0 0.07770069688558578
0.0 0.0777052491903305
0.0 0.0778813436627388
0.0 0.07803419232368469
0.0 0.07804876565933228
0.0 0.07808738201856613
0.0 0.07814443111419678
0.0 0.07818994671106339
0.0 0.0782654881477356
0.0 0.0782778263092041
0.0 0.07834698259830475
0.0 0.0784154161810875
0.0 0.07843881845474243
0.0 0.07855302840471268
0.0 0.07855849713087082
0.0 0.07856499403715134
0.0 0.07858364284038544
0.0 0.0786321833729744
0.0 0.07867787778377533
0.0 0.07868543267250061
0.0 0.07869846373796463
0.0 0.07891806215047836
0.0 0.07894309610128403
0.0 0.07898806780576706
0.0 0.07902639359235764
0.0 0.07909833639860153
0.0 0.07920414954423904
0.0 0.0792183056473732
0.0 0.07925877720117569
0.0 0.07937102019786835
0.0 0.0795387551188469
0.0 0.0796910971403122
0.0 0.07978477329015732
0.0 0.07986647635698318
0.0 0.07998661696910858
0.0 0.08054112643003464
0.0 0.08058758080005646
0.0 0.0806388184428215
0.0 0.08070811629295349
0.0 0.0809265747666359
0.0 0.08094330877065659
0.0 0.08110474050045013
0.0 0.0811513215303421
0.0 0.08120386302471161
0.0 0.08125299215316772
0.0 0.08138126134872437
0.0 0.0818377137184143
0.0 0.08188088238239288
0.0 0.08208387345075607
0.0 0.08216828107833862
0.0 0.08224233984947205
0.0 0.08228634297847748
0.0 0.08233290165662766
0.0 0.08246863633394241
0.0 0.08248201012611389
0.0 0.08248794823884964
0.0 0.08252187073230743
0.0 0.08258816599845886
0.0 0.0829722061753273
0.0 0.08311986178159714
0.0 0.08315739780664444
0.0 0.0834490954875946
0.0 0.08346205949783325
0.0 0.08348226547241211
0.0 0.08357919752597809
0.0 0.08367394655942917
0.0 0.08368600904941559
0.0 0.08376028388738632
0.0 0.0839388370513916
0.0 0.08416029065847397
0.0 0.08416398614645004
0.0 0.08425212651491165
0.0 0.08440021425485611
0.0 0.08447571098804474
0.0 0.08456113189458847
0.0 0.08460801094770432
0.0 0.0847276896238327
0.0 0.08486892282962799
0.0 0.08493176102638245
0.0 0.0850202813744545
0.0 0.08509703725576401
0.0 0.08515201508998871
0.0 0.08529901504516602
0.0 0.08536671102046967
0.0 0.08543089032173157
0.0 0.08547484129667282
0.0 0.08560207486152649
0.0 0.08573440462350845
0.0 0.08590514957904816
0.0 0.08594831824302673
0.0 0.08595280349254608
0.0 0.08619938045740128
0.0 0.08622942119836807
0.0 0.08623771369457245
0.0 0.0864989161491394
0.0 0.08651088178157806
0.0 0.08656221628189087
0.0 0.08657746762037277
0.0 0.08658037334680557
0.0 0.08673670887947083
0.0 0.0867747962474823
0.0 0.08677785098552704
0.0 0.08681651204824448
0.0 0.0868423581123352
0.0 0.08686746656894684
0.0 0.0869697853922844
0.0 0.0874086394906044
0.0 0.08758868277072906
0.0 0.08790165930986404
0.0 0.08794943988323212
0.0 0.08797339349985123
0.0 0.08802953362464905
0.0 0.08813263475894928
0.0 0.0886279046535492
0.0 0.08880334347486496
0.0 0.08882641792297363
0.0 0.08886886388063431
0.0 0.08895780891180038
0.0 0.08898797631263733
0.0 0.08905526995658875
0.0 0.08907131105661392
0.0 0.08931158483028412
0.0 0.08937381953001022
0.0 0.08947884291410446
0.0 0.08947981148958206
0.0 0.08962251991033554
0.0 0.0896364375948906
0.0 0.08972548693418503
0.0 0.08985260128974915
0.0 0.0901276171207428
0.0 0.09038607031106949
0.0 0.09052162617444992
0.0 0.09055197238922119
0.0 0.09063855558633804
0.0 0.09070181846618652
0.0 0.09089124947786331
0.0 0.09102385491132736
0.0 0.09122421592473984
0.0 0.09126816689968109
0.0 0.09134629368782043
0.0 0.09145153313875198
0.0 0.0915512666106224
0.0 0.0915800929069519
0.0 0.09162627160549164
0.0 0.09185529500246048
0.0 0.09188387542963028
0.0 0.0924694687128067
0.0 0.09252437949180603
0.0 0.0925329253077507
0.0 0.09261880815029144
0.0 0.09264178574085236
0.0 0.09281501173973083
0.0 0.09297206997871399
0.0 0.09308082610368729
0.0 0.09335964918136597
0.0 0.09343583136796951
0.0 0.0935882106423378
0.0 0.09363160282373428
0.0 0.09363783895969391
0.0 0.0937042236328125
0.0 0.09410775452852249
0.0 0.09413211792707443
0.0 0.09423702955245972
0.0 0.09424804151058197
0.0 0.09431199729442596
0.0 0.09456370770931244
0.0 0.09478514641523361
0.0 0.0948040559887886
0.0 0.09486982971429825
0.0 0.0948779433965683
0.0 0.09490970522165298
0.0 0.09497559070587158
0.0 0.0951562374830246
0.0 0.09517362713813782
0.0 0.095455102622509
0.0 0.09550776332616806
0.0 0.09564181417226791
0.0 0.09575646370649338
0.0 0.0958213284611702
0.0 0.09590175002813339
0.0 0.09606597572565079
0.0 0.09624527394771576
0.0 0.0964181199669838
0.0 0.09651006758213043
0.0 0.09656880050897598
0.0 0.09659814089536667
0.0 0.09674610197544098
0.0 0.09688606858253479
0.0 0.09723479300737381
0.0 0.09730097651481628
0.0 0.09746074676513672
0.0 0.097631074488163
0.0 0.09764231741428375
0.0 0.09784894436597824
0.0 0.09788310527801514
0.0 0.09809795022010803
0.0 0.09829041361808777
0.0 0.0984165295958519
0.0 0.09896110743284225
0.0 0.0993962213397026
0.0 0.09951121360063553
0.0 0.0999557375907898
0.0 0.09998130798339844
0.0 0.10001573711633682
0.0 0.10002560913562775
0.0 0.10020430386066437
0.0 0.10030129551887512
0.0 0.1003975048661232
0.0 0.10045838356018066
0.0 0.10057848691940308
0.0 0.10065551847219467
0.0 0.100692018866539
0.0 0.1006990522146225
0.0 0.10095494240522385
0.0 0.10104069113731384
0.0 0.10105839371681213
0.0 0.10145602375268936
0.0 0.10148100554943085
0.0 0.10178497433662415
0.0 0.1020999550819397
0.0 0.102127805352211
0.0 0.10226532816886902
0.0 0.10248590260744095
0.0 0.1024988517165184
0.0 0.10271284729242325
0.0 0.10290920734405518
0.0 0.10336586087942123
0.0 0.10358928889036179
0.0 0.10360193252563477
0.0 0.10376671701669693
0.0 0.10382242500782013
0.0 0.10403620451688766
0.0 0.10656320303678513
0.0 0.10668410360813141
0.0 0.1067933514714241
0.0 0.10694972425699234
0.0 0.10700032860040665
0.0 0.10708875954151154
0.0 0.10748638212680817
0.0 0.10749641805887222
0.0 0.10816088318824768
0.0 0.10841725021600723
0.0 0.10864786803722382
0.0 0.10869242995977402
0.0 0.10872893035411835
0.0 0.10877961665391922
0.0 0.10947729647159576
0.0 0.10972143709659576
0.0 0.11026367545127869
0.0 0.11041703075170517
0.0 0.1114511638879776
0.0 0.11158090084791183
0.0 0.11159145832061768
0.0 0.11174044758081436
0.0 0.11367474496364594
0.0 0.11406219750642776
0.0 0.11412516236305237
0.0 0.11446259915828705
0.0 0.11458893865346909
0.0 0.11532434076070786
0.0 0.11617156863212585
0.0 0.11682885140180588
0.0 0.11883146315813065
0.0 0.11989741772413254
0.0 0.12085763365030289
0.0 0.12105704098939896
0.0 0.12148592621088028
0.0 0.12182816118001938
0.0 0.1244485080242157
0.0 0.1253541111946106
0.0 0.1258021742105484
0.0 0.1274184137582779
0.0 0.12777462601661682
0.0 0.1281464546918869
0.0 0.12860117852687836
0.0 0.13028529286384583
0.0 0.131212517619133
0.0 0.1324828714132309
0.0 0.133326917886734
0.0 0.13336573541164398
0.0 0.13402675092220306
0.0 0.13748660683631897
0.0 0.13973663747310638
0.0 0.14092272520065308
0.0 0.14197713136672974
0.0 0.14277763664722443
0.0 0.1444048285484314
0.0 0.14459793269634247
0.0 0.14489327371120453
0.0 0.1458524912595749
0.0 0.16464154422283173
0.0 inf
