0.0 0.02416062541306019
0.0 0.02707717753946781
0.0 0.028322823345661163
0.0 0.028445199131965637
0.0 0.028574632480740547
0.0 0.028947634622454643
0.0 0.029337655752897263
0.0 0.029505522921681404
0.0 0.030036238953471184
0.0 0.030306782573461533
0.0 0.030317718163132668
0.0 0.030387913808226585
0.0 0.030397124588489532
0.0 0.03040926530957222
0.0 0.03055708482861519
0.0 0.030904091894626617
0.0 0.03092849999666214
0.0 0.03111058846116066
0.0 0.031118841841816902
0.0 0.03128626197576523
0.0 0.03146543353796005
0.0 0.031759634613990784
0.0 0.03176527097821236
0.0 0.0321013517677784
0.0 0.032479435205459595
0.0 0.032619476318359375
0.0 0.0326814241707325
0.0 0.03269226849079132
0.0 0.03269309177994728
0.0 0.03292873874306679
0.0 0.03314448893070221
0.0 0.03325933590531349
0.0 0.03335118293762207
0.0 0.03344046324491501
0.0 0.03346388787031174
0.0 0.03349782153964043
0.0 0.033549096435308456
0.0 0.03359389677643776
0.0 0.0336759015917778
0.0 0.033968716859817505
0.0 0.03412342444062233
0.0 0.03416162356734276
0.0 0.03416413068771362
0.0 0.03454948961734772
0.0 0.034577611833810806
0.0 0.03468342125415802
0.0 0.03471401706337929
0.0 0.034777767956256866
0.0 0.03494321554899216
0.0 0.03504112362861633
0.0 0.03534916043281555
0.0 0.03540954738855362
0.0 0.03545432537794113
0.0 0.035983722656965256
0.0 0.036011505872011185
0.0 0.036114804446697235
0.0 0.03613542392849922
0.0 0.036316219717264175
0.0 0.03636510297656059
0.0 0.036503374576568604
0.0 0.036579400300979614
0.0 0.03660076856613159
0.0 0.036694563925266266
0.0 0.03672999143600464
0.0 0.03700253367424011
0.0 0.03706005588173866
0.0 0.037164121866226196
0.0 0.037416715174913406
0.0 0.03749341890215874
0.0 0.03752622380852699
0.0 0.03754414990544319
0.0 0.03754656761884689
0.0 0.03757485747337341
0.0 0.037575721740722656
0.0 0.037637654691934586
0.0 0.0376599058508873
0.0 0.037660595029592514
0.0 0.03770475834608078
0.0 0.03772902488708496
0.0 0.03775663301348686
0.0 0.03785080462694168
0.0 0.03798723220825195
0.0 0.03798907250165939
0.0 0.03802688792347908
0.0 0.03806661069393158
0.0 0.03808240965008736
0.0 0.038104888051748276
0.0 0.03818093240261078
0.0 0.038270603865385056
0.0 0.03836686536669731
0.0 0.03846259415149689
0.0 0.038594800978899
0.0 0.03859725221991539
0.0 0.03872939571738243
0.0 0.03876660019159317
0.0 0.03879253938794136
0.0 0.03883010521531105
0.0 0.038843460381031036
0.0 0.03895436227321625
0.0 0.03904246911406517
0.0 0.03906983882188797
0.0 0.039085064083337784
0.0 0.039143115282058716
0.0 0.03923947736620903
0.0 0.039277467876672745
0.0 0.03931601345539093
0.0 0.03936200216412544
0.0 0.03936969116330147
0.0 0.03947202116250992
0.0 0.03949465602636337
0.0 0.03966842219233513
0.0 0.03969590738415718
0.0 0.03978698328137398
0.0 0.039828747510910034
0.0 0.039903171360492706
0.0 0.039905890822410583
0.0 0.03990693390369415
0.0 0.039920009672641754
0.0 0.03993264213204384
0.0 0.03994277864694595
0.0 0.039953529834747314
0.0 0.039981238543987274
0.0 0.04001268371939659
0.0 0.04011116921901703
0.0 0.040135618299245834
0.0 0.04017345979809761
0.0 0.040264956653118134
0.0 0.040283720940351486
0.0 0.04031879082322121
0.0 0.04041279852390289
0.0 0.040473707020282745
0.0 0.04054204747080803
0.0 0.040560685098171234
0.0 0.04056398570537567
0.0 0.040592972189188004
0.0 0.040605101734399796
0.0 0.04073009267449379
0.0 0.04074918106198311
0.0 0.040788449347019196
0.0 0.040869057178497314
0.0 0.04088212549686432
0.0 0.04092005640268326
0.0 0.04101381078362465
0.0 0.04107309505343437
0.0 0.04116853326559067
0.0 0.04120630398392677
0.0 0.04125341400504112
0.0 0.041287634521722794
0.0 0.04131964221596718
0.0 0.0413585864007473
0.0 0.04141584038734436
0.0 0.04164743795990944
0.0 0.04190383851528168
0.0 0.041981860995292664
0.0 0.041997332125902176
0.0 0.04202494025230408
0.0 0.04205971956253052
0.0 0.042170438915491104
0.0 0.042222537100315094
0.0 0.0422355942428112
0.0 0.042321719229221344
0.0 0.04234340414404869
0.0 0.04239543899893761
0.0 0.04242035374045372
0.0 0.042433951050043106
0.0 0.042493920773267746
0.0 0.04261935129761696
0.0 0.042643845081329346
0.0 0.04265519604086876
0.0 0.04277025908231735
0.0 0.04283107817173004
0.0 0.042906008660793304
0.0 0.042925383895635605
0.0 0.042928602546453476
0.0 0.04296548664569855
0.0 0.04297901690006256
0.0 0.043031346052885056
0.0 0.04304049536585808
0.0 0.04313680902123451
0.0 0.043191391974687576
0.0 0.04327305778861046
0.0 0.043335918337106705
0.0 0.043391868472099304
0.0 0.043396517634391785
0.0 0.043429166078567505
0.0 0.043441202491521835
0.0 0.04350418969988823
0.0 0.04359317943453789
0.0 0.043667253106832504
0.0 0.04370194301009178
0.0 0.043758295476436615
0.0 0.04381854459643364
0.0 0.04386294260621071
0.0 0.0438910610973835
0.0 0.043893489986658096
0.0 0.0439058281481266
0.0 0.04395328462123871
0.0 0.044053032994270325
0.0 0.0440666489303112
0.0 0.044113487005233765
0.0 0.04413190856575966
0.0 0.044135648757219315
0.0 0.044148948043584824
0.0 0.044167660176754
0.0 0.04430864006280899
0.0 0.044313278049230576
0.0 0.04432025924324989
0.0 0.04433203861117363
0.0 0.044349540024995804
0.0 0.04440486803650856
0.0 0.04455898329615593
0.0 0.044589295983314514
0.0 0.04459606111049652
0.0 0.0445992574095726
0.0 0.0446070060133934
0.0 0.04464507848024368
0.0 0.044690556824207306
0.0 0.04471943899989128
0.0 0.04488615691661835
0.0 0.04488885775208473
0.0 0.04489966109395027
0.0 0.04506084695458412
0.0 0.045069050043821335
0.0 0.04507903754711151
0.0 0.04513198509812355
0.0 0.0451878197491169
0.0 0.04524241015315056
0.0 0.045337043702602386
0.0 0.045412395149469376
0.0 0.045501235872507095
0.0 0.045501597225666046
0.0 0.04550405964255333
0.0 0.04558759182691574
0.0 0.04573395848274231
0.0 0.04575343802571297
0.0 0.045760899782180786
0.0 0.04611836373806
0.0 0.046231262385845184
0.0 0.04625794291496277
0.0 0.04636047035455704
0.0 0.046510450541973114
0.0 0.04660804942250252
0.0 0.04669361189007759
0.0 0.04680236428976059
0.0 0.04702211916446686
0.0 0.04712865874171257
0.0 0.04713553562760353
0.0 0.0471482090651989
0.0 0.04716533422470093
0.0 0.047234825789928436
0.0 0.04725904390215874
0.0 0.047338563948869705
0.0 0.04737091809511185
0.0 0.04738488048315048
0.0 0.04740440100431442
0.0 0.04743249714374542
0.0 0.047433167695999146
0.0 0.04750790074467659
0.0 0.047710809856653214
0.0 0.0477314367890358
0.0 0.04785692319273949
0.0 0.047892194241285324
0.0 0.04790342599153519
0.0 0.04795164614915848
0.0 0.048142869025468826
0.0 0.048154912889003754
0.0 0.048200588673353195
0.0 0.04826664924621582
0.0 0.04832316190004349
0.0 0.0484515018761158
0.0 0.04849281162023544
0.0 0.048511914908885956
0.0 0.048536188900470734
0.0 0.04856420308351517
0.0 0.048618484288454056
0.0 0.04880938306450844
0.0 0.04885755851864815
0.0 0.048888325691223145
0.0 0.04889151453971863
0.0 0.04892194643616676
0.0 0.048999909311532974
0.0 0.04921715706586838
0.0 0.04922734573483467
0.0 0.0492703877389431
0.0 0.04942178353667259
0.0 0.049531444907188416
0.0 0.049552690237760544
0.0 0.04958697780966759
0.0 0.04958821460604668
0.0 0.04959317296743393
0.0 0.0497136116027832
0.0 0.049729835242033005
0.0 0.04977170750498772
0.0 0.049976374953985214
0.0 0.04998306930065155
0.0 0.050306227058172226
0.0 0.05046459287405014
0.0 0.05051165446639061
0.0 0.05061939358711243
0.0 0.05070566385984421
0.0 0.05075085535645485
0.0 0.0507994182407856
0.0 0.050929050892591476
0.0 0.050959594547748566
0.0 0.051055990159511566
0.0 0.05109892413020134
0.0 0.05123523995280266
0.0 0.05125035345554352
0.0 0.05126027390360832
0.0 0.05138371139764786
0.0 0.051398858428001404
0.0 0.051466479897499084
0.0 0.051548343151807785
0.0 0.051560062915086746
0.0 0.0515814945101738
0.0 0.051651522517204285
0.0 0.051794737577438354
0.0 0.05202462896704674
0.0 0.052041176706552505
0.0 0.052043452858924866
0.0 0.052247554063797
0.0 0.05228705331683159
0.0 0.05230074003338814
0.0 0.0523432232439518
0.0 0.05236794054508209
0.0 0.0524715818464756
0.0 0.05252373591065407
0.0 0.052611343562603
0.0 0.052622366696596146
0.0 0.05265386775135994
0.0 0.052825868129730225
0.0 0.05288199707865715
0.0 0.052927255630493164
0.0 0.052942801266908646
0.0 0.05311940982937813
0.0 0.05319508537650108
0.0 0.053289059549570084
0.0 0.05336416885256767
0.0 0.05337907001376152
0.0 0.053401071578264236
0.0 0.05340655520558357
0.0 0.05344584211707115
0.0 0.05350032076239586
0.0 0.05353511497378349
0.0 0.05353748798370361
0.0 0.05356952175498009
0.0 0.05363670364022255
0.0 0.05369909852743149
0.0 0.05373700335621834
0.0 0.05375500023365021
0.0 0.05377238243818283
0.0 0.05385330319404602
0.0 0.053923048079013824
0.0 0.05415029078722
0.0 0.05419740453362465
0.0 0.054265864193439484
0.0 0.054284099489450455
0.0 0.054480236023664474
0.0 0.05452277138829231
0.0 0.05457766726613045
0.0 0.05459916219115257
0.0 0.05460786074399948
0.0 0.05481654778122902
0.0 0.05483166128396988
0.0 0.05483787879347801
0.0 0.05484459176659584
0.0 0.054996415972709656
0.0 0.05508413165807724
0.0 0.055260445922613144
0.0 0.05526340752840042
0.0 0.055379267781972885
0.0 0.05551008880138397
0.0 0.055538110435009
0.0 0.05556319281458855
0.0 0.05560080334544182
0.0 0.05571796000003815
0.0 0.05574812367558479
0.0 0.05588175728917122
0.0 0.055895496159791946
0.0 0.0559069849550724
0.0 0.056138113141059875
0.0 0.0561891607940197
0.0 0.05628342926502228
0.0 0.05636034160852432
0.0 0.056368499994277954
0.0 0.056449826806783676
0.0 0.05655042454600334
0.0 0.05655873939394951
0.0 0.05674828216433525
0.0 0.05674923211336136
0.0 0.05683514475822449
0.0 0.05699853599071503
0.0 0.05706416442990303
0.0 0.05712530016899109
0.0 0.05715716630220413
0.0 0.0571596659719944
0.0 0.057200923562049866
0.0 0.05725055932998657
0.0 0.057564444839954376
0.0 0.05760740116238594
0.0 0.05762903392314911
0.0 0.05763249844312668
0.0 0.057887542992830276
0.0 0.05805168300867081
0.0 0.058284223079681396
0.0 0.05857335776090622
0.0 0.05859624594449997
0.0 0.058674152940511703
0.0 0.05871865153312683
0.0 0.05871972069144249
0.0 0.05879615619778633
0.0 0.0587974451482296
0.0 0.058892909437417984
0.0 0.05893629044294357
0.0 0.05900868773460388
0.0 0.05902446061372757
0.0 0.059065286070108414
0.0 0.05947011336684227
0.0 0.0598871223628521
0.0 0.05995981767773628
0.0 0.060157228261232376
0.0 0.06019510701298714
0.0 0.060278140008449554
0.0 0.06045961007475853
0.0 0.060559600591659546
0.0 0.060654282569885254
0.0 0.06066134199500084
0.0 0.06101635470986366
0.0 0.06108756735920906
0.0 0.0611053965985775
0.0 0.06111733615398407
0.0 0.0611904114484787
0.0 0.0613856203854084
0.0 0.06152623891830444
0.0 0.061614569276571274
0.0 0.06168622151017189
0.0 0.061699334532022476
0.0 0.06191371753811836
0.0 0.06207294017076492
0.0 0.0622374527156353
0.0 0.06253022700548172
0.0 0.0627107098698616
0.0 0.06273654103279114
0.0 0.06275133788585663
0.0 0.06301366537809372
0.0 0.06304363906383514
0.0 0.06341666728258133
0.0 0.06344658136367798
0.0 0.06380556523799896
0.0 0.06391922384500504
0.0 0.06395582109689713
0.0 0.06395921111106873
0.0 0.06397552788257599
0.0 0.06417667865753174
0.0 0.06458928436040878
0.0 0.06504449993371964
0.0 0.06506305187940598
0.0 0.06516408920288086
0.0 0.06520789116621017
0.0 0.06530088931322098
0.0 0.06538951396942139
0.0 0.06588877737522125
0.0 0.06600421667098999
0.0 0.06686142832040787
0.0 0.06717167794704437
0.0 0.06765639781951904
0.0 0.06834577023983002
0.0 0.06847461313009262
0.0 0.06956266611814499
0.0 0.06980007141828537
0.0 0.0699649527668953
0.0 0.0710364580154419
0.0 0.07123793661594391
0.0 0.07161136716604233
0.0 0.07187007367610931
0.0 0.0722367912530899
0.0 0.07339729368686676
0.0 0.07374162971973419
0.0 0.07405488193035126
0.0 0.07428751140832901
0.0 0.07561935484409332
0.0 0.07600149512290955
0.0 0.07631122320890427
0.0 0.0763208419084549
0.0 0.07667963206768036
0.0 0.0769544467329979
0.0 0.0773983895778656
0.0 0.07806938886642456
0.0 0.0784682184457779
0.0 0.0785893127322197
0.0 0.07910266518592834
0.0 0.07930940389633179
0.0 0.0799105167388916
0.0 0.0804901123046875
0.0 0.08083030581474304
0.0 0.08229626715183258
0.0 0.08306486904621124
0.0 0.08325853943824768
0.0 0.08345801383256912
0.0 0.08367687463760376
0.0 0.08388226479291916
0.0 0.08610019832849503
0.0 0.08746316283941269
0.0 0.09236302226781845
0.0 0.09490128606557846
0.0 0.11019579321146011
0.0 0.1243080124258995
0.0 0.12867993116378784
0.0 0.13172243535518646
0.0 0.14194093644618988
0.0 0.14377905428409576
0.0 inf
