0.0 0.0286820437759161
0.0 0.029738791286945343
0.0 0.030476590618491173
0.0 0.0307058896869421
0.0 0.03139674291014671
0.0 0.03147509694099426
0.0 0.03171968460083008
0.0 0.031819239258766174
0.0 0.03185659646987915
0.0 0.03188514709472656
0.0 0.03200825676321983
0.0 0.03206572309136391
0.0 0.032292742282152176
0.0 0.03240162506699562
0.0 0.032423634082078934
0.0 0.032594338059425354
0.0 0.03285052999854088
0.0 0.03313405439257622
0.0 0.03315538167953491
0.0 0.03320646286010742
0.0 0.033285193145275116
0.0 0.03342793136835098
0.0 0.03366497904062271
0.0 0.03367387875914574
0.0 0.03404896706342697
0.0 0.03405943140387535
0.0 0.03415946289896965
0.0 0.0342581607401371
0.0 0.034390464425086975
0.0 0.034444816410541534
0.0 0.03446382284164429
0.0 0.03448910638689995
0.0 0.03450780734419823
0.0 0.034558482468128204
0.0 0.03461674973368645
0.0 0.0347110852599144
0.0 0.03471880033612251
0.0 0.034803375601768494
0.0 0.034884434193372726
0.0 0.03502899035811424
0.0 0.03508036583662033
0.0 0.03519178554415703
0.0 0.035311490297317505
0.0 0.03545628488063812
0.0 0.03571730852127075
0.0 0.03584382310509682
0.0 0.0358835868537426
0.0 0.035948678851127625
0.0 0.03595356643199921
0.0 0.036124229431152344
0.0 0.03612694889307022
0.0 0.036149971187114716
0.0 0.03620809316635132
0.0 0.036214955151081085
0.0 0.036230072379112244
0.0 0.03633514419198036
0.0 0.036342181265354156
0.0 0.036371272057294846
0.0 0.03641466423869133
0.0 0.03646141290664673
0.0 0.036624208092689514
0.0 0.03672133758664131
0.0 0.036774687469005585
0.0 0.03684047982096672
0.0 0.03695657104253769
0.0 0.0370236337184906
0.0 0.037095677107572556
0.0 0.03715334087610245
0.0 0.03720841184258461
0.0 0.03741709515452385
0.0 0.03753945976495743
0.0 0.03756008297204971
0.0 0.037577029317617416
0.0 0.03764213249087334
0.0 0.03776285797357559
0.0 0.037783775478601456
0.0 0.03779565915465355
0.0 0.0377957709133625
0.0 0.03781691566109657
0.0 0.03784913197159767
0.0 0.03790409117937088
0.0 0.03799185901880264
0.0 0.03804270923137665
0.0 0.03816695511341095
0.0 0.03822367638349533
0.0 0.038239117711782455
0.0 0.03828660771250725
0.0 0.038344524800777435
0.0 0.0383584164083004
0.0 0.038359254598617554
0.0 0.038474176079034805
0.0 0.03850236162543297
0.0 0.03853590041399002
0.0 0.038581084460020065
0.0 0.038751911371946335
0.0 0.03875429183244705
0.0 0.038793016225099564
0.0 0.03905370086431503
0.0 0.039101067930459976
0.0 0.03914869576692581
0.0 0.03921793773770332
0.0 0.03928328678011894
0.0 0.039284270256757736
0.0 0.039422981441020966
0.0 0.0394384041428566
0.0 0.03948577865958214
0.0 0.039603281766176224
0.0 0.039611391723155975
0.0 0.03962300345301628
0.0 0.03963228687644005
0.0 0.039633918553590775
0.0 0.03965166211128235
0.0 0.039652012288570404
0.0 0.03965695574879646
0.0 0.039738159626722336
0.0 0.0397464819252491
0.0 0.03976576030254364
0.0 0.03976886346936226
0.0 0.03979452699422836
0.0 0.03984353318810463
0.0 0.039921097457408905
0.0 0.04003365710377693
0.0 0.04014984145760536
0.0 0.040160320699214935
0.0 0.04025880619883537
0.0 0.04031940549612045
0.0 0.04034051299095154
0.0 0.04037873074412346
0.0 0.040384769439697266
0.0 0.04047153890132904
0.0 0.04048515111207962
0.0 0.040590036660432816
0.0 0.04063758999109268
0.0 0.04068316891789436
0.0 0.040715306997299194
0.0 0.040724609047174454
0.0 0.04079103842377663
0.0 0.040804702788591385
0.0 0.0408465676009655
0.0 0.04088957980275154
0.0 0.04089229553937912
0.0 0.04094088077545166
0.0 0.041013509035110474
0.0 0.041070643812417984
0.0 0.04112056642770767
0.0 0.041131965816020966
0.0 0.04114710912108421
0.0 0.04114864021539688
0.0 0.041236892342567444
0.0 0.0412413626909256
0.0 0.04144961014389992
0.0 0.04148094356060028
0.0 0.04149021580815315
0.0 0.04160131514072418
0.0 0.041652653366327286
0.0 0.04171151667833328
0.0 0.04174184799194336
0.0 0.04178256541490555
0.0 0.041801828891038895
0.0 0.04182811081409454
0.0 0.04190642759203911
0.0 0.0419100783765316
0.0 0.04198109731078148
0.0 0.04206841439008713
0.0 0.042113833129405975
0.0 0.04211657866835594
0.0 0.04224967584013939
0.0 0.042265884578228
0.0 0.042269349098205566
0.0 0.04237312823534012
0.0 0.04240850359201431
0.0 0.042467474937438965
0.0 0.04250254109501839
0.0 0.042517006397247314
0.0 0.042575903236866
0.0 0.04258251190185547
0.0 0.04259203001856804
0.0 0.0426010824739933
0.0 0.04261858016252518
0.0 0.042634207755327225
0.0 0.04279259592294693
0.0 0.04288424178957939
0.0 0.04290086030960083
0.0 0.04296910762786865
0.0 0.042988453060388565
0.0 0.04314107820391655
0.0 0.0431695282459259
0.0 0.0431792251765728
0.0 0.043200425803661346
0.0 0.04321786016225815
0.0 0.04324038699269295
0.0 0.04325332120060921
0.0 0.043271999806165695
0.0 0.04343216493725777
0.0 0.04351259768009186
0.0 0.04352862387895584
0.0 0.043679628521203995
0.0 0.04371524974703789
0.0 0.04380431026220322
0.0 0.04382266476750374
0.0 0.04390387237071991
0.0 0.044066693633794785
0.0 0.04407515749335289
0.0 0.044124532490968704
0.0 0.044141266494989395
0.0 0.04417979344725609
0.0 0.044214580208063126
0.0 0.04422208294272423
0.0 0.044240791350603104
0.0 0.04430234804749489
0.0 0.044336847960948944
0.0 0.044342536479234695
0.0 0.044345222413539886
0.0 0.044351186603307724
0.0 0.04435252398252487
0.0 0.04449441283941269
0.0 0.044813789427280426
0.0 0.04486842826008797
0.0 0.0449209101498127
0.0 0.044937435537576675
0.0 0.04499112069606781
0.0 0.045003440231084824
0.0 0.04504409432411194
0.0 0.04511216655373573
0.0 0.045427773147821426
0.0 0.045447856187820435
0.0 0.04546874016523361
0.0 0.0456056110560894
0.0 0.04566999897360802
0.0 0.04574660584330559
0.0 0.045840419828891754
0.0 0.04585166275501251
0.0 0.045858319848775864
0.0 0.0458747074007988
0.0 0.04591493681073189
0.0 0.045928847044706345
0.0 0.04596758261322975
0.0 0.04600510001182556
0.0 0.04608049988746643
0.0 0.04619176685810089
0.0 0.04619818553328514
0.0 0.04623861238360405
0.0 0.04627404361963272
0.0 0.04635891690850258
0.0 0.046373263001441956
0.0 0.04651879519224167
0.0 0.04653260484337807
0.0 0.04673377051949501
0.0 0.04675007611513138
0.0 0.046769604086875916
0.0 0.04679053649306297
0.0 0.04680805653333664
0.0 0.04691586270928383
0.0 0.04701851308345795
0.0 0.04707496985793114
0.0 0.047083981335163116
0.0 0.04708767309784889
0.0 0.04708812013268471
0.0 0.04713182896375656
0.0 0.0472862608730793
0.0 0.04730120673775673
0.0 0.04731948301196098
0.0 0.04735373705625534
0.0 0.04765612259507179
0.0 0.047659244388341904
0.0 0.04771752655506134
0.0 0.04778559133410454
0.0 0.047791630029678345
0.0 0.04784538969397545
0.0 0.04787500575184822
0.0 0.047904957085847855
0.0 0.047958385199308395
0.0 0.04801502451300621
0.0 0.04803287610411644
0.0 0.0481933057308197
0.0 0.048226624727249146
0.0 0.04823717847466469
0.0 0.048267167061567307
0.0 0.048299163579940796
0.0 0.048455171287059784
0.0 0.048466626554727554
0.0 0.0485386997461319
0.0 0.04860885813832283
0.0 0.04862421378493309
0.0 0.04865077883005142
0.0 0.048705313354730606
0.0 0.04872359707951546
0.0 0.04874013736844063
0.0 0.048759497702121735
0.0 0.04889548569917679
0.0 0.04894507676362991
0.0 0.04899032786488533
0.0 0.04900788888335228
0.0 0.04918990656733513
0.0 0.04922731965780258
0.0 0.04923512786626816
0.0 0.049244437366724014
0.0 0.04932187497615814
0.0 0.049333181232213974
0.0 0.04946356639266014
0.0 0.0495338961482048
0.0 0.04961138591170311
0.0 0.04966653510928154
0.0 0.04969761520624161
0.0 0.049708954989910126
0.0 0.049771178513765335
0.0 0.0498025082051754
0.0 0.049830615520477295
0.0 0.04983871802687645
0.0 0.049925465136766434
0.0 0.04998394101858139
0.0 0.05004718899726868
0.0 0.05006659775972366
0.0 0.05013982951641083
0.0 0.05027196183800697
0.0 0.050293438136577606
0.0 0.05033666267991066
0.0 0.05034211650490761
0.0 0.0506775937974453
0.0 0.05075812339782715
0.0 0.05093807727098465
0.0 0.05108741298317909
0.0 0.051209885627031326
0.0 0.051278818398714066
0.0 0.05133844539523125
0.0 0.051443472504615784
0.0 0.05148176848888397
0.0 0.051498714834451675
0.0 0.05156823620200157
0.0 0.0516463965177536
0.0 0.051703665405511856
0.0 0.05170639976859093
0.0 0.05171170085668564
0.0 0.051793452352285385
0.0 0.05185792222619057
0.0 0.051923807710409164
0.0 0.05202941223978996
0.0 0.05213908478617668
0.0 0.05217207968235016
0.0 0.05228682607412338
0.0 0.05240077152848244
0.0 0.052476584911346436
0.0 0.052494313567876816
0.0 0.05255857855081558
0.0 0.052655432373285294
0.0 0.05274442210793495
0.0 0.05284610018134117
0.0 0.05293980613350868
0.0 0.05300624668598175
0.0 0.05313105508685112
0.0 0.05354456603527069
0.0 0.053550638258457184
0.0 0.05355821177363396
0.0 0.05373337119817734
0.0 0.053749267011880875
0.0 0.05375770851969719
0.0 0.05378144606947899
0.0 0.053798362612724304
0.0 0.053959280252456665
0.0 0.054085034877061844
0.0 0.054133884608745575
0.0 0.05435212701559067
0.0 0.05454704537987709
0.0 0.05460665002465248
0.0 0.05462516099214554
0.0 0.054813798516988754
0.0 0.054841604083776474
0.0 0.054855477064847946
0.0 0.054900337010622025
0.0 0.055002011358737946
0.0 0.05501021444797516
0.0 0.05501389503479004
0.0 0.05502736195921898
0.0 0.0550326406955719
0.0 0.05538013204932213
0.0 0.05544060468673706
0.0 0.05545632541179657
0.0 0.055467404425144196
0.0 0.0555662140250206
0.0 0.05557326227426529
0.0 0.05557427555322647
0.0 0.05559726059436798
0.0 0.055675383657217026
0.0 0.05582752823829651
0.0 0.055834244936704636
0.0 0.055869974195957184
0.0 0.05594858154654503
0.0 0.05596942827105522
0.0 0.05613389238715172
0.0 0.056209415197372437
0.0 0.05627479404211044
0.0 0.05645027384161949
0.0 0.05645540729165077
0.0 0.05660116672515869
0.0 0.056979939341545105
0.0 0.05698953568935394
0.0 0.057088665664196014
0.0 0.057141005992889404
0.0 0.057272154837846756
0.0 0.05730626359581947
0.0 0.057339347898960114
0.0 0.05740838870406151
0.0 0.05746602639555931
0.0 0.05758790299296379
0.0 0.057919688522815704
0.0 0.05806669592857361
0.0 0.058231718838214874
0.0 0.05828693136572838
0.0 0.05851662531495094
0.0 0.058575306087732315
0.0 0.058650512248277664
0.0 0.058683283627033234
0.0 0.05882759764790535
0.0 0.0588844008743763
0.0 0.05888737365603447
0.0 0.058891259133815765
0.0 0.05895769223570824
0.0 0.05910148099064827
0.0 0.059107981622219086
0.0 0.05933734402060509
0.0 0.05940541625022888
0.0 0.05945376306772232
0.0 0.06000109761953354
0.0 0.06008601188659668
0.0 0.06010613217949867
0.0 0.06011922284960747
0.0 0.06018245965242386
0.0 0.06018766015768051
0.0 0.060220587998628616
0.0 0.06043562665581703
0.0 0.060441989451646805
0.0 0.06060756742954254
0.0 0.0606624111533165
0.0 0.060860875993967056
0.0 0.06102459505200386
0.0 0.061066992580890656
0.0 0.061094019562006
0.0 0.06114369258284569
0.0 0.06119738519191742
0.0 0.06123296543955803
0.0 0.0612541139125824
0.0 0.06136035919189453
0.0 0.06141141057014465
0.0 0.06161537766456604
0.0 0.06164032593369484
0.0 0.061837323009967804
0.0 0.061849016696214676
0.0 0.06189049780368805
0.0 0.06189940124750137
0.0 0.06197106093168259
0.0 0.062088124454021454
0.0 0.06216335669159889
0.0 0.06224093958735466
0.0 0.06229984015226364
0.0 0.062309782952070236
0.0 0.0623834989964962
0.0 0.06265443563461304
0.0 0.06271596252918243
0.0 0.06283973902463913
0.0 0.0630515068769455
0.0 0.06319290399551392
0.0 0.06323100626468658
0.0 0.06337539106607437
0.0 0.0635637640953064
0.0 0.06385855376720428
0.0 0.06400791555643082
0.0 0.06407637149095535
0.0 0.06434129178524017
0.0 0.06439587473869324
0.0 0.06442616879940033
0.0 0.06460261344909668
0.0 0.06484400480985641
0.0 0.06490778923034668
0.0 0.06535693258047104
0.0 0.06546870619058609
0.0 0.06575711071491241
0.0 0.06605493277311325
0.0 0.06644070148468018
0.0 0.06698893755674362
0.0 0.06705425679683685
0.0 0.06732296198606491
0.0 0.06746362894773483
0.0 0.06760759651660919
0.0 0.06787674874067307
0.0 0.06843433529138565
0.0 0.06899341940879822
0.0 0.06909798830747604
0.0 0.069586843252182
0.0 0.0700301006436348
0.0 0.07191948592662811
0.0 0.07283192873001099
0.0 0.07324989140033722
0.0 0.07333283871412277
0.0 0.07384166121482849
0.0 0.07388129085302353
0.0 0.07446102052927017
0.0 0.07495453208684921
0.0 0.07531380653381348
0.0 0.07566314190626144
0.0 0.07586152106523514
0.0 0.07671218365430832
0.0 0.07700245827436447
0.0 0.07707619667053223
0.0 0.078202985227108
0.0 0.07961726933717728
0.0 0.08115613460540771
0.0 0.08203267306089401
0.0 0.08300299197435379
0.0 0.0831202045083046
0.0 0.08317401260137558
0.0 0.08401698619127274
0.0 inf
