0.0 0.030103333294391632
0.0 0.031374115496873856
0.0 0.03190375491976738
0.0 0.03198980167508125
0.0 0.03228924050927162
0.0 0.03361343592405319
0.0 0.033786606043577194
0.0 0.03437165170907974
0.0 0.03455262631177902
0.0 0.03464763984084129
0.0 0.03489105775952339
0.0 0.035144779831171036
0.0 0.03538927435874939
0.0 0.035577259957790375
0.0 0.03576922044157982
0.0 0.03587085381150246
0.0 0.035886507481336594
0.0 0.03650640696287155
0.0 0.036556050181388855
0.0 0.03709240257740021
0.0 0.03721488267183304
0.0 0.03724456951022148
0.0 0.03734777867794037
0.0 0.03748147189617157
0.0 0.03749094158411026
0.0 0.03756469860672951
0.0 0.037660982459783554
0.0 0.03774382546544075
0.0 0.03790755569934845
0.0 0.037909768521785736
0.0 0.03791113570332527
0.0 0.03792404383420944
0.0 0.03803853690624237
0.0 0.03825487568974495
0.0 0.03833622857928276
0.0 0.038439810276031494
0.0 0.03872787207365036
0.0 0.039000254124403
0.0 0.03905894234776497
0.0 0.039152637124061584
0.0 0.039448317140340805
0.0 0.03960135206580162
0.0 0.039659835398197174
0.0 0.03990235552191734
0.0 0.04002852737903595
0.0 0.040055401623249054
0.0 0.04029575735330582
0.0 0.040315523743629456
0.0 0.0403219535946846
0.0 0.04052039235830307
0.0 0.040647976100444794
0.0 0.040929608047008514
0.0 0.040938600897789
0.0 0.04095486178994179
0.0 0.040989555418491364
0.0 0.0410270169377327
0.0 0.04102722182869911
0.0 0.041677121073007584
0.0 0.041737064719200134
0.0 0.041785407811403275
0.0 0.04179886355996132
0.0 0.04186685010790825
0.0 0.0418865829706192
0.0 0.0419778898358345
0.0 0.042083557695150375
0.0 0.0420970693230629
0.0 0.042172543704509735
0.0 0.04230429232120514
0.0 0.04244283214211464
0.0 0.04254472255706787
0.0 0.042567696422338486
0.0 0.04257833585143089
0.0 0.042606841772794724
0.0 0.04260830953717232
0.0 0.042662620544433594
0.0 0.04282258078455925
0.0 0.042983248829841614
0.0 0.043058134615421295
0.0 0.04309522733092308
0.0 0.04325905442237854
0.0 0.04335653409361839
0.0 0.04344781115651131
0.0 0.04354388639330864
0.0 0.04355521872639656
0.0 0.04370996728539467
0.0 0.04372229799628258
0.0 0.043809112161397934
0.0 0.04383351281285286
0.0 0.04399107024073601
0.0 0.04403884708881378
0.0 0.04409006983041763
0.0 0.04409455135464668
0.0 0.044121529906988144
0.0 0.044192370027303696
0.0 0.044194936752319336
0.0 0.04426196217536926
0.0 0.04426586255431175
0.0 0.04431362450122833
0.0 0.044321585446596146
0.0 0.044357914477586746
0.0 0.04446858912706375
0.0 0.04455805942416191
0.0 0.04471937566995621
0.0 0.04474208503961563
0.0 0.04481116682291031
0.0 0.0448576919734478
0.0 0.0450202077627182
0.0 0.0451182946562767
0.0 0.04515565186738968
0.0 0.04535290598869324
0.0 0.04541708901524544
0.0 0.04545234888792038
0.0 0.04545683413743973
0.0 0.0454988032579422
0.0 0.045501597225666046
0.0 0.045516446232795715
0.0 0.045558154582977295
0.0 0.04556364566087723
0.0 0.04556882008910179
0.0 0.04557172209024429
0.0 0.04557527229189873
0.0 0.04558790102601051
0.0 0.04577884450554848
0.0 0.045809268951416016
0.0 0.04582719877362251
0.0 0.04585634917020798
0.0 0.04591535031795502
0.0 0.04594307765364647
0.0 0.04594625532627106
0.0 0.045993056148290634
0.0 0.046013835817575455
0.0 0.046069465577602386
0.0 0.04619120433926582
0.0 0.04621172696352005
0.0 0.0462552011013031
0.0 0.04626966267824173
0.0 0.04630804806947708
0.0 0.04637206345796585
0.0 0.04637651890516281
0.0 0.04640024155378342
0.0 0.04640229791402817
0.0 0.04656609892845154
0.0 0.04656696692109108
0.0 0.04658135771751404
0.0 0.04660152271389961
0.0 0.04660665988922119
0.0 0.04664264991879463
0.0 0.04664679616689682
0.0 0.04668165370821953
0.0 0.046780068427324295
0.0 0.046787530183792114
0.0 0.046852074563503265
0.0 0.046905603259801865
0.0 0.04693589732050896
0.0 0.0469515398144722
0.0 0.04700697585940361
0.0 0.047107696533203125
0.0 0.047202639281749725
0.0 0.0472184494137764
0.0 0.04732441529631615
0.0 0.047327328473329544
0.0 0.047378480434417725
0.0 0.047387465834617615
0.0 0.04742800444364548
0.0 0.047483187168836594
0.0 0.04751557856798172
0.0 0.04751858487725258
0.0 0.04754875600337982
0.0 0.04758141189813614
0.0 0.047694455832242966
0.0 0.0477788969874382
0.0 0.04779422655701637
0.0 0.047863755375146866
0.0 0.04788840934634209
0.0 0.04794647917151451
0.0 0.04803847521543503
0.0 0.048141833394765854
0.0 0.0482209287583828
0.0 0.04822155833244324
0.0 0.04827744513750076
0.0 0.048281241208314896
0.0 0.048336613923311234
0.0 0.04835217818617821
0.0 0.048357896506786346
0.0 0.04842296987771988
0.0 0.04847364127635956
0.0 0.0485384464263916
0.0 0.04870429262518883
0.0 0.04870651289820671
0.0 0.0487251952290535
0.0 0.04877973720431328
0.0 0.048916202038526535
0.0 0.04898852854967117
0.0 0.04907170310616493
0.0 0.04918758571147919
0.0 0.04924823343753815
0.0 0.04934998229146004
0.0 0.04942989721894264
0.0 0.049431320279836655
0.0 0.049431778490543365
0.0 0.049461010843515396
0.0 0.04952217638492584
0.0 0.049685366451740265
0.0 0.04972474277019501
0.0 0.049735527485609055
0.0 0.04976586997509003
0.0 0.04982158541679382
0.0 0.049863044172525406
0.0 0.04989723861217499
0.0 0.05002884566783905
0.0 0.05005815252661705
0.0 0.05024321749806404
0.0 0.050288453698158264
0.0 0.050304632633924484
0.0 0.050480738282203674
0.0 0.05049554258584976
0.0 0.0505102314054966
0.0 0.050512317568063736
0.0 0.050572384148836136
0.0 0.05058462545275688
0.0 0.05065128952264786
0.0 0.050852637737989426
0.0 0.050884220749139786
0.0 0.050912950187921524
0.0 0.05101020261645317
0.0 0.05119556933641434
0.0 0.05122563615441322
0.0 0.051236387342214584
0.0 0.0513213612139225
0.0 0.05134997516870499
0.0 0.051356349140405655
0.0 0.05139605328440666
0.0 0.05143687501549721
0.0 0.05164813995361328
0.0 0.05170486867427826
0.0 0.05172279477119446
0.0 0.051756080240011215
0.0 0.05184345692396164
0.0 0.051927343010902405
0.0 0.05202975124120712
0.0 0.05210704356431961
0.0 0.052137818187475204
0.0 0.052196331322193146
0.0 0.052274394780397415
0.0 0.05229206755757332
0.0 0.05236770585179329
0.0 0.05239551514387131
0.0 0.05250377953052521
0.0 0.052587248384952545
0.0 0.05261208489537239
0.0 0.052674710750579834
0.0 0.05270509049296379
0.0 0.05274869501590729
0.0 0.052752673625946045
0.0 0.05283118784427643
0.0 0.05288508161902428
0.0 0.052908238023519516
0.0 0.052925486117601395
0.0 0.053065281361341476
0.0 0.05322546511888504
0.0 0.05323468893766403
0.0 0.053272973746061325
0.0 0.05333898961544037
0.0 0.05338544771075249
0.0 0.05358821153640747
0.0 0.053591951727867126
0.0 0.053681548684835434
0.0 0.05371731147170067
0.0 0.05379486083984375
0.0 0.053819674998521805
0.0 0.05383579432964325
0.0 0.053846169263124466
0.0 0.05395746976137161
0.0 0.05397317558526993
0.0 0.054167233407497406
0.0 0.05438237264752388
0.0 0.054442148655653
0.0 0.054492827504873276
0.0 0.054536592215299606
0.0 0.05461345240473747
0.0 0.05464974790811539
0.0 0.05469111353158951
0.0 0.05472484603524208
0.0 0.05474995821714401
0.0 0.05477176979184151
0.0 0.05498695746064186
0.0 0.054990869015455246
0.0 0.05508933588862419
0.0 0.055118393152952194
0.0 0.055236320942640305
0.0 0.05532057210803032
0.0 0.05536094307899475
0.0 0.055369120091199875
0.0 0.05553771182894707
0.0 0.05562672019004822
0.0 0.055799175053834915
0.0 0.0558653399348259
0.0 0.05606010928750038
0.0 0.056109990924596786
0.0 0.05616273730993271
0.0 0.056211523711681366
0.0 0.05621921643614769
0.0 0.05628518387675285
0.0 0.05630364641547203
0.0 0.056314125657081604
0.0 0.05651265010237694
0.0 0.05661092326045036
0.0 0.05663900822401047
0.0 0.056714825332164764
0.0 0.056725822389125824
0.0 0.05673377960920334
0.0 0.056821029633283615
0.0 0.05687011033296585
0.0 0.05700663849711418
0.0 0.05701933428645134
0.0 0.05702763423323631
0.0 0.057084403932094574
0.0 0.0572265200316906
0.0 0.05725155398249626
0.0 0.05728897824883461
0.0 0.05738003924489021
0.0 0.057431016117334366
0.0 0.057490814477205276
0.0 0.05749303847551346
0.0 0.05751848965883255
0.0 0.057546697556972504
0.0 0.05754934623837471
0.0 0.05762088671326637
0.0 0.05770197883248329
0.0 0.05772726610302925
0.0 0.057728882879018784
0.0 0.05784877389669418
0.0 0.05791805312037468
0.0 0.05795655399560928
0.0 0.05800855532288551
0.0 0.05807321518659592
0.0 0.05807638168334961
0.0 0.058139700442552567
0.0 0.058202724903821945
0.0 0.05820509418845177
0.0 0.05821525678038597
0.0 0.058479391038417816
0.0 0.05852979049086571
0.0 0.05862904712557793
0.0 0.05865113064646721
0.0 0.058656513690948486
0.0 0.05867508426308632
0.0 0.05872746929526329
0.0 0.05880948528647423
0.0 0.058899279683828354
0.0 0.05895916372537613
0.0 0.05902507156133652
0.0 0.059043608605861664
0.0 0.05929433926939964
0.0 0.05929632857441902
0.0 0.05936705693602562
0.0 0.059489473700523376
0.0 0.0595419704914093
0.0 0.059581100940704346
0.0 0.05970190092921257
0.0 0.05994158610701561
0.0 0.059984561055898666
0.0 0.06004398316144943
0.0 0.06012194976210594
0.0 0.0606251023709774
0.0 0.06065427511930466
0.0 0.06070724129676819
0.0 0.06104505807161331
0.0 0.06116347759962082
0.0 0.06123634800314903
0.0 0.06127097085118294
0.0 0.06133504584431648
0.0 0.061477866023778915
0.0 0.061566658318042755
0.0 0.061680860817432404
0.0 0.06185239925980568
0.0 0.06194201484322548
0.0 0.062085118144750595
0.0 0.06209332123398781
0.0 0.0621369369328022
0.0 0.06215018779039383
0.0 0.062172781676054
0.0 0.062253475189208984
0.0 0.062276311218738556
0.0 0.06227768212556839
0.0 0.06241249293088913
0.0 0.06257115304470062
0.0 0.0626763254404068
0.0 0.06296665966510773
0.0 0.06301365047693253
0.0 0.06306719034910202
0.0 0.0630674734711647
0.0 0.06310853362083435
0.0 0.06320927292108536
0.0 0.06327446550130844
0.0 0.06362567096948624
0.0 0.06390666216611862
0.0 0.06405047327280045
0.0 0.06427282094955444
0.0 0.06435609608888626
0.0 0.06439371407032013
0.0 0.06449956446886063
0.0 0.06455200910568237
0.0 0.06489497423171997
0.0 0.06491002440452576
0.0 0.06533225625753403
0.0 0.06551145017147064
0.0 0.06564972549676895
0.0 0.06575309485197067
0.0 0.06592647731304169
0.0 0.06593430042266846
0.0 0.066046804189682
0.0 0.06631434708833694
0.0 0.06650707870721817
0.0 0.06670879572629929
0.0 0.06678802520036697
0.0 0.06733231246471405
0.0 0.06740317493677139
0.0 0.06745968014001846
0.0 0.0674828588962555
0.0 0.06772151589393616
0.0 0.06772744655609131
0.0 0.06786223500967026
0.0 0.06804607808589935
0.0 0.06805010139942169
0.0 0.06811729818582535
0.0 0.06814942508935928
0.0 0.06829818338155746
0.0 0.06830843538045883
0.0 0.06833041459321976
0.0 0.06842908263206482
0.0 0.06854289025068283
0.0 0.0687493160367012
0.0 0.06879393756389618
0.0 0.06887979060411453
0.0 0.06890009343624115
0.0 0.0690477043390274
0.0 0.06917037814855576
0.0 0.06926917284727097
0.0 0.06951259076595306
0.0 0.06991343945264816
0.0 0.06991983950138092
0.0 0.07034046202898026
0.0 0.07039064168930054
0.0 0.07039844244718552
0.0 0.07077640295028687
0.0 0.0708397775888443
0.0 0.07094300538301468
0.0 0.07152286171913147
0.0 0.07189052551984787
0.0 0.07241985201835632
0.0 0.07259184122085571
0.0 0.07278120517730713
0.0 0.07278336584568024
0.0 0.07293471693992615
0.0 0.0729394257068634
0.0 0.07294510304927826
0.0 0.07312719523906708
0.0 0.07392016798257828
0.0 0.07409917563199997
0.0 0.07424522936344147
0.0 0.07428255677223206
0.0 0.07461406290531158
0.0 0.07465571910142899
0.0 0.07479441910982132
0.0 0.07486888766288757
0.0 0.07497932761907578
0.0 0.07548554241657257
0.0 0.07564937323331833
0.0 0.07575786858797073
0.0 0.07612693309783936
0.0 0.07653108239173889
0.0 0.07705650478601456
0.0 0.07744164764881134
0.0 0.07786788791418076
0.0 0.07883375883102417
0.0 0.07913729548454285
0.0 0.07936253398656845
0.0 0.07960715889930725
0.0 0.07967191934585571
0.0 0.08011653274297714
0.0 0.0801769495010376
0.0 0.08024097979068756
0.0 0.08039223402738571
0.0 0.08051273971796036
0.0 0.08139761537313461
0.0 0.0815686285495758
0.0 0.08243182301521301
0.0 0.0825267806649208
0.0 0.0827493816614151
0.0 0.08304597437381744
0.0 0.08320385962724686
0.0 0.08426818251609802
0.0 0.08431375026702881
0.0 0.08440118283033371
0.0 0.08480601757764816
0.0 0.08484570682048798
0.0 0.08560366183519363
0.0 0.08590652048587799
0.0 0.08672323077917099
0.0 0.08785265684127808
0.0 0.0880209282040596
0.0 0.0880739688873291
0.0 0.0893036499619484
0.0 0.08958210796117783
0.0 0.09083309024572372
0.0 0.09236524254083633
0.0 0.09407716989517212
0.0 0.09976410865783691
0.0 0.10384675115346909
0.0 0.10871513187885284
0.0 inf
