0.0 0.03524470701813698
0.0 0.04029262438416481
0.0 0.0425131730735302
0.0 0.043137818574905396
0.0 0.043606746941804886
0.0 0.04483266919851303
0.0 0.044948235154151917
0.0 0.04678885638713837
0.0 0.04712839424610138
0.0 0.04756813123822212
0.0 0.04910324141383171
0.0 0.049400754272937775
0.0 0.04990606755018234
0.0 0.05001406744122505
0.0 0.050043873488903046
0.0 0.05009780079126358
0.0 0.050104133784770966
0.0 0.050323422998189926
0.0 0.05088600516319275
0.0 0.05155019462108612
0.0 0.052118100225925446
0.0 0.05251242592930794
0.0 0.05272667109966278
0.0 0.05284418538212776
0.0 0.05288206413388252
0.0 0.053428925573825836
0.0 0.05379721149802208
0.0 0.05409058555960655
0.0 0.05419484153389931
0.0 0.054348479956388474
0.0 0.05466126650571823
0.0 0.05498548969626427
0.0 0.05546608939766884
0.0 0.05560356006026268
0.0 0.055632803589105606
0.0 0.055725615471601486
0.0 0.05589764192700386
0.0 0.05616274103522301
0.0 0.056166257709264755
0.0 0.05644162371754646
0.0 0.05658246576786041
0.0 0.05659772828221321
0.0 0.05697963014245033
0.0 0.057056598365306854
0.0 0.05707184597849846
0.0 0.05723251774907112
0.0 0.057271912693977356
0.0 0.05732858553528786
0.0 0.05736986920237541
0.0 0.05752662196755409
0.0 0.0575883686542511
0.0 0.05759419873356819
0.0 0.057631753385066986
0.0 0.057770632207393646
0.0 0.057782649993896484
0.0 0.057824235409498215
0.0 0.05794248729944229
0.0 0.05794442445039749
0.0 0.05824415013194084
0.0 0.05827292054891586
0.0 0.05830531194806099
0.0 0.058372966945171356
0.0 0.05840238556265831
0.0 0.058446116745471954
0.0 0.058484431356191635
0.0 0.058683544397354126
0.0 0.05894434079527855
0.0 0.059175148606300354
0.0 0.059357065707445145
0.0 0.05939347296953201
0.0 0.059471793472766876
0.0 0.059485092759132385
0.0 0.059701018035411835
0.0 0.0597432442009449
0.0 0.05980420485138893
0.0 0.059898510575294495
0.0 0.06002819538116455
0.0 0.06005602329969406
0.0 0.060100357979536057
0.0 0.060107506811618805
0.0 0.060172826051712036
0.0 0.060260288417339325
0.0 0.06047479808330536
0.0 0.0604926273226738
0.0 0.06051851436495781
0.0 0.060530900955200195
0.0 0.06074049696326256
0.0 0.060786545276641846
0.0 0.06088836491107941
0.0 0.06095648184418678
0.0 0.060992345213890076
0.0 0.06119983643293381
0.0 0.06145193427801132
0.0 0.061465635895729065
0.0 0.061660975217819214
0.0 0.06175832077860832
0.0 0.061864662915468216
0.0 0.061898648738861084
0.0 0.062031663954257965
0.0 0.0620647668838501
0.0 0.06208403408527374
0.0 0.06213878095149994
0.0 0.062187641859054565
0.0 0.06229651719331741
0.0 0.06231663003563881
0.0 0.06255408376455307
0.0 0.06266952306032181
0.0 0.06268934160470963
0.0 0.06271211802959442
0.0 0.06275150924921036
0.0 0.06276188045740128
0.0 0.0627727061510086
0.0 0.06280485540628433
0.0 0.06306241452693939
0.0 0.06322409212589264
0.0 0.0632706806063652
0.0 0.06335349380970001
0.0 0.06336147338151932
0.0 0.06351516395807266
0.0 0.0635940209031105
0.0 0.06368835270404816
0.0 0.06381857395172119
0.0 0.06392011791467667
0.0 0.06398771703243256
0.0 0.06424513459205627
0.0 0.06431643664836884
0.0 0.0643855407834053
0.0 0.06447526812553406
0.0 0.06461382657289505
0.0 0.06465096771717072
0.0 0.06465579569339752
0.0 0.06483539938926697
0.0 0.06489524245262146
0.0 0.06489789485931396
0.0 0.06491655856370926
0.0 0.06503373384475708
0.0 0.06504952162504196
0.0 0.06505744159221649
0.0 0.06518072634935379
0.0 0.06520197540521622
0.0 0.06528874486684799
0.0 0.06530259549617767
0.0 0.06558352708816528
0.0 0.06563262641429901
0.0 0.06567848473787308
0.0 0.06584066897630692
0.0 0.06586480885744095
0.0 0.06591234356164932
0.0 0.0659138560295105
0.0 0.06598346680402756
0.0 0.06601345539093018
0.0 0.06604450196027756
0.0 0.06606347113847733
0.0 0.06628958135843277
0.0 0.06631775200366974
0.0 0.06636492908000946
0.0 0.06644831597805023
0.0 0.06649171561002731
0.0 0.06656333804130554
0.0 0.06659027934074402
0.0 0.0665917620062828
0.0 0.06664340943098068
0.0 0.06664613634347916
0.0 0.06683394312858582
0.0 0.06686680018901825
0.0 0.06692147254943848
0.0 0.06693670153617859
0.0 0.06697384268045425
0.0 0.06714189052581787
0.0 0.06719065457582474
0.0 0.06719869375228882
0.0 0.06722983717918396
0.0 0.06726328283548355
0.0 0.06729690730571747
0.0 0.0674644336104393
0.0 0.06748460233211517
0.0 0.06757578998804092
0.0 0.06760355085134506
0.0 0.06773583590984344
0.0 0.06779760122299194
0.0 0.0678262785077095
0.0 0.06791441142559052
0.0 0.06792100518941879
0.0 0.0680837407708168
0.0 0.06814642250537872
0.0 0.0681799128651619
0.0 0.06822290271520615
0.0 0.0682615116238594
0.0 0.0682830959558487
0.0 0.06828594207763672
0.0 0.06837484985589981
0.0 0.06837531179189682
0.0 0.06843660026788712
0.0 0.06855697929859161
0.0 0.06865829974412918
0.0 0.06882081925868988
0.0 0.06891145557165146
0.0 0.06892134994268417
0.0 0.06893378496170044
0.0 0.06898680329322815
0.0 0.06904507428407669
0.0 0.069093257188797
0.0 0.06912506371736526
0.0 0.06919325888156891
0.0 0.06924141198396683
0.0 0.06929007172584534
0.0 0.0693126767873764
0.0 0.06932079046964645
0.0 0.06934704631567001
0.0 0.06947339326143265
0.0 0.06949616968631744
0.0 0.06952182203531265
0.0 0.0696447342634201
0.0 0.0696948692202568
0.0 0.0698641911149025
0.0 0.07008472830057144
0.0 0.07017137855291367
0.0 0.07023485749959946
0.0 0.07026610523462296
0.0 0.07030723989009857
0.0 0.07036957889795303
0.0 0.0705294981598854
0.0 0.07057715207338333
0.0 0.07058242708444595
0.0 0.07064273208379745
0.0 0.07087847590446472
0.0 0.07089754194021225
0.0 0.07112186402082443
0.0 0.07115896791219711
0.0 0.0711589828133583
0.0 0.07120756059885025
0.0 0.07123667001724243
0.0 0.07125935703516006
0.0 0.07127463072538376
0.0 0.07129070907831192
0.0 0.07136129587888718
0.0 0.07159249484539032
0.0 0.0716729685664177
0.0 0.07177909463644028
0.0 0.07184566557407379
0.0 0.07185205817222595
0.0 0.07187861949205399
0.0 0.07189001888036728
0.0 0.07198601216077805
0.0 0.07200358808040619
0.0 0.07201306521892548
0.0 0.07223201543092728
0.0 0.07239744812250137
0.0 0.0726035013794899
0.0 0.07260376960039139
0.0 0.07262792438268661
0.0 0.0726497694849968
0.0 0.07267788052558899
0.0 0.07268843054771423
0.0 0.07297611236572266
0.0 0.07300303131341934
0.0 0.07301012426614761
0.0 0.0730261281132698
0.0 0.07303062826395035
0.0 0.07304038852453232
0.0 0.07316255569458008
0.0 0.07321993261575699
0.0 0.07329750806093216
0.0 0.0733422115445137
0.0 0.07341379672288895
0.0 0.07366469502449036
0.0 0.07395492494106293
0.0 0.07414421439170837
0.0 0.07419417798519135
0.0 0.07421644032001495
0.0 0.07422865927219391
0.0 0.07437045872211456
0.0 0.0743834525346756
0.0 0.07445424050092697
0.0 0.07452208548784256
0.0 0.07453878968954086
0.0 0.07456409186124802
0.0 0.07475333660840988
0.0 0.07498032599687576
0.0 0.075249582529068
0.0 0.07525824010372162
0.0 0.07558548450469971
0.0 0.0755859762430191
0.0 0.07564443349838257
0.0 0.07575089484453201
0.0 0.0757773146033287
0.0 0.07583557814359665
0.0 0.07590921968221664
0.0 0.07606170326471329
0.0 0.0761396661400795
0.0 0.076302170753479
0.0 0.07642852514982224
0.0 0.07651025056838989
0.0 0.0765322595834732
0.0 0.07669524848461151
0.0 0.07680846750736237
0.0 0.07691773027181625
0.0 0.07700270414352417
0.0 0.07710108160972595
0.0 0.07714005559682846
0.0 0.07750789076089859
0.0 0.07758285850286484
0.0 0.07765473425388336
0.0 0.07771428674459457
0.0 0.07774560153484344
0.0 0.07786817103624344
0.0 0.07799547910690308
0.0 0.07808511704206467
0.0 0.0781809464097023
0.0 0.07822339981794357
0.0 0.07823479920625687
0.0 0.07837635278701782
0.0 0.07843347638845444
0.0 0.07851044833660126
0.0 0.0788414403796196
0.0 0.07885762304067612
0.0 0.07892826944589615
0.0 0.07902180403470993
0.0 0.07902250438928604
0.0 0.07905369251966476
0.0 0.07918333262205124
0.0 0.07948348671197891
0.0 0.0795481875538826
0.0 0.0795590877532959
0.0 0.07970244437456131
0.0 0.0797259509563446
0.0 0.0797489807009697
0.0 0.07976076751947403
0.0 0.07978527247905731
0.0 0.07978911697864532
0.0 0.07982248067855835
0.0 0.07982940971851349
0.0 0.07991066575050354
0.0 0.079957015812397
0.0 0.07999486476182938
0.0 0.08000241965055466
0.0 0.08002778887748718
0.0 0.08028288930654526
0.0 0.08034756779670715
0.0 0.08035115897655487
0.0 0.0803709328174591
0.0 0.08054070919752121
0.0 0.0806504562497139
0.0 0.08065705746412277
0.0 0.08074511587619781
0.0 0.08075309544801712
0.0 0.08080580830574036
0.0 0.08087140321731567
0.0 0.08093216270208359
0.0 0.08104249835014343
0.0 0.08114493638277054
0.0 0.08118785917758942
0.0 0.08140213042497635
0.0 0.08159633725881577
0.0 0.08174223452806473
0.0 0.08182070404291153
0.0 0.08182671666145325
0.0 0.08184756338596344
0.0 0.0819493979215622
0.0 0.0821409672498703
0.0 0.08254172652959824
0.0 0.08264516294002533
0.0 0.08279526978731155
0.0 0.08282589912414551
0.0 0.0828656256198883
0.0 0.08291381597518921
0.0 0.08292525261640549
0.0 0.08297217637300491
0.0 0.08301573246717453
0.0 0.08311810344457626
0.0 0.08313257247209549
0.0 0.08315757662057877
0.0 0.08317317813634872
0.0 0.08322352916002274
0.0 0.08326537907123566
0.0 0.0832754448056221
0.0 0.08332937955856323
0.0 0.08335971087217331
0.0 0.0833868607878685
0.0 0.08340474218130112
0.0 0.08344816416501999
0.0 0.08345109224319458
0.0 0.08347716927528381
0.0 0.08367226272821426
0.0 0.08382348716259003
0.0 0.08390913903713226
0.0 0.0839545801281929
0.0 0.08403345942497253
0.0 0.08423798531293869
0.0 0.08437809348106384
0.0 0.08446265757083893
0.0 0.08460801839828491
0.0 0.08469217270612717
0.0 0.08474157750606537
0.0 0.08482068032026291
0.0 0.08503787219524384
0.0 0.0851396843791008
0.0 0.08517058193683624
0.0 0.08525208383798599
0.0 0.085425466299057
0.0 0.08542641997337341
0.0 0.08549951016902924
0.0 0.08557906001806259
0.0 0.08557910472154617
0.0 0.08567396551370621
0.0 0.08567775785923004
0.0 0.08611277490854263
0.0 0.08647513389587402
0.0 0.0865042582154274
0.0 0.08650711923837662
0.0 0.08652755618095398
0.0 0.08656997978687286
0.0 0.08657574653625488
0.0 0.08665461838245392
0.0 0.08681488782167435
0.0 0.08684155344963074
0.0 0.08716881275177002
0.0 0.0872514545917511
0.0 0.0874265730381012
0.0 0.08751996606588364
0.0 0.08753883093595505
0.0 0.08764422684907913
0.0 0.0877344086766243
0.0 0.08776447176933289
0.0 0.08825013786554337
0.0 0.0883452370762825
0.0 0.08835345506668091
0.0 0.08867600560188293
0.0 0.08880698680877686
0.0 0.08884983509778976
0.0 0.08911219239234924
0.0 0.08921975642442703
0.0 0.08947745710611343
0.0 0.08958662301301956
0.0 0.08958815038204193
0.0 0.08964279294013977
0.0 0.08981931209564209
0.0 0.0898870974779129
0.0 0.08999179303646088
0.0 0.09030425548553467
0.0 0.09035743027925491
0.0 0.09092428535223007
0.0 0.09116534143686295
0.0 0.09120682626962662
0.0 0.09126371145248413
0.0 0.09145086258649826
0.0 0.09150184690952301
0.0 0.09155800193548203
0.0 0.09185643494129181
0.0 0.09192480146884918
0.0 0.09195005148649216
0.0 0.09217056632041931
0.0 0.0923103541135788
0.0 0.09236130118370056
0.0 0.09242814034223557
0.0 0.09250656515359879
0.0 0.09263312816619873
0.0 0.09266558289527893
0.0 0.09293848276138306
0.0 0.0933259055018425
0.0 0.09336216002702713
0.0 0.0934218093752861
0.0 0.09478908777236938
0.0 0.0948835015296936
0.0 0.09532604366540909
0.0 0.09539271146059036
0.0 0.09560373425483704
0.0 0.09563444554805756
0.0 0.0958605408668518
0.0 0.09629471600055695
0.0 0.09664195030927658
0.0 0.09678368270397186
0.0 0.09689460694789886
0.0 0.09711948782205582
0.0 0.09717193245887756
0.0 0.09745372831821442
0.0 0.09775727987289429
0.0 0.09776269644498825
0.0 0.09796933829784393
0.0 0.09838367253541946
0.0 0.09841358661651611
0.0 0.09887338429689407
0.0 0.09893467277288437
0.0 0.09923029690980911
0.0 0.09928300976753235
0.0 0.09969259798526764
0.0 0.09982321411371231
0.0 0.10008405894041061
0.0 0.10014892369508743
0.0 0.10064898431301117
0.0 0.10083168745040894
0.0 0.10125137120485306
0.0 0.10132807493209839
0.0 0.1031867116689682
0.0 0.10481665283441544
0.0 0.10553112626075745
0.0 0.10665454715490341
0.0 0.1072479784488678
0.0 0.10929844528436661
0.0 0.11059960722923279
0.0 0.1126929372549057
0.0 0.11315541714429855
0.0 0.11460642516613007
0.0 0.11607912182807922
0.0 0.11807247251272202
0.0 0.11844179034233093
0.0 0.12438401579856873
0.0 0.16887089610099792
0.0 0.20974713563919067
0.0 0.22475555539131165
0.0 0.2594406008720398
0.0 inf
