0.0 0.0315592885017395
0.0 0.03834917023777962
0.0 0.03932707756757736
0.0 0.03962019085884094
0.0 0.03975597769021988
0.0 0.04048952832818031
0.0 0.04049587622284889
0.0 0.04086175188422203
0.0 0.04138706624507904
0.0 0.04165182262659073
0.0 0.04190082103013992
0.0 0.042467571794986725
0.0 0.04258926212787628
0.0 0.04273416846990585
0.0 0.043182965368032455
0.0 0.04347648844122887
0.0 0.043688688427209854
0.0 0.04379541054368019
0.0 0.04380454495549202
0.0 0.04399612545967102
0.0 0.044153496623039246
0.0 0.04448642581701279
0.0 0.044589925557374954
0.0 0.04460396245121956
0.0 0.045073773711919785
0.0 0.045120276510715485
0.0 0.04513312503695488
0.0 0.04514778032898903
0.0 0.04520131275057793
0.0 0.045214761048555374
0.0 0.04521924629807472
0.0 0.045266684144735336
0.0 0.04537069797515869
0.0 0.045481979846954346
0.0 0.04552190378308296
0.0 0.04559842124581337
0.0 0.04562564939260483
0.0 0.04565032199025154
0.0 0.04565994814038277
0.0 0.04572846740484238
0.0 0.04583001136779785
0.0 0.045856233686208725
0.0 0.04609803482890129
0.0 0.04617075249552727
0.0 0.046233367174863815
0.0 0.04629913717508316
0.0 0.04648979380726814
0.0 0.04671596735715866
0.0 0.04674505069851875
0.0 0.046817097812891006
0.0 0.04690973833203316
0.0 0.046910155564546585
0.0 0.047014929354190826
0.0 0.04702393338084221
0.0 0.04703095927834511
0.0 0.04704497009515762
0.0 0.047192029654979706
0.0 0.047201238572597504
0.0 0.0475030280649662
0.0 0.04755033552646637
0.0 0.047593895345926285
0.0 0.04766157642006874
0.0 0.04766417667269707
0.0 0.04772825539112091
0.0 0.047777991741895676
0.0 0.04778055474162102
0.0 0.04778645187616348
0.0 0.047851696610450745
0.0 0.04786580428481102
0.0 0.048096414655447006
0.0 0.04817717894911766
0.0 0.048199448734521866
0.0 0.048341765999794006
0.0 0.04856666550040245
0.0 0.04859790951013565
0.0 0.04863825812935829
0.0 0.04865541309118271
0.0 0.04865836724638939
0.0 0.048785071820020676
0.0 0.048874445259571075
0.0 0.04889011010527611
0.0 0.04898951202630997
0.0 0.04900675639510155
0.0 0.049066267907619476
0.0 0.04924608767032623
0.0 0.049310650676488876
0.0 0.049346406012773514
0.0 0.049349915236234665
0.0 0.049423377960920334
0.0 0.049433715641498566
0.0 0.049475010484457016
0.0 0.04947719722986221
0.0 0.049508389085531235
0.0 0.049550484865903854
0.0 0.04956279695034027
0.0 0.04957764595746994
0.0 0.04960727319121361
0.0 0.0496097132563591
0.0 0.04978589713573456
0.0 0.04995680972933769
0.0 0.049970027059316635
0.0 0.049981798976659775
0.0 0.049990925937891006
0.0 0.05009627714753151
0.0 0.05016855150461197
0.0 0.05017036944627762
0.0 0.05019928887486458
0.0 0.050205931067466736
0.0 0.05023038387298584
0.0 0.0502467006444931
0.0 0.050252802670001984
0.0 0.05030427873134613
0.0 0.05033043026924133
0.0 0.05055594816803932
0.0 0.050646327435970306
0.0 0.050671450793743134
0.0 0.05077218636870384
0.0 0.0508466437458992
0.0 0.05090871825814247
0.0 0.050995275378227234
0.0 0.051102567464113235
0.0 0.05115837603807449
0.0 0.05124063044786453
0.0 0.05128324776887894
0.0 0.05132529139518738
0.0 0.05136868357658386
0.0 0.05160324275493622
0.0 0.05161328613758087
0.0 0.05186894163489342
0.0 0.051999859511852264
0.0 0.05209452286362648
0.0 0.05214868113398552
0.0 0.05224749445915222
0.0 0.05238565802574158
0.0 0.05253637954592705
0.0 0.05297129601240158
0.0 0.05298040062189102
0.0 0.05300629138946533
0.0 0.05307020992040634
0.0 0.05307190492749214
0.0 0.05308665335178375
0.0 0.05322086438536644
0.0 0.053242139518260956
0.0 0.053257331252098083
0.0 0.05335387587547302
0.0 0.05337793007493019
0.0 0.05341104418039322
0.0 0.053447093814611435
0.0 0.05346992239356041
0.0 0.053629398345947266
0.0 0.05363389849662781
0.0 0.05365579575300217
0.0 0.053690217435359955
0.0 0.053805697709321976
0.0 0.053876426070928574
0.0 0.0539095476269722
0.0 0.0539565309882164
0.0 0.05405136197805405
0.0 0.05406828969717026
0.0 0.05407121405005455
0.0 0.05410246178507805
0.0 0.054164353758096695
0.0 0.0541897676885128
0.0 0.05437451973557472
0.0 0.05440809205174446
0.0 0.05443394556641579
0.0 0.054489754140377045
0.0 0.05458033084869385
0.0 0.05458884686231613
0.0 0.05461866781115532
0.0 0.05465574190020561
0.0 0.054731257259845734
0.0 0.054758671671152115
0.0 0.054860133677721024
0.0 0.05486990883946419
0.0 0.05488027259707451
0.0 0.05497860163450241
0.0 0.0550667904317379
0.0 0.05509910359978676
0.0 0.05513220652937889
0.0 0.05513916537165642
0.0 0.055206697434186935
0.0 0.055244769901037216
0.0 0.05533077195286751
0.0 0.055420804768800735
0.0 0.05552826449275017
0.0 0.05557055026292801
0.0 0.055631864815950394
0.0 0.05575546994805336
0.0 0.055799562484025955
0.0 0.05581206455826759
0.0 0.05582332983613014
0.0 0.05586036294698715
0.0 0.05590139329433441
0.0 0.05590705946087837
0.0 0.05591414496302605
0.0 0.05592093616724014
0.0 0.055944476276636124
0.0 0.0559455081820488
0.0 0.055958401411771774
0.0 0.0559949055314064
0.0 0.056162916123867035
0.0 0.05617598071694374
0.0 0.05619656667113304
0.0 0.05626554414629936
0.0 0.05641957372426987
0.0 0.05642107129096985
0.0 0.05659989267587662
0.0 0.05660035461187363
0.0 0.05668606609106064
0.0 0.05669436976313591
0.0 0.05674980580806732
0.0 0.05693749338388443
0.0 0.05696697160601616
0.0 0.05702807009220123
0.0 0.05702924728393555
0.0 0.05705193802714348
0.0 0.05705235153436661
0.0 0.057065390050411224
0.0 0.05714177340269089
0.0 0.057193003594875336
0.0 0.05723492056131363
0.0 0.057238899171352386
0.0 0.05724485218524933
0.0 0.05726803094148636
0.0 0.057278167456388474
0.0 0.05732785910367966
0.0 0.057352934032678604
0.0 0.0573725700378418
0.0 0.05742902681231499
0.0 0.05744689702987671
0.0 0.05745537951588631
0.0 0.05746307596564293
0.0 0.057561032474040985
0.0 0.05757289007306099
0.0 0.05758298560976982
0.0 0.05761821195483208
0.0 0.05763483792543411
0.0 0.057693544775247574
0.0 0.057774145156145096
0.0 0.05778655409812927
0.0 0.05785103142261505
0.0 0.05788622424006462
0.0 0.05799113214015961
0.0 0.058039840310811996
0.0 0.05805865302681923
0.0 0.058060936629772186
0.0 0.058077163994312286
0.0 0.05813122168183327
0.0 0.05817677080631256
0.0 0.058186471462249756
0.0 0.05820498615503311
0.0 0.05821254476904869
0.0 0.05821424350142479
0.0 0.05824848264455795
0.0 0.05826760455965996
0.0 0.058275531977415085
0.0 0.05831121653318405
0.0 0.05844719707965851
0.0 0.05848540738224983
0.0 0.05855383351445198
0.0 0.05866605415940285
0.0 0.05871576815843582
0.0 0.05880284309387207
0.0 0.05890683829784393
0.0 0.05891530215740204
0.0 0.059017252177000046
0.0 0.05904636159539223
0.0 0.059054985642433167
0.0 0.05916920676827431
0.0 0.0592435821890831
0.0 0.05933726578950882
0.0 0.059342943131923676
0.0 0.05936269834637642
0.0 0.05938157066702843
0.0 0.059464335441589355
0.0 0.05946888029575348
0.0 0.05948779731988907
0.0 0.05948830023407936
0.0 0.05959964171051979
0.0 0.0596773587167263
0.0 0.059696298092603683
0.0 0.05979142710566521
0.0 0.059809401631355286
0.0 0.05982174351811409
0.0 0.05984557420015335
0.0 0.05984748154878616
0.0 0.059848472476005554
0.0 0.05991312488913536
0.0 0.05993715301156044
0.0 0.05997784808278084
0.0 0.06001068279147148
0.0 0.06002024561166763
0.0 0.060030654072761536
0.0 0.060040395706892014
0.0 0.06004064530134201
0.0 0.06006787344813347
0.0 0.06006893143057823
0.0 0.06008318066596985
0.0 0.06009138748049736
0.0 0.060108404606580734
0.0 0.060149896889925
0.0 0.060223110020160675
0.0 0.060385655611753464
0.0 0.06041906774044037
0.0 0.06050566956400871
0.0 0.06054416298866272
0.0 0.060646262019872665
0.0 0.060658540576696396
0.0 0.06072986125946045
0.0 0.06085182726383209
0.0 0.060864467173814774
0.0 0.06091279909014702
0.0 0.06091289967298508
0.0 0.061101146042346954
0.0 0.06110897287726402
0.0 0.06113329157233238
0.0 0.061220526695251465
0.0 0.061261460185050964
0.0 0.061280686408281326
0.0 0.061350017786026
0.0 0.061393365263938904
0.0 0.06139885634183884
0.0 0.06142192333936691
0.0 0.06149609014391899
0.0 0.061497077345848083
0.0 0.06151653081178665
0.0 0.06154606491327286
0.0 0.061563681811094284
0.0 0.0616031140089035
0.0 0.061627428978681564
0.0 0.061633072793483734
0.0 0.061674900352954865
0.0 0.06185043603181839
0.0 0.06192551180720329
0.0 0.061939787119627
0.0 0.06202098727226257
0.0 0.06213603913784027
0.0 0.06216617673635483
0.0 0.06217626482248306
0.0 0.0621894896030426
0.0 0.062265411019325256
0.0 0.062286362051963806
0.0 0.062302298843860626
0.0 0.062361691147089005
0.0 0.0625186339020729
0.0 0.06255999207496643
0.0 0.06262444704771042
0.0 0.06267064809799194
0.0 0.06272152066230774
0.0 0.06273353099822998
0.0 0.06273709982633591
0.0 0.06279918551445007
0.0 0.06286605447530746
0.0 0.06288234889507294
0.0 0.06293436884880066
0.0 0.0630534365773201
0.0 0.06311801820993423
0.0 0.06311865895986557
0.0 0.0631755068898201
0.0 0.06326808035373688
0.0 0.06332743912935257
0.0 0.06333506107330322
0.0 0.06364148110151291
0.0 0.06364896893501282
0.0 0.0636596828699112
0.0 0.06389214843511581
0.0 0.06398948282003403
0.0 0.0641915574669838
0.0 0.06440071016550064
0.0 0.06449203938245773
0.0 0.06454643607139587
0.0 0.06456679850816727
0.0 0.06478958576917648
0.0 0.06480550765991211
0.0 0.06481459736824036
0.0 0.06491780281066895
0.0 0.06497868150472641
0.0 0.06498303264379501
0.0 0.06498313695192337
0.0 0.06507711857557297
0.0 0.06509972363710403
0.0 0.06525696814060211
0.0 0.06535887718200684
0.0 0.06536006927490234
0.0 0.06537161767482758
0.0 0.06545689702033997
0.0 0.06546065956354141
0.0 0.06547888368368149
0.0 0.06548963487148285
0.0 0.06556057184934616
0.0 0.0657593309879303
0.0 0.06586170196533203
0.0 0.06591116636991501
0.0 0.06602783501148224
0.0 0.06606901437044144
0.0 0.06619870662689209
0.0 0.06644687056541443
0.0 0.06650930643081665
0.0 0.06656861305236816
0.0 0.06675985455513
0.0 0.06681647151708603
0.0 0.06691288948059082
0.0 0.06696684658527374
0.0 0.06712702661752701
0.0 0.06712893396615982
0.0 0.06725043803453445
0.0 0.06732243299484253
0.0 0.06774809211492538
0.0 0.06783866137266159
0.0 0.068170927464962
0.0 0.06822676956653595
0.0 0.06838284432888031
0.0 0.06851367652416229
0.0 0.06852641701698303
0.0 0.06860891729593277
0.0 0.06866057962179184
0.0 0.06868865340948105
0.0 0.06892304867506027
0.0 0.06898140162229538
0.0 0.06900280714035034
0.0 0.06904545426368713
0.0 0.0690886378288269
0.0 0.06909721344709396
0.0 0.06923618167638779
0.0 0.06927736103534698
0.0 0.06950693577528
0.0 0.06954172253608704
0.0 0.06968645751476288
0.0 0.06973336637020111
0.0 0.06989872455596924
0.0 0.06996917724609375
0.0 0.07000182569026947
0.0 0.07000958919525146
0.0 0.07002653181552887
0.0 0.07011590898036957
0.0 0.07031022757291794
0.0 0.0703350231051445
0.0 0.07039240002632141
0.0 0.07039514929056168
0.0 0.07039855420589447
0.0 0.07041557133197784
0.0 0.07044666260480881
0.0 0.07044690102338791
0.0 0.07071491330862045
0.0 0.07082951813936234
0.0 0.07086659222841263
0.0 0.07090175896883011
0.0 0.07099650800228119
0.0 0.07104948908090591
0.0 0.07105766981840134
0.0 0.07137750834226608
0.0 0.0713822990655899
0.0 0.07143671810626984
0.0 0.07144497334957123
0.0 0.07149814814329147
0.0 0.07154214382171631
0.0 0.07155833393335342
0.0 0.07178623229265213
0.0 0.07182920724153519
0.0 0.07197043299674988
0.0 0.07201310992240906
0.0 0.07275641709566116
0.0 0.07315387576818466
0.0 0.07332272827625275
0.0 0.07343084365129471
0.0 0.07346989959478378
0.0 0.0735892802476883
0.0 0.07359511405229568
0.0 0.0738396942615509
0.0 0.0738665834069252
0.0 0.07437272369861603
0.0 0.07448331266641617
0.0 0.0751095786690712
0.0 0.07617798447608948
0.0 0.07620358467102051
0.0 0.0764269009232521
0.0 0.07652638852596283
0.0 0.07720924913883209
0.0 0.07749465852975845
0.0 0.07774169743061066
0.0 0.07788565754890442
0.0 0.07843109220266342
0.0 0.07854637503623962
0.0 0.07881876826286316
0.0 0.07882548123598099
0.0 0.07920055091381073
0.0 0.0798737108707428
0.0 0.081425741314888
0.0 0.08168107271194458
0.0 0.0822223350405693
0.0 0.0823540911078453
0.0 0.08392000943422318
0.0 0.08415944129228592
0.0 0.08443114161491394
0.0 0.08472484350204468
0.0 0.0856013372540474
0.0 0.08595709502696991
0.0 0.08651260286569595
0.0 0.08661164343357086
0.0 0.08665336668491364
0.0 0.08721966296434402
0.0 0.08798494935035706
0.0 0.08827527612447739
0.0 0.08929792791604996
0.0 0.08957294374704361
0.0 0.09664879739284515
0.0 0.10251536220312119
0.0 0.10461243242025375
0.0 0.10927862673997879
0.0 0.11767234653234482
0.0 inf
