0.0 0.017439838498830795
0.0 0.01908375509083271
0.0 0.01965053379535675
0.0 0.020331572741270065
0.0 0.022945072501897812
0.0 0.023237982764840126
0.0 0.02372722141444683
0.0 0.02379097416996956
0.0 0.023959308862686157
0.0 0.023965731263160706
0.0 0.024023929610848427
0.0 0.024071654304862022
0.0 0.024151179939508438
0.0 0.024407746270298958
0.0 0.02443184331059456
0.0 0.024440614506602287
0.0 0.024447208270430565
0.0 0.02446841076016426
0.0 0.024803219363093376
0.0 0.02484242431819439
0.0 0.02489401027560234
0.0 0.024934520944952965
0.0 0.025150269269943237
0.0 0.025205977261066437
0.0 0.025307534262537956
0.0 0.025335444137454033
0.0 0.025340348482131958
0.0 0.02535165846347809
0.0 0.025357892736792564
0.0 0.025431709364056587
0.0 0.02547839656472206
0.0 0.025546399876475334
0.0 0.025655044242739677
0.0 0.02567518875002861
0.0 0.02583988569676876
0.0 0.025870123878121376
0.0 0.026044201105833054
0.0 0.02610686793923378
0.0 0.026168908923864365
0.0 0.02623331919312477
0.0 0.026298927143216133
0.0 0.02641468681395054
0.0 0.026419000700116158
0.0 0.026514511555433273
0.0 0.026516826823353767
0.0 0.026533247902989388
0.0 0.026648076251149178
0.0 0.02666574716567993
0.0 0.026687758043408394
0.0 0.026698537170886993
0.0 0.026724006980657578
0.0 0.02676107920706272
0.0 0.02676648460328579
0.0 0.026774680241942406
0.0 0.026783142238855362
0.0 0.026917481794953346
0.0 0.026964489370584488
0.0 0.026970496401190758
0.0 0.027017459273338318
0.0 0.02712119184434414
0.0 0.02713826671242714
0.0 0.02714555896818638
0.0 0.02716844528913498
0.0 0.027202168479561806
0.0 0.027242522686719894
0.0 0.027329036965966225
0.0 0.027386179193854332
0.0 0.027412503957748413
0.0 0.027429167181253433
0.0 0.027463823556900024
0.0 0.02747473120689392
0.0 0.027608033269643784
0.0 0.027609532698988914
0.0 0.02764330990612507
0.0 0.02766244485974312
0.0 0.027682622894644737
0.0 0.02779499441385269
0.0 0.027841486036777496
0.0 0.02785252407193184
0.0 0.0279533788561821
0.0 0.027992550283670425
0.0 0.02799469232559204
0.0 0.028018154203891754
0.0 0.028074199333786964
0.0 0.02808407135307789
0.0 0.028094513341784477
0.0 0.028164740651845932
0.0 0.028180180117487907
0.0 0.02820614166557789
0.0 0.028341813012957573
0.0 0.028365405276417732
0.0 0.028369825333356857
0.0 0.028399981558322906
0.0 0.028428344056010246
0.0 0.028512170538306236
0.0 0.028524793684482574
0.0 0.02854757197201252
0.0 0.02857537940144539
0.0 0.028618011623620987
0.0 0.02864801324903965
0.0 0.028658222407102585
0.0 0.02868594229221344
0.0 0.028705865144729614
0.0 0.028707366436719894
0.0 0.02875261940062046
0.0 0.028805630281567574
0.0 0.02880965732038021
0.0 0.028828023001551628
0.0 0.028886059299111366
0.0 0.028935391455888748
0.0 0.02896704711019993
0.0 0.02898358181118965
0.0 0.029006727039813995
0.0 0.029454445466399193
0.0 0.029460877180099487
0.0 0.029468610882759094
0.0 0.029481738805770874
0.0 0.02950059249997139
0.0 0.02952997386455536
0.0 0.029543926939368248
0.0 0.02955792099237442
0.0 0.02960342913866043
0.0 0.029613107442855835
0.0 0.029620395973324776
0.0 0.029735315591096878
0.0 0.02974030002951622
0.0 0.029832547530531883
0.0 0.02986151911318302
0.0 0.02989203855395317
0.0 0.029926722869277
0.0 0.029973765835165977
0.0 0.030011452734470367
0.0 0.030011698603630066
0.0 0.030029812827706337
0.0 0.030030257999897003
0.0 0.030058981850743294
0.0 0.03013533167541027
0.0 0.03013949654996395
0.0 0.030234459787607193
0.0 0.030299268662929535
0.0 0.03041202388703823
0.0 0.03043830394744873
0.0 0.03046361729502678
0.0 0.03049307130277157
0.0 0.030499078333377838
0.0 0.0305249635130167
0.0 0.030562790110707283
0.0 0.030567757785320282
0.0 0.03059563972055912
0.0 0.03063763864338398
0.0 0.030658261850476265
0.0 0.030690310522913933
0.0 0.030802765861153603
0.0 0.030822578817605972
0.0 0.030824001878499985
0.0 0.030846955254673958
0.0 0.030848223716020584
0.0 0.030924301594495773
0.0 0.030990412458777428
0.0 0.03099435567855835
0.0 0.03101285733282566
0.0 0.03112243115901947
0.0 0.031144198030233383
0.0 0.031159214675426483
0.0 0.031199878081679344
0.0 0.031248006969690323
0.0 0.031254347413778305
0.0 0.03130590543150902
0.0 0.031319987028837204
0.0 0.031321361660957336
0.0 0.031426336616277695
0.0 0.03142858296632767
0.0 0.03142877668142319
0.0 0.031482066959142685
0.0 0.031508974730968475
0.0 0.03154222294688225
0.0 0.031561706215143204
0.0 0.03159583359956741
0.0 0.03162683546543121
0.0 0.0316462442278862
0.0 0.03168857842683792
0.0 0.03171725198626518
0.0 0.0317656435072422
0.0 0.03178945556282997
0.0 0.03184566646814346
0.0 0.031863983720541
0.0 0.03188686445355415
0.0 0.03189052641391754
0.0 0.03194791078567505
0.0 0.03195032477378845
0.0 0.03199019655585289
0.0 0.032031334936618805
0.0 0.032042041420936584
0.0 0.03216560557484627
0.0 0.03218093141913414
0.0 0.03218630701303482
0.0 0.03222537040710449
0.0 0.032260481268167496
0.0 0.032285451889038086
0.0 0.03232801705598831
0.0 0.03233306109905243
0.0 0.03240503370761871
0.0 0.03240510821342468
0.0 0.032459575682878494
0.0 0.03248433396220207
0.0 0.032491929829120636
0.0 0.032530758529901505
0.0 0.03254851698875427
0.0 0.03255104273557663
0.0 0.03255674988031387
0.0 0.032587699592113495
0.0 0.03260956332087517
0.0 0.03261556476354599
0.0 0.032635435461997986
0.0 0.03264912590384483
0.0 0.03270279988646507
0.0 0.032742828130722046
0.0 0.03277173265814781
0.0 0.03277899697422981
0.0 0.03279495984315872
0.0 0.032803624868392944
0.0 0.032813116908073425
0.0 0.03281736001372337
0.0 0.03284015506505966
0.0 0.03287316858768463
0.0 0.03290960565209389
0.0 0.0329127162694931
0.0 0.032956745475530624
0.0 0.03296392410993576
0.0 0.032999735325574875
0.0 0.03301281854510307
0.0 0.03301864117383957
0.0 0.03304501250386238
0.0 0.0331115685403347
0.0 0.03319162130355835
0.0 0.033217038959264755
0.0 0.03322727978229523
0.0 0.03324384614825249
0.0 0.03325558453798294
0.0 0.03331347554922104
0.0 0.03339385613799095
0.0 0.03339596092700958
0.0 0.033404137939214706
0.0 0.033408574759960175
0.0 0.033413149416446686
0.0 0.03346845880150795
0.0 0.03349699452519417
0.0 0.03350477293133736
0.0 0.03354863077402115
0.0 0.03359334170818329
0.0 0.033594850450754166
0.0 0.03362363204360008
0.0 0.03362581878900528
0.0 0.03365221992135048
0.0 0.03368145227432251
0.0 0.03377502039074898
0.0 0.03387870639562607
0.0 0.03390353173017502
0.0 0.033967502415180206
0.0 0.03396791219711304
0.0 0.03399734944105148
0.0 0.03405598923563957
0.0 0.034073516726493835
0.0 0.03410999849438667
0.0 0.034118715673685074
0.0 0.03413059934973717
0.0 0.03413975238800049
0.0 0.03417395055294037
0.0 0.03417829051613808
0.0 0.03421642258763313
0.0 0.03424076735973358
0.0 0.03428598865866661
0.0 0.03429291769862175
0.0 0.03434738144278526
0.0 0.03440505266189575
0.0 0.034485697746276855
0.0 0.03449492156505585
0.0 0.034514572471380234
0.0 0.0345732681453228
0.0 0.03459880128502846
0.0 0.034644052386283875
0.0 0.03475750610232353
0.0 0.03478239104151726
0.0 0.03479446470737457
0.0 0.03481442853808403
0.0 0.03482164815068245
0.0 0.034848421812057495
0.0 0.034906674176454544
0.0 0.034965451806783676
0.0 0.03496852144598961
0.0 0.035022471100091934
0.0 0.03507755324244499
0.0 0.035092540085315704
0.0 0.03513307496905327
0.0 0.03516204282641411
0.0 0.035168200731277466
0.0 0.03520100191235542
0.0 0.03524411842226982
0.0 0.03529884293675423
0.0 0.035328712314367294
0.0 0.035368841141462326
0.0 0.03557951748371124
0.0 0.03558187186717987
0.0 0.03572196140885353
0.0 0.03574919328093529
0.0 0.035773005336523056
0.0 0.03577876091003418
0.0 0.03587639331817627
0.0 0.035918768495321274
0.0 0.03597256913781166
0.0 0.036022692918777466
0.0 0.036069173365831375
0.0 0.036119744181632996
0.0 0.036152176558971405
0.0 0.03617612272500992
0.0 0.03620757907629013
0.0 0.036230649799108505
0.0 0.03623264655470848
0.0 0.03628040477633476
0.0 0.03632261976599693
0.0 0.03634125366806984
0.0 0.036358874291181564
0.0 0.0364668034017086
0.0 0.036501314491033554
0.0 0.036606814712285995
0.0 0.03661597892642021
0.0 0.036631952971220016
0.0 0.036641545593738556
0.0 0.0368109829723835
0.0 0.036837026476860046
0.0 0.03684716671705246
0.0 0.036848511546850204
0.0 0.03688652068376541
0.0 0.03696081414818764
0.0 0.037052128463983536
0.0 0.03706710413098335
0.0 0.03709554672241211
0.0 0.03715774789452553
0.0 0.037196218967437744
0.0 0.037206076085567474
0.0 0.0372147411108017
0.0 0.037382856011390686
0.0 0.03738553449511528
0.0 0.03748704493045807
0.0 0.03754211589694023
0.0 0.03754495084285736
0.0 0.03766876086592674
0.0 0.03767778351902962
0.0 0.03781280666589737
0.0 0.03783430531620979
0.0 0.037834860384464264
0.0 0.03800627961754799
0.0 0.038119614124298096
0.0 0.03816547244787216
0.0 0.03819939121603966
0.0 0.03824123367667198
0.0 0.03838888928294182
0.0 0.038408391177654266
0.0 0.038493264466524124
0.0 0.038493361324071884
0.0 0.0385323166847229
0.0 0.03853435814380646
0.0 0.03853690251708031
0.0 0.03872351348400116
0.0 0.03876369819045067
0.0 0.03876503184437752
0.0 0.03878575190901756
0.0 0.03890540450811386
0.0 0.03911256417632103
0.0 0.03917013853788376
0.0 0.03919672966003418
0.0 0.03930765017867088
0.0 0.039366524666547775
0.0 0.039394501596689224
0.0 0.039443857967853546
0.0 0.039628736674785614
0.0 0.03980017453432083
0.0 0.039837077260017395
0.0 0.03986780345439911
0.0 0.03989861160516739
0.0 0.03995530307292938
0.0 0.03997821733355522
0.0 0.040094632655382156
0.0 0.04031182453036308
0.0 0.0404098704457283
0.0 0.040445372462272644
0.0 0.040533293038606644
0.0 0.04067998006939888
0.0 0.04071640595793724
0.0 0.040726788341999054
0.0 0.040859296917915344
0.0 0.040908537805080414
0.0 0.04093153402209282
0.0 0.0409742146730423
0.0 0.04127839207649231
0.0 0.041279345750808716
0.0 0.04134559631347656
0.0 0.0413702093064785
0.0 0.0414755716919899
0.0 0.04161311313509941
0.0 0.04161498323082924
0.0 0.04172979295253754
0.0 0.04178295284509659
0.0 0.041811197996139526
0.0 0.0419689416885376
0.0 0.042002689093351364
0.0 0.04205656796693802
0.0 0.04220706596970558
0.0 0.04227138310670853
0.0 0.04235609993338585
0.0 0.04248810186982155
0.0 0.04253039509057999
0.0 0.04267038777470589
0.0 0.04294964298605919
0.0 0.04304200038313866
0.0 0.043141920119524
0.0 0.04316457360982895
0.0 0.04339168593287468
0.0 0.04341569170355797
0.0 0.04342157393693924
0.0 0.043446846306324005
0.0 0.043649427592754364
0.0 0.04370151832699776
0.0 0.04373273253440857
0.0 0.04383668676018715
0.0 0.04393145069479942
0.0 0.04396716132760048
0.0 0.04400501027703285
0.0 0.04430475831031799
0.0 0.044317927211523056
0.0 0.044438306242227554
0.0 0.04457731544971466
0.0 0.04463957995176315
0.0 0.04472726956009865
0.0 0.044795580208301544
0.0 0.044946879148483276
0.0 0.04498789459466934
0.0 0.0450361967086792
0.0 0.045037753880023956
0.0 0.04538458585739136
0.0 0.04555497691035271
0.0 0.045558638870716095
0.0 0.04560886695981026
0.0 0.04571261256933212
0.0 0.04571686312556267
0.0 0.04573352262377739
0.0 0.0459124855697155
0.0 0.046008720993995667
0.0 0.04610854387283325
0.0 0.0461890771985054
0.0 0.04625629261136055
0.0 0.04635485261678696
0.0 0.04636139050126076
0.0 0.04646450653672218
0.0 0.04665830358862877
0.0 0.046771593391895294
0.0 0.04682346060872078
0.0 0.04683640971779823
0.0 0.046878259629011154
0.0 0.046962182968854904
0.0 0.0474737286567688
0.0 0.047613631933927536
0.0 0.04787805676460266
0.0 0.0479787215590477
0.0 0.04815174266695976
0.0 0.04822535440325737
0.0 0.04832497611641884
0.0 0.04836571216583252
0.0 0.04838065057992935
0.0 0.04839727655053139
0.0 0.04861469566822052
0.0 0.048971883952617645
0.0 0.04922069236636162
0.0 0.049967676401138306
0.0 0.05007094144821167
0.0 0.050218671560287476
0.0 0.05041301250457764
0.0 0.05058903992176056
0.0 0.050783850252628326
0.0 0.05143501237034798
0.0 0.05151519551873207
0.0 0.0524136945605278
0.0 0.0525863841176033
0.0 0.052648309618234634
0.0 0.05275241285562515
0.0 0.05297178775072098
0.0 0.05319827049970627
0.0 0.05370015650987625
0.0 0.05372581630945206
0.0 0.05399368703365326
0.0 0.0540044903755188
0.0 0.0540701188147068
0.0 0.05491938441991806
0.0 0.05515438690781593
0.0 0.05561194196343422
0.0 0.055692724883556366
0.0 0.056391824036836624
0.0 0.059230953454971313
0.0 0.059888679534196854
0.0 0.06010716035962105
0.0 0.06037438288331032
0.0 0.0606929212808609
0.0 0.06251660734415054
0.0 0.06439173221588135
0.0 0.06746461242437363
0.0 0.06799177825450897
0.0 0.06932505965232849
0.0 0.07239597290754318
0.0 0.07239970564842224
0.0 0.07743240892887115
0.0 0.08131295442581177
0.0 inf
