0.0 0.04008975252509117
0.0 0.04497385025024414
0.0 0.04615631699562073
0.0 0.046632468700408936
0.0 0.04785224422812462
0.0 0.048552993685007095
0.0 0.04952371120452881
0.0 0.049995847046375275
0.0 0.05000682547688484
0.0 0.050117164850234985
0.0 0.050277385860681534
0.0 0.05030971020460129
0.0 0.05053175240755081
0.0 0.050613656640052795
0.0 0.051178693771362305
0.0 0.05129868909716606
0.0 0.05168835446238518
0.0 0.051829978823661804
0.0 0.051941368728876114
0.0 0.05217419192194939
0.0 0.05227067694067955
0.0 0.052797019481658936
0.0 0.05301697924733162
0.0 0.053541477769613266
0.0 0.05359415337443352
0.0 0.05387980490922928
0.0 0.054107923060655594
0.0 0.05418330430984497
0.0 0.05435730889439583
0.0 0.054369449615478516
0.0 0.05475948005914688
0.0 0.05479379743337631
0.0 0.054913874715566635
0.0 0.055375002324581146
0.0 0.05547083914279938
0.0 0.05553838983178139
0.0 0.05567978322505951
0.0 0.05570030212402344
0.0 0.0558415949344635
0.0 0.05598903074860573
0.0 0.05617658421397209
0.0 0.05628009885549545
0.0 0.056368760764598846
0.0 0.05659351125359535
0.0 0.05689059942960739
0.0 0.057155489921569824
0.0 0.05715939402580261
0.0 0.05724009871482849
0.0 0.05762495845556259
0.0 0.05764530226588249
0.0 0.05786478519439697
0.0 0.05809255689382553
0.0 0.05812087282538414
0.0 0.05819619446992874
0.0 0.05832945555448532
0.0 0.05837161839008331
0.0 0.0584271214902401
0.0 0.058475419878959656
0.0 0.058724816888570786
0.0 0.058838143944740295
0.0 0.05888371169567108
0.0 0.05895768105983734
0.0 0.05926671251654625
0.0 0.059288252145051956
0.0 0.059298861771821976
0.0 0.05931636691093445
0.0 0.05932682752609253
0.0 0.05936950817704201
0.0 0.0593872107565403
0.0 0.05939089134335518
0.0 0.05981587618589401
0.0 0.05992403253912926
0.0 0.06025019660592079
0.0 0.0602756068110466
0.0 0.06032203510403633
0.0 0.06037738174200058
0.0 0.060426510870456696
0.0 0.06068529561161995
0.0 0.060685351490974426
0.0 0.06074029579758644
0.0 0.06077602878212929
0.0 0.060847219079732895
0.0 0.06086019426584244
0.0 0.06086978316307068
0.0 0.06095695123076439
0.0 0.061024121940135956
0.0 0.06114347651600838
0.0 0.061261340975761414
0.0 0.06146117299795151
0.0 0.06167616695165634
0.0 0.06167764216661453
0.0 0.0617583729326725
0.0 0.06186429411172867
0.0 0.06187931075692177
0.0 0.061932340264320374
0.0 0.06198383867740631
0.0 0.062012311071157455
0.0 0.06208768114447594
0.0 0.062125302851200104
0.0 0.06213245168328285
0.0 0.06221386790275574
0.0 0.06236233189702034
0.0 0.06270396709442139
0.0 0.06278739124536514
0.0 0.06280463188886642
0.0 0.06281846016645432
0.0 0.06300245225429535
0.0 0.06311283260583878
0.0 0.06313192844390869
0.0 0.06314758956432343
0.0 0.06318245828151703
0.0 0.06321711838245392
0.0 0.06322314590215683
0.0 0.06349573284387589
0.0 0.06349699199199677
0.0 0.0635758712887764
0.0 0.06361421942710876
0.0 0.06371240317821503
0.0 0.06374859809875488
0.0 0.06379885971546173
0.0 0.06381293386220932
0.0 0.06392639130353928
0.0 0.06398449093103409
0.0 0.06408393383026123
0.0 0.06410010904073715
0.0 0.06420278549194336
0.0 0.06423967331647873
0.0 0.06430613994598389
0.0 0.06432626396417618
0.0 0.0643705278635025
0.0 0.06442129611968994
0.0 0.06479567289352417
0.0 0.0648185983300209
0.0 0.06482631713151932
0.0 0.06484309583902359
0.0 0.06490961462259293
0.0 0.0649389699101448
0.0 0.06509518623352051
0.0 0.06528595089912415
0.0 0.06537692248821259
0.0 0.06539177894592285
0.0 0.06553509831428528
0.0 0.06574912369251251
0.0 0.06584899872541428
0.0 0.06605648994445801
0.0 0.06611121445894241
0.0 0.06615834683179855
0.0 0.06628751754760742
0.0 0.06629329919815063
0.0 0.06631646305322647
0.0 0.06631690263748169
0.0 0.06638666987419128
0.0 0.0664629265666008
0.0 0.06650089472532272
0.0 0.06685221940279007
0.0 0.06686466932296753
0.0 0.06691285967826843
0.0 0.0669933557510376
0.0 0.06713835150003433
0.0 0.06715960055589676
0.0 0.06718356907367706
0.0 0.06729613244533539
0.0 0.06730902940034866
0.0 0.06736496835947037
0.0 0.06737150251865387
0.0 0.06750268489122391
0.0 0.0676041767001152
0.0 0.06767899543046951
0.0 0.0676925778388977
0.0 0.06779941916465759
0.0 0.06787540763616562
0.0 0.06792981922626495
0.0 0.0679827332496643
0.0 0.06798332929611206
0.0 0.06804350763559341
0.0 0.0680481418967247
0.0 0.06850516051054001
0.0 0.06855255365371704
0.0 0.0686359778046608
0.0 0.0686475858092308
0.0 0.06900011003017426
0.0 0.06908227503299713
0.0 0.06913188099861145
0.0 0.06918130069971085
0.0 0.0692552700638771
0.0 0.06955526769161224
0.0 0.06959501653909683
0.0 0.06961603462696075
0.0 0.06970692425966263
0.0 0.06981396675109863
0.0 0.06999258697032928
0.0 0.07037007063627243
0.0 0.07049576193094254
0.0 0.07051832973957062
0.0 0.07067685574293137
0.0 0.07069393247365952
0.0 0.07084649056196213
0.0 0.07084935903549194
0.0 0.07092040777206421
0.0 0.0709259882569313
0.0 0.07097665220499039
0.0 0.07124734669923782
0.0 0.07129881531000137
0.0 0.07135976850986481
0.0 0.07138021290302277
0.0 0.07153057307004929
0.0 0.0715763196349144
0.0 0.07170815765857697
0.0 0.07193601876497269
0.0 0.07206346094608307
0.0 0.07207997143268585
0.0 0.07218523323535919
0.0 0.0723242461681366
0.0 0.07233718782663345
0.0 0.07241366058588028
0.0 0.0726318359375
0.0 0.07267474383115768
0.0 0.07280001044273376
0.0 0.07290606945753098
0.0 0.07302302867174149
0.0 0.07313362509012222
0.0 0.0731675997376442
0.0 0.07317459583282471
0.0 0.07321228832006454
0.0 0.0732664242386818
0.0 0.07330554723739624
0.0 0.07342595607042313
0.0 0.07347647100687027
0.0 0.07352714985609055
0.0 0.07356724888086319
0.0 0.07367993146181107
0.0 0.07377199828624725
0.0 0.07387912273406982
0.0 0.07402750849723816
0.0 0.07403062283992767
0.0 0.07403258234262466
0.0 0.07408178597688675
0.0 0.07444310188293457
0.0 0.07445138692855835
0.0 0.07458963245153427
0.0 0.07464617490768433
0.0 0.07470663636922836
0.0 0.07481958717107773
0.0 0.07490329444408417
0.0 0.07504232227802277
0.0 0.07510792464017868
0.0 0.07521866261959076
0.0 0.07523985207080841
0.0 0.0752919614315033
0.0 0.07531291246414185
0.0 0.07535938918590546
0.0 0.07538585364818573
0.0 0.07539169490337372
0.0 0.07550589740276337
0.0 0.07565631717443466
0.0 0.07593473792076111
0.0 0.07596393674612045
0.0 0.07644633948802948
0.0 0.07646342366933823
0.0 0.07646384090185165
0.0 0.0765431821346283
0.0 0.07657387852668762
0.0 0.07658353447914124
0.0 0.0766071304678917
0.0 0.07661899924278259
0.0 0.07672381401062012
0.0 0.07674254477024078
0.0 0.07687173038721085
0.0 0.07689066231250763
0.0 0.07693877816200256
0.0 0.0769418254494667
0.0 0.07702385634183884
0.0 0.07711397856473923
0.0 0.07715852558612823
0.0 0.07733414322137833
0.0 0.07758071273565292
0.0 0.07765168696641922
0.0 0.07770570367574692
0.0 0.07781758904457092
0.0 0.07781895250082016
0.0 0.07785503566265106
0.0 0.07791262120008469
0.0 0.07795887440443039
0.0 0.07799685001373291
0.0 0.07850823551416397
0.0 0.07869017869234085
0.0 0.07896985858678818
0.0 0.07902432233095169
0.0 0.07908714562654495
0.0 0.0790882259607315
0.0 0.07912880182266235
0.0 0.07913297414779663
0.0 0.07924382388591766
0.0 0.07949727028608322
0.0 0.07949892431497574
0.0 0.07968172430992126
0.0 0.07977987080812454
0.0 0.0800538957118988
0.0 0.08011267334222794
0.0 0.08023808896541595
0.0 0.08024043589830399
0.0 0.08044584840536118
0.0 0.08046727627515793
0.0 0.08061420172452927
0.0 0.08075007796287537
0.0 0.08080046623945236
0.0 0.08110357820987701
0.0 0.08116299659013748
0.0 0.08134308457374573
0.0 0.0813596323132515
0.0 0.08140462636947632
0.0 0.08147913217544556
0.0 0.08156990259885788
0.0 0.0815955251455307
0.0 0.08168431371450424
0.0 0.08169801533222198
0.0 0.08187155425548553
0.0 0.08195997774600983
0.0 0.08219537883996964
0.0 0.08222916722297668
0.0 0.08228123188018799
0.0 0.08232397586107254
0.0 0.08250902593135834
0.0 0.08257250487804413
0.0 0.08262982219457626
0.0 0.08264689147472382
0.0 0.0831071212887764
0.0 0.08326318114995956
0.0 0.08355133980512619
0.0 0.08357462286949158
0.0 0.08362126350402832
0.0 0.08375605940818787
0.0 0.0837562158703804
0.0 0.08399632573127747
0.0 0.08399898558855057
0.0 0.08408945798873901
0.0 0.08414743095636368
0.0 0.08414957672357559
0.0 0.08430810272693634
0.0 0.0844549611210823
0.0 0.08454243838787079
0.0 0.08458009362220764
0.0 0.08464943617582321
0.0 0.0847245454788208
0.0 0.08475734293460846
0.0 0.08480747789144516
0.0 0.08503014594316483
0.0 0.08510010689496994
0.0 0.08529330790042877
0.0 0.08530982583761215
0.0 0.08540868014097214
0.0 0.08555903285741806
0.0 0.08566153049468994
0.0 0.08578075468540192
0.0 0.08613425493240356
0.0 0.08635876327753067
0.0 0.08640478551387787
0.0 0.08644134551286697
0.0 0.08646579086780548
0.0 0.08649656176567078
0.0 0.08678112179040909
0.0 0.08684154599905014
0.0 0.08754584938287735
0.0 0.08774669468402863
0.0 0.08777260035276413
0.0 0.08809489756822586
0.0 0.0881701186299324
0.0 0.08831669390201569
0.0 0.08837012946605682
0.0 0.08850570023059845
0.0 0.08860046416521072
0.0 0.08872471749782562
0.0 0.08885260671377182
0.0 0.08886241912841797
0.0 0.08897099643945694
0.0 0.0890975147485733
0.0 0.0891277939081192
0.0 0.08922024071216583
0.0 0.08922294527292252
0.0 0.08923972398042679
0.0 0.08940291404724121
0.0 0.09003957360982895
0.0 0.09015436470508575
0.0 0.09019310772418976
0.0 0.09037940204143524
0.0 0.09053289890289307
0.0 0.09063909947872162
0.0 0.09081361442804337
0.0 0.09133438020944595
0.0 0.09139058738946915
0.0 0.09181610494852066
0.0 0.09202294051647186
0.0 0.09246187657117844
0.0 0.09256485104560852
0.0 0.0928025171160698
0.0 0.09282953292131424
0.0 0.09288208186626434
0.0 0.09338630735874176
0.0 0.09351976215839386
0.0 0.09367714822292328
0.0 0.09392881393432617
0.0 0.09394087642431259
0.0 0.09405315667390823
0.0 0.09405819326639175
0.0 0.09406333416700363
0.0 0.09417044371366501
0.0 0.09425391256809235
0.0 0.09442606568336487
0.0 0.09497178345918655
0.0 0.09537629783153534
0.0 0.0954456552863121
0.0 0.09611663967370987
0.0 0.09618180990219116
0.0 0.09628069400787354
0.0 0.0967884212732315
0.0 0.0972621738910675
0.0 0.09727642685174942
0.0 0.09728718549013138
0.0 0.09740175306797028
0.0 0.09763957560062408
0.0 0.09823460876941681
0.0 0.09845290333032608
0.0 0.09872738271951675
0.0 0.09905196726322174
0.0 0.09917155653238297
0.0 0.09937021136283875
0.0 0.099538654088974
0.0 0.09956249594688416
0.0 0.09964665025472641
0.0 0.0996730700135231
0.0 0.09991665184497833
0.0 0.10004532337188721
0.0 0.10012326389551163
0.0 0.10022640973329544
0.0 0.10072126984596252
0.0 0.10112623125314713
0.0 0.10154855251312256
0.0 0.10170651227235794
0.0 0.10175153613090515
0.0 0.10188247263431549
0.0 0.10201262682676315
0.0 0.10218432545661926
0.0 0.10221093893051147
0.0 0.10233110934495926
0.0 0.10240428894758224
0.0 0.10242335498332977
0.0 0.10255587846040726
0.0 0.10287736356258392
0.0 0.10294697433710098
0.0 0.10298153012990952
0.0 0.1039084941148758
0.0 0.10409068316221237
0.0 0.10431598126888275
0.0 0.1045636460185051
0.0 0.10458294302225113
0.0 0.10461195558309555
0.0 0.10524480789899826
0.0 0.10527057200670242
0.0 0.10531402379274368
0.0 0.10534825921058655
0.0 0.10547598451375961
0.0 0.10550225526094437
0.0 0.10650858283042908
0.0 0.10657267272472382
0.0 0.10659044235944748
0.0 0.10672027617692947
0.0 0.1068260595202446
0.0 0.10689550638198853
0.0 0.10729142278432846
0.0 0.1073463186621666
0.0 0.10861367732286453
0.0 0.10910328477621078
0.0 0.10928480327129364
0.0 0.1102047860622406
0.0 0.11059675365686417
0.0 0.11096339672803879
0.0 0.11135722696781158
0.0 0.11201585829257965
0.0 0.1121366024017334
0.0 0.11246214061975479
0.0 0.1125476136803627
0.0 0.11274190247058868
0.0 0.1135219931602478
0.0 0.11374983191490173
0.0 0.1140318512916565
0.0 0.11464151740074158
0.0 0.11500302702188492
0.0 0.1151895597577095
0.0 0.11529248207807541
0.0 0.1153830885887146
0.0 0.11574260145425797
0.0 0.11665835976600647
0.0 0.11763595789670944
0.0 0.12022923678159714
0.0 0.1204853430390358
0.0 0.12098243087530136
0.0 0.12127852439880371
0.0 0.12161989510059357
0.0 0.12369664758443832
0.0 0.12380605190992355
0.0 0.12413961440324783
0.0 0.12472660094499588
0.0 0.12588092684745789
0.0 0.12594981491565704
0.0 0.129399836063385
0.0 0.13021087646484375
0.0 0.13054215908050537
0.0 0.1326066106557846
0.0 0.14248719811439514
0.0 0.1531628519296646
0.0 0.22267542779445648
0.0 inf
