0.0 0.046941909939050674
0.0 0.04965133219957352
0.0 0.05161304399371147
0.0 0.05286191403865814
0.0 0.05495509132742882
0.0 0.05561196431517601
0.0 0.05639130622148514
0.0 0.056540314108133316
0.0 0.057599328458309174
0.0 0.05806726962327957
0.0 0.05826723203063011
0.0 0.058267612010240555
0.0 0.05917791649699211
0.0 0.06063765659928322
0.0 0.06141449883580208
0.0 0.06152993440628052
0.0 0.06197112426161766
0.0 0.06290307641029358
0.0 0.06291630119085312
0.0 0.06301751732826233
0.0 0.06304430216550827
0.0 0.06335747241973877
0.0 0.06369141489267349
0.0 0.06376852840185165
0.0 0.06405650824308395
0.0 0.06477150321006775
0.0 0.06485524028539658
0.0 0.06496252864599228
0.0 0.06575023382902145
0.0 0.06587795913219452
0.0 0.06587854027748108
0.0 0.06613152474164963
0.0 0.0668455958366394
0.0 0.06695471704006195
0.0 0.06707219034433365
0.0 0.06726711988449097
0.0 0.06755769997835159
0.0 0.06766674667596817
0.0 0.06780718266963959
0.0 0.06795336306095123
0.0 0.06799391657114029
0.0 0.06800141930580139
0.0 0.06800802797079086
0.0 0.06823386996984482
0.0 0.06827843189239502
0.0 0.06884688884019852
0.0 0.0691157802939415
0.0 0.06926604360342026
0.0 0.06935684382915497
0.0 0.06935866177082062
0.0 0.0693606585264206
0.0 0.06940814107656479
0.0 0.06945826858282089
0.0 0.06951778382062912
0.0 0.06955241411924362
0.0 0.06979569792747498
0.0 0.06981346011161804
0.0 0.06981512904167175
0.0 0.06987921893596649
0.0 0.06989990174770355
0.0 0.07021795213222504
0.0 0.0702364593744278
0.0 0.07025590538978577
0.0 0.07038743048906326
0.0 0.07041631639003754
0.0 0.07048970460891724
0.0 0.07060465961694717
0.0 0.07064484804868698
0.0 0.07068214565515518
0.0 0.07068786025047302
0.0 0.07088208198547363
0.0 0.07095911353826523
0.0 0.07097628712654114
0.0 0.07098056375980377
0.0 0.07100629061460495
0.0 0.0710950642824173
0.0 0.07114319503307343
0.0 0.07119566202163696
0.0 0.07125948369503021
0.0 0.07128066569566727
0.0 0.07128479331731796
0.0 0.07139437645673752
0.0 0.07140901684761047
0.0 0.0714799016714096
0.0 0.0715099573135376
0.0 0.07162660360336304
0.0 0.07163125276565552
0.0 0.07195506989955902
0.0 0.07196883857250214
0.0 0.0720430538058281
0.0 0.07215709239244461
0.0 0.07221300899982452
0.0 0.07227043062448502
0.0 0.07247351109981537
0.0 0.07252047210931778
0.0 0.07254543155431747
0.0 0.07260927557945251
0.0 0.07261592149734497
0.0 0.07278398424386978
0.0 0.07278677076101303
0.0 0.07279001176357269
0.0 0.07282070815563202
0.0 0.07284793257713318
0.0 0.07299613952636719
0.0 0.07302046567201614
0.0 0.07303058356046677
0.0 0.07310467958450317
0.0 0.07333718240261078
0.0 0.07339656352996826
0.0 0.07344139367341995
0.0 0.07348228245973587
0.0 0.07351720333099365
0.0 0.07359179109334946
0.0 0.07379023730754852
0.0 0.07384459674358368
0.0 0.07389922440052032
0.0 0.07391174882650375
0.0 0.07417736947536469
0.0 0.07419949769973755
0.0 0.07420475035905838
0.0 0.07431677728891373
0.0 0.07439745217561722
0.0 0.07446286827325821
0.0 0.07455528527498245
0.0 0.07464880496263504
0.0 0.07465353608131409
0.0 0.07465800642967224
0.0 0.0747508630156517
0.0 0.07498996704816818
0.0 0.07503228634595871
0.0 0.07510636001825333
0.0 0.07523681223392487
0.0 0.07529300451278687
0.0 0.0753047913312912
0.0 0.07535716146230698
0.0 0.07536672055721283
0.0 0.07541588693857193
0.0 0.07551715523004532
0.0 0.07561882585287094
0.0 0.0756680816411972
0.0 0.07583335787057877
0.0 0.0760464295744896
0.0 0.07633675634860992
0.0 0.07650698721408844
0.0 0.07664253562688828
0.0 0.07667717337608337
0.0 0.07688743621110916
0.0 0.07708144187927246
0.0 0.07717351615428925
0.0 0.077269546687603
0.0 0.07753826677799225
0.0 0.07762622833251953
0.0 0.07773148268461227
0.0 0.07779044657945633
0.0 0.07782311737537384
0.0 0.07785235345363617
0.0 0.07789541780948639
0.0 0.07804248481988907
0.0 0.07807325571775436
0.0 0.07815655320882797
0.0 0.07828587293624878
0.0 0.078372523188591
0.0 0.07839810848236084
0.0 0.0784035176038742
0.0 0.0784943699836731
0.0 0.07853633165359497
0.0 0.07860963046550751
0.0 0.07877984642982483
0.0 0.07888926565647125
0.0 0.07890835404396057
0.0 0.078960120677948
0.0 0.07897575944662094
0.0 0.07904420793056488
0.0 0.07937072217464447
0.0 0.07938714325428009
0.0 0.07939136773347855
0.0 0.07944720983505249
0.0 0.07945244014263153
0.0 0.07948596030473709
0.0 0.07951337844133377
0.0 0.07963450253009796
0.0 0.07967250794172287
0.0 0.07970777153968811
0.0 0.07979797571897507
0.0 0.07980435341596603
0.0 0.07987289130687714
0.0 0.08001228421926498
0.0 0.08010783046483994
0.0 0.08018908649682999
0.0 0.08039090037345886
0.0 0.08056242763996124
0.0 0.08063984662294388
0.0 0.08068030327558517
0.0 0.08096858114004135
0.0 0.08113756775856018
0.0 0.08134540915489197
0.0 0.08137138187885284
0.0 0.08143589645624161
0.0 0.08148820698261261
0.0 0.08150196820497513
0.0 0.0817011147737503
0.0 0.0817914679646492
0.0 0.08181978762149811
0.0 0.08190222084522247
0.0 0.08190873265266418
0.0 0.08192916214466095
0.0 0.08202751725912094
0.0 0.0822187289595604
0.0 0.08226373046636581
0.0 0.08229503035545349
0.0 0.08239846676588058
0.0 0.08241478353738785
0.0 0.08250506222248077
0.0 0.08263053745031357
0.0 0.08281852304935455
0.0 0.08286340534687042
0.0 0.08290618658065796
0.0 0.08294396847486496
0.0 0.08294934779405594
0.0 0.08325139433145523
0.0 0.08327752351760864
0.0 0.0834413543343544
0.0 0.0834425836801529
0.0 0.08348867297172546
0.0 0.08350904285907745
0.0 0.08354981243610382
0.0 0.08366754651069641
0.0 0.08377598226070404
0.0 0.08378768712282181
0.0 0.08385606855154037
0.0 0.08386559784412384
0.0 0.08387178182601929
0.0 0.08388920873403549
0.0 0.08398216962814331
0.0 0.08424904942512512
0.0 0.08439330756664276
0.0 0.08442522585391998
0.0 0.08449910581111908
0.0 0.08466962724924088
0.0 0.08471331000328064
0.0 0.0847988948225975
0.0 0.08482295274734497
0.0 0.08491922169923782
0.0 0.08497363328933716
0.0 0.08498626947402954
0.0 0.08503179997205734
0.0 0.08507514744997025
0.0 0.08509485423564911
0.0 0.08518048375844955
0.0 0.08522813767194748
0.0 0.08531166613101959
0.0 0.0854698047041893
0.0 0.08567282557487488
0.0 0.08581224083900452
0.0 0.08581726253032684
0.0 0.0859375
0.0 0.08605654537677765
0.0 0.08625711500644684
0.0 0.08628544211387634
0.0 0.08629198372364044
0.0 0.08633528649806976
0.0 0.08644499629735947
0.0 0.08658893406391144
0.0 0.08670548349618912
0.0 0.08676042407751083
0.0 0.08679278939962387
0.0 0.08681343495845795
0.0 0.0868140459060669
0.0 0.08691082149744034
0.0 0.08705678582191467
0.0 0.08707838505506516
0.0 0.08711051940917969
0.0 0.08713909238576889
0.0 0.08719790726900101
0.0 0.0873195007443428
0.0 0.08755441009998322
0.0 0.08782552182674408
0.0 0.08821684867143631
0.0 0.08821801096200943
0.0 0.0882398709654808
0.0 0.08824824541807175
0.0 0.0884002074599266
0.0 0.08849512040615082
0.0 0.08862528204917908
0.0 0.08874336630105972
0.0 0.0887443944811821
0.0 0.08875207602977753
0.0 0.08881795406341553
0.0 0.0890645682811737
0.0 0.089083731174469
0.0 0.0891309529542923
0.0 0.08915313333272934
0.0 0.08915653824806213
0.0 0.08928331732749939
0.0 0.08929478377103806
0.0 0.08937490731477737
0.0 0.08944935351610184
0.0 0.08947943150997162
0.0 0.0896529033780098
0.0 0.08968083560466766
0.0 0.08982248604297638
0.0 0.08987627923488617
0.0 0.0899604931473732
0.0 0.09036596119403839
0.0 0.09039323031902313
0.0 0.09041401743888855
0.0 0.09060610085725784
0.0 0.09067576378583908
0.0 0.0908108726143837
0.0 0.09083452075719833
0.0 0.09088720381259918
0.0 0.09089626371860504
0.0 0.0910530686378479
0.0 0.09123603999614716
0.0 0.09135202318429947
0.0 0.09135228395462036
0.0 0.09136578440666199
0.0 0.09136587381362915
0.0 0.09141674637794495
0.0 0.09145990759134293
0.0 0.09162683039903641
0.0 0.0916738510131836
0.0 0.09176375716924667
0.0 0.0918494462966919
0.0 0.09186151623725891
0.0 0.09200434386730194
0.0 0.09212491661310196
0.0 0.09223505109548569
0.0 0.09224994480609894
0.0 0.09239915013313293
0.0 0.09263259917497635
0.0 0.09278866648674011
0.0 0.09281344711780548
0.0 0.09282868355512619
0.0 0.09308013319969177
0.0 0.09309019148349762
0.0 0.09327703714370728
0.0 0.0938728004693985
0.0 0.09399024397134781
0.0 0.09416903555393219
0.0 0.09422504901885986
0.0 0.09434674680233002
0.0 0.09440628439188004
0.0 0.09453257918357849
0.0 0.09454158693552017
0.0 0.09460202604532242
0.0 0.09465300291776657
0.0 0.09516686946153641
0.0 0.09526414424180984
0.0 0.0953449159860611
0.0 0.09534851461648941
0.0 0.09536898881196976
0.0 0.09538348764181137
0.0 0.09552408009767532
0.0 0.09564358741044998
0.0 0.09573929011821747
0.0 0.09607551991939545
0.0 0.09614092111587524
0.0 0.0961594507098198
0.0 0.0961974635720253
0.0 0.09643351286649704
0.0 0.09645339101552963
0.0 0.09649397432804108
0.0 0.09679114073514938
0.0 0.09683192521333694
0.0 0.09692248702049255
0.0 0.09726002812385559
0.0 0.09734152257442474
0.0 0.09734416753053665
0.0 0.0973997488617897
0.0 0.09776519984006882
0.0 0.09785103797912598
0.0 0.09798765927553177
0.0 0.09800685197114944
0.0 0.09801758080720901
0.0 0.0981396734714508
0.0 0.09838308393955231
0.0 0.09848290681838989
0.0 0.09856833517551422
0.0 0.09874574840068817
0.0 0.09896952658891678
0.0 0.09901171177625656
0.0 0.09921329468488693
0.0 0.09984339028596878
0.0 0.1000668928027153
0.0 0.10006851702928543
0.0 0.10041869431734085
0.0 0.10045517235994339
0.0 0.10046716779470444
0.0 0.10077086836099625
0.0 0.10091104358434677
0.0 0.10133380442857742
0.0 0.10137943923473358
0.0 0.10139456391334534
0.0 0.10159710794687271
0.0 0.10180194675922394
0.0 0.10202629864215851
0.0 0.102198027074337
0.0 0.10221442580223083
0.0 0.10224451869726181
0.0 0.10236877202987671
0.0 0.10253707319498062
0.0 0.10263139754533768
0.0 0.10268139094114304
0.0 0.10270251333713531
0.0 0.1027127206325531
0.0 0.10287639498710632
0.0 0.10293759405612946
0.0 0.10310765355825424
0.0 0.10341906547546387
0.0 0.10353007167577744
0.0 0.10358085483312607
0.0 0.10371029376983643
0.0 0.10393425077199936
0.0 0.10407298803329468
0.0 0.1041228249669075
0.0 0.10412634164094925
0.0 0.10422033071517944
0.0 0.1042894497513771
0.0 0.10441893339157104
0.0 0.10447101294994354
0.0 0.10451371222734451
0.0 0.1046433225274086
0.0 0.10480410605669022
0.0 0.10520516335964203
0.0 0.1053185984492302
0.0 0.10551536083221436
0.0 0.10551856458187103
0.0 0.1055799126625061
0.0 0.10558642446994781
0.0 0.10563404858112335
0.0 0.10572775453329086
0.0 0.10584285110235214
0.0 0.10587345063686371
0.0 0.10598807036876678
0.0 0.10622049868106842
0.0 0.10654742270708084
0.0 0.1068514734506607
0.0 0.1068727895617485
0.0 0.10688041895627975
0.0 0.10720259696245193
0.0 0.10727240145206451
0.0 0.10731460154056549
0.0 0.10731570422649384
0.0 0.10786131769418716
0.0 0.10798612236976624
0.0 0.1080256998538971
0.0 0.10804988443851471
0.0 0.10819728672504425
0.0 0.10867796093225479
0.0 0.10890646278858185
0.0 0.10903390496969223
0.0 0.10916601866483688
0.0 0.10921695828437805
0.0 0.11029519140720367
0.0 0.1105557531118393
0.0 0.1107989028096199
0.0 0.1108013466000557
0.0 0.11088330298662186
0.0 0.1110517680644989
0.0 0.11138660460710526
0.0 0.1118745356798172
0.0 0.11204163730144501
0.0 0.11210937052965164
0.0 0.11230749636888504
0.0 0.11231923848390579
0.0 0.11258222907781601
0.0 0.11259480565786362
0.0 0.1132320761680603
0.0 0.11386824399232864
0.0 0.11413523554801941
0.0 0.11428731679916382
0.0 0.11453869938850403
0.0 0.11495858430862427
0.0 0.1153733879327774
0.0 0.11553612351417542
0.0 0.11563766002655029
0.0 0.11584721505641937
0.0 0.11618213355541229
0.0 0.11628719419240952
0.0 0.11636821180582047
0.0 0.11642489582300186
0.0 0.1174948588013649
0.0 0.11758551746606827
0.0 0.11765019595623016
0.0 0.11765332520008087
0.0 0.11808935552835464
0.0 0.11874281615018845
0.0 0.1187998577952385
0.0 0.1192207783460617
0.0 0.11922560632228851
0.0 0.11945021152496338
0.0 0.11963837593793869
0.0 0.11971128731966019
0.0 0.11976414173841476
0.0 0.12064428627490997
0.0 0.12155675888061523
0.0 0.12393423914909363
0.0 0.12430573254823685
0.0 0.12478605657815933
0.0 0.1257534623146057
0.0 0.12578541040420532
0.0 0.12682591378688812
0.0 0.1277415156364441
0.0 0.1281253844499588
0.0 0.12871794402599335
0.0 0.13177484273910522
0.0 0.13307476043701172
0.0 0.13592027127742767
0.0 0.14332588016986847
0.0 0.14734631776809692
0.0 inf
