0.0 0.02613825350999832
0.0 0.02709273435175419
0.0 0.027356816455721855
0.0 0.02737852744758129
0.0 0.02771279588341713
0.0 0.02866184338927269
0.0 0.02893950417637825
0.0 0.029250452294945717
0.0 0.0295241829007864
0.0 0.029606809839606285
0.0 0.029816966503858566
0.0 0.029960528016090393
0.0 0.03002057783305645
0.0 0.030052121728658676
0.0 0.03019704669713974
0.0 0.03020484559237957
0.0 0.03051331825554371
0.0 0.03059585951268673
0.0 0.030600937083363533
0.0 0.030650895088911057
0.0 0.030797569081187248
0.0 0.03080333024263382
0.0 0.03087957389652729
0.0 0.03119242936372757
0.0 0.031407736241817474
0.0 0.031531304121017456
0.0 0.03166709467768669
0.0 0.03174823522567749
0.0 0.03203606605529785
0.0 0.03207219019532204
0.0 0.032193128019571304
0.0 0.03220648318529129
0.0 0.032216351479291916
0.0 0.032340098172426224
0.0 0.03238465264439583
0.0 0.032408904284238815
0.0 0.032517485320568085
0.0 0.032571081072092056
0.0 0.032589711248874664
0.0 0.03264753147959709
0.0 0.03266109526157379
0.0 0.03281693533062935
0.0 0.03286343440413475
0.0 0.03302723169326782
0.0 0.03307672217488289
0.0 0.03313012048602104
0.0 0.0332583449780941
0.0 0.03345739468932152
0.0 0.03359323367476463
0.0 0.03396989405155182
0.0 0.034108199179172516
0.0 0.03412335738539696
0.0 0.03424978256225586
0.0 0.034255221486091614
0.0 0.03436058759689331
0.0 0.03442247211933136
0.0 0.03455866500735283
0.0 0.03458108380436897
0.0 0.03463229164481163
0.0 0.0346430167555809
0.0 0.03477863222360611
0.0 0.03482106328010559
0.0 0.0348334014415741
0.0 0.034856852144002914
0.0 0.03487103804945946
0.0 0.03487879037857056
0.0 0.034954287111759186
0.0 0.03497578576207161
0.0 0.035119522362947464
0.0 0.03519468009471893
0.0 0.03520355373620987
0.0 0.035218097269535065
0.0 0.035218242555856705
0.0 0.03524341434240341
0.0 0.035252030938863754
0.0 0.03536450117826462
0.0 0.035400740802288055
0.0 0.035415247082710266
0.0 0.035500459372997284
0.0 0.03554171696305275
0.0 0.03562031686306
0.0 0.03562171384692192
0.0 0.035624437034130096
0.0 0.03566503897309303
0.0 0.03574462980031967
0.0 0.03574610501527786
0.0 0.03581731393933296
0.0 0.03589008376002312
0.0 0.03591141104698181
0.0 0.0359547883272171
0.0 0.036012496799230576
0.0 0.0360373891890049
0.0 0.03607284277677536
0.0 0.036124005913734436
0.0 0.03616000711917877
0.0 0.03618196025490761
0.0 0.0362061969935894
0.0 0.03630666434764862
0.0 0.03631991147994995
0.0 0.03642721101641655
0.0 0.036434609442949295
0.0 0.03646606206893921
0.0 0.03653937950730324
0.0 0.036776117980480194
0.0 0.03679882735013962
0.0 0.036809034645557404
0.0 0.03684963658452034
0.0 0.03690886124968529
0.0 0.03692248836159706
0.0 0.0369391106069088
0.0 0.036952290683984756
0.0 0.036976952105760574
0.0 0.037133168429136276
0.0 0.03715688735246658
0.0 0.03717821463942528
0.0 0.037189941853284836
0.0 0.037210606038570404
0.0 0.03724578768014908
0.0 0.037418264895677567
0.0 0.03743864223361015
0.0 0.037481002509593964
0.0 0.037509623914957047
0.0 0.03761153295636177
0.0 0.03764178976416588
0.0 0.03765939548611641
0.0 0.037779297679662704
0.0 0.0377824604511261
0.0 0.03782421723008156
0.0 0.03789326921105385
0.0 0.037943433970212936
0.0 0.03802484646439552
0.0 0.038092631846666336
0.0 0.038094665855169296
0.0 0.0381275899708271
0.0 0.0381363220512867
0.0 0.038193684071302414
0.0 0.03822648897767067
0.0 0.03838374838232994
0.0 0.0384066142141819
0.0 0.03846155107021332
0.0 0.03853722661733627
0.0 0.03863004595041275
0.0 0.0386759378015995
0.0 0.03871557489037514
0.0 0.038785483688116074
0.0 0.03881338611245155
0.0 0.03897879272699356
0.0 0.03900960087776184
0.0 0.03903432562947273
0.0 0.03903869912028313
0.0 0.03908724710345268
0.0 0.03920171782374382
0.0 0.039360906928777695
0.0 0.03942336142063141
0.0 0.0395142026245594
0.0 0.039699047803878784
0.0 0.03996613249182701
0.0 0.0399835929274559
0.0 0.040031056851148605
0.0 0.04007210209965706
0.0 0.04008883610367775
0.0 0.040206119418144226
0.0 0.04025629162788391
0.0 0.04038933292031288
0.0 0.04048093035817146
0.0 0.04048150032758713
0.0 0.040530987083911896
0.0 0.04056181013584137
0.0 0.04059981927275658
0.0 0.04061713442206383
0.0 0.040707774460315704
0.0 0.040738921612501144
0.0 0.0407688245177269
0.0 0.040832605212926865
0.0 0.04087880998849869
0.0 0.040975045412778854
0.0 0.041005492210388184
0.0 0.041035283356904984
0.0 0.041047923266887665
0.0 0.041060492396354675
0.0 0.041140034794807434
0.0 0.041199877858161926
0.0 0.04126506298780441
0.0 0.04130445420742035
0.0 0.041306961327791214
0.0 0.04130844399333
0.0 0.04134494438767433
0.0 0.04134678468108177
0.0 0.04135442152619362
0.0 0.0413680225610733
0.0 0.04140689969062805
0.0 0.04141688719391823
0.0 0.04146602749824524
0.0 0.041520364582538605
0.0 0.041531991213560104
0.0 0.04153537377715111
0.0 0.04158618673682213
0.0 0.04164853319525719
0.0 0.04166039079427719
0.0 0.041665058583021164
0.0 0.04170086234807968
0.0 0.04172796383500099
0.0 0.04178991541266441
0.0 0.04183446243405342
0.0 0.04186679422855377
0.0 0.04189077392220497
0.0 0.04191719368100166
0.0 0.04200233146548271
0.0 0.042009469121694565
0.0 0.042011141777038574
0.0 0.042063795030117035
0.0 0.04218757525086403
0.0 0.042265038937330246
0.0 0.04234154522418976
0.0 0.0424172505736351
0.0 0.04246513172984123
0.0 0.04247070103883743
0.0 0.04259086027741432
0.0 0.04266269877552986
0.0 0.04274914041161537
0.0 0.04288580268621445
0.0 0.04290635511279106
0.0 0.042995233088731766
0.0 0.04300595819950104
0.0 0.04302142933011055
0.0 0.04302477836608887
0.0 0.04310183599591255
0.0 0.04317357391119003
0.0 0.04320443794131279
0.0 0.04327927902340889
0.0 0.04334874078631401
0.0 0.043368689715862274
0.0 0.043371718376874924
0.0 0.0434228740632534
0.0 0.043436650186777115
0.0 0.04344863072037697
0.0 0.04347580298781395
0.0 0.04349684715270996
0.0 0.04349811375141144
0.0 0.0435367152094841
0.0 0.04357030615210533
0.0 0.04357481747865677
0.0 0.043592773377895355
0.0 0.04359763488173485
0.0 0.04362226277589798
0.0 0.04363254830241203
0.0 0.04367093741893768
0.0 0.043687447905540466
0.0 0.04371039196848869
0.0 0.04375365376472473
0.0 0.04384398087859154
0.0 0.0438733845949173
0.0 0.043882355093955994
0.0 0.0439620204269886
0.0 0.04400038346648216
0.0 0.044002797454595566
0.0 0.0440361462533474
0.0 0.044059500098228455
0.0 0.04409880191087723
0.0 0.04411197826266289
0.0 0.04412705823779106
0.0 0.04426825791597366
0.0 0.0443713515996933
0.0 0.04443845897912979
0.0 0.044737644493579865
0.0 0.044810838997364044
0.0 0.04486433416604996
0.0 0.04492829740047455
0.0 0.04501406103372574
0.0 0.0450306236743927
0.0 0.0450437068939209
0.0 0.04504641517996788
0.0 0.04510381817817688
0.0 0.04511519521474838
0.0 0.04512527212500572
0.0 0.04514762759208679
0.0 0.04514924809336662
0.0 0.04517768323421478
0.0 0.045183852314949036
0.0 0.04520877078175545
0.0 0.04526499658823013
0.0 0.045273467898368835
0.0 0.045299019664525986
0.0 0.045402560383081436
0.0 0.04542683809995651
0.0 0.04560494050383568
0.0 0.045689184218645096
0.0 0.04572413116693497
0.0 0.045733533799648285
0.0 0.04579292982816696
0.0 0.04582863301038742
0.0 0.04583382606506348
0.0 0.0458386093378067
0.0 0.045972734689712524
0.0 0.04605832323431969
0.0 0.046086426824331284
0.0 0.04610816761851311
0.0 0.04621422290802002
0.0 0.04634898900985718
0.0 0.04638670012354851
0.0 0.04663240909576416
0.0 0.04674961790442467
0.0 0.046784937381744385
0.0 0.04681473970413208
0.0 0.04691809043288231
0.0 0.046979840844869614
0.0 0.0470142662525177
0.0 0.047023955732584
0.0 0.04707196727395058
0.0 0.047257356345653534
0.0 0.0473497211933136
0.0 0.047362055629491806
0.0 0.047517310827970505
0.0 0.047559142112731934
0.0 0.04756542295217514
0.0 0.047616805881261826
0.0 0.047640565782785416
0.0 0.047684911638498306
0.0 0.047695983201265335
0.0 0.047774914652109146
0.0 0.04797261208295822
0.0 0.048028990626335144
0.0 0.048081543296575546
0.0 0.04812528192996979
0.0 0.048174403607845306
0.0 0.04817470535635948
0.0 0.048237696290016174
0.0 0.04828329756855965
0.0 0.04834143817424774
0.0 0.048443347215652466
0.0 0.04865443333983421
0.0 0.0486740916967392
0.0 0.04870372638106346
0.0 0.04870377853512764
0.0 0.04873320460319519
0.0 0.04873654991388321
0.0 0.048852358013391495
0.0 0.04890958219766617
0.0 0.04891595244407654
0.0 0.04903743416070938
0.0 0.04908612370491028
0.0 0.04911993816494942
0.0 0.049136508256196976
0.0 0.04916352778673172
0.0 0.04922416806221008
0.0 0.04929472133517265
0.0 0.04930436983704567
0.0 0.04932114854454994
0.0 0.04933341220021248
0.0 0.049406662583351135
0.0 0.049478620290756226
0.0 0.049561355262994766
0.0 0.049593470990657806
0.0 0.04975977540016174
0.0 0.04979342222213745
0.0 0.049816012382507324
0.0 0.05004044622182846
0.0 0.05007820576429367
0.0 0.0501297228038311
0.0 0.05021537095308304
0.0 0.050272196531295776
0.0 0.050286028534173965
0.0 0.05031297355890274
0.0 0.050751905888319016
0.0 0.050758637487888336
0.0 0.05091509968042374
0.0 0.05095537751913071
0.0 0.051009491086006165
0.0 0.05108048766851425
0.0 0.05111852288246155
0.0 0.05116984248161316
0.0 0.051225513219833374
0.0 0.051286421716213226
0.0 0.05129680037498474
0.0 0.05142804607748985
0.0 0.051545921713113785
0.0 0.051680032163858414
0.0 0.05176437273621559
0.0 0.051788367331027985
0.0 0.05188458412885666
0.0 0.051912564784288406
0.0 0.05191853642463684
0.0 0.05199361965060234
0.0 0.05218095704913139
0.0 0.05223393067717552
0.0 0.052270129323005676
0.0 0.052337147295475006
0.0 0.052343130111694336
0.0 0.05246216431260109
0.0 0.05248468741774559
0.0 0.052495356649160385
0.0 0.05252601206302643
0.0 0.052568309009075165
0.0 0.052569691091775894
0.0 0.05259256064891815
0.0 0.05288855731487274
0.0 0.05295756831765175
0.0 0.05296258628368378
0.0 0.0530179999768734
0.0 0.053066328167915344
0.0 0.0531504824757576
0.0 0.053170591592788696
0.0 0.053199976682662964
0.0 0.05321270227432251
0.0 0.053244780749082565
0.0 0.05364567041397095
0.0 0.05389993637800217
0.0 0.0540146641433239
0.0 0.05406266823410988
0.0 0.05450013279914856
0.0 0.05454343184828758
0.0 0.05488972365856171
0.0 0.054993417114019394
0.0 0.05503526329994202
0.0 0.05505117401480675
0.0 0.05518721044063568
0.0 0.05518869683146477
0.0 0.055302031338214874
0.0 0.055325016379356384
0.0 0.05541263520717621
0.0 0.05550888925790787
0.0 0.0555141307413578
0.0 0.0555587001144886
0.0 0.055668871849775314
0.0 0.05567922070622444
0.0 0.05569813773036003
0.0 0.055840376764535904
0.0 0.05588648095726967
0.0 0.055994417518377304
0.0 0.056038156151771545
0.0 0.056311819702386856
0.0 0.05634692683815956
0.0 0.056355010718107224
0.0 0.05659406632184982
0.0 0.05661555752158165
0.0 0.056713830679655075
0.0 0.05678325146436691
0.0 0.056933507323265076
0.0 0.056948695331811905
0.0 0.05701927840709686
0.0 0.05732826888561249
0.0 0.057402804493904114
0.0 0.05754135176539421
0.0 0.057587042450904846
0.0 0.05768878385424614
0.0 0.057738929986953735
0.0 0.057756438851356506
0.0 0.057801567018032074
0.0 0.05784226953983307
0.0 0.05800963565707207
0.0 0.05809159576892853
0.0 0.05821828544139862
0.0 0.05822659283876419
0.0 0.05823119729757309
0.0 0.058546487241983414
0.0 0.05867394059896469
0.0 0.05883937329053879
0.0 0.059390608221292496
0.0 0.05956685170531273
0.0 0.059567976742982864
0.0 0.05968125909566879
0.0 0.059743426740169525
0.0 0.059926096349954605
0.0 0.06004509702324867
0.0 0.06008923426270485
0.0 0.06021423637866974
0.0 0.06027396023273468
0.0 0.060278020799160004
0.0 0.06028645113110542
0.0 0.060343995690345764
0.0 0.06068437173962593
0.0 0.06080058962106705
0.0 0.06084192544221878
0.0 0.06087791547179222
0.0 0.06101864576339722
0.0 0.06109178811311722
0.0 0.06175275892019272
0.0 0.06201814115047455
0.0 0.062122102826833725
0.0 0.062292493879795074
0.0 0.06229965016245842
0.0 0.062330491840839386
0.0 0.06258317083120346
0.0 0.06260403245687485
0.0 0.06264066696166992
0.0 0.06277110427618027
0.0 0.06297892332077026
0.0 0.06312528252601624
0.0 0.06387920677661896
0.0 0.06395634263753891
0.0 0.06409139931201935
0.0 0.06411117315292358
0.0 0.06446163356304169
0.0 0.06499667465686798
0.0 0.06511438637971878
0.0 0.06628634035587311
0.0 0.06650271266698837
0.0 0.06697896122932434
0.0 0.06703701615333557
0.0 0.06864594668149948
0.0 0.0688992589712143
0.0 0.0690329372882843
0.0 0.06967605650424957
0.0 0.06972984224557877
0.0 0.06994461268186569
0.0 0.07070526480674744
0.0 0.07089340686798096
0.0 0.07275575399398804
0.0 0.07309696823358536
0.0 0.07353901863098145
0.0 0.07656913995742798
0.0 inf
