0.0 0.03670894727110863
0.0 0.03700155392289162
0.0 0.037375058978796005
0.0 0.03893847391009331
0.0 0.039231691509485245
0.0 0.03925218805670738
0.0 0.03938036039471626
0.0 0.03965245559811592
0.0 0.03969072550535202
0.0 0.039851509034633636
0.0 0.039878472685813904
0.0 0.03990830481052399
0.0 0.04043637588620186
0.0 0.040727194398641586
0.0 0.040815722197294235
0.0 0.04106829687952995
0.0 0.0411558598279953
0.0 0.041215866804122925
0.0 0.04159931093454361
0.0 0.04160910099744797
0.0 0.04164217412471771
0.0 0.041732512414455414
0.0 0.04211196303367615
0.0 0.04213009774684906
0.0 0.04229038953781128
0.0 0.04284000024199486
0.0 0.04319344088435173
0.0 0.043221600353717804
0.0 0.04322631657123566
0.0 0.04323835298418999
0.0 0.04362725093960762
0.0 0.044024571776390076
0.0 0.04407637193799019
0.0 0.04411562159657478
0.0 0.04412989318370819
0.0 0.04415726661682129
0.0 0.0441577322781086
0.0 0.044305965304374695
0.0 0.04444959759712219
0.0 0.044496871531009674
0.0 0.04483860358595848
0.0 0.04523655027151108
0.0 0.04526324197649956
0.0 0.04545889049768448
0.0 0.04570220783352852
0.0 0.0457620732486248
0.0 0.045891374349594116
0.0 0.045975182205438614
0.0 0.046005915850400925
0.0 0.04602472484111786
0.0 0.04624618962407112
0.0 0.046257976442575455
0.0 0.04627960920333862
0.0 0.04630871117115021
0.0 0.04631267860531807
0.0 0.0463615320622921
0.0 0.04638874903321266
0.0 0.04650590196251869
0.0 0.04671914875507355
0.0 0.046737633645534515
0.0 0.04690004140138626
0.0 0.04691862687468529
0.0 0.046970147639513016
0.0 0.047153323888778687
0.0 0.04718558117747307
0.0 0.04722518101334572
0.0 0.0473058857023716
0.0 0.04731065407395363
0.0 0.0473470538854599
0.0 0.04741227626800537
0.0 0.047453176230192184
0.0 0.047468721866607666
0.0 0.04747311770915985
0.0 0.04748352989554405
0.0 0.047515757381916046
0.0 0.04761640727519989
0.0 0.047644153237342834
0.0 0.047660719603300095
0.0 0.04804112762212753
0.0 0.04805448278784752
0.0 0.04808797314763069
0.0 0.048171043395996094
0.0 0.048209041357040405
0.0 0.04828367382287979
0.0 0.04837201535701752
0.0 0.048419103026390076
0.0 0.04851546511054039
0.0 0.04862743616104126
0.0 0.04865242913365364
0.0 0.048678480088710785
0.0 0.0487382672727108
0.0 0.048849817365407944
0.0 0.04887356609106064
0.0 0.048941720277071
0.0 0.048975665122270584
0.0 0.04898056015372276
0.0 0.04906347021460533
0.0 0.049132127314805984
0.0 0.049161262810230255
0.0 0.04919945076107979
0.0 0.04924379289150238
0.0 0.049325183033943176
0.0 0.04934646934270859
0.0 0.04943842440843582
0.0 0.04944302514195442
0.0 0.049527667462825775
0.0 0.04956277087330818
0.0 0.04969478398561478
0.0 0.0496971569955349
0.0 0.04971936345100403
0.0 0.04975111037492752
0.0 0.0498448982834816
0.0 0.049914706498384476
0.0 0.05005944147706032
0.0 0.05006295442581177
0.0 0.0502166785299778
0.0 0.05029905214905739
0.0 0.050420816987752914
0.0 0.050425440073013306
0.0 0.05047543719410896
0.0 0.05049029365181923
0.0 0.05052536725997925
0.0 0.050561778247356415
0.0 0.05057944729924202
0.0 0.05059230700135231
0.0 0.0505979098379612
0.0 0.05066978186368942
0.0 0.05074291676282883
0.0 0.050785794854164124
0.0 0.05086826533079147
0.0 0.05089962109923363
0.0 0.050965115427970886
0.0 0.05097142979502678
0.0 0.051139939576387405
0.0 0.051150377839803696
0.0 0.05124271661043167
0.0 0.051295265555381775
0.0 0.05133499950170517
0.0 0.051341913640499115
0.0 0.05138235539197922
0.0 0.05143546685576439
0.0 0.05184507369995117
0.0 0.05190637335181236
0.0 0.05196837708353996
0.0 0.05203709006309509
0.0 0.052099935710430145
0.0 0.05219651758670807
0.0 0.05225527659058571
0.0 0.05226133018732071
0.0 0.05234560742974281
0.0 0.05241937190294266
0.0 0.05242197960615158
0.0 0.05252068489789963
0.0 0.052525006234645844
0.0 0.05267128348350525
0.0 0.05268646031618118
0.0 0.052690207958221436
0.0 0.052771128714084625
0.0 0.05278486758470535
0.0 0.05286404862999916
0.0 0.05294938385486603
0.0 0.0529550276696682
0.0 0.05298932269215584
0.0 0.053077973425388336
0.0 0.05313126742839813
0.0 0.053137630224227905
0.0 0.05323296785354614
0.0 0.05329299345612526
0.0 0.05333731323480606
0.0 0.053441084921360016
0.0 0.05344204977154732
0.0 0.05363527685403824
0.0 0.05364416539669037
0.0 0.05385265499353409
0.0 0.0538826510310173
0.0 0.05396419018507004
0.0 0.05397016182541847
0.0 0.053986698389053345
0.0 0.054007843136787415
0.0 0.05402150750160217
0.0 0.05413172021508217
0.0 0.054171305149793625
0.0 0.054487038403749466
0.0 0.05455575883388519
0.0 0.05457296967506409
0.0 0.0546162948012352
0.0 0.05470706894993782
0.0 0.05473528802394867
0.0 0.05474633723497391
0.0 0.05477842316031456
0.0 0.054806288331747055
0.0 0.054843951016664505
0.0 0.05486014112830162
0.0 0.05495309829711914
0.0 0.054998915642499924
0.0 0.05504874885082245
0.0 0.05509570986032486
0.0 0.055163878947496414
0.0 0.05517192184925079
0.0 0.05538234859704971
0.0 0.0553920641541481
0.0 0.055444661527872086
0.0 0.05546063184738159
0.0 0.055499594658613205
0.0 0.05550500378012657
0.0 0.055509086698293686
0.0 0.055550143122673035
0.0 0.055684566497802734
0.0 0.05580848082900047
0.0 0.05611876770853996
0.0 0.0562259703874588
0.0 0.056234683841466904
0.0 0.05631021037697792
0.0 0.05641083046793938
0.0 0.056436315178871155
0.0 0.056459538638591766
0.0 0.05650612711906433
0.0 0.05665169283747673
0.0 0.05665181577205658
0.0 0.05671203136444092
0.0 0.05671953037381172
0.0 0.056834615767002106
0.0 0.05700156092643738
0.0 0.05712813511490822
0.0 0.05724937841296196
0.0 0.05727877840399742
0.0 0.05740346759557724
0.0 0.057414159178733826
0.0 0.05753638222813606
0.0 0.05756572261452675
0.0 0.05763237178325653
0.0 0.057719290256500244
0.0 0.05775235593318939
0.0 0.05780316889286041
0.0 0.057849522680044174
0.0 0.05794176086783409
0.0 0.057954251766204834
0.0 0.05803856626152992
0.0 0.05812622606754303
0.0 0.05817871168255806
0.0 0.058221492916345596
0.0 0.05832105875015259
0.0 0.0583222433924675
0.0 0.05833285301923752
0.0 0.05858762934803963
0.0 0.05860927328467369
0.0 0.058625347912311554
0.0 0.05864131823182106
0.0 0.058652885258197784
0.0 0.05868586152791977
0.0 0.0587005577981472
0.0 0.05870572850108147
0.0 0.05874406173825264
0.0 0.05896668881177902
0.0 0.059019558131694794
0.0 0.059077322483062744
0.0 0.05910119041800499
0.0 0.059121210128068924
0.0 0.05919492617249489
0.0 0.05924559757113457
0.0 0.05930039659142494
0.0 0.05931154638528824
0.0 0.059325627982616425
0.0 0.05932735279202461
0.0 0.0593300461769104
0.0 0.05939736217260361
0.0 0.059425000101327896
0.0 0.05943358317017555
0.0 0.059451960027217865
0.0 0.059480275958776474
0.0 0.05950743332505226
0.0 0.05969072878360748
0.0 0.05987901985645294
0.0 0.059930067509412766
0.0 0.05995078384876251
0.0 0.060011569410562515
0.0 0.06004742532968521
0.0 0.06026556342840195
0.0 0.06042816862463951
0.0 0.060468144714832306
0.0 0.06057588756084442
0.0 0.06060914322733879
0.0 0.0606151707470417
0.0 0.06087908893823624
0.0 0.06090370565652847
0.0 0.06098040193319321
0.0 0.061114076524972916
0.0 0.06114143505692482
0.0 0.06119326129555702
0.0 0.061228930950164795
0.0 0.06132727488875389
0.0 0.06133849173784256
0.0 0.061356328427791595
0.0 0.061534177511930466
0.0 0.0617210678756237
0.0 0.06173568591475487
0.0 0.061888545751571655
0.0 0.06189444288611412
0.0 0.0619271919131279
0.0 0.06200133264064789
0.0 0.06202392652630806
0.0 0.06207533925771713
0.0 0.06209571287035942
0.0 0.062134724110364914
0.0 0.06215091049671173
0.0 0.06227516755461693
0.0 0.06230224668979645
0.0 0.0624389611184597
0.0 0.06246994435787201
0.0 0.062499988824129105
0.0 0.06250528246164322
0.0 0.06251010298728943
0.0 0.06279043853282928
0.0 0.06285861879587173
0.0 0.06293411552906036
0.0 0.0630323514342308
0.0 0.06309392303228378
0.0 0.06312282383441925
0.0 0.0632878765463829
0.0 0.06334494054317474
0.0 0.06360072642564774
0.0 0.06373326480388641
0.0 0.0637422502040863
0.0 0.06382396817207336
0.0 0.06396487355232239
0.0 0.0642257109284401
0.0 0.06425323337316513
0.0 0.06426634639501572
0.0 0.06427227705717087
0.0 0.06431126594543457
0.0 0.06431953608989716
0.0 0.06433803588151932
0.0 0.0644388496875763
0.0 0.064672090113163
0.0 0.06470140069723129
0.0 0.06488990783691406
0.0 0.06489738076925278
0.0 0.06492923200130463
0.0 0.06497864425182343
0.0 0.06499514728784561
0.0 0.06561432778835297
0.0 0.06592361629009247
0.0 0.06598064303398132
0.0 0.06600197404623032
0.0 0.06615673005580902
0.0 0.06627067178487778
0.0 0.06627396494150162
0.0 0.06628625839948654
0.0 0.06636127084493637
0.0 0.06638313084840775
0.0 0.06642390787601471
0.0 0.06643623113632202
0.0 0.06652780622243881
0.0 0.06654777377843857
0.0 0.06666248291730881
0.0 0.06666969507932663
0.0 0.06682570278644562
0.0 0.06684298068284988
0.0 0.06692396849393845
0.0 0.06700490415096283
0.0 0.067036934196949
0.0 0.06709480285644531
0.0 0.06720442324876785
0.0 0.067268967628479
0.0 0.06738390028476715
0.0 0.0675344169139862
0.0 0.06759680062532425
0.0 0.06785859167575836
0.0 0.06795940548181534
0.0 0.0679604709148407
0.0 0.06799720972776413
0.0 0.06805886328220367
0.0 0.06845691800117493
0.0 0.06868017464876175
0.0 0.06868354976177216
0.0 0.06872940808534622
0.0 0.06875219196081161
0.0 0.06881719827651978
0.0 0.06888317316770554
0.0 0.06895993649959564
0.0 0.06913392245769501
0.0 0.06922706961631775
0.0 0.0692453607916832
0.0 0.06927507370710373
0.0 0.06933879107236862
0.0 0.06937664747238159
0.0 0.06939063966274261
0.0 0.06970096379518509
0.0 0.06972590833902359
0.0 0.06987793743610382
0.0 0.07013635337352753
0.0 0.070217564702034
0.0 0.07025692611932755
0.0 0.07030672580003738
0.0 0.07049530744552612
0.0 0.07051191478967667
0.0 0.07064783573150635
0.0 0.07070071250200272
0.0 0.07106610387563705
0.0 0.07135578244924545
0.0 0.07150007784366608
0.0 0.07168839871883392
0.0 0.07171307504177094
0.0 0.07188307493925095
0.0 0.07201206684112549
0.0 0.072072334587574
0.0 0.07209134101867676
0.0 0.07225559651851654
0.0 0.0722569152712822
0.0 0.0723571628332138
0.0 0.0724412277340889
0.0 0.07244152575731277
0.0 0.07244537025690079
0.0 0.07252135872840881
0.0 0.07255963236093521
0.0 0.07289454340934753
0.0 0.07293261587619781
0.0 0.07294032722711563
0.0 0.07297361642122269
0.0 0.07298003882169724
0.0 0.07324865460395813
0.0 0.07333141565322876
0.0 0.07334437966346741
0.0 0.07337164133787155
0.0 0.07338955998420715
0.0 0.07359752804040909
0.0 0.07367083430290222
0.0 0.07373936474323273
0.0 0.07387450337409973
0.0 0.07388065755367279
0.0 0.07392294704914093
0.0 0.07401306927204132
0.0 0.07405911386013031
0.0 0.07417123764753342
0.0 0.07429692149162292
0.0 0.0743396207690239
0.0 0.07437928020954132
0.0 0.07438687980175018
0.0 0.07457960397005081
0.0 0.07463081926107407
0.0 0.07482840120792389
0.0 0.07483578473329544
0.0 0.07492826879024506
0.0 0.07506141811609268
0.0 0.07525445520877838
0.0 0.07530184090137482
0.0 0.07577358186244965
0.0 0.07583808898925781
0.0 0.07600584626197815
0.0 0.0761670395731926
0.0 0.07618404179811478
0.0 0.07654338330030441
0.0 0.07687461376190186
0.0 0.07722574472427368
0.0 0.07723962515592575
0.0 0.07728012651205063
0.0 0.07732056826353073
0.0 0.07740593701601028
0.0 0.07745800912380219
0.0 0.07752358913421631
0.0 0.07756874710321426
0.0 0.07779797911643982
0.0 0.0780658945441246
0.0 0.07814441621303558
0.0 0.07815928757190704
0.0 0.07825744152069092
0.0 0.07850953936576843
0.0 0.07854928076267242
0.0 0.07897461950778961
0.0 0.07898733764886856
0.0 0.07902401685714722
0.0 0.07905112951993942
0.0 0.07905682921409607
0.0 0.07963695377111435
0.0 0.07974062860012054
0.0 0.08004488795995712
0.0 0.08048664033412933
0.0 0.08062601089477539
0.0 0.08065562695264816
0.0 0.08177782595157623
0.0 0.08226248621940613
0.0 0.08246997743844986
0.0 0.08258886635303497
0.0 0.08284123986959457
0.0 0.08318129181861877
0.0 0.08332393318414688
0.0 0.0833548903465271
0.0 0.08353713899850845
0.0 0.08385464549064636
0.0 0.08386572450399399
0.0 0.08394920825958252
0.0 0.08429005742073059
0.0 0.08463993668556213
0.0 0.08487541228532791
0.0 0.0849314033985138
0.0 0.08536823838949203
0.0 0.08595124632120132
0.0 0.08693820238113403
0.0 0.08768945187330246
0.0 0.08800186961889267
0.0 0.08870207518339157
0.0 0.08928803354501724
0.0 0.08981165289878845
0.0 0.08994586020708084
0.0 0.09113328903913498
0.0 0.0915432721376419
0.0 0.0916651040315628
0.0 0.09544282406568527
0.0 0.09892886132001877
0.0 0.09982255846261978
0.0 0.1015264093875885
0.0 inf
