0.0 0.0413031280040741
0.0 0.042679525911808014
0.0 0.042951907962560654
0.0 0.04471838101744652
0.0 0.04533298313617706
0.0 0.04749903827905655
0.0 0.048077262938022614
0.0 0.048603881150484085
0.0 0.04959050565958023
0.0 0.049717966467142105
0.0 0.04994886368513107
0.0 0.05000179633498192
0.0 0.05063757300376892
0.0 0.050658274441957474
0.0 0.05117521435022354
0.0 0.051288168877363205
0.0 0.05200270190834999
0.0 0.05229279771447182
0.0 0.05247605964541435
0.0 0.05266549438238144
0.0 0.05278681963682175
0.0 0.05395595356822014
0.0 0.0541645847260952
0.0 0.05440201982855797
0.0 0.05501752719283104
0.0 0.05551370233297348
0.0 0.055601298809051514
0.0 0.0557529553771019
0.0 0.055799249559640884
0.0 0.055806949734687805
0.0 0.05596381425857544
0.0 0.05615661293268204
0.0 0.05630779638886452
0.0 0.0564008429646492
0.0 0.05641382560133934
0.0 0.056489765644073486
0.0 0.056501537561416626
0.0 0.056573573499917984
0.0 0.0566655695438385
0.0 0.056841734796762466
0.0 0.056929811835289
0.0 0.05707046762108803
0.0 0.05707091465592384
0.0 0.05730060487985611
0.0 0.057317085564136505
0.0 0.05746021866798401
0.0 0.05748405680060387
0.0 0.05755006894469261
0.0 0.05764974281191826
0.0 0.05768647417426109
0.0 0.057769082486629486
0.0 0.05782406032085419
0.0 0.057896509766578674
0.0 0.05799056217074394
0.0 0.058254919946193695
0.0 0.058297012001276016
0.0 0.05841197445988655
0.0 0.058677785098552704
0.0 0.05886976420879364
0.0 0.058967284858226776
0.0 0.05900455638766289
0.0 0.059065405279397964
0.0 0.05930859595537186
0.0 0.05936980992555618
0.0 0.05939307063817978
0.0 0.05942762643098831
0.0 0.05953063443303108
0.0 0.05960546061396599
0.0 0.059612832963466644
0.0 0.059650763869285583
0.0 0.05970793962478638
0.0 0.05977708846330643
0.0 0.059894103556871414
0.0 0.05994000658392906
0.0 0.060008857399225235
0.0 0.06006712093949318
0.0 0.06017311289906502
0.0 0.06022327393293381
0.0 0.06025400012731552
0.0 0.06027161329984665
0.0 0.06034204363822937
0.0 0.06038881838321686
0.0 0.06049772724509239
0.0 0.0605052150785923
0.0 0.060755323618650436
0.0 0.06084883585572243
0.0 0.06087709963321686
0.0 0.061024703085422516
0.0 0.061025671660900116
0.0 0.061062611639499664
0.0 0.06114249676465988
0.0 0.06116381660103798
0.0 0.061272211372852325
0.0 0.061289895325899124
0.0 0.06132988631725311
0.0 0.06140939146280289
0.0 0.06142405793070793
0.0 0.06155722215771675
0.0 0.0617501437664032
0.0 0.062099575996398926
0.0 0.0621495321393013
0.0 0.06215641275048256
0.0 0.062381818890571594
0.0 0.06239922344684601
0.0 0.062430351972579956
0.0 0.06255368888378143
0.0 0.06263674795627594
0.0 0.06274455785751343
0.0 0.06275465339422226
0.0 0.06275755167007446
0.0 0.06286326050758362
0.0 0.06288062036037445
0.0 0.06289228796958923
0.0 0.06293804943561554
0.0 0.06294609606266022
0.0 0.06303127855062485
0.0 0.06307493895292282
0.0 0.06323637813329697
0.0 0.06337867677211761
0.0 0.06343720108270645
0.0 0.06348434090614319
0.0 0.0635216161608696
0.0 0.06353136897087097
0.0 0.0638178214430809
0.0 0.06385457515716553
0.0 0.06386230140924454
0.0 0.06388925760984421
0.0 0.06393429636955261
0.0 0.06396503001451492
0.0 0.0639844760298729
0.0 0.0639931783080101
0.0 0.06402900815010071
0.0 0.06403210014104843
0.0 0.06406793743371964
0.0 0.06411300599575043
0.0 0.06425224989652634
0.0 0.06447739899158478
0.0 0.06450976431369781
0.0 0.06457088142633438
0.0 0.06464692205190659
0.0 0.06474695354700089
0.0 0.06476959586143494
0.0 0.06479382514953613
0.0 0.06484697014093399
0.0 0.06485339254140854
0.0 0.06486590951681137
0.0 0.06487715244293213
0.0 0.06488661468029022
0.0 0.0649230107665062
0.0 0.06503316015005112
0.0 0.06507093459367752
0.0 0.0651804730296135
0.0 0.06540319323539734
0.0 0.06542082875967026
0.0 0.06555686891078949
0.0 0.06563365459442139
0.0 0.06570681184530258
0.0 0.0657106414437294
0.0 0.06583468616008759
0.0 0.06588403135538101
0.0 0.06594055891036987
0.0 0.065968357026577
0.0 0.06608939170837402
0.0 0.06609465926885605
0.0 0.06613495200872421
0.0 0.06630972027778625
0.0 0.06632276624441147
0.0 0.06641625612974167
0.0 0.06647676974534988
0.0 0.066503144800663
0.0 0.06651020795106888
0.0 0.06652823090553284
0.0 0.0665474683046341
0.0 0.06673178821802139
0.0 0.06678024679422379
0.0 0.06690501421689987
0.0 0.06694253534078598
0.0 0.06713605672121048
0.0 0.06714355200529099
0.0 0.0671917051076889
0.0 0.06724397093057632
0.0 0.06726138293743134
0.0 0.06729403883218765
0.0 0.06737155467271805
0.0 0.06739047914743423
0.0 0.06740457564592361
0.0 0.06751003861427307
0.0 0.06775964796543121
0.0 0.0677710548043251
0.0 0.067868173122406
0.0 0.06790802627801895
0.0 0.06791556626558304
0.0 0.06798657029867172
0.0 0.06802473962306976
0.0 0.06803393363952637
0.0 0.06812345236539841
0.0 0.06815381348133087
0.0 0.06815981864929199
0.0 0.06828255951404572
0.0 0.06847741454839706
0.0 0.06848252564668655
0.0 0.06855203956365585
0.0 0.06855391710996628
0.0 0.06866786628961563
0.0 0.06873089075088501
0.0 0.0687444731593132
0.0 0.068840891122818
0.0 0.06893077492713928
0.0 0.06896010786294937
0.0 0.06901829689741135
0.0 0.06904707103967667
0.0 0.06925509870052338
0.0 0.06933698058128357
0.0 0.06949558109045029
0.0 0.06950962543487549
0.0 0.06951235234737396
0.0 0.06957505643367767
0.0 0.06986607611179352
0.0 0.06995000690221786
0.0 0.06995873898267746
0.0 0.07000759243965149
0.0 0.07001667469739914
0.0 0.07008856534957886
0.0 0.07009090483188629
0.0 0.0701155960559845
0.0 0.07018138468265533
0.0 0.07027341425418854
0.0 0.07027573883533478
0.0 0.07044108957052231
0.0 0.07086337357759476
0.0 0.07087764143943787
0.0 0.07089124619960785
0.0 0.07090931385755539
0.0 0.07099314779043198
0.0 0.07116581499576569
0.0 0.07118425518274307
0.0 0.07137738913297653
0.0 0.07145197689533234
0.0 0.07152613252401352
0.0 0.07164563238620758
0.0 0.07164779305458069
0.0 0.07175421714782715
0.0 0.07182516902685165
0.0 0.0719129741191864
0.0 0.07202120125293732
0.0 0.07203755527734756
0.0 0.07217413932085037
0.0 0.0723901242017746
0.0 0.07245538383722305
0.0 0.07253294438123703
0.0 0.07257482409477234
0.0 0.07263220101594925
0.0 0.07266917824745178
0.0 0.07268809527158737
0.0 0.07287280261516571
0.0 0.07291191816329956
0.0 0.07304073870182037
0.0 0.07313880324363708
0.0 0.07315993309020996
0.0 0.07320186495780945
0.0 0.07327129691839218
0.0 0.07341122627258301
0.0 0.073492631316185
0.0 0.07351472228765488
0.0 0.07364317774772644
0.0 0.07379133254289627
0.0 0.07380655407905579
0.0 0.07385601103305817
0.0 0.07398523390293121
0.0 0.07409074157476425
0.0 0.07412007451057434
0.0 0.07425100356340408
0.0 0.07427948713302612
0.0 0.07431267946958542
0.0 0.07431458681821823
0.0 0.07433043420314789
0.0 0.0743693858385086
0.0 0.07446163892745972
0.0 0.07461448758840561
0.0 0.07472866773605347
0.0 0.074735127389431
0.0 0.07480227947235107
0.0 0.07481333613395691
0.0 0.07496029883623123
0.0 0.07507336139678955
0.0 0.07511518150568008
0.0 0.07512731105089188
0.0 0.07524324953556061
0.0 0.07534803450107574
0.0 0.07547669112682343
0.0 0.07549138367176056
0.0 0.07549911737442017
0.0 0.07564789801836014
0.0 0.07569056004285812
0.0 0.07575061917304993
0.0 0.07578905671834946
0.0 0.07579700648784637
0.0 0.07615537196397781
0.0 0.07618294656276703
0.0 0.07625292241573334
0.0 0.07625441253185272
0.0 0.0762799009680748
0.0 0.07630261033773422
0.0 0.07631506770849228
0.0 0.07639733701944351
0.0 0.0764092206954956
0.0 0.07648782432079315
0.0 0.076624795794487
0.0 0.07665493339300156
0.0 0.07690870016813278
0.0 0.07692419737577438
0.0 0.07693808525800705
0.0 0.07695135474205017
0.0 0.07699069380760193
0.0 0.07705529034137726
0.0 0.07724727690219879
0.0 0.07729538530111313
0.0 0.07733821868896484
0.0 0.07790043950080872
0.0 0.07795550674200058
0.0 0.07812090218067169
0.0 0.07821489870548248
0.0 0.07823736220598221
0.0 0.07853682339191437
0.0 0.07857341319322586
0.0 0.0786060020327568
0.0 0.07872933894395828
0.0 0.07892512530088425
0.0 0.0790422260761261
0.0 0.0790933296084404
0.0 0.0791071206331253
0.0 0.0792279839515686
0.0 0.07923126220703125
0.0 0.07928086817264557
0.0 0.07928574085235596
0.0 0.07929563522338867
0.0 0.07938365638256073
0.0 0.07941442728042603
0.0 0.07948442548513412
0.0 0.0797058492898941
0.0 0.07974603772163391
0.0 0.07987606525421143
0.0 0.08013828098773956
0.0 0.08016908168792725
0.0 0.08021054416894913
0.0 0.08051157742738724
0.0 0.08053594082593918
0.0 0.08059461414813995
0.0 0.08076291531324387
0.0 0.08077023178339005
0.0 0.08081389218568802
0.0 0.0808156430721283
0.0 0.08084198832511902
0.0 0.08084520697593689
0.0 0.0809856578707695
0.0 0.08110427856445312
0.0 0.08117933571338654
0.0 0.08122511208057404
0.0 0.08122568577528
0.0 0.08126353472471237
0.0 0.08129532635211945
0.0 0.08131900429725647
0.0 0.08138219267129898
0.0 0.08143661916255951
0.0 0.0814458504319191
0.0 0.08171198517084122
0.0 0.08176302909851074
0.0 0.08180415630340576
0.0 0.08181000500917435
0.0 0.08186543732881546
0.0 0.08197122812271118
0.0 0.08199398964643478
0.0 0.08200421184301376
0.0 0.08205646276473999
0.0 0.0820700004696846
0.0 0.08218321204185486
0.0 0.08223840594291687
0.0 0.08231380581855774
0.0 0.08251316100358963
0.0 0.0826057642698288
0.0 0.08264605700969696
0.0 0.08266796171665192
0.0 0.08270813524723053
0.0 0.08298157155513763
0.0 0.08332385867834091
0.0 0.08334213495254517
0.0 0.08342493325471878
0.0 0.08342969417572021
0.0 0.08356461673974991
0.0 0.08373463898897171
0.0 0.08375198394060135
0.0 0.08391730487346649
0.0 0.08396883308887482
0.0 0.08438853919506073
0.0 0.08468358963727951
0.0 0.08474650979042053
0.0 0.08482562005519867
0.0 0.08494880050420761
0.0 0.08504175394773483
0.0 0.08510886877775192
0.0 0.08519945293664932
0.0 0.08524228632450104
0.0 0.08526726067066193
0.0 0.0856972187757492
0.0 0.0859283059835434
0.0 0.0865040272474289
0.0 0.08663035929203033
0.0 0.0866839811205864
0.0 0.08688563108444214
0.0 0.08705762028694153
0.0 0.0871720090508461
0.0 0.08746219426393509
0.0 0.08751445263624191
0.0 0.08752933889627457
0.0 0.08779085427522659
0.0 0.0877966433763504
0.0 0.08780444413423538
0.0 0.08790081739425659
0.0 0.08812025934457779
0.0 0.08815871924161911
0.0 0.08816230297088623
0.0 0.08821915090084076
0.0 0.08828934282064438
0.0 0.08830790221691132
0.0 0.0884389579296112
0.0 0.08855088800191879
0.0 0.08896822482347488
0.0 0.08897842466831207
0.0 0.08911639451980591
0.0 0.08925295621156693
0.0 0.08945036679506302
0.0 0.08945874124765396
0.0 0.08956809341907501
0.0 0.08957502990961075
0.0 0.08975387364625931
0.0 0.09019353985786438
0.0 0.09056311100721359
0.0 0.090582937002182
0.0 0.09058621525764465
0.0 0.09075115621089935
0.0 0.09080624580383301
0.0 0.09096957743167877
0.0 0.09117582440376282
0.0 0.09147384762763977
0.0 0.09161488711833954
0.0 0.09164667129516602
0.0 0.09165993332862854
0.0 0.09180919080972672
0.0 0.09194178879261017
0.0 0.0919494777917862
0.0 0.09235525876283646
0.0 0.09242156147956848
0.0 0.09273256361484528
0.0 0.09274090826511383
0.0 0.09275935590267181
0.0 0.0930248498916626
0.0 0.09305699914693832
0.0 0.09326127171516418
0.0 0.09333217889070511
0.0 0.09355591982603073
0.0 0.09362681210041046
0.0 0.09383212774991989
0.0 0.09421169012784958
0.0 0.09431996941566467
0.0 0.09441531449556351
0.0 0.09452817589044571
0.0 0.09483110159635544
0.0 0.09485466033220291
0.0 0.09498792886734009
0.0 0.09502755850553513
0.0 0.09530429542064667
0.0 0.09533929824829102
0.0 0.09551296383142471
0.0 0.09634789079427719
0.0 0.09635602682828903
0.0 0.0965556800365448
0.0 0.09672285616397858
0.0 0.09745809435844421
0.0 0.09751670062541962
0.0 0.09758639335632324
0.0 0.0985969752073288
0.0 0.09866118431091309
0.0 0.09887828677892685
0.0 0.09906411170959473
0.0 0.09911971539258957
0.0 0.09976862370967865
0.0 0.09995850175619125
0.0 0.10022123157978058
0.0 0.10097140818834305
0.0 0.1014920249581337
0.0 0.10212039947509766
0.0 0.10234685987234116
0.0 0.1030660942196846
0.0 0.10385875403881073
0.0 0.10439373552799225
0.0 0.10521182417869568
0.0 0.10618261992931366
0.0 0.10657550394535065
0.0 0.10720653831958771
0.0 0.10746834427118301
0.0 0.1088399812579155
0.0 0.10909539461135864
0.0 0.1096520647406578
0.0 0.11065990477800369
0.0 0.1111651062965393
0.0 0.11123810708522797
0.0 0.11307293176651001
0.0 0.1133624017238617
0.0 0.11830198764801025
0.0 0.11879217624664307
0.0 0.1215101033449173
0.0 inf
