0.0 0.02926960028707981
0.0 0.03014407493174076
0.0 0.030665243044495583
0.0 0.031106263399124146
0.0 0.03162253648042679
0.0 0.0326046496629715
0.0 0.032917317003011703
0.0 0.03292215242981911
0.0 0.03327707573771477
0.0 0.03401968255639076
0.0 0.03463554009795189
0.0 0.0353342667222023
0.0 0.035699691623449326
0.0 0.035854510962963104
0.0 0.03589058294892311
0.0 0.03594909980893135
0.0 0.036022480577230453
0.0 0.03616265580058098
0.0 0.036440834403038025
0.0 0.03650574013590813
0.0 0.036574821919202805
0.0 0.03659219294786453
0.0 0.03700795769691467
0.0 0.03717947006225586
0.0 0.037747573107481
0.0 0.0378282405436039
0.0 0.038192830979824066
0.0 0.03834833204746246
0.0 0.03837188333272934
0.0 0.03842565044760704
0.0 0.03847649693489075
0.0 0.038581568747758865
0.0 0.03864970803260803
0.0 0.038848306983709335
0.0 0.0388665646314621
0.0 0.038922060281038284
0.0 0.03893650323152542
0.0 0.039023514837026596
0.0 0.03932027891278267
0.0 0.03947637230157852
0.0 0.03954770416021347
0.0 0.0395570807158947
0.0 0.03980082646012306
0.0 0.039953965693712234
0.0 0.040202587842941284
0.0 0.04030383750796318
0.0 0.04032343253493309
0.0 0.0403774194419384
0.0 0.04048123583197594
0.0 0.04062897339463234
0.0 0.040666427463293076
0.0 0.04093937203288078
0.0 0.04094257578253746
0.0 0.04099005460739136
0.0 0.041009556502103806
0.0 0.04110821709036827
0.0 0.04112093523144722
0.0 0.04112809896469116
0.0 0.04123758152127266
0.0 0.041390445083379745
0.0 0.04141463711857796
0.0 0.04151613637804985
0.0 0.04166238009929657
0.0 0.04173080995678902
0.0 0.04173322394490242
0.0 0.04187247157096863
0.0 0.04189679026603699
0.0 0.041903056204319
0.0 0.04207973554730415
0.0 0.04228978604078293
0.0 0.0423116609454155
0.0 0.042355235666036606
0.0 0.04238203912973404
0.0 0.04239299148321152
0.0 0.04252873733639717
0.0 0.042622074484825134
0.0 0.04268641024827957
0.0 0.042782384902238846
0.0 0.04282103106379509
0.0 0.04291694238781929
0.0 0.042954590171575546
0.0 0.04303008317947388
0.0 0.043075595051050186
0.0 0.04311499372124672
0.0 0.04312358796596527
0.0 0.04315770044922829
0.0 0.04324450343847275
0.0 0.0433332622051239
0.0 0.04333576560020447
0.0 0.043340522795915604
0.0 0.04335818812251091
0.0 0.04338689520955086
0.0 0.04339221119880676
0.0 0.043418724089860916
0.0 0.04342826083302498
0.0 0.04351291432976723
0.0 0.04368438571691513
0.0 0.04369495436549187
0.0 0.043701399117708206
0.0 0.04373582825064659
0.0 0.043755773454904556
0.0 0.04376580938696861
0.0 0.043823517858982086
0.0 0.043872419744729996
0.0 0.04411788284778595
0.0 0.044144097715616226
0.0 0.04419691488146782
0.0 0.04424818977713585
0.0 0.04427317902445793
0.0 0.04428539797663689
0.0 0.04430142790079117
0.0 0.04431651905179024
0.0 0.04453818127512932
0.0 0.04464879259467125
0.0 0.044734273105859756
0.0 0.04474475234746933
0.0 0.04476135969161987
0.0 0.04477720335125923
0.0 0.044877804815769196
0.0 0.044976796954870224
0.0 0.04499656334519386
0.0 0.04511057585477829
0.0 0.04519055038690567
0.0 0.04521705582737923
0.0 0.04524225369095802
0.0 0.045254647731781006
0.0 0.04527263715863228
0.0 0.045378513634204865
0.0 0.045473262667655945
0.0 0.045494187623262405
0.0 0.0455499142408371
0.0 0.04563215747475624
0.0 0.045745573937892914
0.0 0.04596579819917679
0.0 0.04598473757505417
0.0 0.04599425569176674
0.0 0.04604557529091835
0.0 0.04607827961444855
0.0 0.04615076631307602
0.0 0.04620799049735069
0.0 0.046255841851234436
0.0 0.04629014432430267
0.0 0.04630216956138611
0.0 0.046319443732500076
0.0 0.04632334038615227
0.0 0.046335991472005844
0.0 0.046376943588256836
0.0 0.04640759527683258
0.0 0.04644450172781944
0.0 0.04662090167403221
0.0 0.04676150158047676
0.0 0.046805959194898605
0.0 0.04695533215999603
0.0 0.047003548592329025
0.0 0.04705798253417015
0.0 0.04707121104001999
0.0 0.04710500314831734
0.0 0.04715626314282417
0.0 0.04719281941652298
0.0 0.0472012460231781
0.0 0.0472068190574646
0.0 0.04729476943612099
0.0 0.04731771722435951
0.0 0.04734364524483681
0.0 0.047414395958185196
0.0 0.047419026494026184
0.0 0.04742813482880592
0.0 0.04750451445579529
0.0 0.047535400837659836
0.0 0.04755720496177673
0.0 0.047702860087156296
0.0 0.047703247517347336
0.0 0.047786895185709
0.0 0.04786424711346626
0.0 0.047908518463373184
0.0 0.04800201952457428
0.0 0.04806344583630562
0.0 0.04806850850582123
0.0 0.048272278159856796
0.0 0.04853449761867523
0.0 0.04862624779343605
0.0 0.04876479133963585
0.0 0.04890142008662224
0.0 0.04899420961737633
0.0 0.04907141253352165
0.0 0.04907814785838127
0.0 0.04912334308028221
0.0 0.049130894243717194
0.0 0.04918297380208969
0.0 0.049255747348070145
0.0 0.04925920441746712
0.0 0.04928696155548096
0.0 0.04933314397931099
0.0 0.04935552552342415
0.0 0.049362920224666595
0.0 0.04945247620344162
0.0 0.049497656524181366
0.0 0.04953497648239136
0.0 0.04958254098892212
0.0 0.049699075520038605
0.0 0.04971114173531532
0.0 0.04974925145506859
0.0 0.04978262633085251
0.0 0.04979024827480316
0.0 0.04979100450873375
0.0 0.04983504116535187
0.0 0.04991339147090912
0.0 0.04996142536401749
0.0 0.05001494660973549
0.0 0.050046633929014206
0.0 0.05014694109559059
0.0 0.0502067394554615
0.0 0.050274718552827835
0.0 0.05028646066784859
0.0 0.050309836864471436
0.0 0.050400324165821075
0.0 0.05044190213084221
0.0 0.05045800283551216
0.0 0.05051518604159355
0.0 0.05052253603935242
0.0 0.05068675056099892
0.0 0.05076508969068527
0.0 0.050818756222724915
0.0 0.05092136189341545
0.0 0.05095882713794708
0.0 0.05098303407430649
0.0 0.05099208652973175
0.0 0.05103622004389763
0.0 0.05108090117573738
0.0 0.05108889937400818
0.0 0.051175735890865326
0.0 0.051226112991571426
0.0 0.051257021725177765
0.0 0.0512690544128418
0.0 0.051272448152303696
0.0 0.05130430683493614
0.0 0.051311567425727844
0.0 0.05132713168859482
0.0 0.051349688321352005
0.0 0.051458485424518585
0.0 0.051635485142469406
0.0 0.051741935312747955
0.0 0.05175042152404785
0.0 0.05175710842013359
0.0 0.051947224885225296
0.0 0.051962774246931076
0.0 0.05199551209807396
0.0 0.05200384929776192
0.0 0.05201734974980354
0.0 0.052073027938604355
0.0 0.052108701318502426
0.0 0.05214855074882507
0.0 0.052217353135347366
0.0 0.05225478485226631
0.0 0.05230044201016426
0.0 0.0523202009499073
0.0 0.05245782062411308
0.0 0.052467525005340576
0.0 0.052517421543598175
0.0 0.05252395570278168
0.0 0.05254041776061058
0.0 0.052551817148923874
0.0 0.05265919119119644
0.0 0.05274980887770653
0.0 0.05291835591197014
0.0 0.052962128072977066
0.0 0.05298323929309845
0.0 0.053054388612508774
0.0 0.05312405154109001
0.0 0.0532161146402359
0.0 0.053230032324790955
0.0 0.053319480270147324
0.0 0.05334305390715599
0.0 0.053354281932115555
0.0 0.05336076021194458
0.0 0.05347363278269768
0.0 0.053522974252700806
0.0 0.05353427678346634
0.0 0.053542349487543106
0.0 0.05361179634928703
0.0 0.05370166152715683
0.0 0.05380011349916458
0.0 0.05382731184363365
0.0 0.05406475067138672
0.0 0.05410132557153702
0.0 0.05410335212945938
0.0 0.05417614430189133
0.0 0.05423104390501976
0.0 0.054343678057193756
0.0 0.054356157779693604
0.0 0.05438303202390671
0.0 0.05440216884016991
0.0 0.054412513971328735
0.0 0.05452065169811249
0.0 0.05459145829081535
0.0 0.054663389921188354
0.0 0.05471617355942726
0.0 0.054749030619859695
0.0 0.05492856353521347
0.0 0.05497194081544876
0.0 0.055153731256723404
0.0 0.05516216158866882
0.0 0.05524488538503647
0.0 0.055267177522182465
0.0 0.055329807102680206
0.0 0.05534367635846138
0.0 0.05538098141551018
0.0 0.05544992536306381
0.0 0.055452797561883926
0.0 0.05550508201122284
0.0 0.05555916950106621
0.0 0.05557856336236
0.0 0.0556410476565361
0.0 0.055657241493463516
0.0 0.055689338594675064
0.0 0.05569945648312569
0.0 0.05571978539228439
0.0 0.05572785809636116
0.0 0.05576587840914726
0.0 0.055772677063941956
0.0 0.05582660809159279
0.0 0.05583124980330467
0.0 0.05593396723270416
0.0 0.05603526160120964
0.0 0.05605902895331383
0.0 0.056089114397764206
0.0 0.05609915778040886
0.0 0.056178584694862366
0.0 0.056225888431072235
0.0 0.056300610303878784
0.0 0.05644228681921959
0.0 0.05647367611527443
0.0 0.056489694863557816
0.0 0.0565665178000927
0.0 0.056673094630241394
0.0 0.056797515600919724
0.0 0.05689021199941635
0.0 0.05697453394532204
0.0 0.057070326060056686
0.0 0.05712771415710449
0.0 0.05715097114443779
0.0 0.05720789358019829
0.0 0.05720824748277664
0.0 0.0572119764983654
0.0 0.057245850563049316
0.0 0.05730922520160675
0.0 0.057333145290613174
0.0 0.05750184506177902
0.0 0.05753190815448761
0.0 0.05761149525642395
0.0 0.05777798220515251
0.0 0.05781126394867897
0.0 0.057943928986787796
0.0 0.05831274017691612
0.0 0.05850618705153465
0.0 0.058610428124666214
0.0 0.05863206461071968
0.0 0.058669351041316986
0.0 0.05876542627811432
0.0 0.05878093093633652
0.0 0.05885186791419983
0.0 0.05886494740843773
0.0 0.05892929062247276
0.0 0.059020545333623886
0.0 0.05902530997991562
0.0 0.059286393225193024
0.0 0.05936935544013977
0.0 0.059444230049848557
0.0 0.059464696794748306
0.0 0.059625785797834396
0.0 0.05978138744831085
0.0 0.05981723591685295
0.0 0.05982137843966484
0.0 0.05985882878303528
0.0 0.060098253190517426
0.0 0.06015714257955551
0.0 0.060160718858242035
0.0 0.06019969657063484
0.0 0.06032701954245567
0.0 0.06046793982386589
0.0 0.06048610061407089
0.0 0.060556136071681976
0.0 0.0607357881963253
0.0 0.06077086180448532
0.0 0.060800813138484955
0.0 0.060888685286045074
0.0 0.060981083661317825
0.0 0.061061713844537735
0.0 0.0610869824886322
0.0 0.06111012399196625
0.0 0.06111285090446472
0.0 0.06118253618478775
0.0 0.06123402342200279
0.0 0.061268992722034454
0.0 0.061432842165231705
0.0 0.06185196340084076
0.0 0.0620960034430027
0.0 0.0621291846036911
0.0 0.062138255685567856
0.0 0.06231922283768654
0.0 0.06233201548457146
0.0 0.062380507588386536
0.0 0.06239162012934685
0.0 0.06239664927124977
0.0 0.06243598833680153
0.0 0.06246451288461685
0.0 0.0624922551214695
0.0 0.06258517503738403
0.0 0.06262549012899399
0.0 0.06268720328807831
0.0 0.06316716969013214
0.0 0.06324568390846252
0.0 0.06328066438436508
0.0 0.06328260898590088
0.0 0.06331923604011536
0.0 0.06335362046957016
0.0 0.06337844580411911
0.0 0.06340223550796509
0.0 0.06351111829280853
0.0 0.06361601501703262
0.0 0.06372198462486267
0.0 0.06395482271909714
0.0 0.06443246454000473
0.0 0.06444133073091507
0.0 0.06454253196716309
0.0 0.06458915024995804
0.0 0.06463482230901718
0.0 0.06479819864034653
0.0 0.06490319967269897
0.0 0.0649995356798172
0.0 0.06522426754236221
0.0 0.06535866856575012
0.0 0.06545958667993546
0.0 0.06546308100223541
0.0 0.0654737576842308
0.0 0.06563001126050949
0.0 0.06570617109537125
0.0 0.06571681052446365
0.0 0.06576240807771683
0.0 0.06599168479442596
0.0 0.06603320688009262
0.0 0.06637639552354813
0.0 0.06660976260900497
0.0 0.06671605259180069
0.0 0.06689616292715073
0.0 0.0670468881726265
0.0 0.06719161570072174
0.0 0.06750919669866562
0.0 0.06772784143686295
0.0 0.06773282587528229
0.0 0.06777290254831314
0.0 0.06780214607715607
0.0 0.06795844435691833
0.0 0.06804757565259933
0.0 0.06821059435606003
0.0 0.0682581290602684
0.0 0.06858973950147629
0.0 0.06865748763084412
0.0 0.0687851533293724
0.0 0.0696580708026886
0.0 0.0697784423828125
0.0 0.06993235647678375
0.0 0.07096745073795319
0.0 0.07102523744106293
0.0 0.07130681723356247
0.0 0.0713215321302414
0.0 0.0715288370847702
0.0 0.07160740345716476
0.0 0.07167547196149826
0.0 0.07178644090890884
0.0 0.07184741646051407
0.0 0.07194841653108597
0.0 0.07264073193073273
0.0 0.07275786250829697
0.0 0.07278367877006531
0.0 0.07302369177341461
0.0 0.07344888895750046
0.0 0.07375775277614594
0.0 0.07403363287448883
0.0 0.07419230788946152
0.0 0.07497450709342957
0.0 0.07519860565662384
0.0 0.0753224715590477
0.0 0.07546025514602661
0.0 0.0757092759013176
0.0 0.07588478922843933
0.0 0.07628228515386581
0.0 0.07775989174842834
0.0 0.07777726650238037
0.0 0.07985923439264297
0.0 0.08250104635953903
0.0 0.08408672362565994
0.0 0.08430267870426178
0.0 0.085140660405159
0.0 0.08516158163547516
0.0 0.08536559343338013
0.0 0.08594904839992523
0.0 0.08689456433057785
0.0 0.08775374293327332
0.0 0.08912002295255661
0.0 0.09193876385688782
0.0 0.09434354305267334
0.0 0.09954597055912018
0.0 0.10612702369689941
0.0 0.12658540904521942
0.0 0.12705503404140472
0.0 0.1374080330133438
0.0 0.13971178233623505
0.0 0.15104736387729645
0.0 0.1563505232334137
0.0 0.15929071605205536
0.0 inf
