0.0 0.017673203721642494
0.0 0.02182258851826191
0.0 0.021919313818216324
0.0 0.022095030173659325
0.0 0.022837020456790924
0.0 0.022871602326631546
0.0 0.022944800555706024
0.0 0.022981839254498482
0.0 0.0230712853372097
0.0 0.023163922131061554
0.0 0.023166576400399208
0.0 0.023204652592539787
0.0 0.023518932983279228
0.0 0.023540817201137543
0.0 0.023564260452985764
0.0 0.023639222607016563
0.0 0.023781882598996162
0.0 0.024032849818468094
0.0 0.024049220606684685
0.0 0.024066226556897163
0.0 0.024114029482007027
0.0 0.024120161309838295
0.0 0.024140387773513794
0.0 0.024201149120926857
0.0 0.024482296779751778
0.0 0.02451343834400177
0.0 0.024766340851783752
0.0 0.024777619168162346
0.0 0.02480120211839676
0.0 0.024996809661388397
0.0 0.02507290244102478
0.0 0.025075821205973625
0.0 0.025118926540017128
0.0 0.0251497533172369
0.0 0.02515639178454876
0.0 0.025156551972031593
0.0 0.025235095992684364
0.0 0.025296416133642197
0.0 0.02549363113939762
0.0 0.025554826483130455
0.0 0.025603245943784714
0.0 0.025698387995362282
0.0 0.02573155052959919
0.0 0.0257892943918705
0.0 0.02586112543940544
0.0 0.025867030024528503
0.0 0.02592705748975277
0.0 0.026133567094802856
0.0 0.026250043883919716
0.0 0.026333706453442574
0.0 0.02639618143439293
0.0 0.02644968219101429
0.0 0.026580708101391792
0.0 0.026689235121011734
0.0 0.026708578690886497
0.0 0.026887981221079826
0.0 0.026907583698630333
0.0 0.026923412457108498
0.0 0.026958320289850235
0.0 0.026989242061972618
0.0 0.027018489316105843
0.0 0.027125993743538857
0.0 0.02715413086116314
0.0 0.02720131352543831
0.0 0.02721504680812359
0.0 0.027218088507652283
0.0 0.02724865823984146
0.0 0.02728475071489811
0.0 0.027300570160150528
0.0 0.027323976159095764
0.0 0.027346080169081688
0.0 0.027377871796488762
0.0 0.027381371706724167
0.0 0.027399159967899323
0.0 0.027428241446614265
0.0 0.027456142008304596
0.0 0.027498038485646248
0.0 0.027503935620188713
0.0 0.02754419669508934
0.0 0.027579467743635178
0.0 0.027614736929535866
0.0 0.02773963287472725
0.0 0.027755700051784515
0.0 0.027760885655879974
0.0 0.027831438928842545
0.0 0.02784094028174877
0.0 0.027882426977157593
0.0 0.027913274243474007
0.0 0.027921775355935097
0.0 0.0280604250729084
0.0 0.02807820774614811
0.0 0.028081024065613747
0.0 0.028082996606826782
0.0 0.028105881065130234
0.0 0.028129462152719498
0.0 0.028151344507932663
0.0 0.028159497305750847
0.0 0.028167299926280975
0.0 0.028193103149533272
0.0 0.02820325829088688
0.0 0.02824336104094982
0.0 0.0282612144947052
0.0 0.028300946578383446
0.0 0.028356553986668587
0.0 0.028459561988711357
0.0 0.028495721518993378
0.0 0.028558481484651566
0.0 0.028642568737268448
0.0 0.028650987893342972
0.0 0.028662515804171562
0.0 0.028680583462119102
0.0 0.02870371751487255
0.0 0.02870917320251465
0.0 0.028742408379912376
0.0 0.028754999861121178
0.0 0.028806883841753006
0.0 0.02887853980064392
0.0 0.028954967856407166
0.0 0.028987405821681023
0.0 0.029003823176026344
0.0 0.029022134840488434
0.0 0.029129140079021454
0.0 0.02916950359940529
0.0 0.029180455952882767
0.0 0.029214920476078987
0.0 0.029293259605765343
0.0 0.02935333549976349
0.0 0.029392844066023827
0.0 0.02939675748348236
0.0 0.029398100450634956
0.0 0.029404766857624054
0.0 0.029440762475132942
0.0 0.02948928065598011
0.0 0.029518546536564827
0.0 0.029561737552285194
0.0 0.029588107019662857
0.0 0.02961878478527069
0.0 0.029632151126861572
0.0 0.029677731916308403
0.0 0.029698988422751427
0.0 0.029717158526182175
0.0 0.02974800579249859
0.0 0.029801182448863983
0.0 0.02983270399272442
0.0 0.029854675754904747
0.0 0.029885653406381607
0.0 0.029919108375906944
0.0 0.03000977449119091
0.0 0.030055757611989975
0.0 0.030103201046586037
0.0 0.030108299106359482
0.0 0.03011135756969452
0.0 0.03020615689456463
0.0 0.030270233750343323
0.0 0.030278244987130165
0.0 0.03030693344771862
0.0 0.030312076210975647
0.0 0.03032795526087284
0.0 0.030336569994688034
0.0 0.030415059998631477
0.0 0.03045267052948475
0.0 0.030454840511083603
0.0 0.030490834265947342
0.0 0.030698303133249283
0.0 0.0307160597294569
0.0 0.03073469176888466
0.0 0.03078831173479557
0.0 0.030806120485067368
0.0 0.030862774699926376
0.0 0.030873043462634087
0.0 0.030892444774508476
0.0 0.030927497893571854
0.0 0.03095153346657753
0.0 0.030959412455558777
0.0 0.030980952084064484
0.0 0.030990829691290855
0.0 0.031109539791941643
0.0 0.031111184507608414
0.0 0.031204916536808014
0.0 0.031220300123095512
0.0 0.03124477155506611
0.0 0.031246749684214592
0.0 0.03129070997238159
0.0 0.031310468912124634
0.0 0.031328730285167694
0.0 0.03139061480760574
0.0 0.03139116242527962
0.0 0.031408242881298065
0.0 0.031411655247211456
0.0 0.03141767531633377
0.0 0.03141939267516136
0.0 0.031502507627010345
0.0 0.03150331974029541
0.0 0.03151128813624382
0.0 0.031539540737867355
0.0 0.03154020011425018
0.0 0.03162175416946411
0.0 0.03168592229485512
0.0 0.031734101474285126
0.0 0.03177255392074585
0.0 0.03182539343833923
0.0 0.03187497332692146
0.0 0.03188180550932884
0.0 0.03192444145679474
0.0 0.03197215870022774
0.0 0.03201304376125336
0.0 0.03205559030175209
0.0 0.032061487436294556
0.0 0.03206495940685272
0.0 0.03208664432168007
0.0 0.032103560864925385
0.0 0.032139647752046585
0.0 0.03215032070875168
0.0 0.03216814249753952
0.0 0.03222350403666496
0.0 0.032469555735588074
0.0 0.03250748664140701
0.0 0.032521605491638184
0.0 0.032552387565374374
0.0 0.032672345638275146
0.0 0.03269278258085251
0.0 0.03273285925388336
0.0 0.032754138112068176
0.0 0.032846175134181976
0.0 0.03302474692463875
0.0 0.033058151602745056
0.0 0.03306470066308975
0.0 0.03309841454029083
0.0 0.03320063650608063
0.0 0.0332440584897995
0.0 0.033289019018411636
0.0 0.03328937664628029
0.0 0.03330152854323387
0.0 0.033317483961582184
0.0 0.03342953696846962
0.0 0.033430833369493484
0.0 0.03343302011489868
0.0 0.033458124846220016
0.0 0.03354475647211075
0.0 0.03360256180167198
0.0 0.03369021788239479
0.0 0.03369857370853424
0.0 0.03372298926115036
0.0 0.033739738166332245
0.0 0.033851224929094315
0.0 0.03389105945825577
0.0 0.033905040472745895
0.0 0.0339088998734951
0.0 0.03393197059631348
0.0 0.03395649418234825
0.0 0.03397974744439125
0.0 0.03398246318101883
0.0 0.03404727950692177
0.0 0.034101471304893494
0.0 0.034158457070589066
0.0 0.034159671515226364
0.0 0.034189239144325256
0.0 0.034196436405181885
0.0 0.0342814102768898
0.0 0.03431793674826622
0.0 0.034333936870098114
0.0 0.03434975817799568
0.0 0.03440887853503227
0.0 0.0344657301902771
0.0 0.0345211885869503
0.0 0.03452982008457184
0.0 0.034536972641944885
0.0 0.03461061418056488
0.0 0.03484382480382919
0.0 0.03488178551197052
0.0 0.03488282114267349
0.0 0.03494591265916824
0.0 0.034969743341207504
0.0 0.0350048802793026
0.0 0.03505691513419151
0.0 0.03505741059780121
0.0 0.03512503579258919
0.0 0.03538777306675911
0.0 0.03539855778217316
0.0 0.035430021584033966
0.0 0.035462457686662674
0.0 0.035471610724925995
0.0 0.035483382642269135
0.0 0.03560104966163635
0.0 0.035646431148052216
0.0 0.03567369654774666
0.0 0.03570107743144035
0.0 0.03577006235718727
0.0 0.03578262776136398
0.0 0.03579055145382881
0.0 0.03579920902848244
0.0 0.0358458049595356
0.0 0.03588639199733734
0.0 0.03598165512084961
0.0 0.03602225333452225
0.0 0.03602232411503792
0.0 0.03604576364159584
0.0 0.03610733896493912
0.0 0.03610813245177269
0.0 0.03613368794322014
0.0 0.03620954230427742
0.0 0.036232300102710724
0.0 0.03623650223016739
0.0 0.036275189369916916
0.0 0.03631087392568588
0.0 0.03637715429067612
0.0 0.03645424544811249
0.0 0.03648124635219574
0.0 0.03653440624475479
0.0 0.036577384918928146
0.0 0.036606162786483765
0.0 0.03661613166332245
0.0 0.036635760217905045
0.0 0.03667706996202469
0.0 0.036735258996486664
0.0 0.0368037223815918
0.0 0.03683172166347504
0.0 0.03684725984930992
0.0 0.03691460192203522
0.0 0.037133246660232544
0.0 0.03716639429330826
0.0 0.03721645474433899
0.0 0.03726184740662575
0.0 0.03728112578392029
0.0 0.037474676966667175
0.0 0.03752060979604721
0.0 0.0375271700322628
0.0 0.03754843771457672
0.0 0.037555575370788574
0.0 0.03765345364809036
0.0 0.037689220160245895
0.0 0.03772962465882301
0.0 0.03774498403072357
0.0 0.03778458759188652
0.0 0.0377991758286953
0.0 0.037803228944540024
0.0 0.03785043954849243
0.0 0.037891268730163574
0.0 0.03801758587360382
0.0 0.038100067526102066
0.0 0.03810393437743187
0.0 0.03814141824841499
0.0 0.03822256252169609
0.0 0.03824831172823906
0.0 0.038263946771621704
0.0 0.03844182565808296
0.0 0.03846742957830429
0.0 0.03858266770839691
0.0 0.03859554976224899
0.0 0.038654979318380356
0.0 0.03866727650165558
0.0 0.03866753727197647
0.0 0.03867591544985771
0.0 0.03868500888347626
0.0 0.038746271282434464
0.0 0.03875255584716797
0.0 0.038897108286619186
0.0 0.038914985954761505
0.0 0.03892870992422104
0.0 0.03894815966486931
0.0 0.039153195917606354
0.0 0.0391911044716835
0.0 0.03927602246403694
0.0 0.039317548274993896
0.0 0.03933638334274292
0.0 0.03936360031366348
0.0 0.03938032686710358
0.0 0.039393626153469086
0.0 0.03945615515112877
0.0 0.03949335217475891
0.0 0.03955833986401558
0.0 0.03967639431357384
0.0 0.03984369710087776
0.0 0.039890043437480927
0.0 0.03989227116107941
0.0 0.03992235288023949
0.0 0.03997274860739708
0.0 0.03998652100563049
0.0 0.0400114580988884
0.0 0.040030039846897125
0.0 0.0400385819375515
0.0 0.0401458740234375
0.0 0.04032282158732414
0.0 0.04034649580717087
0.0 0.04036306217312813
0.0 0.04045037180185318
0.0 0.040498070418834686
0.0 0.04057955741882324
0.0 0.040590643882751465
0.0 0.04067794606089592
0.0 0.040768638253211975
0.0 0.040812473744153976
0.0 0.04102484509348869
0.0 0.041113145649433136
0.0 0.04113226756453514
0.0 0.041168443858623505
0.0 0.04128814861178398
0.0 0.04131108894944191
0.0 0.041393179446458817
0.0 0.04147128015756607
0.0 0.04156377539038658
0.0 0.041568443179130554
0.0 0.0416531041264534
0.0 0.04167981073260307
0.0 0.041694384068250656
0.0 0.041740477085113525
0.0 0.041787829250097275
0.0 0.041901133954524994
0.0 0.041986867785453796
0.0 0.04202122241258621
0.0 0.04256202653050423
0.0 0.042704492807388306
0.0 0.042713046073913574
0.0 0.042750537395477295
0.0 0.042992543429136276
0.0 0.04302683472633362
0.0 0.043070126324892044
0.0 0.04310820251703262
0.0 0.043125662952661514
0.0 0.043160878121852875
0.0 0.04324733093380928
0.0 0.043374452739953995
0.0 0.04340915009379387
0.0 0.04344652593135834
0.0 0.04353086277842522
0.0 0.04379385709762573
0.0 0.04384114593267441
0.0 0.04393710196018219
0.0 0.043959446251392365
0.0 0.044206585735082626
0.0 0.04432181268930435
0.0 0.044464968144893646
0.0 0.04446539655327797
0.0 0.044487640261650085
0.0 0.0445413775742054
0.0 0.04467754065990448
0.0 0.0446833074092865
0.0 0.044756244868040085
0.0 0.04504215717315674
0.0 0.045321784913539886
0.0 0.04536871612071991
0.0 0.04538728669285774
0.0 0.04542277380824089
0.0 0.045431993901729584
0.0 0.0454762764275074
0.0 0.0455850288271904
0.0 0.04560275748372078
0.0 0.04568496346473694
0.0 0.04586871340870857
0.0 0.04589461907744408
0.0 0.045987568795681
0.0 0.046310074627399445
0.0 0.04647020250558853
0.0 0.047054123133420944
0.0 0.04706783965229988
0.0 0.04707907885313034
0.0 0.047147415578365326
0.0 0.04739440232515335
0.0 0.04771607741713524
0.0 0.04779386892914772
0.0 0.047855835407972336
0.0 0.04789305478334427
0.0 0.048116523772478104
0.0 0.04818803444504738
0.0 0.048244576901197433
0.0 0.04824547469615936
0.0 0.048674773424863815
0.0 0.04868009686470032
0.0 0.04872869327664375
0.0 0.048832304775714874
0.0 0.048863984644412994
0.0 0.048976998776197433
0.0 0.04919636249542236
0.0 0.0492103137075901
0.0 0.04939868673682213
0.0 0.04944346100091934
0.0 0.04963335394859314
0.0 0.049791716039180756
0.0 0.049814559519290924
0.0 0.049818720668554306
0.0 0.04982096329331398
0.0 0.050102561712265015
0.0 0.05011456087231636
0.0 0.05013204365968704
0.0 0.05029481649398804
0.0 0.05043913051486015
0.0 0.050540003925561905
0.0 0.05054911598563194
0.0 0.05081271380186081
0.0 0.050857655704021454
0.0 0.05163486301898956
0.0 0.05208155885338783
0.0 0.05253731831908226
0.0 0.052555616945028305
0.0 0.05285931006073952
0.0 0.052872203290462494
0.0 0.0528893880546093
0.0 0.05316486954689026
0.0 0.053368814289569855
0.0 0.054266445338726044
0.0 0.05453955754637718
0.0 0.054714832454919815
0.0 0.05476110056042671
0.0 0.05510559678077698
0.0 0.05659130588173866
0.0 0.05667756870388985
0.0 0.057896874845027924
0.0 0.05905301868915558
0.0 0.06100621819496155
0.0 0.06653936952352524
0.0 0.1150541603565216
0.0 inf
