0.0 0.04032598063349724
0.0 0.041739948093891144
0.0 0.04234311357140541
0.0 0.04469933360815048
0.0 0.04487607628107071
0.0 0.04570719972252846
0.0 0.04639965295791626
0.0 0.046865757554769516
0.0 0.04724790155887604
0.0 0.04735764116048813
0.0 0.04807371646165848
0.0 0.048295266926288605
0.0 0.048467330634593964
0.0 0.04855329170823097
0.0 0.048959050327539444
0.0 0.049019258469343185
0.0 0.04948420450091362
0.0 0.049491576850414276
0.0 0.04951264709234238
0.0 0.05039987340569496
0.0 0.05047339200973511
0.0 0.05052570998668671
0.0 0.050883613526821136
0.0 0.0511576384305954
0.0 0.051505252718925476
0.0 0.05187838524580002
0.0 0.05195863917469978
0.0 0.05196266621351242
0.0 0.05240071564912796
0.0 0.05250239744782448
0.0 0.0528826005756855
0.0 0.052934322506189346
0.0 0.05293550342321396
0.0 0.05320757254958153
0.0 0.0533771738409996
0.0 0.053385697305202484
0.0 0.05338667333126068
0.0 0.0538848340511322
0.0 0.054190296679735184
0.0 0.054201919585466385
0.0 0.0542670413851738
0.0 0.05437583476305008
0.0 0.05461357161402702
0.0 0.0549846813082695
0.0 0.05500418320298195
0.0 0.055093515664339066
0.0 0.05521658435463905
0.0 0.05565464496612549
0.0 0.056156206876039505
0.0 0.056160565465688705
0.0 0.05635476112365723
0.0 0.05647268518805504
0.0 0.05680651217699051
0.0 0.057352811098098755
0.0 0.05745697766542435
0.0 0.05763101205229759
0.0 0.057668302208185196
0.0 0.05767056345939636
0.0 0.057687435299158096
0.0 0.05770314112305641
0.0 0.05771271511912346
0.0 0.05789290741086006
0.0 0.05801834911108017
0.0 0.05825567618012428
0.0 0.058439191430807114
0.0 0.05847204849123955
0.0 0.0585041269659996
0.0 0.05868760496377945
0.0 0.058894239366054535
0.0 0.058897484093904495
0.0 0.05890967696905136
0.0 0.05894417315721512
0.0 0.05914631858468056
0.0 0.05921630933880806
0.0 0.05921915918588638
0.0 0.059224069118499756
0.0 0.05923015996813774
0.0 0.05935521796345711
0.0 0.059418633580207825
0.0 0.05950896441936493
0.0 0.059635937213897705
0.0 0.059706877917051315
0.0 0.05977579206228256
0.0 0.05978913977742195
0.0 0.05986170098185539
0.0 0.05998408794403076
0.0 0.0600057989358902
0.0 0.060192711651325226
0.0 0.060194049030542374
0.0 0.06020166724920273
0.0 0.06037774682044983
0.0 0.06040971353650093
0.0 0.060455501079559326
0.0 0.06046055257320404
0.0 0.06046827509999275
0.0 0.06067422777414322
0.0 0.06067933887243271
0.0 0.06069466844201088
0.0 0.060705024749040604
0.0 0.06074389070272446
0.0 0.06075569614768028
0.0 0.06088975444436073
0.0 0.061439819633960724
0.0 0.06146400049328804
0.0 0.061492014676332474
0.0 0.061495035886764526
0.0 0.06154802441596985
0.0 0.06159106269478798
0.0 0.061673738062381744
0.0 0.06188647076487541
0.0 0.061931099742650986
0.0 0.06212526559829712
0.0 0.06223626062273979
0.0 0.062259361147880554
0.0 0.0622638463973999
0.0 0.06233074143528938
0.0 0.06233177334070206
0.0 0.06236660107970238
0.0 0.06236955523490906
0.0 0.06244426220655441
0.0 0.062464408576488495
0.0 0.06267981976270676
0.0 0.06270482391119003
0.0 0.0627104714512825
0.0 0.06273216009140015
0.0 0.06276613473892212
0.0 0.06277860701084137
0.0 0.06278924643993378
0.0 0.06298688799142838
0.0 0.0629899799823761
0.0 0.06299098581075668
0.0 0.06304467469453812
0.0 0.06304638832807541
0.0 0.06307251751422882
0.0 0.06309015303850174
0.0 0.06316128373146057
0.0 0.06316462904214859
0.0 0.06331844627857208
0.0 0.06340653449296951
0.0 0.0636114552617073
0.0 0.06371616572141647
0.0 0.06376657634973526
0.0 0.06377682834863663
0.0 0.06380219012498856
0.0 0.06380444020032883
0.0 0.06389612704515457
0.0 0.06393598020076752
0.0 0.06417295336723328
0.0 0.06428920477628708
0.0 0.06436070054769516
0.0 0.06441116333007812
0.0 0.06444031000137329
0.0 0.064482681453228
0.0 0.06457288563251495
0.0 0.06467100232839584
0.0 0.06478699296712875
0.0 0.06483697146177292
0.0 0.06499259173870087
0.0 0.06504940986633301
0.0 0.06506037712097168
0.0 0.06519213318824768
0.0 0.0652809664607048
0.0 0.06530985236167908
0.0 0.06550319492816925
0.0 0.06552498042583466
0.0 0.06554212421178818
0.0 0.06556498259305954
0.0 0.0656706839799881
0.0 0.06569519639015198
0.0 0.06570785492658615
0.0 0.06591156870126724
0.0 0.06603600084781647
0.0 0.06604763120412827
0.0 0.06605921685695648
0.0 0.06623402237892151
0.0 0.06638635694980621
0.0 0.06647270917892456
0.0 0.06656917184591293
0.0 0.06660434603691101
0.0 0.06662379205226898
0.0 0.06675156205892563
0.0 0.06677886843681335
0.0 0.06679361313581467
0.0 0.06684420257806778
0.0 0.06689602881669998
0.0 0.06691943109035492
0.0 0.06707862764596939
0.0 0.06708242744207382
0.0 0.0671071708202362
0.0 0.06712924689054489
0.0 0.06717313826084137
0.0 0.06726785749197006
0.0 0.06764696538448334
0.0 0.06766614317893982
0.0 0.06767304986715317
0.0 0.06776071339845657
0.0 0.06783154606819153
0.0 0.0678543671965599
0.0 0.06793408840894699
0.0 0.06814021617174149
0.0 0.06841116398572922
0.0 0.0684325248003006
0.0 0.06843937188386917
0.0 0.06847439706325531
0.0 0.06847452372312546
0.0 0.06855679303407669
0.0 0.06864313781261444
0.0 0.06864716112613678
0.0 0.0686929002404213
0.0 0.06870371103286743
0.0 0.06870771199464798
0.0 0.0689779669046402
0.0 0.06915384531021118
0.0 0.06925065815448761
0.0 0.06968343257904053
0.0 0.06970290094614029
0.0 0.06973498314619064
0.0 0.0698259249329567
0.0 0.06992988288402557
0.0 0.0700441300868988
0.0 0.07012681663036346
0.0 0.07025391608476639
0.0 0.07049199193716049
0.0 0.07065347582101822
0.0 0.07068972289562225
0.0 0.07072049379348755
0.0 0.07077807933092117
0.0 0.0707983449101448
0.0 0.07088790833950043
0.0 0.0710715800523758
0.0 0.07123816013336182
0.0 0.07130563259124756
0.0 0.07138341665267944
0.0 0.07145583629608154
0.0 0.07154357433319092
0.0 0.0715441107749939
0.0 0.07165580987930298
0.0 0.07165802270174026
0.0 0.07170329242944717
0.0 0.07171915471553802
0.0 0.07172726839780807
0.0 0.07178084552288055
0.0 0.07179851084947586
0.0 0.07190808653831482
0.0 0.07197549939155579
0.0 0.07198009639978409
0.0 0.07198215276002884
0.0 0.07198318094015121
0.0 0.07203163206577301
0.0 0.07214625179767609
0.0 0.07229907810688019
0.0 0.07230354100465775
0.0 0.07251358777284622
0.0 0.07257526367902756
0.0 0.0725998654961586
0.0 0.07273390889167786
0.0 0.07287462800741196
0.0 0.07289353758096695
0.0 0.07296457141637802
0.0 0.07296959310770035
0.0 0.073179692029953
0.0 0.0732308104634285
0.0 0.07328768819570541
0.0 0.07328880578279495
0.0 0.07329010963439941
0.0 0.07329189777374268
0.0 0.07332737743854523
0.0 0.07348906248807907
0.0 0.07356414198875427
0.0 0.07356421649456024
0.0 0.07371862232685089
0.0 0.07375568896532059
0.0 0.0737733244895935
0.0 0.07378073036670685
0.0 0.07380624860525131
0.0 0.07388288527727127
0.0 0.07403133809566498
0.0 0.07418821007013321
0.0 0.07425615191459656
0.0 0.07429156452417374
0.0 0.0744614377617836
0.0 0.07450416684150696
0.0 0.07456061989068985
0.0 0.07470982521772385
0.0 0.07472135871648788
0.0 0.07475879788398743
0.0 0.0748058408498764
0.0 0.07483553886413574
0.0 0.07492271065711975
0.0 0.07503905147314072
0.0 0.07506301254034042
0.0 0.07531779259443283
0.0 0.07538113743066788
0.0 0.07540426403284073
0.0 0.07542537897825241
0.0 0.07555835694074631
0.0 0.07575763761997223
0.0 0.07607146352529526
0.0 0.0763179138302803
0.0 0.07636865973472595
0.0 0.07666610181331635
0.0 0.0767035037279129
0.0 0.07673180103302002
0.0 0.07677857577800751
0.0 0.07688790559768677
0.0 0.07694554328918457
0.0 0.07695312052965164
0.0 0.07695465534925461
0.0 0.07724867761135101
0.0 0.07733887434005737
0.0 0.07740038633346558
0.0 0.0775022879242897
0.0 0.07754632830619812
0.0 0.07769762724637985
0.0 0.07771166414022446
0.0 0.07777561992406845
0.0 0.07785975188016891
0.0 0.07788477092981339
0.0 0.07791020721197128
0.0 0.07801695913076401
0.0 0.0781945213675499
0.0 0.07826955616474152
0.0 0.07831759005784988
0.0 0.07834463566541672
0.0 0.07847057282924652
0.0 0.07848889380693436
0.0 0.07858957350254059
0.0 0.07902486622333527
0.0 0.07919588685035706
0.0 0.0793285146355629
0.0 0.07937940210103989
0.0 0.07976928353309631
0.0 0.07980336993932724
0.0 0.0798596516251564
0.0 0.08014238625764847
0.0 0.08022566884756088
0.0 0.0802697166800499
0.0 0.08037915080785751
0.0 0.08039093762636185
0.0 0.08055317401885986
0.0 0.08056189864873886
0.0 0.08071447163820267
0.0 0.08076571673154831
0.0 0.08084293454885483
0.0 0.08088254928588867
0.0 0.08103929460048676
0.0 0.0811203196644783
0.0 0.08112102746963501
0.0 0.08115015923976898
0.0 0.08117184042930603
0.0 0.08124526590108871
0.0 0.08170624822378159
0.0 0.08174587041139603
0.0 0.08181677013635635
0.0 0.08194988965988159
0.0 0.08205918222665787
0.0 0.08215145021677017
0.0 0.0823032408952713
0.0 0.08247006684541702
0.0 0.08257915824651718
0.0 0.0826205462217331
0.0 0.08269140869379044
0.0 0.08315444737672806
0.0 0.08338712900876999
0.0 0.08359585702419281
0.0 0.08362795412540436
0.0 0.08384355157613754
0.0 0.08385582268238068
0.0 0.08399786800146103
0.0 0.08415620028972626
0.0 0.08421488106250763
0.0 0.08429116755723953
0.0 0.08431273698806763
0.0 0.08438640832901001
0.0 0.08450686931610107
0.0 0.08455010503530502
0.0 0.08460311591625214
0.0 0.08468189835548401
0.0 0.08488176017999649
0.0 0.08489503711462021
0.0 0.08494094759225845
0.0 0.08496864140033722
0.0 0.08498982340097427
0.0 0.08521538227796555
0.0 0.08535763621330261
0.0 0.08551093935966492
0.0 0.0857069194316864
0.0 0.0857209861278534
0.0 0.08589202910661697
0.0 0.08598807454109192
0.0 0.0860605388879776
0.0 0.08621793985366821
0.0 0.08626209199428558
0.0 0.0865214541554451
0.0 0.08655129373073578
0.0 0.08659917116165161
0.0 0.0869770273566246
0.0 0.0870824009180069
0.0 0.08709156513214111
0.0 0.08733787387609482
0.0 0.08750636130571365
0.0 0.08768094331026077
0.0 0.08783798664808273
0.0 0.08787260949611664
0.0 0.08821667730808258
0.0 0.08822829276323318
0.0 0.08825480937957764
0.0 0.08846955001354218
0.0 0.08854535967111588
0.0 0.08863942325115204
0.0 0.08875110000371933
0.0 0.08883936703205109
0.0 0.08894146978855133
0.0 0.08909087628126144
0.0 0.08943906426429749
0.0 0.08949226886034012
0.0 0.08953242003917694
0.0 0.08965540677309036
0.0 0.08969203382730484
0.0 0.08975320309400558
0.0 0.08985999971628189
0.0 0.08994653075933456
0.0 0.0900324210524559
0.0 0.09003419429063797
0.0 0.09012732654809952
0.0 0.09018051624298096
0.0 0.09032728523015976
0.0 0.09062618017196655
0.0 0.09085404127836227
0.0 0.09106159210205078
0.0 0.09161686897277832
0.0 0.09198726713657379
0.0 0.09200239181518555
0.0 0.09224870055913925
0.0 0.09248074889183044
0.0 0.09251371771097183
0.0 0.09313009679317474
0.0 0.09374566376209259
0.0 0.09382863342761993
0.0 0.09478680044412613
0.0 0.09483055025339127
0.0 0.09503033012151718
0.0 0.09504736959934235
0.0 0.09539619833230972
0.0 0.09602473676204681
0.0 0.09627518057823181
0.0 0.09631862491369247
0.0 0.09756439924240112
0.0 0.09791502356529236
0.0 0.09810951352119446
0.0 0.09873881936073303
0.0 0.09927807748317719
0.0 0.0995071530342102
0.0 0.09985719621181488
0.0 0.10040698200464249
0.0 0.10091202706098557
0.0 0.101467065513134
0.0 0.10190075635910034
0.0 0.10282693803310394
0.0 0.10317347198724747
0.0 0.10326673835515976
0.0 0.10327742248773575
0.0 0.10334735363721848
0.0 0.10344002395868301
0.0 0.10405879467725754
0.0 0.10412389785051346
0.0 0.1045895591378212
0.0 0.10494261980056763
0.0 0.10508877038955688
0.0 0.1051202341914177
0.0 0.10628435760736465
0.0 0.10752386599779129
0.0 0.10767360776662827
0.0 0.10771851241588593
0.0 0.10857759416103363
0.0 0.10860379040241241
0.0 0.1105392575263977
0.0 0.11070848256349564
0.0 0.11177494376897812
0.0 0.11305691301822662
0.0 0.11306602507829666
0.0 0.11313273757696152
0.0 0.11343275755643845
0.0 0.11684568971395493
0.0 0.11728135496377945
0.0 0.11764687299728394
0.0 0.1184028834104538
0.0 0.1199600100517273
0.0 0.12012262642383575
0.0 0.12191160768270493
0.0 0.12231030315160751
0.0 0.12243327498435974
0.0 0.12297689914703369
0.0 0.12421112507581711
0.0 0.1244690790772438
0.0 0.12554314732551575
0.0 0.1256520003080368
0.0 0.12675195932388306
0.0 0.12734732031822205
0.0 0.12905506789684296
0.0 0.130294069647789
0.0 0.13096584379673004
0.0 0.13403332233428955
0.0 0.13905595242977142
0.0 0.13963285088539124
0.0 0.13999149203300476
0.0 0.1439824104309082
0.0 0.14517153799533844
0.0 0.1490241438150406
0.0 0.15816771984100342
0.0 0.17612579464912415
0.0 inf
