0.0 0.03227802738547325
0.0 0.03694603592157364
0.0 0.04239453002810478
0.0 0.042688991874456406
0.0 0.043060675263404846
0.0 0.04349371790885925
0.0 0.043691396713256836
0.0 0.04416846111416817
0.0 0.044294293969869614
0.0 0.04439869523048401
0.0 0.044497985392808914
0.0 0.044734418392181396
0.0 0.044868942350149155
0.0 0.04541924595832825
0.0 0.045487888157367706
0.0 0.04615550860762596
0.0 0.046264585107564926
0.0 0.046594150364398956
0.0 0.04669743403792381
0.0 0.04684238135814667
0.0 0.04689648374915123
0.0 0.04716714471578598
0.0 0.04721636697649956
0.0 0.04725116118788719
0.0 0.04742814227938652
0.0 0.047502096742391586
0.0 0.047533538192510605
0.0 0.047714781016111374
0.0 0.04786338284611702
0.0 0.04798021912574768
0.0 0.048051539808511734
0.0 0.048155006021261215
0.0 0.04815927520394325
0.0 0.048179883509874344
0.0 0.04828979820013046
0.0 0.04844249039888382
0.0 0.048508353531360626
0.0 0.048632822930812836
0.0 0.04886535182595253
0.0 0.04888755828142166
0.0 0.04895537719130516
0.0 0.04928138852119446
0.0 0.04928920045495033
0.0 0.049354903399944305
0.0 0.04957892745733261
0.0 0.04974670708179474
0.0 0.04990525543689728
0.0 0.05011472851037979
0.0 0.05043811351060867
0.0 0.05064287781715393
0.0 0.050665825605392456
0.0 0.050747282803058624
0.0 0.05078801512718201
0.0 0.05100098252296448
0.0 0.05104890838265419
0.0 0.0510711669921875
0.0 0.05113666132092476
0.0 0.051230378448963165
0.0 0.051237042993307114
0.0 0.051375068724155426
0.0 0.051402498036623
0.0 0.051481943577528
0.0 0.05150129273533821
0.0 0.051535267382860184
0.0 0.05157443881034851
0.0 0.05168940871953964
0.0 0.05184154212474823
0.0 0.05189977586269379
0.0 0.051997117698192596
0.0 0.05212825909256935
0.0 0.05219919607043266
0.0 0.05240687355399132
0.0 0.052457377314567566
0.0 0.052586015313863754
0.0 0.05273064970970154
0.0 0.05281386524438858
0.0 0.052849479019641876
0.0 0.05290548503398895
0.0 0.05304256081581116
0.0 0.05309853330254555
0.0 0.05346418544650078
0.0 0.05352776497602463
0.0 0.05358116328716278
0.0 0.05360615625977516
0.0 0.05364884436130524
0.0 0.053804848343133926
0.0 0.053804948925971985
0.0 0.05380672216415405
0.0 0.05388905480504036
0.0 0.054054614156484604
0.0 0.05410250276327133
0.0 0.054129473865032196
0.0 0.05424458533525467
0.0 0.05426660552620888
0.0 0.05428778752684593
0.0 0.05431237071752548
0.0 0.05432392284274101
0.0 0.054327692836523056
0.0 0.054386697709560394
0.0 0.05453198775649071
0.0 0.054589901119470596
0.0 0.05477110296487808
0.0 0.054813459515571594
0.0 0.05483699589967728
0.0 0.05485018715262413
0.0 0.05488148704171181
0.0 0.054963741451501846
0.0 0.05496905371546745
0.0 0.055031850934028625
0.0 0.05506658926606178
0.0 0.055107202380895615
0.0 0.05519485101103783
0.0 0.05529281869530678
0.0 0.05538376793265343
0.0 0.05546297878026962
0.0 0.05556648597121239
0.0 0.055606529116630554
0.0 0.05568382889032364
0.0 0.05569081753492355
0.0 0.05573149397969246
0.0 0.05573320761322975
0.0 0.0558570958673954
0.0 0.055981896817684174
0.0 0.056011661887168884
0.0 0.05602886155247688
0.0 0.0560469850897789
0.0 0.05611009523272514
0.0 0.056125618517398834
0.0 0.05612646043300629
0.0 0.05615280941128731
0.0 0.056172050535678864
0.0 0.056177739053964615
0.0 0.056187838315963745
0.0 0.0563005693256855
0.0 0.05638899654150009
0.0 0.056422144174575806
0.0 0.056470975279808044
0.0 0.05649971589446068
0.0 0.056566499173641205
0.0 0.05658353492617607
0.0 0.056666020303964615
0.0 0.05668393522500992
0.0 0.056797247380018234
0.0 0.05682875216007233
0.0 0.056985288858413696
0.0 0.05700350180268288
0.0 0.05701674148440361
0.0 0.057153262197971344
0.0 0.05716092512011528
0.0 0.057245347648859024
0.0 0.05728916451334953
0.0 0.057341404259204865
0.0 0.05741897597908974
0.0 0.05769283324480057
0.0 0.057855717837810516
0.0 0.05786680802702904
0.0 0.05811798945069313
0.0 0.05818101018667221
0.0 0.05829638987779617
0.0 0.058516066521406174
0.0 0.05875721573829651
0.0 0.05878917872905731
0.0 0.058799147605895996
0.0 0.05883411318063736
0.0 0.058842673897743225
0.0 0.0588875450193882
0.0 0.05900191515684128
0.0 0.05917287990450859
0.0 0.05923620983958244
0.0 0.0593426413834095
0.0 0.05938297510147095
0.0 0.05939854681491852
0.0 0.059460900723934174
0.0 0.05946815013885498
0.0 0.0594688281416893
0.0 0.059530965983867645
0.0 0.059599846601486206
0.0 0.059640731662511826
0.0 0.05964745208621025
0.0 0.059661660343408585
0.0 0.059705112129449844
0.0 0.059712059795856476
0.0 0.059806764125823975
0.0 0.05994550511240959
0.0 0.06002827361226082
0.0 0.060191698372364044
0.0 0.06023230776190758
0.0 0.06035304442048073
0.0 0.060413096100091934
0.0 0.06042913347482681
0.0 0.06043954938650131
0.0 0.06043996661901474
0.0 0.060559652745723724
0.0 0.060631539672613144
0.0 0.06066124886274338
0.0 0.060697223991155624
0.0 0.060705721378326416
0.0 0.060715269297361374
0.0 0.06078197807073593
0.0 0.06081940606236458
0.0 0.06095104292035103
0.0 0.06109395995736122
0.0 0.06118403747677803
0.0 0.061221733689308167
0.0 0.06130960211157799
0.0 0.06133411079645157
0.0 0.06146502494812012
0.0 0.06148980185389519
0.0 0.06149299815297127
0.0 0.06149761751294136
0.0 0.061544276773929596
0.0 0.06154842674732208
0.0 0.06158588454127312
0.0 0.061593059450387955
0.0 0.06162881478667259
0.0 0.06168914958834648
0.0 0.06168936938047409
0.0 0.06169158220291138
0.0 0.061694636940956116
0.0 0.061784885823726654
0.0 0.06190972030162811
0.0 0.061962876468896866
0.0 0.061991989612579346
0.0 0.06204871088266373
0.0 0.06209784373641014
0.0 0.06210498884320259
0.0 0.06217841058969498
0.0 0.062221068888902664
0.0 0.0622522234916687
0.0 0.06228386238217354
0.0 0.062288299202919006
0.0 0.06234223395586014
0.0 0.06248793378472328
0.0 0.06249390169978142
0.0 0.0625765398144722
0.0 0.06258630007505417
0.0 0.06279768794775009
0.0 0.06283541023731232
0.0 0.06286381185054779
0.0 0.06287261098623276
0.0 0.06298980861902237
0.0 0.0629953145980835
0.0 0.06300445646047592
0.0 0.06301094591617584
0.0 0.06301415711641312
0.0 0.06302057206630707
0.0 0.06304699927568436
0.0 0.06307142972946167
0.0 0.06313170492649078
0.0 0.06316105276346207
0.0 0.06327974796295166
0.0 0.0633050948381424
0.0 0.0633210763335228
0.0 0.06333333253860474
0.0 0.06336115300655365
0.0 0.06341315060853958
0.0 0.06345520913600922
0.0 0.0634627640247345
0.0 0.06348635256290436
0.0 0.06356235593557358
0.0 0.06359831988811493
0.0 0.06362857669591904
0.0 0.06362907588481903
0.0 0.06363669782876968
0.0 0.06367122381925583
0.0 0.06368301063776016
0.0 0.06368476152420044
0.0 0.06372813135385513
0.0 0.0637311041355133
0.0 0.06384085863828659
0.0 0.06403658539056778
0.0 0.06420667469501495
0.0 0.06432481110095978
0.0 0.06454937160015106
0.0 0.0646669939160347
0.0 0.06470315158367157
0.0 0.06474170088768005
0.0 0.06479869037866592
0.0 0.06481333076953888
0.0 0.06487008929252625
0.0 0.06490955501794815
0.0 0.06491120904684067
0.0 0.06526906043291092
0.0 0.06542248278856277
0.0 0.06546074897050858
0.0 0.06562374532222748
0.0 0.06562990695238113
0.0 0.06568349152803421
0.0 0.0657534971833229
0.0 0.06583159416913986
0.0 0.06586582213640213
0.0 0.06607256829738617
0.0 0.06610626727342606
0.0 0.06619071960449219
0.0 0.06627362221479416
0.0 0.06634936481714249
0.0 0.06636832654476166
0.0 0.06646478176116943
0.0 0.06662359833717346
0.0 0.06662536412477493
0.0 0.0666344165802002
0.0 0.06667238473892212
0.0 0.06668932735919952
0.0 0.06681046634912491
0.0 0.06683941185474396
0.0 0.06690075993537903
0.0 0.0669022649526596
0.0 0.06696456670761108
0.0 0.06699863821268082
0.0 0.0670388862490654
0.0 0.06708523631095886
0.0 0.06715618073940277
0.0 0.0672881156206131
0.0 0.0673421248793602
0.0 0.06735983490943909
0.0 0.06737025082111359
0.0 0.06741040199995041
0.0 0.06753335893154144
0.0 0.06755191832780838
0.0 0.06763587892055511
0.0 0.06773796677589417
0.0 0.06778908520936966
0.0 0.0678241103887558
0.0 0.06784847378730774
0.0 0.06794098019599915
0.0 0.06805387884378433
0.0 0.0681365504860878
0.0 0.06819050014019012
0.0 0.06828398257493973
0.0 0.0684344545006752
0.0 0.06858737021684647
0.0 0.06865858286619186
0.0 0.06866596639156342
0.0 0.06870508193969727
0.0 0.06877826154232025
0.0 0.06890580803155899
0.0 0.06894181668758392
0.0 0.06897762417793274
0.0 0.06923074275255203
0.0 0.0692354068160057
0.0 0.06947893649339676
0.0 0.06950312107801437
0.0 0.06950997561216354
0.0 0.06981056183576584
0.0 0.0699118822813034
0.0 0.06996285915374756
0.0 0.06999772787094116
0.0 0.07004592567682266
0.0 0.07011676579713821
0.0 0.07016783952713013
0.0 0.07042551785707474
0.0 0.07045534998178482
0.0 0.07047533988952637
0.0 0.07048803567886353
0.0 0.07051922380924225
0.0 0.07071801275014877
0.0 0.07079513370990753
0.0 0.07080627977848053
0.0 0.07084407657384872
0.0 0.07086633145809174
0.0 0.07101345807313919
0.0 0.07101771980524063
0.0 0.07105483114719391
0.0 0.07134150713682175
0.0 0.07137088477611542
0.0 0.07162922620773315
0.0 0.07164649665355682
0.0 0.07172717899084091
0.0 0.07176458835601807
0.0 0.07186730206012726
0.0 0.07189071923494339
0.0 0.07216712832450867
0.0 0.0722045972943306
0.0 0.07245045900344849
0.0 0.07248945534229279
0.0 0.07258418202400208
0.0 0.07260576635599136
0.0 0.07261411100625992
0.0 0.07264253497123718
0.0 0.07277797907590866
0.0 0.07316438853740692
0.0 0.07325171679258347
0.0 0.0732850432395935
0.0 0.0733976662158966
0.0 0.07342316210269928
0.0 0.07358623296022415
0.0 0.07361382991075516
0.0 0.07367662340402603
0.0 0.07372020930051804
0.0 0.07376806437969208
0.0 0.07377972453832626
0.0 0.07381527125835419
0.0 0.07387270778417587
0.0 0.07391044497489929
0.0 0.0740663930773735
0.0 0.07419067621231079
0.0 0.07439155131578445
0.0 0.07446473091840744
0.0 0.07453753799200058
0.0 0.07458949089050293
0.0 0.07461728900671005
0.0 0.07502637058496475
0.0 0.07530616223812103
0.0 0.0755053460597992
0.0 0.07553035765886307
0.0 0.07560326904058456
0.0 0.07567638903856277
0.0 0.07570254057645798
0.0 0.07608611136674881
0.0 0.07617159932851791
0.0 0.07665050774812698
0.0 0.07674220204353333
0.0 0.07686814665794373
0.0 0.07705595344305038
0.0 0.07714729756116867
0.0 0.07715755701065063
0.0 0.0771978497505188
0.0 0.07730548083782196
0.0 0.07732560485601425
0.0 0.07747737318277359
0.0 0.07755368947982788
0.0 0.07761844247579575
0.0 0.07761937379837036
0.0 0.07802737504243851
0.0 0.07823700457811356
0.0 0.0783390924334526
0.0 0.07843345403671265
0.0 0.07847549766302109
0.0 0.07848981022834778
0.0 0.07861161231994629
0.0 0.0787249505519867
0.0 0.07875943183898926
0.0 0.07884111255407333
0.0 0.07884355634450912
0.0 0.07887224107980728
0.0 0.07896524667739868
0.0 0.07900816947221756
0.0 0.07919194549322128
0.0 0.07937804609537125
0.0 0.07941271364688873
0.0 0.07971197366714478
0.0 0.07975146174430847
0.0 0.07984254509210587
0.0 0.07987865060567856
0.0 0.07988351583480835
0.0 0.07998315244913101
0.0 0.08006255328655243
0.0 0.08017515391111374
0.0 0.08024133741855621
0.0 0.08031916618347168
0.0 0.08053629100322723
0.0 0.08091895282268524
0.0 0.0810471698641777
0.0 0.08158459514379501
0.0 0.08190187066793442
0.0 0.08213598281145096
0.0 0.08222255855798721
0.0 0.0822581946849823
0.0 0.08252515643835068
0.0 0.08329163491725922
0.0 0.08347862958908081
0.0 0.08367873728275299
0.0 0.0842648595571518
0.0 0.08427836745977402
0.0 0.08450866490602493
0.0 0.08457671850919724
0.0 0.08481158316135406
0.0 0.08484743535518646
0.0 0.08508822321891785
0.0 0.08534114062786102
0.0 0.08545126765966415
0.0 0.08562067896127701
0.0 0.08599209040403366
0.0 0.08613147586584091
0.0 0.08616042882204056
0.0 0.08629214763641357
0.0 0.08631289750337601
0.0 0.08633681386709213
0.0 0.08731064200401306
0.0 0.0873740166425705
0.0 0.08785858005285263
0.0 0.08790984004735947
0.0 0.08857302367687225
0.0 0.08907599002122879
0.0 0.08971601724624634
0.0 0.0900646299123764
0.0 0.09044428914785385
0.0 0.09071123600006104
0.0 0.09072581678628922
0.0 0.09078703820705414
0.0 0.09104053676128387
0.0 0.09164188802242279
0.0 0.09175064414739609
0.0 0.0920831710100174
0.0 0.09214671701192856
0.0 0.09234157204627991
0.0 0.09268251806497574
0.0 0.09327945113182068
0.0 0.09371817857027054
0.0 0.09381815791130066
0.0 0.0939725711941719
0.0 0.09517334401607513
0.0 0.09634222835302353
0.0 0.09770990163087845
0.0 0.10160694271326065
0.0 0.10527755320072174
0.0 0.10905163735151291
0.0 0.11650504916906357
0.0 0.12105858325958252
0.0 0.12636125087738037
0.0 0.1393907070159912
0.0 inf
