0.0 0.04853682219982147
0.0 0.04912501573562622
0.0 0.05057208612561226
0.0 0.05185043066740036
0.0 0.052347294986248016
0.0 0.053827766329050064
0.0 0.053874097764492035
0.0 0.054174382239580154
0.0 0.054391201585531235
0.0 0.05481656268239021
0.0 0.055160921066999435
0.0 0.055197544395923615
0.0 0.05533789098262787
0.0 0.05551917105913162
0.0 0.055939070880413055
0.0 0.05600237473845482
0.0 0.05655147507786751
0.0 0.05698874220252037
0.0 0.05706927180290222
0.0 0.057259853929281235
0.0 0.057396747171878815
0.0 0.057423438876867294
0.0 0.057588670402765274
0.0 0.057684775441884995
0.0 0.05807957425713539
0.0 0.058106645941734314
0.0 0.058140791952610016
0.0 0.058258842676877975
0.0 0.05830017849802971
0.0 0.05843348428606987
0.0 0.05882498621940613
0.0 0.05885682255029678
0.0 0.05896662175655365
0.0 0.05916626751422882
0.0 0.05924683064222336
0.0 0.05930774658918381
0.0 0.059698741883039474
0.0 0.05976463109254837
0.0 0.06012529134750366
0.0 0.060128942131996155
0.0 0.0604889914393425
0.0 0.06101537123322487
0.0 0.06123661249876022
0.0 0.061686571687459946
0.0 0.06190332770347595
0.0 0.06190347671508789
0.0 0.06193353235721588
0.0 0.06219311058521271
0.0 0.06224607676267624
0.0 0.06267856061458588
0.0 0.06268714368343353
0.0 0.06271065026521683
0.0 0.06279628723859787
0.0 0.06280043721199036
0.0 0.06286783516407013
0.0 0.06305058300495148
0.0 0.06308797746896744
0.0 0.0631638616323471
0.0 0.06319688260555267
0.0 0.06323367357254028
0.0 0.06355311721563339
0.0 0.06365486979484558
0.0 0.0637936070561409
0.0 0.06425604969263077
0.0 0.06452031433582306
0.0 0.06453550606966019
0.0 0.06462135165929794
0.0 0.06487303972244263
0.0 0.06496086716651917
0.0 0.06502797454595566
0.0 0.06513164937496185
0.0 0.06515160948038101
0.0 0.06517830491065979
0.0 0.06528826802968979
0.0 0.06534308195114136
0.0 0.06544767320156097
0.0 0.06546337157487869
0.0 0.06547729671001434
0.0 0.06551631540060043
0.0 0.06555499136447906
0.0 0.06559678912162781
0.0 0.06561097502708435
0.0 0.06561878323554993
0.0 0.06564757227897644
0.0 0.06568609923124313
0.0 0.06568645685911179
0.0 0.06573279201984406
0.0 0.06581415235996246
0.0 0.06598946452140808
0.0 0.06601192057132721
0.0 0.06605985015630722
0.0 0.06611034274101257
0.0 0.06626050919294357
0.0 0.06628511846065521
0.0 0.06629273295402527
0.0 0.06630761176347733
0.0 0.06641220301389694
0.0 0.06650473177433014
0.0 0.06689245998859406
0.0 0.06697606295347214
0.0 0.0670015960931778
0.0 0.06700789928436279
0.0 0.06707458943128586
0.0 0.0671255886554718
0.0 0.06730352342128754
0.0 0.06734360009431839
0.0 0.06738801300525665
0.0 0.06761474907398224
0.0 0.06780172884464264
0.0 0.06785483658313751
0.0 0.06786900013685226
0.0 0.06838597357273102
0.0 0.06843013316392899
0.0 0.06861021369695663
0.0 0.06869004666805267
0.0 0.0687158852815628
0.0 0.06871751695871353
0.0 0.06877882033586502
0.0 0.06881985068321228
0.0 0.06895855069160461
0.0 0.06905946135520935
0.0 0.06907037645578384
0.0 0.06912194937467575
0.0 0.06912314891815186
0.0 0.06915387511253357
0.0 0.06917216628789902
0.0 0.06919124722480774
0.0 0.06926560401916504
0.0 0.06935896724462509
0.0 0.06941685825586319
0.0 0.069515660405159
0.0 0.0696207731962204
0.0 0.06963839381933212
0.0 0.06981151551008224
0.0 0.06989890336990356
0.0 0.06990423053503036
0.0 0.06994998455047607
0.0 0.07002409547567368
0.0 0.07004494965076447
0.0 0.07012464851140976
0.0 0.07014147192239761
0.0 0.07019360363483429
0.0 0.07027266174554825
0.0 0.07028265297412872
0.0 0.07040361315011978
0.0 0.07050184905529022
0.0 0.070536307990551
0.0 0.07072734832763672
0.0 0.07073111832141876
0.0 0.0707591325044632
0.0 0.07079118490219116
0.0 0.07087036222219467
0.0 0.0709875226020813
0.0 0.07099590450525284
0.0 0.07109572738409042
0.0 0.07110996544361115
0.0 0.07120541483163834
0.0 0.07121098041534424
0.0 0.07142581790685654
0.0 0.07147667557001114
0.0 0.0714893788099289
0.0 0.07151468843221664
0.0 0.07157132029533386
0.0 0.071700818836689
0.0 0.0717848613858223
0.0 0.0717882364988327
0.0 0.07190987467765808
0.0 0.0720144733786583
0.0 0.07225355505943298
0.0 0.07230118662118912
0.0 0.07242070883512497
0.0 0.0726373940706253
0.0 0.07265633344650269
0.0 0.07285164296627045
0.0 0.07289175689220428
0.0 0.07291516661643982
0.0 0.07293744385242462
0.0 0.07297379523515701
0.0 0.07312672585248947
0.0 0.07328907400369644
0.0 0.07335156202316284
0.0 0.07345359772443771
0.0 0.07354816049337387
0.0 0.073602095246315
0.0 0.07368980348110199
0.0 0.07369039952754974
0.0 0.07370719313621521
0.0 0.07371307909488678
0.0 0.07378498464822769
0.0 0.07383641600608826
0.0 0.07386431097984314
0.0 0.07391419261693954
0.0 0.0739196389913559
0.0 0.07403583079576492
0.0 0.07435397803783417
0.0 0.07436755299568176
0.0 0.07437579333782196
0.0 0.07444500178098679
0.0 0.0745600238442421
0.0 0.07466213405132294
0.0 0.07471394538879395
0.0 0.07476122677326202
0.0 0.07483670115470886
0.0 0.07485392689704895
0.0 0.07485594600439072
0.0 0.07490301877260208
0.0 0.07515311241149902
0.0 0.07521963864564896
0.0 0.07528518885374069
0.0 0.07533033192157745
0.0 0.0755368173122406
0.0 0.07562028616666794
0.0 0.07562964409589767
0.0 0.07571118324995041
0.0 0.07573138177394867
0.0 0.07582833617925644
0.0 0.07596246153116226
0.0 0.07598141580820084
0.0 0.076007179915905
0.0 0.07616890966892242
0.0 0.07618113607168198
0.0 0.07620322704315186
0.0 0.07623802870512009
0.0 0.07625139504671097
0.0 0.07626097649335861
0.0 0.07642100751399994
0.0 0.07643350958824158
0.0 0.07645183801651001
0.0 0.07660271227359772
0.0 0.07666104286909103
0.0 0.07684646546840668
0.0 0.07686489820480347
0.0 0.07686979323625565
0.0 0.07695651054382324
0.0 0.07704102993011475
0.0 0.07725659012794495
0.0 0.07754696905612946
0.0 0.07757300138473511
0.0 0.07760094106197357
0.0 0.0776391327381134
0.0 0.07786846905946732
0.0 0.07789121568202972
0.0 0.07793505489826202
0.0 0.07798901945352554
0.0 0.07801669836044312
0.0 0.07802196592092514
0.0 0.07803723961114883
0.0 0.0781770646572113
0.0 0.0783190131187439
0.0 0.07841028273105621
0.0 0.07844246923923492
0.0 0.07874241471290588
0.0 0.07884634286165237
0.0 0.07921771705150604
0.0 0.07924548536539078
0.0 0.0793059766292572
0.0 0.07945099472999573
0.0 0.07945667952299118
0.0 0.07964839041233063
0.0 0.07967331260442734
0.0 0.07972405850887299
0.0 0.07976725697517395
0.0 0.07977642118930817
0.0 0.07982989400625229
0.0 0.07987954467535019
0.0 0.07990747690200806
0.0 0.08023279905319214
0.0 0.08066533505916595
0.0 0.08070062845945358
0.0 0.0807105302810669
0.0 0.08077674359083176
0.0 0.08081184327602386
0.0 0.08089447766542435
0.0 0.08097440749406815
0.0 0.08100999891757965
0.0 0.08120826631784439
0.0 0.08157985657453537
0.0 0.08171582967042923
0.0 0.08183199912309647
0.0 0.08185945451259613
0.0 0.08190461248159409
0.0 0.0819777324795723
0.0 0.08210746943950653
0.0 0.08236052095890045
0.0 0.08255575597286224
0.0 0.0826813206076622
0.0 0.082769013941288
0.0 0.08280377835035324
0.0 0.08284193277359009
0.0 0.08290251344442368
0.0 0.08297296613454819
0.0 0.08310507982969284
0.0 0.08316624909639359
0.0 0.08319751918315887
0.0 0.0834142342209816
0.0 0.08345764875411987
0.0 0.08362776041030884
0.0 0.08375298976898193
0.0 0.0838019847869873
0.0 0.08387827128171921
0.0 0.08403278887271881
0.0 0.08407734334468842
0.0 0.08410026878118515
0.0 0.08415912091732025
0.0 0.08427232503890991
0.0 0.0842723399400711
0.0 0.08429349213838577
0.0 0.08432381600141525
0.0 0.08442337810993195
0.0 0.08473129570484161
0.0 0.0847897157073021
0.0 0.08497592061758041
0.0 0.08502279222011566
0.0 0.08503317087888718
0.0 0.08525623381137848
0.0 0.08539318293333054
0.0 0.0857171043753624
0.0 0.0857623741030693
0.0 0.08583412319421768
0.0 0.08589678257703781
0.0 0.08604643493890762
0.0 0.0860743299126625
0.0 0.08620335161685944
0.0 0.08630494773387909
0.0 0.08635389059782028
0.0 0.08635738492012024
0.0 0.08645977824926376
0.0 0.08646067976951599
0.0 0.08663393557071686
0.0 0.08690221607685089
0.0 0.0869087353348732
0.0 0.08691287040710449
0.0 0.08706488460302353
0.0 0.08722013980150223
0.0 0.08734995871782303
0.0 0.08746654540300369
0.0 0.08746828138828278
0.0 0.08752045780420303
0.0 0.08759894967079163
0.0 0.08793623745441437
0.0 0.08794835954904556
0.0 0.08797457814216614
0.0 0.08799351006746292
0.0 0.0880623534321785
0.0 0.08817008882761002
0.0 0.08835159242153168
0.0 0.0884227380156517
0.0 0.08847198635339737
0.0 0.08851022273302078
0.0 0.0885111391544342
0.0 0.08866836130619049
0.0 0.08881177008152008
0.0 0.08883582800626755
0.0 0.08884637802839279
0.0 0.0890582874417305
0.0 0.08930152654647827
0.0 0.0893041118979454
0.0 0.08930744230747223
0.0 0.08939999341964722
0.0 0.08940596878528595
0.0 0.08943014591932297
0.0 0.08951899409294128
0.0 0.08965566009283066
0.0 0.0897245705127716
0.0 0.08979228883981705
0.0 0.08994429558515549
0.0 0.09002138674259186
0.0 0.09005951881408691
0.0 0.09022270888090134
0.0 0.09034819900989532
0.0 0.0904376357793808
0.0 0.09048501402139664
0.0 0.09054341167211533
0.0 0.09054455161094666
0.0 0.09095939993858337
0.0 0.09103336185216904
0.0 0.09106501936912537
0.0 0.09120355546474457
0.0 0.09140805900096893
0.0 0.09151093661785126
0.0 0.09171280264854431
0.0 0.09179269522428513
0.0 0.09204592555761337
0.0 0.092415452003479
0.0 0.09249558299779892
0.0 0.09252286702394485
0.0 0.09258386492729187
0.0 0.09265558421611786
0.0 0.09297695755958557
0.0 0.09299635142087936
0.0 0.0931953638792038
0.0 0.09328778088092804
0.0 0.09344065189361572
0.0 0.09345769137144089
0.0 0.09351294487714767
0.0 0.09367433190345764
0.0 0.09371518343687057
0.0 0.09374572336673737
0.0 0.09375149756669998
0.0 0.09387291222810745
0.0 0.09423228353261948
0.0 0.09444573521614075
0.0 0.09446577727794647
0.0 0.09449821710586548
0.0 0.09466108679771423
0.0 0.0947442352771759
0.0 0.09475230425596237
0.0 0.0947950929403305
0.0 0.09484680742025375
0.0 0.09488603472709656
0.0 0.09497321397066116
0.0 0.09534042328596115
0.0 0.09544456005096436
0.0 0.09551095217466354
0.0 0.09556156396865845
0.0 0.09580472111701965
0.0 0.0961977168917656
0.0 0.09646187722682953
0.0 0.09677707403898239
0.0 0.09683506935834885
0.0 0.09693899750709534
0.0 0.0969533696770668
0.0 0.09744684398174286
0.0 0.0976022332906723
0.0 0.09768262505531311
0.0 0.09770400077104568
0.0 0.09784770756959915
0.0 0.09794215112924576
0.0 0.09834617376327515
0.0 0.09836996346712112
0.0 0.09843291342258453
0.0 0.09878236055374146
0.0 0.09885633736848831
0.0 0.09896474331617355
0.0 0.09913509339094162
0.0 0.09918981045484543
0.0 0.09939070791006088
0.0 0.09955848753452301
0.0 0.09999538213014603
0.0 0.10003145039081573
0.0 0.10011079162359238
0.0 0.10028459876775742
0.0 0.10049400478601456
0.0 0.10119374096393585
0.0 0.10132511705160141
0.0 0.10135280340909958
0.0 0.10170015692710876
0.0 0.10175354778766632
0.0 0.10195429623126984
0.0 0.10291380435228348
0.0 0.10340232402086258
0.0 0.103447824716568
0.0 0.10379572212696075
0.0 0.10393540561199188
0.0 0.10393980890512466
0.0 0.10402306169271469
0.0 0.10416767746210098
0.0 0.10444802045822144
0.0 0.10454652458429337
0.0 0.1045631542801857
0.0 0.10472509264945984
0.0 0.10478553175926208
0.0 0.10482525080442429
0.0 0.10485167801380157
0.0 0.10565214604139328
0.0 0.10572976619005203
0.0 0.1057763621211052
0.0 0.10582368075847626
0.0 0.10588296502828598
0.0 0.10598278045654297
0.0 0.10617995262145996
0.0 0.10632632672786713
0.0 0.10641883313655853
0.0 0.10660620033740997
0.0 0.10685499012470245
0.0 0.10761979967355728
0.0 0.10776278376579285
0.0 0.10776631534099579
0.0 0.10910778492689133
0.0 0.10915087163448334
0.0 0.10969999432563782
0.0 0.11042219400405884
0.0 0.11061880737543106
0.0 0.11098159849643707
0.0 0.11106180399656296
0.0 0.11127737909555435
0.0 0.1113099679350853
0.0 0.11136877536773682
0.0 0.11312854290008545
0.0 0.11374887824058533
0.0 0.1145809069275856
0.0 0.11529367417097092
0.0 0.11560516059398651
0.0 0.11626339703798294
0.0 0.11664791405200958
0.0 0.11716857552528381
0.0 0.11741551011800766
0.0 0.11962345242500305
0.0 0.12088903039693832
0.0 0.12270117551088333
0.0 0.1240098848938942
0.0 0.12452557682991028
0.0 0.12560078501701355
0.0 0.12621895968914032
0.0 0.12744659185409546
0.0 0.12825891375541687
0.0 0.13036465644836426
0.0 0.1350185126066208
0.0 0.13695068657398224
0.0 0.14401507377624512
0.0 0.14759527146816254
0.0 inf
