0.0 0.022310011088848114
0.0 0.023697951808571815
0.0 0.023785000666975975
0.0 0.02383834682404995
0.0 0.02398192323744297
0.0 0.024229397997260094
0.0 0.024503463879227638
0.0 0.025518059730529785
0.0 0.02577177993953228
0.0 0.025901878252625465
0.0 0.026041461154818535
0.0 0.026252463459968567
0.0 0.026305153965950012
0.0 0.02648807317018509
0.0 0.026632649824023247
0.0 0.026659009978175163
0.0 0.026718854904174805
0.0 0.026837939396500587
0.0 0.026935584843158722
0.0 0.027026625350117683
0.0 0.02715439535677433
0.0 0.027219245210289955
0.0 0.027316007763147354
0.0 0.027534684166312218
0.0 0.02768077701330185
0.0 0.027886541560292244
0.0 0.027888542041182518
0.0 0.027979083359241486
0.0 0.027990806847810745
0.0 0.028020961210131645
0.0 0.028235893696546555
0.0 0.028262529522180557
0.0 0.028343170881271362
0.0 0.02836528606712818
0.0 0.02837030403316021
0.0 0.028587881475687027
0.0 0.028613964095711708
0.0 0.028626296669244766
0.0 0.028648782521486282
0.0 0.02867300622165203
0.0 0.028804929926991463
0.0 0.02883843705058098
0.0 0.028879061341285706
0.0 0.02890654094517231
0.0 0.028943365439772606
0.0 0.02903815358877182
0.0 0.029103007167577744
0.0 0.0291287861764431
0.0 0.029139244928956032
0.0 0.029146546497941017
0.0 0.029270092025399208
0.0 0.029308201745152473
0.0 0.02932596765458584
0.0 0.02937384322285652
0.0 0.029436921700835228
0.0 0.029494108632206917
0.0 0.02953401952981949
0.0 0.02981976978480816
0.0 0.029863638803362846
0.0 0.02988235093653202
0.0 0.02989926189184189
0.0 0.03014618344604969
0.0 0.030166270211338997
0.0 0.030218694359064102
0.0 0.030280357226729393
0.0 0.030394364148378372
0.0 0.030489934608340263
0.0 0.03068312630057335
0.0 0.03070417232811451
0.0 0.030706441029906273
0.0 0.030753018334507942
0.0 0.030783697962760925
0.0 0.03080168180167675
0.0 0.030805496498942375
0.0 0.030933178961277008
0.0 0.030998332425951958
0.0 0.031021108850836754
0.0 0.031064406037330627
0.0 0.031106282025575638
0.0 0.031137673184275627
0.0 0.03116031363606453
0.0 0.031242316588759422
0.0 0.0312705859541893
0.0 0.03139612078666687
0.0 0.031420864164829254
0.0 0.031442418694496155
0.0 0.03148110583424568
0.0 0.03148379176855087
0.0 0.03155772387981415
0.0 0.03158853203058243
0.0 0.0315927118062973
0.0 0.03159720078110695
0.0 0.03168577700853348
0.0 0.03175453469157219
0.0 0.03182453289628029
0.0 0.03188731148838997
0.0 0.031935110688209534
0.0 0.03195025399327278
0.0 0.03206102177500725
0.0 0.03206905350089073
0.0 0.03221624717116356
0.0 0.032235510647296906
0.0 0.032306008040905
0.0 0.03237619996070862
0.0 0.032434046268463135
0.0 0.03245104104280472
0.0 0.032647136598825455
0.0 0.03267055004835129
0.0 0.03268354386091232
0.0 0.032734207808971405
0.0 0.03274178504943848
0.0 0.03281890228390694
0.0 0.032826635986566544
0.0 0.03286042436957359
0.0 0.03290119394659996
0.0 0.03293241932988167
0.0 0.032960426062345505
0.0 0.032965756952762604
0.0 0.03309919312596321
0.0 0.0331067256629467
0.0 0.0331638939678669
0.0 0.03321058303117752
0.0 0.033269282430410385
0.0 0.03327012062072754
0.0 0.033303290605545044
0.0 0.03333640471100807
0.0 0.033352985978126526
0.0 0.03335363045334816
0.0 0.03340785950422287
0.0 0.03341326117515564
0.0 0.03346360847353935
0.0 0.033530592918395996
0.0 0.03364507853984833
0.0 0.03364547714591026
0.0 0.033664263784885406
0.0 0.0337262898683548
0.0 0.03381989151239395
0.0 0.03382682800292969
0.0 0.03384917229413986
0.0 0.03388381004333496
0.0 0.03395882248878479
0.0 0.03397713229060173
0.0 0.03399018570780754
0.0 0.033995747566223145
0.0 0.03406496345996857
0.0 0.03424059599637985
0.0 0.03432028368115425
0.0 0.0343233160674572
0.0 0.034357454627752304
0.0 0.03437533602118492
0.0 0.03441962972283363
0.0 0.034445472061634064
0.0 0.03446565568447113
0.0 0.03446976840496063
0.0 0.034502338618040085
0.0 0.03451591730117798
0.0 0.03453056141734123
0.0 0.03460254520177841
0.0 0.034611500799655914
0.0 0.03461424633860588
0.0 0.03471686691045761
0.0 0.034718334674835205
0.0 0.03472383692860603
0.0 0.034733567386865616
0.0 0.03473930433392525
0.0 0.03474045544862747
0.0 0.03475943207740784
0.0 0.03476875275373459
0.0 0.03477875143289566
0.0 0.034882787615060806
0.0 0.03491314873099327
0.0 0.03494514897465706
0.0 0.03494667634367943
0.0 0.03498327359557152
0.0 0.03504202142357826
0.0 0.035092517733573914
0.0 0.03510936349630356
0.0 0.03513792157173157
0.0 0.0351388156414032
0.0 0.03515398129820824
0.0 0.03518124669790268
0.0 0.035303011536598206
0.0 0.03531111404299736
0.0 0.03531964495778084
0.0 0.03542095422744751
0.0 0.035445403307676315
0.0 0.0354808047413826
0.0 0.035547561943531036
0.0 0.0355764739215374
0.0 0.03560756891965866
0.0 0.03563674911856651
0.0 0.03577732667326927
0.0 0.035792697221040726
0.0 0.03579910472035408
0.0 0.035815365612506866
0.0 0.035882316529750824
0.0 0.03592120110988617
0.0 0.035996053367853165
0.0 0.03600034862756729
0.0 0.036041829735040665
0.0 0.03605247288942337
0.0 0.03608117625117302
0.0 0.036098215728998184
0.0 0.036109790205955505
0.0 0.03612932190299034
0.0 0.03613974526524544
0.0 0.03629275783896446
0.0 0.03631923347711563
0.0 0.03641578182578087
0.0 0.03646094724535942
0.0 0.036641139537096024
0.0 0.03681236505508423
0.0 0.03684363514184952
0.0 0.03686228394508362
0.0 0.036875102669000626
0.0 0.03688802942633629
0.0 0.03696746006608009
0.0 0.03697079047560692
0.0 0.03704527020454407
0.0 0.037048351019620895
0.0 0.0371188148856163
0.0 0.03724486380815506
0.0 0.0373358353972435
0.0 0.03734723478555679
0.0 0.037388041615486145
0.0 0.037388961762189865
0.0 0.03740542382001877
0.0 0.03746721148490906
0.0 0.037468716502189636
0.0 0.037486735731363297
0.0 0.03749742731451988
0.0 0.03753454610705376
0.0 0.0375940315425396
0.0 0.03781435638666153
0.0 0.037839218974113464
0.0 0.037916604429483414
0.0 0.03794246166944504
0.0 0.03798433765769005
0.0 0.03800934925675392
0.0 0.038012538105249405
0.0 0.03802042081952095
0.0 0.03802638500928879
0.0 0.03806976601481438
0.0 0.03809896111488342
0.0 0.038148559629917145
0.0 0.038154199719429016
0.0 0.0381660982966423
0.0 0.03832573816180229
0.0 0.03834496811032295
0.0 0.038435447961091995
0.0 0.03847537189722061
0.0 0.03857674077153206
0.0 0.03860825300216675
0.0 0.03866014629602432
0.0 0.03871218115091324
0.0 0.038742970675230026
0.0 0.038782406598329544
0.0 0.03878241032361984
0.0 0.03879782184958458
0.0 0.038804084062576294
0.0 0.03880612552165985
0.0 0.03882349655032158
0.0 0.03885384276509285
0.0 0.03890377655625343
0.0 0.03892261162400246
0.0 0.0391080379486084
0.0 0.03911084681749344
0.0 0.03911112621426582
0.0 0.03912239149212837
0.0 0.03913290426135063
0.0 0.039258282631635666
0.0 0.03928225859999657
0.0 0.03941360116004944
0.0 0.03946145996451378
0.0 0.03950374200940132
0.0 0.039507608860731125
0.0 0.03952793776988983
0.0 0.03960522636771202
0.0 0.039711322635412216
0.0 0.039747320115566254
0.0 0.03988316282629967
0.0 0.03999467194080353
0.0 0.04017019644379616
0.0 0.040247976779937744
0.0 0.04028381034731865
0.0 0.04040961712598801
0.0 0.04046482592821121
0.0 0.040507812052965164
0.0 0.040543995797634125
0.0 0.040545787662267685
0.0 0.040553342550992966
0.0 0.04057711735367775
0.0 0.04057982191443443
0.0 0.040586695075035095
0.0 0.04060247913002968
0.0 0.04066398739814758
0.0 0.04069742560386658
0.0 0.040719661861658096
0.0 0.04072531685233116
0.0 0.040755122900009155
0.0 0.04079601913690567
0.0 0.04101794213056564
0.0 0.041018497198820114
0.0 0.04107729345560074
0.0 0.04112912341952324
0.0 0.04114200547337532
0.0 0.041193023324012756
0.0 0.041250232607126236
0.0 0.04125766083598137
0.0 0.04126456752419472
0.0 0.04127446934580803
0.0 0.04131591320037842
0.0 0.04141942411661148
0.0 0.0414690226316452
0.0 0.04147119075059891
0.0 0.04150133579969406
0.0 0.04152375087141991
0.0 0.04156793653964996
0.0 0.04157864674925804
0.0 0.04158228635787964
0.0 0.04170452058315277
0.0 0.04170946404337883
0.0 0.04174317419528961
0.0 0.04175681248307228
0.0 0.04176407679915428
0.0 0.04176592826843262
0.0 0.04177370294928551
0.0 0.041776809841394424
0.0 0.041788920760154724
0.0 0.041792597621679306
0.0 0.041820965707302094
0.0 0.041871342808008194
0.0 0.04200264438986778
0.0 0.04204171150922775
0.0 0.042046308517456055
0.0 0.04205816611647606
0.0 0.04209045693278313
0.0 0.04214050993323326
0.0 0.0421425998210907
0.0 0.0421457439661026
0.0 0.04218510165810585
0.0 0.04228924959897995
0.0 0.0424845814704895
0.0 0.04249236360192299
0.0 0.04254915565252304
0.0 0.04258075729012489
0.0 0.042823586612939835
0.0 0.04283840209245682
0.0 0.04285905510187149
0.0 0.04294953495264053
0.0 0.04297377169132233
0.0 0.04299771413207054
0.0 0.043014947324991226
0.0 0.04306293651461601
0.0 0.04322969540953636
0.0 0.043288033455610275
0.0 0.043378110975027084
0.0 0.04342002049088478
0.0 0.04343852028250694
0.0 0.043474480509757996
0.0 0.04347626119852066
0.0 0.04352622851729393
0.0 0.04357427358627319
0.0 0.043747760355472565
0.0 0.04390862211585045
0.0 0.04394591972231865
0.0 0.043980251997709274
0.0 0.04400087147951126
0.0 0.044090840965509415
0.0 0.044280800968408585
0.0 0.04434952139854431
0.0 0.044411517679691315
0.0 0.044618792831897736
0.0 0.044651757925748825
0.0 0.0447249673306942
0.0 0.044744376093149185
0.0 0.04479944705963135
0.0 0.04480975866317749
0.0 0.04490724205970764
0.0 0.04500138387084007
0.0 0.045014914125204086
0.0 0.045151762664318085
0.0 0.04517766088247299
0.0 0.04529951512813568
0.0 0.04541782662272453
0.0 0.04545925185084343
0.0 0.04546673223376274
0.0 0.045484211295843124
0.0 0.045625895261764526
0.0 0.045642971992492676
0.0 0.04565046727657318
0.0 0.0457015298306942
0.0 0.04580957069993019
0.0 0.045976802706718445
0.0 0.0461479052901268
0.0 0.04615125432610512
0.0 0.04616371542215347
0.0 0.046371787786483765
0.0 0.046446628868579865
0.0 0.04645073041319847
0.0 0.04650906100869179
0.0 0.04661670699715614
0.0 0.04666481167078018
0.0 0.04674069210886955
0.0 0.046750929206609726
0.0 0.046765245497226715
0.0 0.04678267613053322
0.0 0.04685048386454582
0.0 0.047045301645994186
0.0 0.04723755270242691
0.0 0.04726611077785492
0.0 0.04749016836285591
0.0 0.04754705727100372
0.0 0.04758274927735329
0.0 0.04759350046515465
0.0 0.04772637039422989
0.0 0.04779922962188721
0.0 0.04784798249602318
0.0 0.04789071902632713
0.0 0.047970741987228394
0.0 0.04797280579805374
0.0 0.04803622141480446
0.0 0.048059314489364624
0.0 0.04822218790650368
0.0 0.04831024631857872
0.0 0.04835961014032364
0.0 0.048368245363235474
0.0 0.0483827106654644
0.0 0.048654187470674515
0.0 0.04866452515125275
0.0 0.048723720014095306
0.0 0.04895921051502228
0.0 0.04898602142930031
0.0 0.04915251582860947
0.0 0.04915422946214676
0.0 0.04917805641889572
0.0 0.04937684163451195
0.0 0.049506232142448425
0.0 0.04965879023075104
0.0 0.04971076548099518
0.0 0.04974481835961342
0.0 0.04975811764597893
0.0 0.04975984990596771
0.0 0.049941111356019974
0.0 0.05004221946001053
0.0 0.05034008249640465
0.0 0.0505998432636261
0.0 0.05060867220163345
0.0 0.050612710416316986
0.0 0.050969552248716354
0.0 0.05124804377555847
0.0 0.051395658403635025
0.0 0.05157807841897011
0.0 0.05161226913332939
0.0 0.05166421830654144
0.0 0.05193096026778221
0.0 0.05204233527183533
0.0 0.052165135741233826
0.0 0.05221973732113838
0.0 0.05223676562309265
0.0 0.05272745341062546
0.0 0.052759066224098206
0.0 0.05296657234430313
0.0 0.05299712345004082
0.0 0.05300774425268173
0.0 0.05316803604364395
0.0 0.053588010370731354
0.0 0.053596291691064835
0.0 0.05368184670805931
0.0 0.05370847135782242
0.0 0.053794439882040024
0.0 0.054409049451351166
0.0 0.05468076840043068
0.0 0.05484539270401001
0.0 0.054854847490787506
0.0 0.05558701604604721
0.0 0.05587293952703476
0.0 0.05609241873025894
0.0 0.05642017349600792
0.0 0.056626833975315094
0.0 0.057017531245946884
0.0 0.057052988559007645
0.0 0.05710531398653984
0.0 0.05718619376420975
0.0 0.05786513537168503
0.0 0.058033332228660583
0.0 0.05826001986861229
0.0 0.05852628871798515
0.0 0.058653559535741806
0.0 0.05881086364388466
0.0 0.05938690900802612
0.0 0.06020090728998184
0.0 0.062903493642807
0.0 0.06373905390501022
0.0 0.0637986958026886
0.0 0.0639292374253273
0.0 0.06477534770965576
0.0 0.06486325711011887
0.0 0.06544753164052963
0.0 0.06547649204730988
0.0 0.06615015864372253
0.0 0.06639818102121353
0.0 0.06701397895812988
0.0 0.07258714735507965
0.0 0.07508189976215363
0.0 0.07560914754867554
0.0 0.0756976306438446
0.0 0.07650089263916016
0.0 0.07735200971364975
0.0 0.07904788851737976
0.0 0.09174647182226181
0.0 inf
