0.0 0.035569485276937485
0.0 0.03767091780900955
0.0 0.03803052008152008
0.0 0.038848645985126495
0.0 0.039018500596284866
0.0 0.03971542418003082
0.0 0.04069322347640991
0.0 0.040760207921266556
0.0 0.04090559482574463
0.0 0.04151923209428787
0.0 0.041545379906892776
0.0 0.04226599633693695
0.0 0.04228594899177551
0.0 0.042491327971220016
0.0 0.0426185168325901
0.0 0.043129537254571915
0.0 0.04314003139734268
0.0 0.04318920522928238
0.0 0.04324538633227348
0.0 0.04328973963856697
0.0 0.04330815374851227
0.0 0.04335380345582962
0.0 0.04340130090713501
0.0 0.043552231043577194
0.0 0.043580297380685806
0.0 0.04380432516336441
0.0 0.043913498520851135
0.0 0.043948881328105927
0.0 0.04413823410868645
0.0 0.04421525076031685
0.0 0.0443279854953289
0.0 0.04447589069604874
0.0 0.044488102197647095
0.0 0.04449871554970741
0.0 0.04488467797636986
0.0 0.044968798756599426
0.0 0.04503197222948074
0.0 0.04508073627948761
0.0 0.04534049704670906
0.0 0.045378394424915314
0.0 0.045386042445898056
0.0 0.04544489085674286
0.0 0.04564780369400978
0.0 0.04569616541266441
0.0 0.045863211154937744
0.0 0.045912548899650574
0.0 0.04609941318631172
0.0 0.046113021671772
0.0 0.04616325721144676
0.0 0.04623420909047127
0.0 0.046375714242458344
0.0 0.04645479470491409
0.0 0.04646299406886101
0.0 0.04660411551594734
0.0 0.04663578048348427
0.0 0.04668472707271576
0.0 0.04671308398246765
0.0 0.04679481312632561
0.0 0.047005586326122284
0.0 0.04744872823357582
0.0 0.04755318537354469
0.0 0.04764460027217865
0.0 0.047718510031700134
0.0 0.04778410866856575
0.0 0.047827478498220444
0.0 0.04785866290330887
0.0 0.04788542166352272
0.0 0.04790174961090088
0.0 0.04792241007089615
0.0 0.048077911138534546
0.0 0.04818960651755333
0.0 0.04844754561781883
0.0 0.04853088781237602
0.0 0.048597827553749084
0.0 0.048647698014974594
0.0 0.048717379570007324
0.0 0.04898015409708023
0.0 0.04900171235203743
0.0 0.049123819917440414
0.0 0.04928658902645111
0.0 0.049324702471494675
0.0 0.049407366663217545
0.0 0.049546871334314346
0.0 0.0497017502784729
0.0 0.04978584870696068
0.0 0.04984011873602867
0.0 0.04994092136621475
0.0 0.05005156621336937
0.0 0.05011877790093422
0.0 0.050147537142038345
0.0 0.050154127180576324
0.0 0.050199463963508606
0.0 0.05022810399532318
0.0 0.05027403309941292
0.0 0.050277721136808395
0.0 0.05030381679534912
0.0 0.050489362329244614
0.0 0.0504923053085804
0.0 0.05055263638496399
0.0 0.05057428404688835
0.0 0.05059541389346123
0.0 0.050613440573215485
0.0 0.050625018775463104
0.0 0.05064660310745239
0.0 0.05078738182783127
0.0 0.05080542713403702
0.0 0.05080866441130638
0.0 0.050817739218473434
0.0 0.0508490689098835
0.0 0.050872694700956345
0.0 0.051021821796894073
0.0 0.05105455592274666
0.0 0.05111125484108925
0.0 0.05118582397699356
0.0 0.051359873265028
0.0 0.051394831389188766
0.0 0.05141463875770569
0.0 0.0514555424451828
0.0 0.051576826721429825
0.0 0.051620811223983765
0.0 0.05166507512331009
0.0 0.05177696794271469
0.0 0.05184734985232353
0.0 0.05188294127583504
0.0 0.05190367251634598
0.0 0.05193066596984863
0.0 0.0519334077835083
0.0 0.052012085914611816
0.0 0.05209483206272125
0.0 0.05213228985667229
0.0 0.05224663391709328
0.0 0.05230570212006569
0.0 0.052309297025203705
0.0 0.05240766704082489
0.0 0.052467238157987595
0.0 0.05274543538689613
0.0 0.052779436111450195
0.0 0.05285000056028366
0.0 0.05285629630088806
0.0 0.052931394428014755
0.0 0.05293462052941322
0.0 0.05299250781536102
0.0 0.05307706445455551
0.0 0.05313714221119881
0.0 0.053137291222810745
0.0 0.053182512521743774
0.0 0.05321066826581955
0.0 0.053294189274311066
0.0 0.05333531275391579
0.0 0.05338003486394882
0.0 0.05352548509836197
0.0 0.05356719717383385
0.0 0.05358421802520752
0.0 0.053611449897289276
0.0 0.05372277647256851
0.0 0.05373628810048103
0.0 0.053741205483675
0.0 0.05382772907614708
0.0 0.05387445539236069
0.0 0.05391109734773636
0.0 0.05392591655254364
0.0 0.053990382701158524
0.0 0.05411839112639427
0.0 0.054135680198669434
0.0 0.05438503250479698
0.0 0.054385956376791
0.0 0.05458078905940056
0.0 0.05462139472365379
0.0 0.05467858910560608
0.0 0.05470738559961319
0.0 0.054746631532907486
0.0 0.05478871613740921
0.0 0.0548333078622818
0.0 0.05490275099873543
0.0 0.0549437440931797
0.0 0.055004432797431946
0.0 0.05502238869667053
0.0 0.05506462603807449
0.0 0.05507233738899231
0.0 0.055227428674697876
0.0 0.05526946112513542
0.0 0.055393557995557785
0.0 0.055444955825805664
0.0 0.0554923377931118
0.0 0.055510204285383224
0.0 0.055542029440402985
0.0 0.05578039586544037
0.0 0.05581018701195717
0.0 0.05581928417086601
0.0 0.05585576593875885
0.0 0.05591853708028793
0.0 0.05596116930246353
0.0 0.05601557344198227
0.0 0.05603140592575073
0.0 0.056072283536195755
0.0 0.05610783025622368
0.0 0.05614312365651131
0.0 0.05614369362592697
0.0 0.056148286908864975
0.0 0.05625702440738678
0.0 0.056288059800863266
0.0 0.056329548358917236
0.0 0.05633489415049553
0.0 0.056338295340538025
0.0 0.05636659637093544
0.0 0.05640354007482529
0.0 0.05640989542007446
0.0 0.056437697261571884
0.0 0.0565008781850338
0.0 0.056505098938941956
0.0 0.056608136743307114
0.0 0.05664072930812836
0.0 0.05668501555919647
0.0 0.05670705437660217
0.0 0.05679803341627121
0.0 0.05686649680137634
0.0 0.05687374994158745
0.0 0.05695844814181328
0.0 0.056970518082380295
0.0 0.05701173469424248
0.0 0.05709080770611763
0.0 0.05711102485656738
0.0 0.05712151154875755
0.0 0.0571230947971344
0.0 0.05712873488664627
0.0 0.05714713782072067
0.0 0.05715242400765419
0.0 0.05717092007398605
0.0 0.057207029312849045
0.0 0.05725882202386856
0.0 0.05730389803647995
0.0 0.05731097236275673
0.0 0.05749507620930672
0.0 0.05759413167834282
0.0 0.05771860480308533
0.0 0.05777715891599655
0.0 0.05797487124800682
0.0 0.05798618122935295
0.0 0.05806412175297737
0.0 0.05820436403155327
0.0 0.05825723707675934
0.0 0.05832880362868309
0.0 0.05835844948887825
0.0 0.05843145772814751
0.0 0.058541491627693176
0.0 0.05859480798244476
0.0 0.05862467363476753
0.0 0.05865979939699173
0.0 0.0587051622569561
0.0 0.05870869755744934
0.0 0.0587841160595417
0.0 0.05884125456213951
0.0 0.05884815379977226
0.0 0.05886060371994972
0.0 0.05892392620444298
0.0 0.05892769619822502
0.0 0.05894909054040909
0.0 0.058981772512197495
0.0 0.059014856815338135
0.0 0.0590437687933445
0.0 0.059075500816106796
0.0 0.05911516025662422
0.0 0.059153083711862564
0.0 0.05932028591632843
0.0 0.05933932587504387
0.0 0.05935955420136452
0.0 0.059430450201034546
0.0 0.05944432318210602
0.0 0.05950251594185829
0.0 0.05950852110981941
0.0 0.05956241115927696
0.0 0.059628620743751526
0.0 0.059635624289512634
0.0 0.059651460498571396
0.0 0.05968586727976799
0.0 0.06003105640411377
0.0 0.06004665046930313
0.0 0.0600484199821949
0.0 0.06008819863200188
0.0 0.06012595817446709
0.0 0.06017171964049339
0.0 0.060190919786691666
0.0 0.0601947084069252
0.0 0.0602019764482975
0.0 0.06026889383792877
0.0 0.0603928305208683
0.0 0.06045017018914223
0.0 0.060491595417261124
0.0 0.060493387281894684
0.0 0.06052698194980621
0.0 0.060594577342271805
0.0 0.06064561381936073
0.0 0.06068801134824753
0.0 0.060709524899721146
0.0 0.06077386438846588
0.0 0.060893841087818146
0.0 0.06098271906375885
0.0 0.0610307976603508
0.0 0.061056606471538544
0.0 0.061082739382982254
0.0 0.061083149164915085
0.0 0.061171237379312515
0.0 0.0612371601164341
0.0 0.061260417103767395
0.0 0.061279576271772385
0.0 0.061295878142118454
0.0 0.061339370906353
0.0 0.061383206397295
0.0 0.06140761822462082
0.0 0.06141168996691704
0.0 0.06145648658275604
0.0 0.0614846795797348
0.0 0.06150323525071144
0.0 0.06150650978088379
0.0 0.06150916963815689
0.0 0.061541326344013214
0.0 0.06154925376176834
0.0 0.06155237928032875
0.0 0.061723653227090836
0.0 0.061738740652799606
0.0 0.06179944425821304
0.0 0.06196380406618118
0.0 0.06202962249517441
0.0 0.06204012781381607
0.0 0.062053512781858444
0.0 0.062161464244127274
0.0 0.06217997148633003
0.0 0.06225625053048134
0.0 0.062269214540719986
0.0 0.06227141618728638
0.0 0.06227542459964752
0.0 0.06227617710828781
0.0 0.0622917078435421
0.0 0.06248686835169792
0.0 0.06250087171792984
0.0 0.06250941008329391
0.0 0.06251673400402069
0.0 0.06254689395427704
0.0 0.06254953145980835
0.0 0.06258587539196014
0.0 0.06261256337165833
0.0 0.06263424456119537
0.0 0.06277775764465332
0.0 0.0628010705113411
0.0 0.0628129169344902
0.0 0.06288416683673859
0.0 0.06290849298238754
0.0 0.06294989585876465
0.0 0.06297639012336731
0.0 0.06299065053462982
0.0 0.06307899206876755
0.0 0.06308236718177795
0.0 0.06310433149337769
0.0 0.06324085593223572
0.0 0.06328130513429642
0.0 0.063336580991745
0.0 0.06334557384252548
0.0 0.06336042284965515
0.0 0.06350518018007278
0.0 0.06358905881643295
0.0 0.063616082072258
0.0 0.06364990025758743
0.0 0.06367227435112
0.0 0.06370185315608978
0.0 0.06388016045093536
0.0 0.06389225274324417
0.0 0.06398086994886398
0.0 0.06399289518594742
0.0 0.06407355517148972
0.0 0.06420453637838364
0.0 0.06426611542701721
0.0 0.06437172740697861
0.0 0.06448651850223541
0.0 0.06455153226852417
0.0 0.06456401944160461
0.0 0.06461326032876968
0.0 0.06462353467941284
0.0 0.06464588642120361
0.0 0.06469126045703888
0.0 0.06477542221546173
0.0 0.06484758853912354
0.0 0.06488467007875443
0.0 0.06495650857686996
0.0 0.06496685743331909
0.0 0.06510947644710541
0.0 0.06515275686979294
0.0 0.06517823785543442
0.0 0.06521712988615036
0.0 0.06521997600793839
0.0 0.06524381786584854
0.0 0.0654035434126854
0.0 0.06542956084012985
0.0 0.06553762406110764
0.0 0.06554635614156723
0.0 0.06558007746934891
0.0 0.06558354198932648
0.0 0.06579658389091492
0.0 0.06583622843027115
0.0 0.0658937320113182
0.0 0.06593909114599228
0.0 0.06595753133296967
0.0 0.06595904380083084
0.0 0.06602735072374344
0.0 0.06613503396511078
0.0 0.06614118069410324
0.0 0.06621415168046951
0.0 0.06622264534235
0.0 0.06631424278020859
0.0 0.06632377207279205
0.0 0.06659772247076035
0.0 0.06660380959510803
0.0 0.06660597026348114
0.0 0.06671492010354996
0.0 0.0667257234454155
0.0 0.06681772321462631
0.0 0.06682927161455154
0.0 0.06684141606092453
0.0 0.06684330850839615
0.0 0.06686843931674957
0.0 0.066877081990242
0.0 0.06689229607582092
0.0 0.06689673662185669
0.0 0.0670328289270401
0.0 0.06706312298774719
0.0 0.06723328679800034
0.0 0.06730334460735321
0.0 0.06733758002519608
0.0 0.06740367412567139
0.0 0.06745276600122452
0.0 0.06758556514978409
0.0 0.06770248711109161
0.0 0.06800581514835358
0.0 0.0681009441614151
0.0 0.06830757856369019
0.0 0.06856554746627808
0.0 0.06868971884250641
0.0 0.06875690072774887
0.0 0.06878868490457535
0.0 0.06880460679531097
0.0 0.06883613765239716
0.0 0.06894984841346741
0.0 0.06903321295976639
0.0 0.06907130777835846
0.0 0.06921079009771347
0.0 0.06925082206726074
0.0 0.06952818483114243
0.0 0.06958011537790298
0.0 0.0696401298046112
0.0 0.06965338438749313
0.0 0.07004072517156601
0.0 0.07020194828510284
0.0 0.07024779915809631
0.0 0.07053805142641068
0.0 0.07079122215509415
0.0 0.07079212367534637
0.0 0.0709308460354805
0.0 0.07106544077396393
0.0 0.07112256437540054
0.0 0.07115605473518372
0.0 0.07119457423686981
0.0 0.07145281881093979
0.0 0.07170742005109787
0.0 0.07192793488502502
0.0 0.07193858176469803
0.0 0.07267166674137115
0.0 0.07275847345590591
0.0 0.07300867140293121
0.0 0.07346028834581375
0.0 0.07369795441627502
0.0 0.07386306673288345
0.0 0.07387125492095947
0.0 0.07388787716627121
0.0 0.07403823733329773
0.0 0.07424083352088928
0.0 0.0744653269648552
0.0 0.0749497041106224
0.0 0.07523784786462784
0.0 0.0754193589091301
0.0 0.07591809332370758
0.0 0.07696398347616196
0.0 0.07702121138572693
0.0 0.0770357996225357
0.0 0.07722441107034683
0.0 0.07742291688919067
0.0 0.07756851613521576
0.0 0.07767179608345032
0.0 0.07773347198963165
0.0 0.0786694586277008
0.0 0.07966944575309753
0.0 0.08037379384040833
0.0 0.08042657375335693
0.0 0.08042818307876587
0.0 0.08130868524312973
0.0 0.08184030652046204
0.0 0.0821085050702095
0.0 0.08213257789611816
0.0 0.08239565789699554
0.0 0.08245742321014404
0.0 0.08329030126333237
0.0 0.08364375680685043
0.0 0.08511584997177124
0.0 0.08682065457105637
0.0 0.08880597352981567
0.0 0.08973754942417145
0.0 0.09050533175468445
0.0 0.09404822438955307
0.0 0.09527245908975601
0.0 0.09624255448579788
0.0 0.09660708159208298
0.0 0.09803078323602676
0.0 0.0985989049077034
0.0 inf
