0.0 0.03843337669968605
0.0 0.04245513305068016
0.0 0.04614252597093582
0.0 0.04669181630015373
0.0 0.0472157821059227
0.0 0.04722448065876961
0.0 0.04726649075746536
0.0 0.04778146371245384
0.0 0.04779801517724991
0.0 0.04860704764723778
0.0 0.04875132068991661
0.0 0.04899909719824791
0.0 0.04924027994275093
0.0 0.049288127571344376
0.0 0.049430642277002335
0.0 0.050017327070236206
0.0 0.05021795630455017
0.0 0.05077268183231354
0.0 0.05122755840420723
0.0 0.05125298351049423
0.0 0.05136675387620926
0.0 0.05140391364693642
0.0 0.05149746686220169
0.0 0.05179764702916145
0.0 0.05247239023447037
0.0 0.05247925966978073
0.0 0.05262089520692825
0.0 0.05281436815857887
0.0 0.05288375914096832
0.0 0.05291436240077019
0.0 0.053341932594776154
0.0 0.05337067320942879
0.0 0.05365458130836487
0.0 0.053996771574020386
0.0 0.054111093282699585
0.0 0.05441394820809364
0.0 0.05441870912909508
0.0 0.05446995049715042
0.0 0.05450781062245369
0.0 0.05459177866578102
0.0 0.05471259355545044
0.0 0.05478237196803093
0.0 0.054785795509815216
0.0 0.05478780344128609
0.0 0.05483521521091461
0.0 0.05483850836753845
0.0 0.05497649684548378
0.0 0.05519223213195801
0.0 0.05524812638759613
0.0 0.055256620049476624
0.0 0.05532538890838623
0.0 0.055446039885282516
0.0 0.05546589940786362
0.0 0.055510513484478
0.0 0.05557471886277199
0.0 0.05583655834197998
0.0 0.055840395390987396
0.0 0.055920448154211044
0.0 0.05595303699374199
0.0 0.05597558245062828
0.0 0.05603766068816185
0.0 0.05605728179216385
0.0 0.05610968917608261
0.0 0.05661023408174515
0.0 0.05666426569223404
0.0 0.05668638274073601
0.0 0.056687064468860626
0.0 0.0569220632314682
0.0 0.057005610316991806
0.0 0.05704314261674881
0.0 0.05716975778341293
0.0 0.05723979324102402
0.0 0.05728220194578171
0.0 0.05740310251712799
0.0 0.057507771998643875
0.0 0.0575958713889122
0.0 0.057645730674266815
0.0 0.05765754356980324
0.0 0.05773015692830086
0.0 0.057746369391679764
0.0 0.05777204409241676
0.0 0.05810915306210518
0.0 0.0581396222114563
0.0 0.058401379734277725
0.0 0.05840431898832321
0.0 0.05845828354358673
0.0 0.05847112089395523
0.0 0.05857939273118973
0.0 0.058650463819503784
0.0 0.05869918316602707
0.0 0.058719415217638016
0.0 0.05891250818967819
0.0 0.059061840176582336
0.0 0.059135258197784424
0.0 0.05942665785551071
0.0 0.05948160961270332
0.0 0.059587281197309494
0.0 0.05961091071367264
0.0 0.05961348116397858
0.0 0.05968644097447395
0.0 0.05982275307178497
0.0 0.059839583933353424
0.0 0.06003444641828537
0.0 0.06008107215166092
0.0 0.060152024030685425
0.0 0.060188889503479004
0.0 0.06018908694386482
0.0 0.06022782623767853
0.0 0.06032855808734894
0.0 0.06043010205030441
0.0 0.06045651063323021
0.0 0.060459986329078674
0.0 0.0605044849216938
0.0 0.06063546985387802
0.0 0.06069698557257652
0.0 0.060728419572114944
0.0 0.060787901282310486
0.0 0.06079629436135292
0.0 0.060889627784490585
0.0 0.06089175492525101
0.0 0.06102404370903969
0.0 0.06105496361851692
0.0 0.06107846647500992
0.0 0.061114389449357986
0.0 0.06117165461182594
0.0 0.061172004789114
0.0 0.06130457669496536
0.0 0.061343926936388016
0.0 0.061489831656217575
0.0 0.06150611490011215
0.0 0.061538536101579666
0.0 0.0616004578769207
0.0 0.06177922710776329
0.0 0.061888713389635086
0.0 0.061903975903987885
0.0 0.06196911260485649
0.0 0.062154632061719894
0.0 0.06219756230711937
0.0 0.062203191220760345
0.0 0.0622260645031929
0.0 0.06240065395832062
0.0 0.06241031363606453
0.0 0.06245652213692665
0.0 0.06246432289481163
0.0 0.06268163025379181
0.0 0.06295302510261536
0.0 0.06301778554916382
0.0 0.06308984011411667
0.0 0.0631849393248558
0.0 0.0632312074303627
0.0 0.06334316730499268
0.0 0.06334353983402252
0.0 0.06348669528961182
0.0 0.06349015980958939
0.0 0.06354915350675583
0.0 0.06366568803787231
0.0 0.06367076188325882
0.0 0.06375738978385925
0.0 0.06377317011356354
0.0 0.06384504586458206
0.0 0.06388245522975922
0.0 0.06396853923797607
0.0 0.064053475856781
0.0 0.0641033723950386
0.0 0.064109668135643
0.0 0.06424261629581451
0.0 0.06429270654916763
0.0 0.06429856270551682
0.0 0.06435132771730423
0.0 0.06441083550453186
0.0 0.0644761398434639
0.0 0.06454891711473465
0.0 0.06467097252607346
0.0 0.06468440592288971
0.0 0.06490862369537354
0.0 0.06492233276367188
0.0 0.06494837999343872
0.0 0.06498252600431442
0.0 0.0650428831577301
0.0 0.0651337280869484
0.0 0.06514705717563629
0.0 0.06523732841014862
0.0 0.06524167209863663
0.0 0.06527305394411087
0.0 0.06560322642326355
0.0 0.06563730537891388
0.0 0.06565142422914505
0.0 0.06568699330091476
0.0 0.06569704413414001
0.0 0.06574312597513199
0.0 0.06576476246118546
0.0 0.06577765196561813
0.0 0.06578528136014938
0.0 0.06586115062236786
0.0 0.06586612015962601
0.0 0.0658891573548317
0.0 0.06604442000389099
0.0 0.06613767147064209
0.0 0.06628164649009705
0.0 0.06632120907306671
0.0 0.06641261279582977
0.0 0.06648217141628265
0.0 0.06655699014663696
0.0 0.06656738370656967
0.0 0.06664948165416718
0.0 0.06671283394098282
0.0 0.06672626733779907
0.0 0.06707117706537247
0.0 0.06713764369487762
0.0 0.06718296557664871
0.0 0.06720051169395447
0.0 0.06734808534383774
0.0 0.06738559156656265
0.0 0.06739570200443268
0.0 0.06750236451625824
0.0 0.06750835478305817
0.0 0.0675506740808487
0.0 0.06759820878505707
0.0 0.06769395619630814
0.0 0.06776049733161926
0.0 0.0677843689918518
0.0 0.06778846681118011
0.0 0.06779030710458755
0.0 0.06789457052946091
0.0 0.0681091845035553
0.0 0.06812501698732376
0.0 0.0681280642747879
0.0 0.06817902624607086
0.0 0.06820797175168991
0.0 0.06824026256799698
0.0 0.06832301616668701
0.0 0.06833447515964508
0.0 0.06840512901544571
0.0 0.06840669363737106
0.0 0.06841795146465302
0.0 0.06844649463891983
0.0 0.06868390738964081
0.0 0.0687321349978447
0.0 0.0687464252114296
0.0 0.06882693618535995
0.0 0.06893780082464218
0.0 0.06910059601068497
0.0 0.06911680847406387
0.0 0.06913463771343231
0.0 0.06922256946563721
0.0 0.06955868005752563
0.0 0.0695677399635315
0.0 0.06958778947591782
0.0 0.06964632123708725
0.0 0.06970284879207611
0.0 0.0697241872549057
0.0 0.06972428411245346
0.0 0.06975666433572769
0.0 0.06985147297382355
0.0 0.0698564350605011
0.0 0.06990671157836914
0.0 0.07001771777868271
0.0 0.0700211152434349
0.0 0.07004597038030624
0.0 0.07010699063539505
0.0 0.07015226781368256
0.0 0.07020067423582077
0.0 0.07028120011091232
0.0 0.07038681209087372
0.0 0.07042400538921356
0.0 0.07042457908391953
0.0 0.0704258382320404
0.0 0.07043757289648056
0.0 0.07052789628505707
0.0 0.07054991275072098
0.0 0.07061131298542023
0.0 0.07089957594871521
0.0 0.07103514671325684
0.0 0.07114364206790924
0.0 0.07115564495325089
0.0 0.07134521752595901
0.0 0.07147525250911713
0.0 0.07148139923810959
0.0 0.07152453064918518
0.0 0.07154588401317596
0.0 0.07156216353178024
0.0 0.07159101217985153
0.0 0.07161995768547058
0.0 0.07168333232402802
0.0 0.07175263017416
0.0 0.07186327129602432
0.0 0.07186499238014221
0.0 0.07188743352890015
0.0 0.071936696767807
0.0 0.07194100320339203
0.0 0.07195193320512772
0.0 0.072214774787426
0.0 0.07225590944290161
0.0 0.07230830192565918
0.0 0.0723365917801857
0.0 0.07234615832567215
0.0 0.07235424965620041
0.0 0.07241108268499374
0.0 0.0725787878036499
0.0 0.07259654253721237
0.0 0.07266302406787872
0.0 0.07266376167535782
0.0 0.07272787392139435
0.0 0.07278478890657425
0.0 0.07285818457603455
0.0 0.07285858690738678
0.0 0.07290878146886826
0.0 0.07293665409088135
0.0 0.07299131900072098
0.0 0.07299386709928513
0.0 0.07301949709653854
0.0 0.07304120808839798
0.0 0.07317599654197693
0.0 0.07318338006734848
0.0 0.07322381436824799
0.0 0.07325666397809982
0.0 0.0733063593506813
0.0 0.07331111282110214
0.0 0.07348617911338806
0.0 0.07355222851037979
0.0 0.0735744833946228
0.0 0.07367461174726486
0.0 0.07379131764173508
0.0 0.07397428154945374
0.0 0.07397893071174622
0.0 0.07404233515262604
0.0 0.0740799829363823
0.0 0.0742618590593338
0.0 0.07442457973957062
0.0 0.0744950920343399
0.0 0.07457664608955383
0.0 0.07460685819387436
0.0 0.0746089518070221
0.0 0.07465595006942749
0.0 0.07465826719999313
0.0 0.07466576993465424
0.0 0.07481058686971664
0.0 0.07497598975896835
0.0 0.07504741102457047
0.0 0.07562059909105301
0.0 0.07578253746032715
0.0 0.07592286169528961
0.0 0.07593684643507004
0.0 0.07601019740104675
0.0 0.07608741521835327
0.0 0.07610100507736206
0.0 0.0761030986905098
0.0 0.07624922692775726
0.0 0.07625783979892731
0.0 0.07628357410430908
0.0 0.07628599554300308
0.0 0.07633677870035172
0.0 0.07636484503746033
0.0 0.07670916616916656
0.0 0.07676577568054199
0.0 0.07681213319301605
0.0 0.07686315476894379
0.0 0.0769684761762619
0.0 0.07709430903196335
0.0 0.07709947228431702
0.0 0.07713175565004349
0.0 0.0773518905043602
0.0 0.0775933712720871
0.0 0.07801472395658493
0.0 0.07814961671829224
0.0 0.07835661619901657
0.0 0.07885440438985825
0.0 0.07889427244663239
0.0 0.07890243083238602
0.0 0.07897382974624634
0.0 0.07918459177017212
0.0 0.07952458411455154
0.0 0.07954032719135284
0.0 0.07958972454071045
0.0 0.07979641109704971
0.0 0.07985620945692062
0.0 0.07988284528255463
0.0 0.07999305427074432
0.0 0.08036654442548752
0.0 0.0806632936000824
0.0 0.08082161843776703
0.0 0.08090347051620483
0.0 0.08097105473279953
0.0 0.08101775497198105
0.0 0.0811263769865036
0.0 0.08154138922691345
0.0 0.08155877143144608
0.0 0.08156219869852066
0.0 0.08156265318393707
0.0 0.08166133612394333
0.0 0.08167189359664917
0.0 0.08172864466905594
0.0 0.08173700422048569
0.0 0.08191992342472076
0.0 0.08232290297746658
0.0 0.08247526735067368
0.0 0.08275125175714493
0.0 0.08281922340393066
0.0 0.08282868564128876
0.0 0.08288025856018066
0.0 0.08297857642173767
0.0 0.08300779014825821
0.0 0.08307996392250061
0.0 0.08309382945299149
0.0 0.08320797234773636
0.0 0.08332399278879166
0.0 0.08348206430673599
0.0 0.08364503085613251
0.0 0.08369823545217514
0.0 0.08372491598129272
0.0 0.08372873812913895
0.0 0.08375438302755356
0.0 0.08396393060684204
0.0 0.08402621746063232
0.0 0.08403081446886063
0.0 0.08409227430820465
0.0 0.08415356278419495
0.0 0.0843236893415451
0.0 0.08438548445701599
0.0 0.08450450003147125
0.0 0.08492947369813919
0.0 0.08498219400644302
0.0 0.08512260764837265
0.0 0.08522467315196991
0.0 0.08534198999404907
0.0 0.08628813922405243
0.0 0.08640019595623016
0.0 0.08659189194440842
0.0 0.08674353361129761
0.0 0.08686894178390503
0.0 0.08690112084150314
0.0 0.08691361546516418
0.0 0.0870143473148346
0.0 0.08703421801328659
0.0 0.08744867891073227
0.0 0.08752823621034622
0.0 0.08771076053380966
0.0 0.08791668713092804
0.0 0.08796510845422745
0.0 0.08825349807739258
0.0 0.08842992782592773
0.0 0.08843845874071121
0.0 0.08843877166509628
0.0 0.08900416642427444
0.0 0.08917642384767532
0.0 0.08924202620983124
0.0 0.08931665122509003
0.0 0.08974924683570862
0.0 0.08982529491186142
0.0 0.08989284932613373
0.0 0.09006337821483612
0.0 0.09030210226774216
0.0 0.09133733063936234
0.0 0.09139187633991241
0.0 0.0915258452296257
0.0 0.09173638373613358
0.0 0.09225762635469437
0.0 0.09265880286693573
0.0 0.09269501268863678
0.0 0.09272712469100952
0.0 0.0928071066737175
0.0 0.09298531711101532
0.0 0.09302594512701035
0.0 0.09380801022052765
0.0 0.09395752847194672
0.0 0.09417027235031128
0.0 0.09418031573295593
0.0 0.09455221146345139
0.0 0.09485270828008652
0.0 0.09510010480880737
0.0 0.09512810409069061
0.0 0.09562663733959198
0.0 0.09563031047582626
0.0 0.09591807425022125
0.0 0.09647037088871002
0.0 0.0964951291680336
0.0 0.09657054394483566
0.0 0.09689164906740189
0.0 0.09703154861927032
0.0 0.09727679193019867
0.0 0.09759204834699631
0.0 0.09797882288694382
0.0 0.09902860969305038
0.0 0.09904308617115021
0.0 0.0991247147321701
0.0 0.09954950213432312
0.0 0.09958456456661224
0.0 0.10035581141710281
0.0 0.10053536295890808
0.0 0.10136581212282181
0.0 0.10232089459896088
0.0 0.1027374267578125
0.0 0.10671674460172653
0.0 0.106949083507061
0.0 0.10730738937854767
0.0 0.10877688974142075
0.0 0.10958327353000641
0.0 0.1095912978053093
0.0 0.10995113849639893
0.0 0.11089261621236801
0.0 0.11212613433599472
0.0 0.11251180619001389
0.0 0.1135341003537178
0.0 0.1142067238688469
0.0 0.1157509908080101
0.0 0.11744759976863861
0.0 0.1215389296412468
0.0 0.12923868000507355
0.0 0.1293133646249771
0.0 0.13324786722660065
0.0 0.13511691987514496
0.0 inf
