0.0 0.036073923110961914
0.0 0.04166556894779205
0.0 0.04172341153025627
0.0 0.042697418481111526
0.0 0.042914979159832
0.0 0.04485093429684639
0.0 0.045215263962745667
0.0 0.04570078104734421
0.0 0.04580037668347359
0.0 0.04601337015628815
0.0 0.04662155732512474
0.0 0.0469350703060627
0.0 0.04695378243923187
0.0 0.047025054693222046
0.0 0.04719019681215286
0.0 0.047190215438604355
0.0 0.04731405898928642
0.0 0.04752970486879349
0.0 0.04768753796815872
0.0 0.047706250101327896
0.0 0.04773420840501785
0.0 0.04787661135196686
0.0 0.047996703535318375
0.0 0.04815154895186424
0.0 0.048341765999794006
0.0 0.048357076942920685
0.0 0.04837478697299957
0.0 0.04858630150556564
0.0 0.048748910427093506
0.0 0.04882742464542389
0.0 0.04886813834309578
0.0 0.04896743223071098
0.0 0.04898061603307724
0.0 0.04911234229803085
0.0 0.0493270680308342
0.0 0.04939202219247818
0.0 0.04951450973749161
0.0 0.049601197242736816
0.0 0.049610041081905365
0.0 0.04971100017428398
0.0 0.050148822367191315
0.0 0.05023382231593132
0.0 0.05028194189071655
0.0 0.050477590411901474
0.0 0.050515931099653244
0.0 0.05072103440761566
0.0 0.05086236819624901
0.0 0.05112997069954872
0.0 0.05136186629533768
0.0 0.051408812403678894
0.0 0.05173978582024574
0.0 0.05183142423629761
0.0 0.0519181489944458
0.0 0.05202136188745499
0.0 0.052048876881599426
0.0 0.05216386914253235
0.0 0.05223865807056427
0.0 0.05229051411151886
0.0 0.05230478197336197
0.0 0.052442893385887146
0.0 0.05273311957716942
0.0 0.05287965014576912
0.0 0.05291305482387543
0.0 0.05302371457219124
0.0 0.05306673422455788
0.0 0.05327970162034035
0.0 0.05334266647696495
0.0 0.053486473858356476
0.0 0.05364404246211052
0.0 0.05397546663880348
0.0 0.05398315563797951
0.0 0.05399908870458603
0.0 0.05401954799890518
0.0 0.054026369005441666
0.0 0.054081521928310394
0.0 0.054203253239393234
0.0 0.054297130554914474
0.0 0.05433901771903038
0.0 0.054424937814474106
0.0 0.05448511987924576
0.0 0.05452156439423561
0.0 0.05456840991973877
0.0 0.05460360646247864
0.0 0.05483139678835869
0.0 0.054910220205783844
0.0 0.054970793426036835
0.0 0.05498356744647026
0.0 0.05508187785744667
0.0 0.05527373030781746
0.0 0.05556865409016609
0.0 0.055575963109731674
0.0 0.05579357221722603
0.0 0.05586101859807968
0.0 0.05604345351457596
0.0 0.056097667664289474
0.0 0.05634531378746033
0.0 0.0566229484975338
0.0 0.056771352887153625
0.0 0.056973785161972046
0.0 0.057060472667217255
0.0 0.057095035910606384
0.0 0.05719214305281639
0.0 0.057247553020715714
0.0 0.057333193719387054
0.0 0.057422369718551636
0.0 0.05745891109108925
0.0 0.057467129081487656
0.0 0.05752147361636162
0.0 0.057757310569286346
0.0 0.057811807841062546
0.0 0.05781293287873268
0.0 0.05787230655550957
0.0 0.05788881331682205
0.0 0.05790911987423897
0.0 0.05822240188717842
0.0 0.05832377076148987
0.0 0.05835999175906181
0.0 0.05837065726518631
0.0 0.05852629616856575
0.0 0.058558084070682526
0.0 0.058616653084754944
0.0 0.05862703546881676
0.0 0.058705367147922516
0.0 0.05871110409498215
0.0 0.05872354283928871
0.0 0.05879116803407669
0.0 0.05885769799351692
0.0 0.05887438356876373
0.0 0.05890277400612831
0.0 0.05893946811556816
0.0 0.05898769199848175
0.0 0.058991022408008575
0.0 0.059007011353969574
0.0 0.059130117297172546
0.0 0.05920299515128136
0.0 0.05924271047115326
0.0 0.059282008558511734
0.0 0.059322379529476166
0.0 0.05935470759868622
0.0 0.059362731873989105
0.0 0.05940159037709236
0.0 0.05942557752132416
0.0 0.059440623968839645
0.0 0.059457678347826004
0.0 0.059477727860212326
0.0 0.05948858708143234
0.0 0.059518929570913315
0.0 0.059559304267168045
0.0 0.05960044264793396
0.0 0.059629928320646286
0.0 0.059638611972332
0.0 0.05966921150684357
0.0 0.059979893267154694
0.0 0.06008071079850197
0.0 0.06015383079648018
0.0 0.06015529856085777
0.0 0.06019515544176102
0.0 0.060196392238140106
0.0 0.060390371829271317
0.0 0.06040985882282257
0.0 0.060422420501708984
0.0 0.060449112206697464
0.0 0.06063108146190643
0.0 0.060791488736867905
0.0 0.06102384999394417
0.0 0.06103493645787239
0.0 0.061088066548109055
0.0 0.06111083924770355
0.0 0.06112772971391678
0.0 0.06125745177268982
0.0 0.06128185614943504
0.0 0.06144631654024124
0.0 0.061493128538131714
0.0 0.061546243727207184
0.0 0.061596550047397614
0.0 0.06164273992180824
0.0 0.061645686626434326
0.0 0.06166188791394234
0.0 0.061682794243097305
0.0 0.06169420853257179
0.0 0.061707012355327606
0.0 0.06172986701130867
0.0 0.061744529753923416
0.0 0.06180291250348091
0.0 0.0620124526321888
0.0 0.06209733337163925
0.0 0.06211182102560997
0.0 0.06219132989645004
0.0 0.062225162982940674
0.0 0.06233453378081322
0.0 0.06240764260292053
0.0 0.06240959092974663
0.0 0.062436386942863464
0.0 0.06249995157122612
0.0 0.0625198483467102
0.0 0.06258533149957657
0.0 0.06261265277862549
0.0 0.06263422966003418
0.0 0.06280680745840073
0.0 0.06285043060779572
0.0 0.06287228316068649
0.0 0.0630403533577919
0.0 0.06310530006885529
0.0 0.06318078190088272
0.0 0.0634097009897232
0.0 0.06342209130525589
0.0 0.06349565833806992
0.0 0.06351369619369507
0.0 0.06352119892835617
0.0 0.0635356530547142
0.0 0.06388799101114273
0.0 0.06390358507633209
0.0 0.0639580488204956
0.0 0.06410056352615356
0.0 0.06430157274007797
0.0 0.06432728469371796
0.0 0.0645103007555008
0.0 0.06461719423532486
0.0 0.06475447118282318
0.0 0.06482327729463577
0.0 0.06484860181808472
0.0 0.06491857767105103
0.0 0.06505995243787766
0.0 0.06508328765630722
0.0 0.06551630795001984
0.0 0.06557351350784302
0.0 0.06557878851890564
0.0 0.06559425592422485
0.0 0.0657188892364502
0.0 0.06574749201536179
0.0 0.06583595275878906
0.0 0.0658457949757576
0.0 0.06586799025535583
0.0 0.0659148171544075
0.0 0.06597381830215454
0.0 0.06599842756986618
0.0 0.06613638252019882
0.0 0.06615153700113297
0.0 0.06619147211313248
0.0 0.06629651039838791
0.0 0.06631913781166077
0.0 0.06643633544445038
0.0 0.06646005809307098
0.0 0.06665817648172379
0.0 0.06669288128614426
0.0 0.06670321524143219
0.0 0.06670889258384705
0.0 0.06671011447906494
0.0 0.06671038269996643
0.0 0.06672867387533188
0.0 0.06680204719305038
0.0 0.06688243895769119
0.0 0.06696421653032303
0.0 0.06699784845113754
0.0 0.06709148734807968
0.0 0.06718198210000992
0.0 0.0671873539686203
0.0 0.06722888350486755
0.0 0.06723357737064362
0.0 0.06728275120258331
0.0 0.06736069172620773
0.0 0.06755311787128448
0.0 0.06762154400348663
0.0 0.06768949329853058
0.0 0.06779947131872177
0.0 0.06785061210393906
0.0 0.06795493513345718
0.0 0.06825770437717438
0.0 0.06831281632184982
0.0 0.06843343377113342
0.0 0.06848058104515076
0.0 0.06850653141736984
0.0 0.06851084530353546
0.0 0.06851735711097717
0.0 0.06854044646024704
0.0 0.06854202598333359
0.0 0.06856126338243484
0.0 0.06865362077951431
0.0 0.06886321306228638
0.0 0.06887953728437424
0.0 0.06890758872032166
0.0 0.06893477588891983
0.0 0.06903310120105743
0.0 0.06919976323843002
0.0 0.06922070682048798
0.0 0.06926674395799637
0.0 0.06933121383190155
0.0 0.06943543255329132
0.0 0.06960893422365189
0.0 0.06962757557630539
0.0 0.0697726234793663
0.0 0.06980974227190018
0.0 0.0698622390627861
0.0 0.06997400522232056
0.0 0.0699935257434845
0.0 0.06999748200178146
0.0 0.07001074403524399
0.0 0.0700964629650116
0.0 0.07013633847236633
0.0 0.07015608251094818
0.0 0.07023587822914124
0.0 0.07024935632944107
0.0 0.07034143805503845
0.0 0.07046093046665192
0.0 0.07051011919975281
0.0 0.07053624093532562
0.0 0.07109206169843674
0.0 0.07113510370254517
0.0 0.07133200764656067
0.0 0.07133957743644714
0.0 0.07138098776340485
0.0 0.07140235602855682
0.0 0.0714404508471489
0.0 0.07156271487474442
0.0 0.07171407341957092
0.0 0.07191038131713867
0.0 0.07198629528284073
0.0 0.07209254056215286
0.0 0.07212068885564804
0.0 0.07218176126480103
0.0 0.07231469452381134
0.0 0.07232044637203217
0.0 0.07233380526304245
0.0 0.07256146520376205
0.0 0.07267095893621445
0.0 0.07269185036420822
0.0 0.07275322079658508
0.0 0.07275912910699844
0.0 0.07277888804674149
0.0 0.07279099524021149
0.0 0.07300429791212082
0.0 0.07306858152151108
0.0 0.07320090383291245
0.0 0.07320661842823029
0.0 0.07326265424489975
0.0 0.07335950434207916
0.0 0.07349058240652084
0.0 0.07351744920015335
0.0 0.07351825386285782
0.0 0.073890320956707
0.0 0.07389269024133682
0.0 0.07426922023296356
0.0 0.07443763315677643
0.0 0.07451363652944565
0.0 0.07482313364744186
0.0 0.07501547038555145
0.0 0.07521238923072815
0.0 0.07530899345874786
0.0 0.07544920593500137
0.0 0.07552538067102432
0.0 0.07560709863901138
0.0 0.07584847509860992
0.0 0.07640598714351654
0.0 0.0766419768333435
0.0 0.07698570936918259
0.0 0.0769914910197258
0.0 0.07710149139165878
0.0 0.07711470872163773
0.0 0.07715654373168945
0.0 0.07718329131603241
0.0 0.0772777572274208
0.0 0.07733321189880371
0.0 0.0773494616150856
0.0 0.07736813277006149
0.0 0.07757650315761566
0.0 0.07758413255214691
0.0 0.0776694193482399
0.0 0.07782149314880371
0.0 0.07786500453948975
0.0 0.07791079580783844
0.0 0.07797782123088837
0.0 0.07808542251586914
0.0 0.0785115659236908
0.0 0.07855214178562164
0.0 0.07856478542089462
0.0 0.07857684791088104
0.0 0.07863203436136246
0.0 0.07875151932239532
0.0 0.0790129154920578
0.0 0.07922564446926117
0.0 0.07924813777208328
0.0 0.07950964570045471
0.0 0.07960044592618942
0.0 0.07962930202484131
0.0 0.07971949875354767
0.0 0.07981976121664047
0.0 0.07983886450529099
0.0 0.07985367625951767
0.0 0.07990007847547531
0.0 0.07991885393857956
0.0 0.079976886510849
0.0 0.08016566932201385
0.0 0.08075038343667984
0.0 0.08077038824558258
0.0 0.0808366909623146
0.0 0.0808919295668602
0.0 0.0809294581413269
0.0 0.08096504211425781
0.0 0.08102712780237198
0.0 0.08112169057130814
0.0 0.08115065097808838
0.0 0.08128325641155243
0.0 0.08129170536994934
0.0 0.0813492089509964
0.0 0.0814407616853714
0.0 0.08156350255012512
0.0 0.08179377764463425
0.0 0.08183645457029343
0.0 0.08184294402599335
0.0 0.0819607749581337
0.0 0.08213283866643906
0.0 0.0822085440158844
0.0 0.08229218423366547
0.0 0.08261585980653763
0.0 0.08270139992237091
0.0 0.08276590704917908
0.0 0.08300109207630157
0.0 0.08311191201210022
0.0 0.08355540782213211
0.0 0.08356202393770218
0.0 0.08382167667150497
0.0 0.08394449204206467
0.0 0.08403350412845612
0.0 0.08422445505857468
0.0 0.08484040200710297
0.0 0.08491640537977219
0.0 0.08498483896255493
0.0 0.08508851379156113
0.0 0.08530032634735107
0.0 0.08537336438894272
0.0 0.08546412736177444
0.0 0.08551947772502899
0.0 0.08586382865905762
0.0 0.0860891044139862
0.0 0.08610615879297256
0.0 0.08628443628549576
0.0 0.08691290766000748
0.0 0.08701340109109879
0.0 0.0870581865310669
0.0 0.08707258105278015
0.0 0.08707887679338455
0.0 0.08713109791278839
0.0 0.08738094568252563
0.0 0.08743589371442795
0.0 0.08780381083488464
0.0 0.0878148302435875
0.0 0.08800788968801498
0.0 0.08885826915502548
0.0 0.08915802836418152
0.0 0.08924301713705063
0.0 0.08928566426038742
0.0 0.08933327347040176
0.0 0.08935537189245224
0.0 0.08951062709093094
0.0 0.08953417092561722
0.0 0.08985160291194916
0.0 0.08987214416265488
0.0 0.09008769690990448
0.0 0.09024318307638168
0.0 0.09065403789281845
0.0 0.09099254012107849
0.0 0.09133604168891907
0.0 0.09243287146091461
0.0 0.09245973825454712
0.0 0.0932074710726738
0.0 0.09347555041313171
0.0 0.09357576817274094
0.0 0.09362334758043289
0.0 0.09434819966554642
0.0 0.09481637179851532
0.0 0.09491784870624542
0.0 0.0949331745505333
0.0 0.09508904069662094
0.0 0.09509331732988358
0.0 0.09512703120708466
0.0 0.0953608825802803
0.0 0.09548363834619522
0.0 0.09557053446769714
0.0 0.09557090699672699
0.0 0.09720683842897415
0.0 0.0972919836640358
0.0 0.09729693830013275
0.0 0.09750556945800781
0.0 0.09753301739692688
0.0 0.09761928021907806
0.0 0.09779632836580276
0.0 0.09799641370773315
0.0 0.09807859361171722
0.0 0.0986170545220375
0.0 0.09921383857727051
0.0 0.09961023181676865
0.0 0.1000651940703392
0.0 0.10169864445924759
0.0 0.10197477787733078
0.0 0.10285967588424683
0.0 0.10342365503311157
0.0 0.10378076881170273
0.0 0.10385045409202576
0.0 0.10440782457590103
0.0 0.10484354943037033
0.0 0.10489426553249359
0.0 0.10532373189926147
0.0 0.1064915806055069
0.0 0.10659798234701157
0.0 0.10704851895570755
0.0 0.10755965858697891
0.0 0.1089448556303978
0.0 0.10957324504852295
0.0 0.11118462681770325
0.0 0.11560861021280289
0.0 0.11685274541378021
0.0 inf
