0.0 0.020910581573843956
0.0 0.02101893350481987
0.0 0.021131662651896477
0.0 0.022860564291477203
0.0 0.023298054933547974
0.0 0.02353292889893055
0.0 0.02358051761984825
0.0 0.02388354204595089
0.0 0.024052590131759644
0.0 0.024095244705677032
0.0 0.02418491616845131
0.0 0.025065526366233826
0.0 0.025191735476255417
0.0 0.02536405250430107
0.0 0.025413092225790024
0.0 0.02579127810895443
0.0 0.026011886075139046
0.0 0.026191962882876396
0.0 0.026381658390164375
0.0 0.026469122618436813
0.0 0.026484329253435135
0.0 0.026605674996972084
0.0 0.026725461706519127
0.0 0.026739876717329025
0.0 0.02678506448864937
0.0 0.026865964755415916
0.0 0.026883892714977264
0.0 0.027092184871435165
0.0 0.02719859406352043
0.0 0.027365704998373985
0.0 0.027366645634174347
0.0 0.02750951610505581
0.0 0.027863165363669395
0.0 0.027882330119609833
0.0 0.027926981449127197
0.0 0.028025377541780472
0.0 0.028159838169813156
0.0 0.028182292357087135
0.0 0.028250951319932938
0.0 0.0282523762434721
0.0 0.028388576582074165
0.0 0.028431152924895287
0.0 0.028431938961148262
0.0 0.02848171815276146
0.0 0.028643939644098282
0.0 0.028849510475993156
0.0 0.028944138437509537
0.0 0.029030190780758858
0.0 0.02910134755074978
0.0 0.029128413647413254
0.0 0.02929082326591015
0.0 0.029412703588604927
0.0 0.029488354921340942
0.0 0.0295120682567358
0.0 0.029530193656682968
0.0 0.029531408101320267
0.0 0.029796434566378593
0.0 0.029801225289702415
0.0 0.029819846153259277
0.0 0.02988058514893055
0.0 0.02992895059287548
0.0 0.03000430203974247
0.0 0.030039532110095024
0.0 0.03004060871899128
0.0 0.03012576699256897
0.0 0.030213655903935432
0.0 0.03044368512928486
0.0 0.0304504856467247
0.0 0.03047122247517109
0.0 0.030481068417429924
0.0 0.030830716714262962
0.0 0.030863141641020775
0.0 0.0308757983148098
0.0 0.030933845788240433
0.0 0.030956098809838295
0.0 0.030960075557231903
0.0 0.031066160649061203
0.0 0.031081408262252808
0.0 0.031190382316708565
0.0 0.031228870153427124
0.0 0.03130612522363663
0.0 0.03139348328113556
0.0 0.0314360074698925
0.0 0.03144142031669617
0.0 0.031460266560316086
0.0 0.031465791165828705
0.0 0.03147658333182335
0.0 0.031476955860853195
0.0 0.03153051808476448
0.0 0.031563177704811096
0.0 0.03157171979546547
0.0 0.0315878726541996
0.0 0.031617507338523865
0.0 0.031744226813316345
0.0 0.03178715705871582
0.0 0.03179379925131798
0.0 0.031856682151556015
0.0 0.031867966055870056
0.0 0.03189481794834137
0.0 0.03204934298992157
0.0 0.03216862678527832
0.0 0.03231562674045563
0.0 0.03231656923890114
0.0 0.03244795650243759
0.0 0.03248928487300873
0.0 0.032508183270692825
0.0 0.032541900873184204
0.0 0.032565195113420486
0.0 0.03261672705411911
0.0 0.03263922035694122
0.0 0.03264357149600983
0.0 0.03282659128308296
0.0 0.03289313614368439
0.0 0.03291407600045204
0.0 0.03305412083864212
0.0 0.03308780863881111
0.0 0.033207591623067856
0.0 0.03320782259106636
0.0 0.03328239917755127
0.0 0.03336380794644356
0.0 0.03337397426366806
0.0 0.0334373414516449
0.0 0.03346192464232445
0.0 0.03346703201532364
0.0 0.03348865360021591
0.0 0.03349246457219124
0.0 0.03350008279085159
0.0 0.0335022509098053
0.0 0.0335044339299202
0.0 0.033586811274290085
0.0 0.03362013399600983
0.0 0.033693425357341766
0.0 0.033765796571969986
0.0 0.0337839350104332
0.0 0.033841922879219055
0.0 0.033849406987428665
0.0 0.033866655081510544
0.0 0.033880528062582016
0.0 0.0339336059987545
0.0 0.034006454050540924
0.0 0.03401550278067589
0.0 0.03403252363204956
0.0 0.03404615819454193
0.0 0.034147415310144424
0.0 0.03415464609861374
0.0 0.03419620543718338
0.0 0.03430882468819618
0.0 0.034329842776060104
0.0 0.03440316766500473
0.0 0.034418556839227676
0.0 0.03455772250890732
0.0 0.034749966114759445
0.0 0.03486260026693344
0.0 0.034894250333309174
0.0 0.03491177782416344
0.0 0.03492916002869606
0.0 0.03499007970094681
0.0 0.03500495105981827
0.0 0.03500533103942871
0.0 0.03501678258180618
0.0 0.03505559265613556
0.0 0.03521519899368286
0.0 0.03528279438614845
0.0 0.035408467054367065
0.0 0.035445306450128555
0.0 0.035476505756378174
0.0 0.035493530333042145
0.0 0.03550015389919281
0.0 0.03550687059760094
0.0 0.03556277975440025
0.0 0.035612814128398895
0.0 0.03562245890498161
0.0 0.03564798831939697
0.0 0.03565829619765282
0.0 0.03573712334036827
0.0 0.03585352376103401
0.0 0.03593974933028221
0.0 0.03603482246398926
0.0 0.036044154316186905
0.0 0.03606119751930237
0.0 0.03606139123439789
0.0 0.0360846146941185
0.0 0.03615443408489227
0.0 0.03618280962109566
0.0 0.03618553653359413
0.0 0.03624548017978668
0.0 0.03632592409849167
0.0 0.0363667868077755
0.0 0.03637581691145897
0.0 0.03649809584021568
0.0 0.0365329384803772
0.0 0.03653622046113014
0.0 0.03671271353960037
0.0 0.03675028309226036
0.0 0.03677350655198097
0.0 0.036802202463150024
0.0 0.03684874624013901
0.0 0.036880768835544586
0.0 0.03693276271224022
0.0 0.036944758147001266
0.0 0.0370776504278183
0.0 0.037078969180583954
0.0 0.03708503767848015
0.0 0.03717436268925667
0.0 0.03718917444348335
0.0 0.03725175932049751
0.0 0.03728385269641876
0.0 0.03732629120349884
0.0 0.03735979273915291
0.0 0.03737454488873482
0.0 0.03738017380237579
0.0 0.037389740347862244
0.0 0.037436287850141525
0.0 0.03748311474919319
0.0 0.0374835766851902
0.0 0.03750328719615936
0.0 0.03754212707281113
0.0 0.037611473351716995
0.0 0.03766097128391266
0.0 0.037668678909540176
0.0 0.03774312138557434
0.0 0.037749819457530975
0.0 0.037762850522994995
0.0 0.03784937039017677
0.0 0.03801024705171585
0.0 0.038046982139348984
0.0 0.03805223107337952
0.0 0.03806808218359947
0.0 0.03812476992607117
0.0 0.038299016654491425
0.0 0.03832406923174858
0.0 0.03848983719944954
0.0 0.03857875615358353
0.0 0.038648735731840134
0.0 0.03874128684401512
0.0 0.038870278745889664
0.0 0.038979046046733856
0.0 0.038987934589385986
0.0 0.03900172561407089
0.0 0.03900934383273125
0.0 0.039015986025333405
0.0 0.03903897479176521
0.0 0.03905845060944557
0.0 0.03906231373548508
0.0 0.03908403962850571
0.0 0.0391315333545208
0.0 0.03913578763604164
0.0 0.0391993373632431
0.0 0.03926773741841316
0.0 0.039272233843803406
0.0 0.039293985813856125
0.0 0.03930101543664932
0.0 0.0393306128680706
0.0 0.0394025593996048
0.0 0.0394134446978569
0.0 0.03946733474731445
0.0 0.03953208774328232
0.0 0.03956053406000137
0.0 0.03964155912399292
0.0 0.03970026224851608
0.0 0.03972382843494415
0.0 0.039757244288921356
0.0 0.03976951166987419
0.0 0.03977162390947342
0.0 0.03979518264532089
0.0 0.03979659453034401
0.0 0.03984891623258591
0.0 0.039908140897750854
0.0 0.03990878164768219
0.0 0.040038082748651505
0.0 0.04006784409284592
0.0 0.04013746231794357
0.0 0.04017316550016403
0.0 0.04022911936044693
0.0 0.04024471715092659
0.0 0.04024859145283699
0.0 0.0402505025267601
0.0 0.04028434306383133
0.0 0.04045150429010391
0.0 0.04046928137540817
0.0 0.04047977179288864
0.0 0.04064173623919487
0.0 0.04072114825248718
0.0 0.0407765693962574
0.0 0.04083366319537163
0.0 0.040838927030563354
0.0 0.04087488353252411
0.0 0.04114585369825363
0.0 0.04119028523564339
0.0 0.04119505360722542
0.0 0.041213035583496094
0.0 0.041220858693122864
0.0 0.04122261703014374
0.0 0.04124874621629715
0.0 0.04125990346074104
0.0 0.04135902598500252
0.0 0.041419029235839844
0.0 0.041419144719839096
0.0 0.04162513464689255
0.0 0.04163285344839096
0.0 0.04168324172496796
0.0 0.04171324148774147
0.0 0.04178362712264061
0.0 0.041823308914899826
0.0 0.041827838867902756
0.0 0.04187728837132454
0.0 0.041882604360580444
0.0 0.04188387840986252
0.0 0.041909489780664444
0.0 0.04195697233080864
0.0 0.04204820096492767
0.0 0.042062994092702866
0.0 0.04206359386444092
0.0 0.042085692286491394
0.0 0.042125869542360306
0.0 0.04222550988197327
0.0 0.04239683970808983
0.0 0.04241691157221794
0.0 0.04247108846902847
0.0 0.04248996451497078
0.0 0.04249940067529678
0.0 0.0425066240131855
0.0 0.042514998465776443
0.0 0.0425448901951313
0.0 0.042576733976602554
0.0 0.04261916130781174
0.0 0.04294382035732269
0.0 0.04304040968418121
0.0 0.04311586171388626
0.0 0.04318692535161972
0.0 0.04342200607061386
0.0 0.04353450983762741
0.0 0.04356108605861664
0.0 0.04374871402978897
0.0 0.04376182705163956
0.0 0.04378298670053482
0.0 0.043792687356472015
0.0 0.043811485171318054
0.0 0.04382910951972008
0.0 0.043869033455848694
0.0 0.043893419206142426
0.0 0.04389344900846481
0.0 0.04410207271575928
0.0 0.04413294047117233
0.0 0.04417697340250015
0.0 0.04419565200805664
0.0 0.04426193982362747
0.0 0.044334106147289276
0.0 0.04435068741440773
0.0 0.04452225938439369
0.0 0.04453431814908981
0.0 0.04461858049035072
0.0 0.044633619487285614
0.0 0.044663164764642715
0.0 0.044724613428115845
0.0 0.0447971485555172
0.0 0.0448225736618042
0.0 0.04485485330224037
0.0 0.044993747025728226
0.0 0.04500984400510788
0.0 0.045084577053785324
0.0 0.045145031064748764
0.0 0.045167744159698486
0.0 0.04519246891140938
0.0 0.04539177194237709
0.0 0.04539535194635391
0.0 0.04543415457010269
0.0 0.04550700634717941
0.0 0.04559367895126343
0.0 0.045601312071084976
0.0 0.04564833641052246
0.0 0.04577765613794327
0.0 0.04589317366480827
0.0 0.04617795720696449
0.0 0.04622954502701759
0.0 0.04624716937541962
0.0 0.04631378874182701
0.0 0.04632182791829109
0.0 0.04634631425142288
0.0 0.0464201383292675
0.0 0.046421583741903305
0.0 0.046492647379636765
0.0 0.046632084995508194
0.0 0.046663712710142136
0.0 0.04666411131620407
0.0 0.04682530090212822
0.0 0.046867627650499344
0.0 0.04687323421239853
0.0 0.04688626155257225
0.0 0.046893950551748276
0.0 0.04704528674483299
0.0 0.047073230147361755
0.0 0.047192905098199844
0.0 0.04729457199573517
0.0 0.04750949516892433
0.0 0.04770035296678543
0.0 0.04775204136967659
0.0 0.047914307564496994
0.0 0.048184435814619064
0.0 0.04832335188984871
0.0 0.04832688346505165
0.0 0.04837784171104431
0.0 0.04842422902584076
0.0 0.048604339361190796
0.0 0.04864823445677757
0.0 0.04867759719491005
0.0 0.04869379103183746
0.0 0.04877645522356033
0.0 0.04893382638692856
0.0 0.048989295959472656
0.0 0.049021027982234955
0.0 0.04906686767935753
0.0 0.049120768904685974
0.0 0.04917976260185242
0.0 0.049225255846977234
0.0 0.04927881062030792
0.0 0.04949601739645004
0.0 0.04961360991001129
0.0 0.04964400827884674
0.0 0.04978311434388161
0.0 0.04978521913290024
0.0 0.049855660647153854
0.0 0.04987778142094612
0.0 0.05004088208079338
0.0 0.05017569661140442
0.0 0.05020057410001755
0.0 0.050287894904613495
0.0 0.05038795247673988
0.0 0.050458770245313644
0.0 0.05065792426466942
0.0 0.0506705678999424
0.0 0.05078721046447754
0.0 0.05088304355740547
0.0 0.051003795117139816
0.0 0.051092300564050674
0.0 0.05132219195365906
0.0 0.0513501912355423
0.0 0.05136647820472717
0.0 0.051388002932071686
0.0 0.05177740380167961
0.0 0.051788296550512314
0.0 0.051818180829286575
0.0 0.052158646285533905
0.0 0.0525449737906456
0.0 0.05256270617246628
0.0 0.05272802338004112
0.0 0.05276667699217796
0.0 0.05300408601760864
0.0 0.053050264716148376
0.0 0.053127896040678024
0.0 0.05320919305086136
0.0 0.053940363228321075
0.0 0.053986597806215286
0.0 0.05399385839700699
0.0 0.0540158636868
0.0 0.05405333265662193
0.0 0.05422656610608101
0.0 0.05444086343050003
0.0 0.054554447531700134
0.0 0.054773516952991486
0.0 0.05514936149120331
0.0 0.05578605830669403
0.0 0.056069109588861465
0.0 0.05607710778713226
0.0 0.056282635778188705
0.0 0.05640726536512375
0.0 0.05667261779308319
0.0 0.05667300522327423
0.0 0.057186610996723175
0.0 0.0572517067193985
0.0 0.057673823088407516
0.0 0.05802258476614952
0.0 0.05805846303701401
0.0 0.05810634046792984
0.0 0.058111824095249176
0.0 0.05853232368826866
0.0 0.058641549199819565
0.0 0.05864930525422096
0.0 0.05872659757733345
0.0 0.059269316494464874
0.0 0.05963650718331337
0.0 0.06009555235505104
0.0 0.06030218303203583
0.0 0.06102250516414642
0.0 0.0613408125936985
0.0 0.061543647199869156
0.0 0.06266308575868607
0.0 0.06331349164247513
0.0 0.063885398209095
0.0 0.06413833051919937
0.0 0.0643177255988121
0.0 0.06456214934587479
0.0 0.06543773412704468
0.0 0.06562410295009613
0.0 0.0657668486237526
0.0 0.06578332930803299
0.0 0.0658930093050003
0.0 0.06757703423500061
0.0 0.0685531422495842
0.0 0.06863915920257568
0.0 0.06864510476589203
0.0 0.06881335377693176
0.0 0.06968846917152405
0.0 0.06983288377523422
0.0 0.07026904076337814
0.0 0.07107014954090118
0.0 0.07142259180545807
0.0 0.07172033190727234
0.0 0.07213403284549713
0.0 0.07425878942012787
0.0 0.09230593591928482
0.0 inf
