0.0 0.037936631590127945
0.0 0.040424566715955734
0.0 0.040865834802389145
0.0 0.04216133803129196
0.0 0.04254760220646858
0.0 0.04287387803196907
0.0 0.042942389845848083
0.0 0.04401515796780586
0.0 0.04433988407254219
0.0 0.04550481215119362
0.0 0.04707837477326393
0.0 0.047087740153074265
0.0 0.04710282012820244
0.0 0.04749445989727974
0.0 0.04752333089709282
0.0 0.047554075717926025
0.0 0.04775477573275566
0.0 0.0479804165661335
0.0 0.0481298491358757
0.0 0.048244062811136246
0.0 0.04828697815537453
0.0 0.0485306940972805
0.0 0.04860321804881096
0.0 0.04870181158185005
0.0 0.048798248171806335
0.0 0.04883702099323273
0.0 0.04888910427689552
0.0 0.048959191888570786
0.0 0.04930386692285538
0.0 0.04941670224070549
0.0 0.049688033759593964
0.0 0.04972979426383972
0.0 0.04983695223927498
0.0 0.04997400566935539
0.0 0.05011696740984917
0.0 0.0501200333237648
0.0 0.05028899759054184
0.0 0.050379905849695206
0.0 0.050490602850914
0.0 0.05049401894211769
0.0 0.05051064491271973
0.0 0.050562918186187744
0.0 0.05083409696817398
0.0 0.050855111330747604
0.0 0.05085702985525131
0.0 0.0508868545293808
0.0 0.05102034658193588
0.0 0.0511186383664608
0.0 0.05146022140979767
0.0 0.05152793228626251
0.0 0.05164109915494919
0.0 0.05172555148601532
0.0 0.05196210741996765
0.0 0.05202013626694679
0.0 0.05204084515571594
0.0 0.05216889828443527
0.0 0.05217001959681511
0.0 0.052206095308065414
0.0 0.05226998031139374
0.0 0.052407268434762955
0.0 0.052424948662519455
0.0 0.05244360491633415
0.0 0.052452243864536285
0.0 0.05254398658871651
0.0 0.052548013627529144
0.0 0.052620310336351395
0.0 0.05272836610674858
0.0 0.05279040336608887
0.0 0.052853699773550034
0.0 0.05300543084740639
0.0 0.05306979641318321
0.0 0.05309285596013069
0.0 0.05333734303712845
0.0 0.05339724197983742
0.0 0.05344901978969574
0.0 0.05345599353313446
0.0 0.05346484109759331
0.0 0.05349436774849892
0.0 0.053533561527729034
0.0 0.05383996292948723
0.0 0.053923703730106354
0.0 0.053969256579875946
0.0 0.05398818105459213
0.0 0.05399512127041817
0.0 0.05399738624691963
0.0 0.05411303788423538
0.0 0.054192885756492615
0.0 0.0542505607008934
0.0 0.054312754422426224
0.0 0.054353632032871246
0.0 0.054435115307569504
0.0 0.05448748543858528
0.0 0.05459613353013992
0.0 0.05474429950118065
0.0 0.054883699864149094
0.0 0.05490092188119888
0.0 0.05492226779460907
0.0 0.054934799671173096
0.0 0.05505278706550598
0.0 0.05508289858698845
0.0 0.05513472482562065
0.0 0.05519722029566765
0.0 0.05519915744662285
0.0 0.05529074743390083
0.0 0.055313609540462494
0.0 0.05534915626049042
0.0 0.05535015091300011
0.0 0.055436696857213974
0.0 0.05565871298313141
0.0 0.055669154971838
0.0 0.055819347500801086
0.0 0.055872008204460144
0.0 0.05594422668218613
0.0 0.05597665160894394
0.0 0.056084103882312775
0.0 0.05615796893835068
0.0 0.05618486925959587
0.0 0.05628453195095062
0.0 0.05638464167714119
0.0 0.056419920176267624
0.0 0.05643175542354584
0.0 0.05647837370634079
0.0 0.056534573435783386
0.0 0.05662992224097252
0.0 0.05668582394719124
0.0 0.05668772757053375
0.0 0.05674576014280319
0.0 0.05675708130002022
0.0 0.05690772458910942
0.0 0.057009607553482056
0.0 0.05705801770091057
0.0 0.05706075206398964
0.0 0.057087838649749756
0.0 0.057112693786621094
0.0 0.057165540754795074
0.0 0.057283464819192886
0.0 0.05731833726167679
0.0 0.05736493691802025
0.0 0.05737068131566048
0.0 0.05745532736182213
0.0 0.05746020749211311
0.0 0.057607199996709824
0.0 0.05766010656952858
0.0 0.05771104246377945
0.0 0.05776522308588028
0.0 0.05777940899133682
0.0 0.057821426540613174
0.0 0.05794850364327431
0.0 0.058014996349811554
0.0 0.05803604796528816
0.0 0.05808962881565094
0.0 0.058296531438827515
0.0 0.058324795216321945
0.0 0.058335062116384506
0.0 0.05842079222202301
0.0 0.05854015052318573
0.0 0.05861861631274223
0.0 0.05866866186261177
0.0 0.05874503776431084
0.0 0.0587674155831337
0.0 0.05899101123213768
0.0 0.059151068329811096
0.0 0.059293050318956375
0.0 0.05933736264705658
0.0 0.05935103818774223
0.0 0.05937692150473595
0.0 0.05958186462521553
0.0 0.05960436910390854
0.0 0.059856921434402466
0.0 0.06021618843078613
0.0 0.06042606756091118
0.0 0.06045227870345116
0.0 0.060630060732364655
0.0 0.060812097042798996
0.0 0.06103277951478958
0.0 0.06112254410982132
0.0 0.06116771697998047
0.0 0.06121227890253067
0.0 0.061334844678640366
0.0 0.06140535697340965
0.0 0.06142091006040573
0.0 0.06150738149881363
0.0 0.06152193248271942
0.0 0.06153455749154091
0.0 0.06155318021774292
0.0 0.06155455857515335
0.0 0.06163133308291435
0.0 0.06163879856467247
0.0 0.061675798147916794
0.0 0.061719223856925964
0.0 0.06177274137735367
0.0 0.06185558810830116
0.0 0.06197107583284378
0.0 0.06200304254889488
0.0 0.062058545649051666
0.0 0.06208523362874985
0.0 0.06214771047234535
0.0 0.062148567289114
0.0 0.062151022255420685
0.0 0.06222181394696236
0.0 0.062370479106903076
0.0 0.06246692314743996
0.0 0.06263444572687149
0.0 0.06268835067749023
0.0 0.06271135061979294
0.0 0.0627499595284462
0.0 0.06280048936605453
0.0 0.06284931302070618
0.0 0.06290383636951447
0.0 0.06290673464536667
0.0 0.06292574852705002
0.0 0.06297951191663742
0.0 0.06309641897678375
0.0 0.06312914192676544
0.0 0.0631309449672699
0.0 0.06317659467458725
0.0 0.06318355351686478
0.0 0.06328117102384567
0.0 0.06336463242769241
0.0 0.06338373571634293
0.0 0.06346645206212997
0.0 0.06355436891317368
0.0 0.06374873220920563
0.0 0.06383156031370163
0.0 0.06394121050834656
0.0 0.06394785642623901
0.0 0.06402207165956497
0.0 0.06408531963825226
0.0 0.0641140267252922
0.0 0.06421439349651337
0.0 0.06423567980527878
0.0 0.06426528841257095
0.0 0.06428541243076324
0.0 0.06432247161865234
0.0 0.06436962634325027
0.0 0.064396932721138
0.0 0.06444999575614929
0.0 0.06447479128837585
0.0 0.06455329060554504
0.0 0.0645623579621315
0.0 0.06457270681858063
0.0 0.06461811065673828
0.0 0.06482139974832535
0.0 0.06486578285694122
0.0 0.06490259617567062
0.0 0.0650222897529602
0.0 0.06514064967632294
0.0 0.06519923359155655
0.0 0.06522433459758759
0.0 0.06528206914663315
0.0 0.06538887321949005
0.0 0.06545232981443405
0.0 0.06545548886060715
0.0 0.06551481038331985
0.0 0.0655236691236496
0.0 0.06562148034572601
0.0 0.06566934287548065
0.0 0.065674789249897
0.0 0.06573595851659775
0.0 0.06589052081108093
0.0 0.06593522429466248
0.0 0.06595209985971451
0.0 0.06604249775409698
0.0 0.06609316170215607
0.0 0.06619418412446976
0.0 0.06624796986579895
0.0 0.06634724885225296
0.0 0.06635252386331558
0.0 0.06653287261724472
0.0 0.06675747036933899
0.0 0.06678251922130585
0.0 0.0669168010354042
0.0 0.06701679527759552
0.0 0.0670473575592041
0.0 0.0670475885272026
0.0 0.06706643849611282
0.0 0.06707993894815445
0.0 0.06716786324977875
0.0 0.06719429045915604
0.0 0.06734103709459305
0.0 0.06735382974147797
0.0 0.06747844070196152
0.0 0.06751305609941483
0.0 0.06758370995521545
0.0 0.06759369373321533
0.0 0.06761534512042999
0.0 0.06779675930738449
0.0 0.06781230866909027
0.0 0.06801237165927887
0.0 0.06809666752815247
0.0 0.0682360827922821
0.0 0.0683082714676857
0.0 0.06836003065109253
0.0 0.06841329485177994
0.0 0.06847639381885529
0.0 0.06891216337680817
0.0 0.06892513483762741
0.0 0.0692053735256195
0.0 0.06923902779817581
0.0 0.06931848078966141
0.0 0.06937564164400101
0.0 0.06940405815839767
0.0 0.06942429393529892
0.0 0.06942497193813324
0.0 0.06951756030321121
0.0 0.06952273100614548
0.0 0.06962209194898605
0.0 0.06970710307359695
0.0 0.06978178024291992
0.0 0.06989161670207977
0.0 0.07031579315662384
0.0 0.0703515037894249
0.0 0.07037601619958878
0.0 0.07084828615188599
0.0 0.07114949077367783
0.0 0.07123828679323196
0.0 0.07134861499071121
0.0 0.07135266065597534
0.0 0.07153433561325073
0.0 0.07155201584100723
0.0 0.07164155691862106
0.0 0.07164180278778076
0.0 0.07168098539113998
0.0 0.07168862968683243
0.0 0.07189474254846573
0.0 0.07189503312110901
0.0 0.07198554277420044
0.0 0.07213198393583298
0.0 0.07220545411109924
0.0 0.07222491502761841
0.0 0.07225462794303894
0.0 0.07229270040988922
0.0 0.07230664789676666
0.0 0.07242991775274277
0.0 0.07245046645402908
0.0 0.07270608842372894
0.0 0.07273133099079132
0.0 0.07275122404098511
0.0 0.07286678999662399
0.0 0.07297465205192566
0.0 0.07299391180276871
0.0 0.07306572049856186
0.0 0.07318546622991562
0.0 0.07324068993330002
0.0 0.07326012849807739
0.0 0.07338328659534454
0.0 0.07340265810489655
0.0 0.07363250851631165
0.0 0.07380557805299759
0.0 0.07394272834062576
0.0 0.0740395113825798
0.0 0.07404894381761551
0.0 0.07408159226179123
0.0 0.0740925595164299
0.0 0.07415712624788284
0.0 0.07424125075340271
0.0 0.07454471290111542
0.0 0.0746336355805397
0.0 0.07466460019350052
0.0 0.07471680641174316
0.0 0.07475610077381134
0.0 0.07478585839271545
0.0 0.07503858953714371
0.0 0.07505828887224197
0.0 0.07546026259660721
0.0 0.0754762515425682
0.0 0.07557692378759384
0.0 0.07569804787635803
0.0 0.07571164518594742
0.0 0.0758810043334961
0.0 0.07598772644996643
0.0 0.07599551975727081
0.0 0.07607858628034592
0.0 0.07616636902093887
0.0 0.07617141306400299
0.0 0.07623886317014694
0.0 0.076680488884449
0.0 0.07678358256816864
0.0 0.07688960433006287
0.0 0.07699141651391983
0.0 0.07715879380702972
0.0 0.07720983773469925
0.0 0.07722874730825424
0.0 0.07764455676078796
0.0 0.0776824951171875
0.0 0.07779428362846375
0.0 0.07797414064407349
0.0 0.07810407131910324
0.0 0.07819359004497528
0.0 0.0782102569937706
0.0 0.07830734550952911
0.0 0.07832479476928711
0.0 0.07849208265542984
0.0 0.07850275188684464
0.0 0.07868072390556335
0.0 0.07875575870275497
0.0 0.07881096005439758
0.0 0.07890194654464722
0.0 0.0790582001209259
0.0 0.07906446605920792
0.0 0.07931184023618698
0.0 0.07947146892547607
0.0 0.07952497899532318
0.0 0.07966261357069016
0.0 0.07968176156282425
0.0 0.07995956391096115
0.0 0.07996602356433868
0.0 0.08010488748550415
0.0 0.08041471987962723
0.0 0.08097876608371735
0.0 0.08101695030927658
0.0 0.08113371580839157
0.0 0.08115795254707336
0.0 0.08126724511384964
0.0 0.08138024806976318
0.0 0.08146916329860687
0.0 0.0816175639629364
0.0 0.08163323998451233
0.0 0.08171316981315613
0.0 0.08215201646089554
0.0 0.08223936706781387
0.0 0.08229867368936539
0.0 0.08246581256389618
0.0 0.08264573663473129
0.0 0.08275440335273743
0.0 0.08281603455543518
0.0 0.08285538852214813
0.0 0.08313287049531937
0.0 0.08313865959644318
0.0 0.08347664773464203
0.0 0.08358412981033325
0.0 0.08360058814287186
0.0 0.08370315283536911
0.0 0.08379355818033218
0.0 0.0841759741306305
0.0 0.08424060791730881
0.0 0.08426977694034576
0.0 0.08442866057157516
0.0 0.0845479890704155
0.0 0.08544807881116867
0.0 0.08565095067024231
0.0 0.08593177795410156
0.0 0.08593781292438507
0.0 0.08620502054691315
0.0 0.08640821278095245
0.0 0.0864376574754715
0.0 0.08649791777133942
0.0 0.08675861358642578
0.0 0.08678953349590302
0.0 0.0868176519870758
0.0 0.08688699454069138
0.0 0.08698193728923798
0.0 0.08699706196784973
0.0 0.08725754916667938
0.0 0.08728228509426117
0.0 0.08765172958374023
0.0 0.08781073987483978
0.0 0.08783110976219177
0.0 0.08800776302814484
0.0 0.08807207643985748
0.0 0.08838921785354614
0.0 0.08860262483358383
0.0 0.08866698294878006
0.0 0.08891141414642334
0.0 0.08932384848594666
0.0 0.08957824110984802
0.0 0.08988414704799652
0.0 0.08994785696268082
0.0 0.08999279141426086
0.0 0.09004155546426773
0.0 0.0911199152469635
0.0 0.09123338758945465
0.0 0.09158991277217865
0.0 0.09173152595758438
0.0 0.09177947044372559
0.0 0.09184166043996811
0.0 0.09185235947370529
0.0 0.09194954484701157
0.0 0.09198065102100372
0.0 0.09238317608833313
0.0 0.09288283437490463
0.0 0.0935957208275795
0.0 0.09416679292917252
0.0 0.0944492518901825
0.0 0.09452503174543381
0.0 0.09453588724136353
0.0 0.09474606066942215
0.0 0.09474790096282959
0.0 0.09528703987598419
0.0 0.09575759619474411
0.0 0.0958419069647789
0.0 0.09658923745155334
0.0 0.09675795584917068
0.0 0.09795119613409042
0.0 0.09825418144464493
0.0 0.09851261228322983
0.0 0.09950387477874756
0.0 0.09986012428998947
0.0 0.1002785935997963
0.0 0.10039618611335754
0.0 0.1004113033413887
0.0 0.1029035896062851
0.0 0.10308600962162018
0.0 0.10311923176050186
0.0 0.10366303473711014
0.0 0.10423880815505981
0.0 0.10444141179323196
0.0 0.10873260349035263
0.0 0.11314868927001953
0.0 0.11548896133899689
0.0 0.12570910155773163
0.0 inf
