0.0 0.02641485072672367
0.0 0.02864415943622589
0.0 0.0288148932158947
0.0 0.030005628243088722
0.0 0.030989177525043488
0.0 0.03379295766353607
0.0 0.034824345260858536
0.0 0.03590209037065506
0.0 0.035957302898168564
0.0 0.036110538989305496
0.0 0.03618322312831879
0.0 0.036216430366039276
0.0 0.03625829145312309
0.0 0.036678288131952286
0.0 0.036731790751218796
0.0 0.03680170327425003
0.0 0.03685307130217552
0.0 0.03719702363014221
0.0 0.0373193584382534
0.0 0.03734825924038887
0.0 0.03737102821469307
0.0 0.03741861507296562
0.0 0.03744223341345787
0.0 0.03745429217815399
0.0 0.037563517689704895
0.0 0.037594959139823914
0.0 0.03776371851563454
0.0 0.03781169280409813
0.0 0.03791695833206177
0.0 0.037974968552589417
0.0 0.03801513463258743
0.0 0.03802920877933502
0.0 0.03803502023220062
0.0 0.03804321214556694
0.0 0.03822348266839981
0.0 0.03826090693473816
0.0 0.03826596960425377
0.0 0.03837160766124725
0.0 0.03837612271308899
0.0 0.0383993461728096
0.0 0.03850679472088814
0.0 0.03888266533613205
0.0 0.038911864161491394
0.0 0.03891971707344055
0.0 0.03914966061711311
0.0 0.03917912393808365
0.0 0.03925112634897232
0.0 0.03937942534685135
0.0 0.03949185460805893
0.0 0.03956389054656029
0.0 0.03973095491528511
0.0 0.040272898972034454
0.0 0.04034397006034851
0.0 0.040605854243040085
0.0 0.04061388224363327
0.0 0.040686119347810745
0.0 0.04079299792647362
0.0 0.0408267043530941
0.0 0.04084377363324165
0.0 0.0408455953001976
0.0 0.04088936746120453
0.0 0.04099392890930176
0.0 0.04099760204553604
0.0 0.04106282442808151
0.0 0.041106659919023514
0.0 0.041228532791137695
0.0 0.041278641670942307
0.0 0.04141812026500702
0.0 0.04142794758081436
0.0 0.04143838956952095
0.0 0.0414707325398922
0.0 0.04148341342806816
0.0 0.041492972522974014
0.0 0.04154472425580025
0.0 0.04170876368880272
0.0 0.04173474386334419
0.0 0.04176255688071251
0.0 0.041985347867012024
0.0 0.041986238211393356
0.0 0.042008306831121445
0.0 0.042084794491529465
0.0 0.04209821671247482
0.0 0.04211300611495972
0.0 0.04211435467004776
0.0 0.04212275147438049
0.0 0.04212876781821251
0.0 0.04222552478313446
0.0 0.042281750589609146
0.0 0.04231648147106171
0.0 0.042389336973428726
0.0 0.04240985959768295
0.0 0.04241825267672539
0.0 0.0424284003674984
0.0 0.04243040829896927
0.0 0.042442113161087036
0.0 0.04245341196656227
0.0 0.042543698102235794
0.0 0.042546309530735016
0.0 0.042687613517045975
0.0 0.04270019754767418
0.0 0.04274015873670578
0.0 0.042797937989234924
0.0 0.0428180918097496
0.0 0.042936135083436966
0.0 0.04299209639430046
0.0 0.04299980401992798
0.0 0.04306793957948685
0.0 0.04308103397488594
0.0 0.04308851808309555
0.0 0.04310153052210808
0.0 0.04313089698553085
0.0 0.04320386424660683
0.0 0.043206702917814255
0.0 0.04330287501215935
0.0 0.043404996395111084
0.0 0.043420013040304184
0.0 0.04343147203326225
0.0 0.043505724519491196
0.0 0.04352191090583801
0.0 0.04353056102991104
0.0 0.043533846735954285
0.0 0.043606121093034744
0.0 0.04362494871020317
0.0 0.04365771636366844
0.0 0.04370474815368652
0.0 0.043731458485126495
0.0 0.0437912754714489
0.0 0.04387159273028374
0.0 0.043873921036720276
0.0 0.04390862584114075
0.0 0.0439392551779747
0.0 0.04397137463092804
0.0 0.04400810971856117
0.0 0.04401129484176636
0.0 0.04403112456202507
0.0 0.0441165417432785
0.0 0.044228676706552505
0.0 0.04424833133816719
0.0 0.04440046101808548
0.0 0.04455076903104782
0.0 0.04461146518588066
0.0 0.04464823752641678
0.0 0.04467692971229553
0.0 0.04467867314815521
0.0 0.04471786320209503
0.0 0.044779062271118164
0.0 0.04480157420039177
0.0 0.04480268433690071
0.0 0.0448182076215744
0.0 0.04482053965330124
0.0 0.0449061281979084
0.0 0.04499950259923935
0.0 0.0450216643512249
0.0 0.045087940990924835
0.0 0.04512112960219383
0.0 0.04522392898797989
0.0 0.04530738666653633
0.0 0.04531949386000633
0.0 0.045386914163827896
0.0 0.04549437388777733
0.0 0.04579877853393555
0.0 0.04590409994125366
0.0 0.045905642211437225
0.0 0.045908570289611816
0.0 0.04598099738359451
0.0 0.046055909246206284
0.0 0.04617607221007347
0.0 0.046333424746990204
0.0 0.04647310450673103
0.0 0.04655478522181511
0.0 0.04665317386388779
0.0 0.04669279605150223
0.0 0.04673024266958237
0.0 0.046731263399124146
0.0 0.04679347202181816
0.0 0.04692379757761955
0.0 0.04695082828402519
0.0 0.046963613480329514
0.0 0.04727192223072052
0.0 0.04727720841765404
0.0 0.04730683192610741
0.0 0.04742078855633736
0.0 0.04760626703500748
0.0 0.04761835187673569
0.0 0.04766746982932091
0.0 0.04768440127372742
0.0 0.047712113708257675
0.0 0.04773801937699318
0.0 0.0477653406560421
0.0 0.04779557138681412
0.0 0.047805268317461014
0.0 0.04796312749385834
0.0 0.04798569902777672
0.0 0.0480569563806057
0.0 0.04823898896574974
0.0 0.048349931836128235
0.0 0.04837915301322937
0.0 0.0484163723886013
0.0 0.04849330708384514
0.0 0.04854226112365723
0.0 0.04862813279032707
0.0 0.048804979771375656
0.0 0.04887640103697777
0.0 0.048931319266557693
0.0 0.04893619939684868
0.0 0.04899227246642113
0.0 0.04903320595622063
0.0 0.04904097691178322
0.0 0.04909621551632881
0.0 0.04911556467413902
0.0 0.04917529597878456
0.0 0.04924396798014641
0.0 0.049263324588537216
0.0 0.04930390045046806
0.0 0.04930448159575462
0.0 0.049618519842624664
0.0 0.0496535524725914
0.0 0.04975557327270508
0.0 0.04977220296859741
0.0 0.04980869218707085
0.0 0.049944598227739334
0.0 0.04996059834957123
0.0 0.0500122606754303
0.0 0.05014164000749588
0.0 0.050309136509895325
0.0 0.050344452261924744
0.0 0.050359249114990234
0.0 0.05054749548435211
0.0 0.05080973729491234
0.0 0.05092789977788925
0.0 0.05096966028213501
0.0 0.050995636731386185
0.0 0.05099809542298317
0.0 0.05109758675098419
0.0 0.051206715404987335
0.0 0.051229704171419144
0.0 0.051306676119565964
0.0 0.051344599574804306
0.0 0.05137547478079796
0.0 0.05141940340399742
0.0 0.05149971321225166
0.0 0.05152040347456932
0.0 0.051566898822784424
0.0 0.051573581993579865
0.0 0.05158102512359619
0.0 0.051602914929389954
0.0 0.05164754018187523
0.0 0.05166102945804596
0.0 0.05177195742726326
0.0 0.05179895833134651
0.0 0.05180278792977333
0.0 0.051834624260663986
0.0 0.051836661994457245
0.0 0.05194365605711937
0.0 0.051958587020635605
0.0 0.0520058199763298
0.0 0.05205012485384941
0.0 0.052074216306209564
0.0 0.0520896278321743
0.0 0.05209111422300339
0.0 0.05211418867111206
0.0 0.052211638540029526
0.0 0.05230273678898811
0.0 0.0523543655872345
0.0 0.052361659705638885
0.0 0.052458345890045166
0.0 0.052464988082647324
0.0 0.052545398473739624
0.0 0.05260675400495529
0.0 0.05262935906648636
0.0 0.052652522921562195
0.0 0.05266225337982178
0.0 0.05269322544336319
0.0 0.05271623283624649
0.0 0.052716419100761414
0.0 0.05273514613509178
0.0 0.05280185863375664
0.0 0.05283724516630173
0.0 0.052913274616003036
0.0 0.05292098596692085
0.0 0.053010862320661545
0.0 0.05303255468606949
0.0 0.053093232214450836
0.0 0.05316287651658058
0.0 0.05348287150263786
0.0 0.053498774766922
0.0 0.0535944364964962
0.0 0.05368410795927048
0.0 0.053716983646154404
0.0 0.053748827427625656
0.0 0.05378197133541107
0.0 0.053879592567682266
0.0 0.05403817072510719
0.0 0.054061438888311386
0.0 0.054096519947052
0.0 0.05415054038167
0.0 0.05418810993432999
0.0 0.054231222718954086
0.0 0.05441801995038986
0.0 0.054500214755535126
0.0 0.054536908864974976
0.0 0.05453966557979584
0.0 0.0545983761548996
0.0 0.05465956777334213
0.0 0.054733652621507645
0.0 0.054774872958660126
0.0 0.05483540520071983
0.0 0.05484361574053764
0.0 0.05486542731523514
0.0 0.05503343790769577
0.0 0.05514533817768097
0.0 0.055169351398944855
0.0 0.055202730000019073
0.0 0.05533423647284508
0.0 0.0554664172232151
0.0 0.05547366291284561
0.0 0.05548480525612831
0.0 0.05561034008860588
0.0 0.055618781596422195
0.0 0.05562930181622505
0.0 0.0556817427277565
0.0 0.055801860988140106
0.0 0.05580899119377136
0.0 0.05583672970533371
0.0 0.055945347994565964
0.0 0.05607428774237633
0.0 0.056126855313777924
0.0 0.05615052580833435
0.0 0.05620940774679184
0.0 0.056227002292871475
0.0 0.05632752925157547
0.0 0.05635202303528786
0.0 0.05649317055940628
0.0 0.056592781096696854
0.0 0.05662311241030693
0.0 0.05670846253633499
0.0 0.056728992611169815
0.0 0.057054176926612854
0.0 0.05706770718097687
0.0 0.05706840008497238
0.0 0.05735000967979431
0.0 0.0574970580637455
0.0 0.05749904364347458
0.0 0.05755964294075966
0.0 0.057779617607593536
0.0 0.05780418962240219
0.0 0.05780735984444618
0.0 0.057864248752593994
0.0 0.05801146849989891
0.0 0.05811682343482971
0.0 0.058138396590948105
0.0 0.058178018778562546
0.0 0.05819487199187279
0.0 0.058310750871896744
0.0 0.05852312967181206
0.0 0.05858532339334488
0.0 0.05859025940299034
0.0 0.05860354006290436
0.0 0.05867346376180649
0.0 0.058733101934194565
0.0 0.05877692624926567
0.0 0.059145670384168625
0.0 0.059252362698316574
0.0 0.05929674580693245
0.0 0.05936479568481445
0.0 0.05938190966844559
0.0 0.05939818546175957
0.0 0.05951646342873573
0.0 0.05961189419031143
0.0 0.05973776429891586
0.0 0.05977049842476845
0.0 0.06012381613254547
0.0 0.06017100811004639
0.0 0.060208968818187714
0.0 0.06034456193447113
0.0 0.06040560081601143
0.0 0.06043039634823799
0.0 0.060472022742033005
0.0 0.06050820276141167
0.0 0.060617655515670776
0.0 0.06073637679219246
0.0 0.060795556753873825
0.0 0.06092476099729538
0.0 0.06108734756708145
0.0 0.061259981244802475
0.0 0.06126696616411209
0.0 0.061315178871154785
0.0 0.06132185831665993
0.0 0.06134419143199921
0.0 0.06142328679561615
0.0 0.061498817056417465
0.0 0.06162915378808975
0.0 0.06163264438509941
0.0 0.061711084097623825
0.0 0.06192958727478981
0.0 0.062082868069410324
0.0 0.06218155473470688
0.0 0.0622427836060524
0.0 0.0624467097222805
0.0 0.06268690526485443
0.0 0.06271053850650787
0.0 0.06310178339481354
0.0 0.0631888285279274
0.0 0.06326964497566223
0.0 0.06371939927339554
0.0 0.06381350010633469
0.0 0.06405562907457352
0.0 0.06408300995826721
0.0 0.06429196894168854
0.0 0.06472793221473694
0.0 0.06475140899419785
0.0 0.06476003676652908
0.0 0.06476187705993652
0.0 0.06485958397388458
0.0 0.06489269435405731
0.0 0.06514734029769897
0.0 0.06537412106990814
0.0 0.06538426131010056
0.0 0.06564363837242126
0.0 0.06567419320344925
0.0 0.06577625870704651
0.0 0.06579262018203735
0.0 0.06583545356988907
0.0 0.06601044535636902
0.0 0.0660264864563942
0.0 0.0661139115691185
0.0 0.06634902209043503
0.0 0.0665796771645546
0.0 0.0666794553399086
0.0 0.06673591583967209
0.0 0.06702219694852829
0.0 0.06709077954292297
0.0 0.06715216487646103
0.0 0.06720070540904999
0.0 0.06722532957792282
0.0 0.06744468212127686
0.0 0.06762144714593887
0.0 0.06770936399698257
0.0 0.06808183342218399
0.0 0.06811469048261642
0.0 0.0683574378490448
0.0 0.06837557256221771
0.0 0.06864102184772491
0.0 0.06870000809431076
0.0 0.068751759827137
0.0 0.06938832998275757
0.0 0.06952293962240219
0.0 0.06989080458879471
0.0 0.07001785188913345
0.0 0.07019248604774475
0.0 0.07038722932338715
0.0 0.07040564715862274
0.0 0.07086767256259918
0.0 0.07106766104698181
0.0 0.07149510085582733
0.0 0.07207288593053818
0.0 0.07229390740394592
0.0 0.07257085293531418
0.0 0.07274577766656876
0.0 0.07299432903528214
0.0 0.07321573048830032
0.0 0.07332760840654373
0.0 0.07340190559625626
0.0 0.07351922243833542
0.0 0.07363778352737427
0.0 0.07380688935518265
0.0 0.07393118739128113
0.0 0.07424849271774292
0.0 0.07447126507759094
0.0 0.074692003428936
0.0 0.07558456808328629
0.0 0.07558875530958176
0.0 0.0760074257850647
0.0 0.07615077495574951
0.0 0.07636602967977524
0.0 0.0763891190290451
0.0 0.0766470804810524
0.0 0.07712548971176147
0.0 0.07720766961574554
0.0 0.07775991410017014
0.0 0.07822595536708832
0.0 0.07880145311355591
0.0 0.07935444265604019
0.0 0.07945077866315842
0.0 0.08039925247430801
0.0 0.08053905516862869
0.0 0.08196282386779785
0.0 0.08264006674289703
0.0 0.08290520310401917
0.0 0.08373404294252396
0.0 0.08432260900735855
0.0 0.08482720702886581
0.0 0.0859113335609436
0.0 0.0873420462012291
0.0 0.08907150477170944
0.0 0.08971111476421356
0.0 0.09024378657341003
0.0 0.09220948070287704
0.0 0.0980377122759819
0.0 0.0992932915687561
0.0 0.10339593887329102
0.0 0.10592194646596909
0.0 0.1087602823972702
0.0 0.11107252538204193
0.0 0.11343714594841003
0.0 0.11415296792984009
0.0 0.12060575932264328
0.0 0.14461517333984375
0.0 0.1488495022058487
0.0 0.2829355001449585
0.0 0.28531649708747864
0.0 inf
