0.0 0.044754013419151306
0.0 0.046949852257966995
0.0 0.04874283820390701
0.0 0.04996625706553459
0.0 0.051093652844429016
0.0 0.05311790108680725
0.0 0.05396141856908798
0.0 0.05467274412512779
0.0 0.05501411855220795
0.0 0.055055584758520126
0.0 0.05512060225009918
0.0 0.05513353273272514
0.0 0.05550065264105797
0.0 0.05556286871433258
0.0 0.055635903030633926
0.0 0.055780548602342606
0.0 0.05582994595170021
0.0 0.05598173663020134
0.0 0.05630604922771454
0.0 0.05633450299501419
0.0 0.05642000585794449
0.0 0.05660080164670944
0.0 0.05669156089425087
0.0 0.05747237801551819
0.0 0.057552214711904526
0.0 0.05784686654806137
0.0 0.05803980305790901
0.0 0.05809558928012848
0.0 0.058422744274139404
0.0 0.05851925536990166
0.0 0.05859473720192909
0.0 0.05887213349342346
0.0 0.059257738292217255
0.0 0.059365641325712204
0.0 0.05938676372170448
0.0 0.05960818752646446
0.0 0.05961651727557182
0.0 0.059755731374025345
0.0 0.060083553194999695
0.0 0.060379598289728165
0.0 0.06061213091015816
0.0 0.060696978121995926
0.0 0.0607040710747242
0.0 0.060749609023332596
0.0 0.061121657490730286
0.0 0.061135899275541306
0.0 0.06152632087469101
0.0 0.06157365441322327
0.0 0.06157654523849487
0.0 0.06192599609494209
0.0 0.06208482012152672
0.0 0.06217283010482788
0.0 0.06221280246973038
0.0 0.06229528412222862
0.0 0.0623566210269928
0.0 0.06252967566251755
0.0 0.06254210323095322
0.0 0.06263365596532822
0.0 0.0628528818488121
0.0 0.06297305971384048
0.0 0.06297901272773743
0.0 0.06309624016284943
0.0 0.06313138455152512
0.0 0.06317289173603058
0.0 0.06322164833545685
0.0 0.06323201209306717
0.0 0.06325181573629379
0.0 0.0632861852645874
0.0 0.06341172754764557
0.0 0.06353148072957993
0.0 0.06356535851955414
0.0 0.06356751918792725
0.0 0.06357619166374207
0.0 0.06375201046466827
0.0 0.06379622966051102
0.0 0.06384939700365067
0.0 0.06389810144901276
0.0 0.06401937454938889
0.0 0.06414126604795456
0.0 0.0641743615269661
0.0 0.06418518722057343
0.0 0.06427934020757675
0.0 0.0643441379070282
0.0 0.06437304615974426
0.0 0.06437700986862183
0.0 0.06449387967586517
0.0 0.06452798843383789
0.0 0.06457363814115524
0.0 0.06460323929786682
0.0 0.06485270708799362
0.0 0.06493320316076279
0.0 0.06495150178670883
0.0 0.06496524065732956
0.0 0.06497728079557419
0.0 0.06538426131010056
0.0 0.0656600221991539
0.0 0.06569749116897583
0.0 0.06579624861478806
0.0 0.06580476462841034
0.0 0.06580998748540878
0.0 0.06585202366113663
0.0 0.06587307155132294
0.0 0.06597650796175003
0.0 0.06598220765590668
0.0 0.06611774116754532
0.0 0.0662231519818306
0.0 0.06636814773082733
0.0 0.06643924862146378
0.0 0.06650097668170929
0.0 0.0665951520204544
0.0 0.06666068732738495
0.0 0.06669438630342484
0.0 0.06670832633972168
0.0 0.06680954247713089
0.0 0.06681971251964569
0.0 0.06700941175222397
0.0 0.06701115518808365
0.0 0.06705555319786072
0.0 0.06721325218677521
0.0 0.06729406863451004
0.0 0.06729868054389954
0.0 0.06736918538808823
0.0 0.06748106330633163
0.0 0.06756364554166794
0.0 0.06763763725757599
0.0 0.06766189634799957
0.0 0.06767824292182922
0.0 0.06776625663042068
0.0 0.0678984522819519
0.0 0.06798791140317917
0.0 0.06799743324518204
0.0 0.06807562708854675
0.0 0.06813421100378036
0.0 0.06826427578926086
0.0 0.06848960369825363
0.0 0.0685042068362236
0.0 0.06859816610813141
0.0 0.0686129480600357
0.0 0.06861423701047897
0.0 0.06863674521446228
0.0 0.0687171071767807
0.0 0.06876421719789505
0.0 0.06876517832279205
0.0 0.06904467940330505
0.0 0.06906817108392715
0.0 0.06920532137155533
0.0 0.06921137869358063
0.0 0.06931132078170776
0.0 0.0693470686674118
0.0 0.06947201490402222
0.0 0.0695023238658905
0.0 0.06966099143028259
0.0 0.06974407285451889
0.0 0.06984197348356247
0.0 0.06992945820093155
0.0 0.0700703039765358
0.0 0.07011845707893372
0.0 0.07022920995950699
0.0 0.07023084163665771
0.0 0.07043442875146866
0.0 0.07046366482973099
0.0 0.07047676295042038
0.0 0.07073080539703369
0.0 0.0708615705370903
0.0 0.07088189572095871
0.0 0.07133273780345917
0.0 0.07140929996967316
0.0 0.07152468711137772
0.0 0.07153007388114929
0.0 0.07154630869626999
0.0 0.0716581642627716
0.0 0.07170575112104416
0.0 0.07175193727016449
0.0 0.07183334231376648
0.0 0.07183817774057388
0.0 0.07189007848501205
0.0 0.07199239730834961
0.0 0.07203538715839386
0.0 0.07213287800550461
0.0 0.0721418559551239
0.0 0.07218220829963684
0.0 0.07222386449575424
0.0 0.07222817838191986
0.0 0.07237416505813599
0.0 0.07266703993082047
0.0 0.0726676732301712
0.0 0.07269587367773056
0.0 0.07272037863731384
0.0 0.07273919135332108
0.0 0.07279489934444427
0.0 0.07283230125904083
0.0 0.07283511757850647
0.0 0.07292115688323975
0.0 0.07293087244033813
0.0 0.07300339639186859
0.0 0.07302942872047424
0.0 0.07317356020212173
0.0 0.07335074990987778
0.0 0.07338014990091324
0.0 0.07342427223920822
0.0 0.07347210496664047
0.0 0.07348001003265381
0.0 0.0735127404332161
0.0 0.07359874248504639
0.0 0.07365403324365616
0.0 0.07389920204877853
0.0 0.07394944131374359
0.0 0.07395648956298828
0.0 0.0739918053150177
0.0 0.07400254905223846
0.0 0.07412688434123993
0.0 0.07418302446603775
0.0 0.07419026643037796
0.0 0.07422509044408798
0.0 0.07426756620407104
0.0 0.07446340471506119
0.0 0.07453334331512451
0.0 0.07462435960769653
0.0 0.07474576681852341
0.0 0.07487411051988602
0.0 0.07489084452390671
0.0 0.07512538880109787
0.0 0.07515686005353928
0.0 0.07516339421272278
0.0 0.07517226785421371
0.0 0.0751793161034584
0.0 0.07541833817958832
0.0 0.07563090324401855
0.0 0.07569572329521179
0.0 0.07583139091730118
0.0 0.07602783292531967
0.0 0.07607816904783249
0.0 0.07608383148908615
0.0 0.0761808305978775
0.0 0.07620754092931747
0.0 0.07641543447971344
0.0 0.07644118368625641
0.0 0.07649660110473633
0.0 0.07656549662351608
0.0 0.07669759541749954
0.0 0.076793372631073
0.0 0.076893150806427
0.0 0.07694374769926071
0.0 0.07701613754034042
0.0 0.07705788314342499
0.0 0.07706578075885773
0.0 0.07707519084215164
0.0 0.0772206112742424
0.0 0.0772867426276207
0.0 0.0773293748497963
0.0 0.07742194831371307
0.0 0.07742495834827423
0.0 0.07744182646274567
0.0 0.07745200395584106
0.0 0.07759550958871841
0.0 0.07769455015659332
0.0 0.07778190821409225
0.0 0.07783478498458862
0.0 0.07790008932352066
0.0 0.07806245982646942
0.0 0.07823509722948074
0.0 0.07824334502220154
0.0 0.07826601713895798
0.0 0.07834360003471375
0.0 0.07846993207931519
0.0 0.07846995443105698
0.0 0.07859889417886734
0.0 0.07868652790784836
0.0 0.078888438642025
0.0 0.07892969250679016
0.0 0.07922559231519699
0.0 0.07936451584100723
0.0 0.07936646789312363
0.0 0.07939039915800095
0.0 0.07948897033929825
0.0 0.07951681315898895
0.0 0.07961003482341766
0.0 0.0796719565987587
0.0 0.07985150068998337
0.0 0.08007927238941193
0.0 0.08015386015176773
0.0 0.08037790656089783
0.0 0.08047465234994888
0.0 0.08056067675352097
0.0 0.08072692900896072
0.0 0.08099468052387238
0.0 0.08112853020429611
0.0 0.08113206177949905
0.0 0.0812554657459259
0.0 0.08131195604801178
0.0 0.08136967569589615
0.0 0.0815654844045639
0.0 0.08196262270212173
0.0 0.08206485211849213
0.0 0.08219289034605026
0.0 0.08228062838315964
0.0 0.08235590904951096
0.0 0.0823739767074585
0.0 0.08238407224416733
0.0 0.08285381644964218
0.0 0.08300724625587463
0.0 0.0830536037683487
0.0 0.0830589234828949
0.0 0.08311811089515686
0.0 0.0831378772854805
0.0 0.08349540829658508
0.0 0.0837777704000473
0.0 0.08385522663593292
0.0 0.08385667204856873
0.0 0.08396423608064651
0.0 0.08405508100986481
0.0 0.08412882685661316
0.0 0.08416714519262314
0.0 0.08418983221054077
0.0 0.0842491015791893
0.0 0.08436956256628036
0.0 0.08447575569152832
0.0 0.08448320627212524
0.0 0.08455508202314377
0.0 0.08463776856660843
0.0 0.08471998572349548
0.0 0.08473192155361176
0.0 0.08473358303308487
0.0 0.08478863537311554
0.0 0.08478938043117523
0.0 0.08488593250513077
0.0 0.08493826538324356
0.0 0.08497290313243866
0.0 0.08502038568258286
0.0 0.08502110093832016
0.0 0.08505354076623917
0.0 0.08521271497011185
0.0 0.08526288717985153
0.0 0.0854264423251152
0.0 0.08547864109277725
0.0 0.08577316254377365
0.0 0.0858432948589325
0.0 0.0860893577337265
0.0 0.0861678346991539
0.0 0.08622623234987259
0.0 0.08631333708763123
0.0 0.08631934225559235
0.0 0.08637513220310211
0.0 0.08649581670761108
0.0 0.08656151592731476
0.0 0.08670967817306519
0.0 0.08678188174962997
0.0 0.08679847419261932
0.0 0.08695995807647705
0.0 0.08702099323272705
0.0 0.08716598898172379
0.0 0.08716936409473419
0.0 0.08720508962869644
0.0 0.08721774071455002
0.0 0.08729170262813568
0.0 0.08733717352151871
0.0 0.0874454602599144
0.0 0.08749959617853165
0.0 0.08756644278764725
0.0 0.08759031444787979
0.0 0.08779982477426529
0.0 0.08783302456140518
0.0 0.08807344734668732
0.0 0.08824383467435837
0.0 0.08824531733989716
0.0 0.08826577663421631
0.0 0.08827316015958786
0.0 0.08834172040224075
0.0 0.08836181461811066
0.0 0.08838079869747162
0.0 0.08840709924697876
0.0 0.08852130174636841
0.0 0.08853237330913544
0.0 0.08857845515012741
0.0 0.08888261020183563
0.0 0.08917016535997391
0.0 0.08926139026880264
0.0 0.08927309513092041
0.0 0.08946888148784637
0.0 0.08957287669181824
0.0 0.08960221707820892
0.0 0.08991502225399017
0.0 0.09012936800718307
0.0 0.09016494452953339
0.0 0.09020861238241196
0.0 0.09023324400186539
0.0 0.09034554660320282
0.0 0.09038854390382767
0.0 0.09065459668636322
0.0 0.09083586931228638
0.0 0.09100309759378433
0.0 0.09109862893819809
0.0 0.09111525118350983
0.0 0.09120764583349228
0.0 0.09122007340192795
0.0 0.09129036217927933
0.0 0.09145566821098328
0.0 0.09181860089302063
0.0 0.09192723035812378
0.0 0.09205224364995956
0.0 0.09206993877887726
0.0 0.09220384806394577
0.0 0.09291683882474899
0.0 0.09297027438879013
0.0 0.09309942275285721
0.0 0.0931585282087326
0.0 0.09332596510648727
0.0 0.09336484968662262
0.0 0.09348636120557785
0.0 0.09352798014879227
0.0 0.09375978261232376
0.0 0.09410885721445084
0.0 0.09476889669895172
0.0 0.09482935816049576
0.0 0.09514231234788895
0.0 0.09540893882513046
0.0 0.09544804692268372
0.0 0.09547900408506393
0.0 0.09557919204235077
0.0 0.09559457749128342
0.0 0.09562354534864426
0.0 0.09571394324302673
0.0 0.09583506733179092
0.0 0.0958617627620697
0.0 0.09655698388814926
0.0 0.09661006182432175
0.0 0.09698033332824707
0.0 0.09715788066387177
0.0 0.09742421656847
0.0 0.09763006120920181
0.0 0.09772201627492905
0.0 0.09772690385580063
0.0 0.0985671728849411
0.0 0.09858084470033646
0.0 0.09859208017587662
0.0 0.09890143573284149
0.0 0.09903781861066818
0.0 0.09916801005601883
0.0 0.09940699487924576
0.0 0.09986963868141174
0.0 0.10020948946475983
0.0 0.10045631229877472
0.0 0.10060262680053711
0.0 0.10099294781684875
0.0 0.10131161659955978
0.0 0.10141008347272873
0.0 0.10150129348039627
0.0 0.10154624283313751
0.0 0.1019754409790039
0.0 0.10249260067939758
0.0 0.10283738374710083
0.0 0.10286325961351395
0.0 0.10304476320743561
0.0 0.1031455472111702
0.0 0.1031627431511879
0.0 0.1032000333070755
0.0 0.10349398851394653
0.0 0.10418865829706192
0.0 0.10435471683740616
0.0 0.10444408655166626
0.0 0.10507605224847794
0.0 0.10507979243993759
0.0 0.10525815933942795
0.0 0.10526078939437866
0.0 0.10680975764989853
0.0 0.1069740355014801
0.0 0.10743560642004013
0.0 0.10762178897857666
0.0 0.10786836594343185
0.0 0.10849390923976898
0.0 0.10876615345478058
0.0 0.10913050919771194
0.0 0.10941848158836365
0.0 0.10957561433315277
0.0 0.10963910073041916
0.0 0.10964060574769974
0.0 0.11070393025875092
0.0 0.11087337881326675
0.0 0.11106987297534943
0.0 0.11129799485206604
0.0 0.11233790218830109
0.0 0.11276043206453323
0.0 0.11277990788221359
0.0 0.11279687285423279
0.0 0.11352866888046265
0.0 0.11519123613834381
0.0 0.11564784497022629
0.0 0.11651608347892761
0.0 0.11655055731534958
0.0 0.11680195480585098
0.0 0.11757706850767136
0.0 0.11803852766752243
0.0 0.11881612986326218
0.0 0.12130240350961685
0.0 0.12214086949825287
0.0 0.12224490195512772
0.0 0.12280748039484024
0.0 0.12284638732671738
0.0 0.12288431823253632
0.0 0.12382052093744278
0.0 0.12554427981376648
0.0 0.12829726934432983
0.0 0.12997546792030334
0.0 0.13055965304374695
0.0 0.13188542425632477
0.0 0.1326262652873993
0.0 0.14167316257953644
0.0 0.14260677993297577
0.0 0.14638304710388184
0.0 0.14647985994815826
0.0 0.15131314098834991
0.0 inf
