0.0 0.021255197003483772
0.0 0.022758901119232178
0.0 0.024906177073717117
0.0 0.025867188349366188
0.0 0.026280391961336136
0.0 0.02630220726132393
0.0 0.026849213987588882
0.0 0.02685837633907795
0.0 0.027119683101773262
0.0 0.027355430647730827
0.0 0.02761012874543667
0.0 0.028264710679650307
0.0 0.028330642729997635
0.0 0.028398137539625168
0.0 0.028630467131733894
0.0 0.02880280092358589
0.0 0.02882888913154602
0.0 0.029048791155219078
0.0 0.029099611565470695
0.0 0.029267484322190285
0.0 0.029383940622210503
0.0 0.029642265290021896
0.0 0.029774527996778488
0.0 0.029787307605147362
0.0 0.029844539240002632
0.0 0.02988702990114689
0.0 0.02999509498476982
0.0 0.03013148345053196
0.0 0.030158987268805504
0.0 0.03016013838350773
0.0 0.03021358698606491
0.0 0.030214961618185043
0.0 0.030249081552028656
0.0 0.03028118796646595
0.0 0.030288144946098328
0.0 0.030424049124121666
0.0 0.030533937737345695
0.0 0.03054463118314743
0.0 0.030638333410024643
0.0 0.03064078837633133
0.0 0.030669448897242546
0.0 0.03073934279382229
0.0 0.03077392838895321
0.0 0.030778437852859497
0.0 0.03080863505601883
0.0 0.030828647315502167
0.0 0.030845850706100464
0.0 0.03097251057624817
0.0 0.031078392639756203
0.0 0.031171225011348724
0.0 0.031179361045360565
0.0 0.031263235956430435
0.0 0.03128024563193321
0.0 0.031307533383369446
0.0 0.03131968900561333
0.0 0.03132423385977745
0.0 0.03135816007852554
0.0 0.03155483677983284
0.0 0.03172373026609421
0.0 0.03177032247185707
0.0 0.0317985899746418
0.0 0.031815413385629654
0.0 0.031983599066734314
0.0 0.03204652667045593
0.0 0.03205066919326782
0.0 0.03218691796064377
0.0 0.03227512910962105
0.0 0.03229013830423355
0.0 0.03249889239668846
0.0 0.03250909596681595
0.0 0.0326274074614048
0.0 0.03265451639890671
0.0 0.03268549591302872
0.0 0.03275967016816139
0.0 0.03277922421693802
0.0 0.03278098627924919
0.0 0.032787300646305084
0.0 0.03283790126442909
0.0 0.03284381330013275
0.0 0.03295081853866577
0.0 0.03295382484793663
0.0 0.033005550503730774
0.0 0.033067863434553146
0.0 0.03315660357475281
0.0 0.03317132964730263
0.0 0.033231403678655624
0.0 0.03326065465807915
0.0 0.033331867307424545
0.0 0.03333764895796776
0.0 0.03349326550960541
0.0 0.03351813927292824
0.0 0.03356652334332466
0.0 0.03360708802938461
0.0 0.03363790735602379
0.0 0.033664267510175705
0.0 0.03367125988006592
0.0 0.03368479758501053
0.0 0.03374090418219566
0.0 0.03379286453127861
0.0 0.033806174993515015
0.0 0.03380747139453888
0.0 0.03386582434177399
0.0 0.03387391194701195
0.0 0.03393569216132164
0.0 0.033942319452762604
0.0 0.03394326940178871
0.0 0.03406127169728279
0.0 0.03406557813286781
0.0 0.034141648560762405
0.0 0.03420770913362503
0.0 0.03428613394498825
0.0 0.034385547041893005
0.0 0.03451757878065109
0.0 0.03452619910240173
0.0 0.03457688167691231
0.0 0.03464760631322861
0.0 0.03469288349151611
0.0 0.034763772040605545
0.0 0.034930843859910965
0.0 0.034938421100378036
0.0 0.03496811166405678
0.0 0.034979477524757385
0.0 0.03499424457550049
0.0 0.03506772220134735
0.0 0.03507577255368233
0.0 0.03510861471295357
0.0 0.035193219780921936
0.0 0.03521895036101341
0.0 0.03528580442070961
0.0 0.035334307700395584
0.0 0.03536708652973175
0.0 0.035415928810834885
0.0 0.03546473756432533
0.0 0.03559895604848862
0.0 0.035609301179647446
0.0 0.03561624884605408
0.0 0.03563013672828674
0.0 0.03563408553600311
0.0 0.035634979605674744
0.0 0.035639870911836624
0.0 0.035678815096616745
0.0 0.03572014719247818
0.0 0.03576521575450897
0.0 0.035791318863630295
0.0 0.035809967666864395
0.0 0.03602531924843788
0.0 0.036063890904188156
0.0 0.03610607609152794
0.0 0.03611098229885101
0.0 0.03617553785443306
0.0 0.036253102123737335
0.0 0.03627435117959976
0.0 0.036288294941186905
0.0 0.036389146000146866
0.0 0.03640121966600418
0.0 0.03646545112133026
0.0 0.036492761224508286
0.0 0.03655562549829483
0.0 0.036592915654182434
0.0 0.036672115325927734
0.0 0.036771245300769806
0.0 0.03677324950695038
0.0 0.03678295761346817
0.0 0.03679231181740761
0.0 0.036800775676965714
0.0 0.03680642694234848
0.0 0.03681179881095886
0.0 0.036836449056863785
0.0 0.03684274107217789
0.0 0.03686683997511864
0.0 0.0368865504860878
0.0 0.03690056502819061
0.0 0.03691964969038963
0.0 0.03695378825068474
0.0 0.037135813385248184
0.0 0.037142083048820496
0.0 0.03717849403619766
0.0 0.03723118081688881
0.0 0.03724297136068344
0.0 0.03752216324210167
0.0 0.03755918890237808
0.0 0.03756667301058769
0.0 0.03766714408993721
0.0 0.037692420184612274
0.0 0.03771268576383591
0.0 0.037718817591667175
0.0 0.037720780819654465
0.0 0.03772834688425064
0.0 0.03784641996026039
0.0 0.03787741810083389
0.0 0.037901632487773895
0.0 0.03791821375489235
0.0 0.037971556186676025
0.0 0.03803584724664688
0.0 0.03809831291437149
0.0 0.03810655325651169
0.0 0.03815680369734764
0.0 0.038174789398908615
0.0 0.03822825476527214
0.0 0.03826328366994858
0.0 0.03830641880631447
0.0 0.0383106991648674
0.0 0.03833242505788803
0.0 0.038351550698280334
0.0 0.038372207432985306
0.0 0.03840579092502594
0.0 0.038573917001485825
0.0 0.038631416857242584
0.0 0.03872523456811905
0.0 0.03873271122574806
0.0 0.03876826539635658
0.0 0.03883197531104088
0.0 0.038833554834127426
0.0 0.03884674608707428
0.0 0.038848016411066055
0.0 0.038874026387929916
0.0 0.038882289081811905
0.0 0.03889085724949837
0.0 0.03892143815755844
0.0 0.03904049098491669
0.0 0.039103180170059204
0.0 0.03914694860577583
0.0 0.0391789935529232
0.0 0.03925524279475212
0.0 0.03929593414068222
0.0 0.03933173418045044
0.0 0.03933991491794586
0.0 0.03935037553310394
0.0 0.0393509678542614
0.0 0.03935510292649269
0.0 0.039389703422784805
0.0 0.03947972133755684
0.0 0.039482537657022476
0.0 0.039489950984716415
0.0 0.039533644914627075
0.0 0.03955331817269325
0.0 0.0395730659365654
0.0 0.039591267704963684
0.0 0.03962916135787964
0.0 0.03967127203941345
0.0 0.03972576931118965
0.0 0.039726968854665756
0.0 0.039768218994140625
0.0 0.03978581726551056
0.0 0.03981608897447586
0.0 0.039853643625974655
0.0 0.039896607398986816
0.0 0.039944086223840714
0.0 0.04000420123338699
0.0 0.040009140968322754
0.0 0.04005296155810356
0.0 0.0400952473282814
0.0 0.04022359475493431
0.0 0.040238652378320694
0.0 0.04024670645594597
0.0 0.0402950644493103
0.0 0.04033001884818077
0.0 0.04035317525267601
0.0 0.04045905917882919
0.0 0.04058559983968735
0.0 0.04063461720943451
0.0 0.040698494762182236
0.0 0.04073251411318779
0.0 0.04073353856801987
0.0 0.04079907387495041
0.0 0.040809448808431625
0.0 0.040840208530426025
0.0 0.040857113897800446
0.0 0.040863532572984695
0.0 0.040927570313215256
0.0 0.040950652211904526
0.0 0.04099827632308006
0.0 0.041009124368429184
0.0 0.04109642282128334
0.0 0.0411321185529232
0.0 0.04114843159914017
0.0 0.04118205979466438
0.0 0.04125453904271126
0.0 0.04134068638086319
0.0 0.04135113209486008
0.0 0.041356392204761505
0.0 0.04147312045097351
0.0 0.041534654796123505
0.0 0.041572000831365585
0.0 0.041627187281847
0.0 0.041643377393484116
0.0 0.041752561926841736
0.0 0.04189338535070419
0.0 0.041893623769283295
0.0 0.04197497293353081
0.0 0.041981928050518036
0.0 0.04207783192396164
0.0 0.042114391922950745
0.0 0.042223528027534485
0.0 0.04224970564246178
0.0 0.04225943610072136
0.0 0.04231821373105049
0.0 0.04243192821741104
0.0 0.04244088754057884
0.0 0.04244942590594292
0.0 0.042470917105674744
0.0 0.04255012795329094
0.0 0.04256698861718178
0.0 0.04257471114397049
0.0 0.042695146054029465
0.0 0.042747970670461655
0.0 0.04282977804541588
0.0 0.042841557413339615
0.0 0.042866598814725876
0.0 0.04300025478005409
0.0 0.04302633926272392
0.0 0.04308333247900009
0.0 0.04310274124145508
0.0 0.043123286217451096
0.0 0.04328552633523941
0.0 0.04335801675915718
0.0 0.04336891323328018
0.0 0.04339766502380371
0.0 0.04346618056297302
0.0 0.043530404567718506
0.0 0.04361165314912796
0.0 0.0436522401869297
0.0 0.04377094283699989
0.0 0.044002383947372437
0.0 0.0442131832242012
0.0 0.044269923120737076
0.0 0.04430850222706795
0.0 0.04441816359758377
0.0 0.044422075152397156
0.0 0.04447963088750839
0.0 0.044551946222782135
0.0 0.044704269617795944
0.0 0.044746093451976776
0.0 0.04476381838321686
0.0 0.044767651706933975
0.0 0.04483276978135109
0.0 0.04491037875413895
0.0 0.04496190324425697
0.0 0.04497774690389633
0.0 0.04513620212674141
0.0 0.04520217701792717
0.0 0.04525034502148628
0.0 0.045295774936676025
0.0 0.045305971056222916
0.0 0.04530924931168556
0.0 0.045379456132650375
0.0 0.04555439203977585
0.0 0.045616354793310165
0.0 0.045758023858070374
0.0 0.0458972230553627
0.0 0.0460137315094471
0.0 0.046049293130636215
0.0 0.04608054831624031
0.0 0.04608388617634773
0.0 0.04620763659477234
0.0 0.046313799917697906
0.0 0.04632321372628212
0.0 0.04632456228137016
0.0 0.04634642228484154
0.0 0.04635833203792572
0.0 0.04637037590146065
0.0 0.046459779143333435
0.0 0.046465326100587845
0.0 0.04649549350142479
0.0 0.046620745211839676
0.0 0.0466347299516201
0.0 0.04675077646970749
0.0 0.04690331965684891
0.0 0.046916645020246506
0.0 0.04706241935491562
0.0 0.04731539636850357
0.0 0.04734990373253822
0.0 0.04748158156871796
0.0 0.04758073762059212
0.0 0.04761912301182747
0.0 0.04762505739927292
0.0 0.047629717737436295
0.0 0.047659844160079956
0.0 0.047687649726867676
0.0 0.047720324248075485
0.0 0.047789882868528366
0.0 0.047858405858278275
0.0 0.04793381690979004
0.0 0.04804431274533272
0.0 0.04808037355542183
0.0 0.048177871853113174
0.0 0.048194725066423416
0.0 0.04825912043452263
0.0 0.04833906888961792
0.0 0.0484980046749115
0.0 0.04858162999153137
0.0 0.04875105991959572
0.0 0.04885805770754814
0.0 0.04885819926857948
0.0 0.048886001110076904
0.0 0.04890671744942665
0.0 0.04893460497260094
0.0 0.049046244472265244
0.0 0.0491601936519146
0.0 0.04921089857816696
0.0 0.04921090602874756
0.0 0.04929674044251442
0.0 0.04930531606078148
0.0 0.049323517829179764
0.0 0.04936985298991203
0.0 0.04943438991904259
0.0 0.049515657126903534
0.0 0.04955759271979332
0.0 0.04974113777279854
0.0 0.0497988797724247
0.0 0.049886271357536316
0.0 0.049965549260377884
0.0 0.049983132630586624
0.0 0.0499868206679821
0.0 0.050315652042627335
0.0 0.05053628981113434
0.0 0.05066651105880737
0.0 0.05074990913271904
0.0 0.05088302493095398
0.0 0.05091804638504982
0.0 0.05094340071082115
0.0 0.050978753715753555
0.0 0.051135819405317307
0.0 0.05116937682032585
0.0 0.05126959830522537
0.0 0.05128420889377594
0.0 0.0512947216629982
0.0 0.051302213221788406
0.0 0.051343195140361786
0.0 0.05171741917729378
0.0 0.05172019079327583
0.0 0.0517929345369339
0.0 0.05184071883559227
0.0 0.052050814032554626
0.0 0.05208181217312813
0.0 0.052188940346241
0.0 0.05225425586104393
0.0 0.05231077969074249
0.0 0.05240257456898689
0.0 0.05241304636001587
0.0 0.05241415649652481
0.0 0.05266670510172844
0.0 0.0529496856033802
0.0 0.05297838896512985
0.0 0.05308355391025543
0.0 0.05311151221394539
0.0 0.05333529785275459
0.0 0.053361739963293076
0.0 0.05344236642122269
0.0 0.05346917361021042
0.0 0.05366843566298485
0.0 0.053678303956985474
0.0 0.05405960977077484
0.0 0.05435842275619507
0.0 0.054436031728982925
0.0 0.05454099178314209
0.0 0.054550834000110626
0.0 0.05506734922528267
0.0 0.05515231937170029
0.0 0.05524778366088867
0.0 0.05541526526212692
0.0 0.05546798184514046
0.0 0.055486805737018585
0.0 0.056108295917510986
0.0 0.05619967728853226
0.0 0.05637774616479874
0.0 0.056573815643787384
0.0 0.0567292794585228
0.0 0.0574810653924942
0.0 0.05748957395553589
0.0 0.05755281075835228
0.0 0.057571738958358765
0.0 0.05767807736992836
0.0 0.05776790902018547
0.0 0.05807565152645111
0.0 0.05825188010931015
0.0 0.05866413190960884
0.0 0.05940233916044235
0.0 0.059402529150247574
0.0 0.05944245681166649
0.0 0.05977875739336014
0.0 0.0599077008664608
0.0 0.06016199663281441
0.0 0.06022658571600914
0.0 0.06025434285402298
0.0 0.06026634946465492
0.0 0.06045060604810715
0.0 0.06070134416222572
0.0 0.06070752069354057
0.0 0.06072404235601425
0.0 0.061062492430210114
0.0 0.06136266887187958
0.0 0.0614328533411026
0.0 0.06188727170228958
0.0 0.062002964317798615
0.0 0.06205063685774803
0.0 0.06261790543794632
0.0 0.0627099797129631
0.0 0.06292802095413208
0.0 0.06350560486316681
0.0 0.06422822922468185
0.0 0.06516175717115402
0.0 0.06662200391292572
0.0 0.06721889972686768
0.0 0.06861238926649094
0.0 0.07299890369176865
0.0 0.074345663189888
0.0 0.07459381967782974
0.0 0.07557480782270432
0.0 0.07879870384931564
0.0 0.0994287058711052
0.0 inf
