0.0 0.04129372537136078
0.0 0.04536637291312218
0.0 0.0461876355111599
0.0 0.04624593257904053
0.0 0.046675603836774826
0.0 0.04776236042380333
0.0 0.048413291573524475
0.0 0.04875551536679268
0.0 0.049206238240003586
0.0 0.04942605644464493
0.0 0.05073590949177742
0.0 0.05096173286437988
0.0 0.051048394292593
0.0 0.052305713295936584
0.0 0.05233760550618172
0.0 0.05263214185833931
0.0 0.053133148699998856
0.0 0.05375948175787926
0.0 0.053877826780080795
0.0 0.05451247841119766
0.0 0.05476008355617523
0.0 0.05481857433915138
0.0 0.055401768535375595
0.0 0.05574406310915947
0.0 0.055937062948942184
0.0 0.05625588446855545
0.0 0.05635368078947067
0.0 0.056462258100509644
0.0 0.05689161643385887
0.0 0.058004431426525116
0.0 0.05813504755496979
0.0 0.0581701397895813
0.0 0.05828677862882614
0.0 0.05832493305206299
0.0 0.05840045213699341
0.0 0.05842486023902893
0.0 0.058474622666835785
0.0 0.05852971225976944
0.0 0.058552876114845276
0.0 0.05857183411717415
0.0 0.058974750339984894
0.0 0.05926967039704323
0.0 0.059621717780828476
0.0 0.05965586379170418
0.0 0.05968379229307175
0.0 0.059698447585105896
0.0 0.05972893163561821
0.0 0.059907909482717514
0.0 0.05992906540632248
0.0 0.06027822569012642
0.0 0.06034829467535019
0.0 0.06047779694199562
0.0 0.060753654688596725
0.0 0.060852501541376114
0.0 0.06086485832929611
0.0 0.06099408492445946
0.0 0.06118910759687424
0.0 0.06130595505237579
0.0 0.06133408844470978
0.0 0.061546988785266876
0.0 0.06155335158109665
0.0 0.061682410538196564
0.0 0.061697375029325485
0.0 0.06172582879662514
0.0 0.06177950277924538
0.0 0.06180914491415024
0.0 0.06201773136854172
0.0 0.0620504692196846
0.0 0.062208570539951324
0.0 0.06224149093031883
0.0 0.06235155090689659
0.0 0.06241733953356743
0.0 0.062482234090566635
0.0 0.0624907948076725
0.0 0.06269803643226624
0.0 0.06270665675401688
0.0 0.06276774406433105
0.0 0.06294465810060501
0.0 0.06299731880426407
0.0 0.06310031563043594
0.0 0.06332060694694519
0.0 0.06335560232400894
0.0 0.0633825808763504
0.0 0.06352467089891434
0.0 0.06357570737600327
0.0 0.06360884010791779
0.0 0.06370731443166733
0.0 0.06379537284374237
0.0 0.06410424411296844
0.0 0.06420660018920898
0.0 0.06423798203468323
0.0 0.06432183086872101
0.0 0.06447146087884903
0.0 0.06469904631376266
0.0 0.06470583379268646
0.0 0.06479733437299728
0.0 0.06484795361757278
0.0 0.06485914438962936
0.0 0.06492385268211365
0.0 0.06492779403924942
0.0 0.06526080518960953
0.0 0.06530590355396271
0.0 0.06560687720775604
0.0 0.0656903088092804
0.0 0.06571662425994873
0.0 0.06586381793022156
0.0 0.06586629152297974
0.0 0.0658857598900795
0.0 0.06592930108308792
0.0 0.06598358601331711
0.0 0.06605976074934006
0.0 0.06608417630195618
0.0 0.06613470613956451
0.0 0.06631166487932205
0.0 0.0663672536611557
0.0 0.06657914072275162
0.0 0.06670680642127991
0.0 0.06681222468614578
0.0 0.0668555498123169
0.0 0.06687852740287781
0.0 0.066897913813591
0.0 0.06705822050571442
0.0 0.06717133522033691
0.0 0.06723716109991074
0.0 0.06738666445016861
0.0 0.06752669811248779
0.0 0.0675307884812355
0.0 0.06762833148241043
0.0 0.0677337571978569
0.0 0.06791694462299347
0.0 0.06796493381261826
0.0 0.06818055361509323
0.0 0.06831590086221695
0.0 0.06841152906417847
0.0 0.06846248358488083
0.0 0.06846591085195541
0.0 0.06853998452425003
0.0 0.06868701428174973
0.0 0.06869319081306458
0.0 0.06876259297132492
0.0 0.06880325824022293
0.0 0.06883184611797333
0.0 0.06885038316249847
0.0 0.06900801509618759
0.0 0.06911476701498032
0.0 0.06912112981081009
0.0 0.06915339827537537
0.0 0.06917660683393478
0.0 0.06929722428321838
0.0 0.06934373080730438
0.0 0.06942511349916458
0.0 0.06942960619926453
0.0 0.06943035125732422
0.0 0.06960838288068771
0.0 0.06963826715946198
0.0 0.06978794187307358
0.0 0.07006049156188965
0.0 0.0700821802020073
0.0 0.07010681927204132
0.0 0.0702592134475708
0.0 0.07026641815900803
0.0 0.0703522264957428
0.0 0.07048601657152176
0.0 0.0705190971493721
0.0 0.07071035355329514
0.0 0.07117538154125214
0.0 0.0712469071149826
0.0 0.07128550112247467
0.0 0.07133915275335312
0.0 0.07135571539402008
0.0 0.07136931270360947
0.0 0.07146669179201126
0.0 0.0714840516448021
0.0 0.07153546810150146
0.0 0.07154835760593414
0.0 0.07160912454128265
0.0 0.0716405063867569
0.0 0.07170131057500839
0.0 0.07173990458250046
0.0 0.07181818038225174
0.0 0.07184982299804688
0.0 0.07194723933935165
0.0 0.07203727215528488
0.0 0.07205870747566223
0.0 0.07207102328538895
0.0 0.07220056653022766
0.0 0.07251762598752975
0.0 0.07266412675380707
0.0 0.07269054651260376
0.0 0.07269441336393356
0.0 0.07274270802736282
0.0 0.07279438525438309
0.0 0.07289626449346542
0.0 0.07295984774827957
0.0 0.07299388945102692
0.0 0.07306203246116638
0.0 0.07313338667154312
0.0 0.07318803668022156
0.0 0.07319706678390503
0.0 0.07327870279550552
0.0 0.07331850379705429
0.0 0.07336490601301193
0.0 0.07349302619695663
0.0 0.07364542037248611
0.0 0.07400635629892349
0.0 0.07420723140239716
0.0 0.07423707842826843
0.0 0.07425938546657562
0.0 0.07427570968866348
0.0 0.07431857287883759
0.0 0.07440169900655746
0.0 0.07448171824216843
0.0 0.07452510297298431
0.0 0.07465019077062607
0.0 0.07477258145809174
0.0 0.07482536882162094
0.0 0.07499707490205765
0.0 0.07502768933773041
0.0 0.07507640868425369
0.0 0.07508508861064911
0.0 0.07513153553009033
0.0 0.0752859115600586
0.0 0.07532341778278351
0.0 0.07534846663475037
0.0 0.0753556415438652
0.0 0.07535787671804428
0.0 0.07540956884622574
0.0 0.07550954073667526
0.0 0.07561942934989929
0.0 0.07562385499477386
0.0 0.07562882453203201
0.0 0.07565108686685562
0.0 0.07573714852333069
0.0 0.07573743909597397
0.0 0.07579776644706726
0.0 0.07581270486116409
0.0 0.07594630122184753
0.0 0.07618854939937592
0.0 0.07631704956293106
0.0 0.07637480646371841
0.0 0.0764467641711235
0.0 0.07655137777328491
0.0 0.07655946910381317
0.0 0.07693080604076385
0.0 0.07699567824602127
0.0 0.0771617442369461
0.0 0.0771859884262085
0.0 0.07727741450071335
0.0 0.07740451395511627
0.0 0.07742910832166672
0.0 0.07768991589546204
0.0 0.07770565897226334
0.0 0.07787153869867325
0.0 0.07792633026838303
0.0 0.07792848348617554
0.0 0.07803396880626678
0.0 0.07806446403265
0.0 0.078164242208004
0.0 0.07826480269432068
0.0 0.0782666951417923
0.0 0.07837258279323578
0.0 0.07840105891227722
0.0 0.0786217674612999
0.0 0.07865358889102936
0.0 0.07866177707910538
0.0 0.0786939337849617
0.0 0.07929612696170807
0.0 0.07934442162513733
0.0 0.07954301685094833
0.0 0.0796036571264267
0.0 0.07966296374797821
0.0 0.07972737401723862
0.0 0.07988937944173813
0.0 0.07991418987512589
0.0 0.08014065027236938
0.0 0.08025747537612915
0.0 0.08029536157846451
0.0 0.08037231117486954
0.0 0.08043396472930908
0.0 0.08074607700109482
0.0 0.08127757906913757
0.0 0.08130205422639847
0.0 0.08134035021066666
0.0 0.08145224303007126
0.0 0.08147945255041122
0.0 0.08151727169752121
0.0 0.08153442293405533
0.0 0.08181824535131454
0.0 0.0819137692451477
0.0 0.08214326947927475
0.0 0.08248942345380783
0.0 0.08252166211605072
0.0 0.08254215866327286
0.0 0.08259507268667221
0.0 0.08266374468803406
0.0 0.08279523998498917
0.0 0.08295109868049622
0.0 0.08300113677978516
0.0 0.08305519819259644
0.0 0.08307790011167526
0.0 0.08315752446651459
0.0 0.08331909775733948
0.0 0.0834563598036766
0.0 0.08369508385658264
0.0 0.08381985872983932
0.0 0.08384913206100464
0.0 0.08396834880113602
0.0 0.08402445912361145
0.0 0.08403802663087845
0.0 0.08414961397647858
0.0 0.08451443165540695
0.0 0.08461012691259384
0.0 0.08471690118312836
0.0 0.084803007543087
0.0 0.0848909243941307
0.0 0.08511023223400116
0.0 0.08515702188014984
0.0 0.08551094681024551
0.0 0.0855279192328453
0.0 0.08556967228651047
0.0 0.08578721433877945
0.0 0.08581715822219849
0.0 0.08601917326450348
0.0 0.08628512173891068
0.0 0.08633147180080414
0.0 0.08642157912254333
0.0 0.08649703115224838
0.0 0.08650379627943039
0.0 0.08653279393911362
0.0 0.0865950956940651
0.0 0.08667594939470291
0.0 0.08688519150018692
0.0 0.08695877343416214
0.0 0.08700114488601685
0.0 0.08751802891492844
0.0 0.08752641081809998
0.0 0.08754551410675049
0.0 0.08776461333036423
0.0 0.0879935771226883
0.0 0.0880114957690239
0.0 0.0880381166934967
0.0 0.08805692195892334
0.0 0.08861421793699265
0.0 0.08865168690681458
0.0 0.08868484944105148
0.0 0.08871793001890182
0.0 0.08887088298797607
0.0 0.0890364870429039
0.0 0.08911816030740738
0.0 0.08919605612754822
0.0 0.08929023146629333
0.0 0.0893520787358284
0.0 0.08942726999521255
0.0 0.08947449177503586
0.0 0.08951897919178009
0.0 0.08967471867799759
0.0 0.08985894173383713
0.0 0.08990851044654846
0.0 0.08997615426778793
0.0 0.08999987691640854
0.0 0.09017755836248398
0.0 0.09023856371641159
0.0 0.09068436175584793
0.0 0.09095647931098938
0.0 0.09108302742242813
0.0 0.09120219200849533
0.0 0.0913497731089592
0.0 0.09137048572301865
0.0 0.09149187058210373
0.0 0.09156159311532974
0.0 0.09159728139638901
0.0 0.09165705740451813
0.0 0.09206267446279526
0.0 0.09207885712385178
0.0 0.09221076965332031
0.0 0.09236622601747513
0.0 0.09281738102436066
0.0 0.0928606316447258
0.0 0.09288088977336884
0.0 0.09309496730566025
0.0 0.09378959238529205
0.0 0.09428482502698898
0.0 0.09445224702358246
0.0 0.0946996733546257
0.0 0.09497951716184616
0.0 0.09498158097267151
0.0 0.09514196962118149
0.0 0.09526178985834122
0.0 0.09530950337648392
0.0 0.0954221785068512
0.0 0.09551993757486343
0.0 0.09583765268325806
0.0 0.09588302671909332
0.0 0.09608402848243713
0.0 0.09621062129735947
0.0 0.09689537435770035
0.0 0.09695829451084137
0.0 0.09696459025144577
0.0 0.09730441123247147
0.0 0.0973329097032547
0.0 0.0974937304854393
0.0 0.09772779047489166
0.0 0.09781802445650101
0.0 0.09820016473531723
0.0 0.09837876260280609
0.0 0.09848185628652573
0.0 0.09874553978443146
0.0 0.09920687228441238
0.0 0.09927681088447571
0.0 0.09934216737747192
0.0 0.09941289573907852
0.0 0.09953596442937851
0.0 0.09975187480449677
0.0 0.09989802539348602
0.0 0.10025423765182495
0.0 0.10031796991825104
0.0 0.10032964497804642
0.0 0.10040190815925598
0.0 0.1004212275147438
0.0 0.1005014181137085
0.0 0.10070633888244629
0.0 0.10147561877965927
0.0 0.10148455202579498
0.0 0.102168507874012
0.0 0.10222460329532623
0.0 0.10231617093086243
0.0 0.10256735235452652
0.0 0.10267753899097443
0.0 0.10267946869134903
0.0 0.10335969924926758
0.0 0.10368616133928299
0.0 0.10390789061784744
0.0 0.10437921434640884
0.0 0.10454978793859482
0.0 0.10482435673475266
0.0 0.10498654097318649
0.0 0.10553953796625137
0.0 0.10573526471853256
0.0 0.10580891370773315
0.0 0.1063874140381813
0.0 0.1066376119852066
0.0 0.10665658861398697
0.0 0.10671121627092361
0.0 0.10676748305559158
0.0 0.10732357203960419
0.0 0.1074141338467598
0.0 0.10768058151006699
0.0 0.1080050840973854
0.0 0.10912282764911652
0.0 0.10921294242143631
0.0 0.10938991606235504
0.0 0.11020916700363159
0.0 0.11021292209625244
0.0 0.11033857613801956
0.0 0.11055321246385574
0.0 0.11087227612733841
0.0 0.11091708391904831
0.0 0.11130059510469437
0.0 0.1118851751089096
0.0 0.11204186826944351
0.0 0.11222764104604721
0.0 0.11278354376554489
0.0 0.113502137362957
0.0 0.11376531422138214
0.0 0.11399513483047485
0.0 0.11439710855484009
0.0 0.11441352963447571
0.0 0.115135058760643
0.0 0.11529801785945892
0.0 0.11560069024562836
0.0 0.11578547209501266
0.0 0.11604329943656921
0.0 0.11624112725257874
0.0 0.1164393275976181
0.0 0.1164831817150116
0.0 0.11650116741657257
0.0 0.11678360402584076
0.0 0.11713855713605881
0.0 0.11735307425260544
0.0 0.11743877083063126
0.0 0.11786505579948425
0.0 0.11800120025873184
0.0 0.1196688786149025
0.0 0.1198393851518631
0.0 0.12001126259565353
0.0 0.12097421288490295
0.0 0.12148216366767883
0.0 0.12152473628520966
0.0 0.12253397703170776
0.0 0.12401376664638519
0.0 0.12518295645713806
0.0 0.12642674148082733
0.0 0.12710493803024292
0.0 0.1272563934326172
0.0 0.12745648622512817
0.0 0.12874053418636322
0.0 0.12980568408966064
0.0 0.1299709528684616
0.0 0.1299763321876526
0.0 0.13060374557971954
0.0 0.13153454661369324
0.0 0.1325494945049286
0.0 0.13273295760154724
0.0 0.13484591245651245
0.0 0.13498638570308685
0.0 0.1351756751537323
0.0 0.1392648071050644
0.0 0.14103065431118011
0.0 0.14143694937229156
0.0 0.16506388783454895
0.0 0.1692948192358017
0.0 inf
