0.0 0.03394263610243797
0.0 0.03466928005218506
0.0 0.03601343557238579
0.0 0.03651030734181404
0.0 0.03842315822839737
0.0 0.03855035454034805
0.0 0.03875349089503288
0.0 0.04068319499492645
0.0 0.04072032496333122
0.0 0.04112771153450012
0.0 0.04183640703558922
0.0 0.04220359027385712
0.0 0.04227464273571968
0.0 0.04230194538831711
0.0 0.04275275766849518
0.0 0.0430292934179306
0.0 0.04303108900785446
0.0 0.04336336627602577
0.0 0.04339563846588135
0.0 0.04348868504166603
0.0 0.04359852522611618
0.0 0.04378359019756317
0.0 0.04380488768219948
0.0 0.04382353648543358
0.0 0.04416202753782272
0.0 0.044173553586006165
0.0 0.044355735182762146
0.0 0.04446353390812874
0.0 0.044602394104003906
0.0 0.04465964809060097
0.0 0.044708240777254105
0.0 0.04480705410242081
0.0 0.04494277387857437
0.0 0.04501734673976898
0.0 0.045041728764772415
0.0 0.045214127749204636
0.0 0.04521600529551506
0.0 0.04523056745529175
0.0 0.04523814469575882
0.0 0.04545405134558678
0.0 0.04557426646351814
0.0 0.045605387538671494
0.0 0.04568411037325859
0.0 0.04568569362163544
0.0 0.04578181356191635
0.0 0.04588476940989494
0.0 0.045893918722867966
0.0 0.04590710252523422
0.0 0.04597209766507149
0.0 0.0459945872426033
0.0 0.04607585445046425
0.0 0.046103641390800476
0.0 0.04624910280108452
0.0 0.0462578646838665
0.0 0.046369656920433044
0.0 0.04674971476197243
0.0 0.0468156635761261
0.0 0.04681878536939621
0.0 0.04685857519507408
0.0 0.046981487423181534
0.0 0.0470699667930603
0.0 0.047102801501750946
0.0 0.04714491218328476
0.0 0.0472809337079525
0.0 0.04728212207555771
0.0 0.04730015993118286
0.0 0.04733821377158165
0.0 0.04737481474876404
0.0 0.04741838201880455
0.0 0.04744186997413635
0.0 0.04758733883500099
0.0 0.047619450837373734
0.0 0.047640372067689896
0.0 0.04765104502439499
0.0 0.04773685336112976
0.0 0.04773838818073273
0.0 0.04775180295109749
0.0 0.04776017367839813
0.0 0.047765541821718216
0.0 0.04777297377586365
0.0 0.04777652397751808
0.0 0.04783545434474945
0.0 0.047945134341716766
0.0 0.0479673370718956
0.0 0.04805382341146469
0.0 0.048126157373189926
0.0 0.048260416835546494
0.0 0.048300851136446
0.0 0.04834652692079544
0.0 0.048444341868162155
0.0 0.048495814204216
0.0 0.04849834367632866
0.0 0.04857006296515465
0.0 0.04867568239569664
0.0 0.048684876412153244
0.0 0.04869686812162399
0.0 0.04871257022023201
0.0 0.04881169646978378
0.0 0.04881267994642258
0.0 0.04898447543382645
0.0 0.0490238256752491
0.0 0.04907127469778061
0.0 0.049113985151052475
0.0 0.049180131405591965
0.0 0.04936879500746727
0.0 0.04942014068365097
0.0 0.049422260373830795
0.0 0.04948436841368675
0.0 0.049593787640333176
0.0 0.04970613494515419
0.0 0.04971420019865036
0.0 0.049727603793144226
0.0 0.04974289983510971
0.0 0.04977351427078247
0.0 0.049860283732414246
0.0 0.05002820864319801
0.0 0.050047241151332855
0.0 0.05013589188456535
0.0 0.05017230659723282
0.0 0.050219643861055374
0.0 0.05029276758432388
0.0 0.0503026507794857
0.0 0.05033605545759201
0.0 0.050348006188869476
0.0 0.050393395125865936
0.0 0.05045446753501892
0.0 0.050560493022203445
0.0 0.050597433000802994
0.0 0.050704456865787506
0.0 0.050704747438430786
0.0 0.05074833706021309
0.0 0.05076586455106735
0.0 0.05086009204387665
0.0 0.050930071622133255
0.0 0.05098763480782509
0.0 0.051026299595832825
0.0 0.05109525844454765
0.0 0.05112479627132416
0.0 0.051186878234148026
0.0 0.051291223615407944
0.0 0.05139733850955963
0.0 0.05141042545437813
0.0 0.05143231898546219
0.0 0.051522109657526016
0.0 0.05152906849980354
0.0 0.0515480600297451
0.0 0.051665328443050385
0.0 0.05170430243015289
0.0 0.05182702839374542
0.0 0.051901672035455704
0.0 0.05192956328392029
0.0 0.05196782201528549
0.0 0.052036695182323456
0.0 0.052037790417671204
0.0 0.052148666232824326
0.0 0.052150044590234756
0.0 0.05228111147880554
0.0 0.05234029144048691
0.0 0.05236457288265228
0.0 0.05238485708832741
0.0 0.052421391010284424
0.0 0.05256718024611473
0.0 0.05257909372448921
0.0 0.052585672587156296
0.0 0.05258725583553314
0.0 0.05262120068073273
0.0 0.05262237414717674
0.0 0.05264226719737053
0.0 0.05265089496970177
0.0 0.05285421758890152
0.0 0.05288515239953995
0.0 0.05301351100206375
0.0 0.053017016500234604
0.0 0.053043972700834274
0.0 0.053052544593811035
0.0 0.05307728424668312
0.0 0.05313064530491829
0.0 0.053130801767110825
0.0 0.053134359419345856
0.0 0.05319075286388397
0.0 0.053195878863334656
0.0 0.05320701003074646
0.0 0.05327914282679558
0.0 0.05343664437532425
0.0 0.053556714206933975
0.0 0.05358288437128067
0.0 0.0535864494740963
0.0 0.0536217987537384
0.0 0.05364568904042244
0.0 0.05377991124987602
0.0 0.053810108453035355
0.0 0.053917184472084045
0.0 0.05392908677458763
0.0 0.05399516224861145
0.0 0.05402365326881409
0.0 0.05404762923717499
0.0 0.054094940423965454
0.0 0.05409727618098259
0.0 0.054141853004693985
0.0 0.05417142063379288
0.0 0.054235342890024185
0.0 0.054273322224617004
0.0 0.05436708405613899
0.0 0.054456036537885666
0.0 0.05448704957962036
0.0 0.05460326373577118
0.0 0.05469145253300667
0.0 0.054694391787052155
0.0 0.054700858891010284
0.0 0.05471036210656166
0.0 0.05481342226266861
0.0 0.05502896383404732
0.0 0.05505102500319481
0.0 0.05508121848106384
0.0 0.05508214607834816
0.0 0.05508561432361603
0.0 0.05509667843580246
0.0 0.055314965546131134
0.0 0.05534810945391655
0.0 0.05535508319735527
0.0 0.055415019392967224
0.0 0.05563553795218468
0.0 0.05568241328001022
0.0 0.05568499490618706
0.0 0.05571078136563301
0.0 0.05574306473135948
0.0 0.05577173829078674
0.0 0.05586821585893631
0.0 0.05595432221889496
0.0 0.05601440370082855
0.0 0.056059226393699646
0.0 0.056172337383031845
0.0 0.056196119636297226
0.0 0.056231990456581116
0.0 0.05636541172862053
0.0 0.0564023032784462
0.0 0.05641957372426987
0.0 0.05645282194018364
0.0 0.05648275464773178
0.0 0.05649559572339058
0.0 0.05652059242129326
0.0 0.056664567440748215
0.0 0.056804873049259186
0.0 0.05683424323797226
0.0 0.056836992502212524
0.0 0.0569075308740139
0.0 0.056951913982629776
0.0 0.05700364708900452
0.0 0.05702797695994377
0.0 0.05703183263540268
0.0 0.05708225071430206
0.0 0.057096950709819794
0.0 0.05718126893043518
0.0 0.05723761394619942
0.0 0.05724192410707474
0.0 0.05735659971833229
0.0 0.057357657700777054
0.0 0.05750511586666107
0.0 0.05751155689358711
0.0 0.05762628838419914
0.0 0.057833246886730194
0.0 0.05825840309262276
0.0 0.05828916281461716
0.0 0.058363787829875946
0.0 0.05842718854546547
0.0 0.0584956556558609
0.0 0.0585525743663311
0.0 0.0586952343583107
0.0 0.0587189681828022
0.0 0.05881541967391968
0.0 0.058871082961559296
0.0 0.0589446984231472
0.0 0.058947231620550156
0.0 0.05895872041583061
0.0 0.05903509631752968
0.0 0.059066180139780045
0.0 0.0591994971036911
0.0 0.0593295656144619
0.0 0.05938145890831947
0.0 0.059463679790496826
0.0 0.05950338393449783
0.0 0.05955515056848526
0.0 0.059566911309957504
0.0 0.059643425047397614
0.0 0.05965462699532509
0.0 0.059661783277988434
0.0 0.059661854058504105
0.0 0.05970502272248268
0.0 0.05971585959196091
0.0 0.05977066606283188
0.0 0.059866175055503845
0.0 0.059867553412914276
0.0 0.059942442923784256
0.0 0.0599987655878067
0.0 0.06002689152956009
0.0 0.06005222350358963
0.0 0.06005743518471718
0.0 0.060077324509620667
0.0 0.06019584462046623
0.0 0.06022137403488159
0.0 0.06023215875029564
0.0 0.060255926102399826
0.0 0.06026265397667885
0.0 0.060280267149209976
0.0 0.060286276042461395
0.0 0.06038297712802887
0.0 0.060397617518901825
0.0 0.060411907732486725
0.0 0.060507383197546005
0.0 0.06064937636256218
0.0 0.06064942479133606
0.0 0.0606844425201416
0.0 0.06070671230554581
0.0 0.060713913291692734
0.0 0.06072678789496422
0.0 0.06077728793025017
0.0 0.06088501960039139
0.0 0.06088559702038765
0.0 0.060949549078941345
0.0 0.06096670404076576
0.0 0.06100071966648102
0.0 0.06108054891228676
0.0 0.06122957915067673
0.0 0.06130366027355194
0.0 0.06134871020913124
0.0 0.06136185675859451
0.0 0.06137274578213692
0.0 0.06138286739587784
0.0 0.061397697776556015
0.0 0.061436355113983154
0.0 0.061524298042058945
0.0 0.06157810240983963
0.0 0.06173928081989288
0.0 0.06175398826599121
0.0 0.06183401867747307
0.0 0.06184058263897896
0.0 0.06184851750731468
0.0 0.06184908002614975
0.0 0.061854179948568344
0.0 0.06186232715845108
0.0 0.06189000606536865
0.0 0.06191472336649895
0.0 0.06198504567146301
0.0 0.06199408695101738
0.0 0.062100473791360855
0.0 0.062152646481990814
0.0 0.06217561289668083
0.0 0.062178146094083786
0.0 0.062272414565086365
0.0 0.06228531524538994
0.0 0.062388911843299866
0.0 0.062392398715019226
0.0 0.062404852360486984
0.0 0.062437400221824646
0.0 0.062451619654893875
0.0 0.062455687671899796
0.0 0.06248190253973007
0.0 0.06248939782381058
0.0 0.062494948506355286
0.0 0.06254616379737854
0.0 0.06266234070062637
0.0 0.06267339736223221
0.0 0.06268985569477081
0.0 0.06272205710411072
0.0 0.06280387938022614
0.0 0.0628180056810379
0.0 0.06286346167325974
0.0 0.06298055499792099
0.0 0.06301108002662659
0.0 0.06308355182409286
0.0 0.06322531402111053
0.0 0.0633130818605423
0.0 0.06355276703834534
0.0 0.06357580423355103
0.0 0.0636412650346756
0.0 0.06365363299846649
0.0 0.06366610527038574
0.0 0.06370414793491364
0.0 0.06373097002506256
0.0 0.06373459100723267
0.0 0.06384927034378052
0.0 0.06388557702302933
0.0 0.06392843276262283
0.0 0.0639486163854599
0.0 0.06420394778251648
0.0 0.06422829627990723
0.0 0.06440069526433945
0.0 0.06440847367048264
0.0 0.0644349530339241
0.0 0.06454718112945557
0.0 0.06457032263278961
0.0 0.06459653377532959
0.0 0.06469802558422089
0.0 0.06477168947458267
0.0 0.06495987623929977
0.0 0.06498338282108307
0.0 0.06504837423563004
0.0 0.06507838517427444
0.0 0.06525168567895889
0.0 0.06533641368150711
0.0 0.06539231538772583
0.0 0.0655655488371849
0.0 0.06558802723884583
0.0 0.06560372561216354
0.0 0.06564268469810486
0.0 0.06564325094223022
0.0 0.06568706035614014
0.0 0.0657276064157486
0.0 0.065733902156353
0.0 0.06577618420124054
0.0 0.06584081798791885
0.0 0.06587272137403488
0.0 0.06595516204833984
0.0 0.06597387790679932
0.0 0.0660465806722641
0.0 0.06610026955604553
0.0 0.06610855460166931
0.0 0.06621579825878143
0.0 0.06624894589185715
0.0 0.06633897870779037
0.0 0.06638414412736893
0.0 0.0664084181189537
0.0 0.06665386259555817
0.0 0.06680843234062195
0.0 0.06687542796134949
0.0 0.06706740707159042
0.0 0.06733296066522598
0.0 0.06733931601047516
0.0 0.06750264018774033
0.0 0.06755814701318741
0.0 0.06761423498392105
0.0 0.06773529946804047
0.0 0.06789561361074448
0.0 0.06796073913574219
0.0 0.06801110506057739
0.0 0.06827337294816971
0.0 0.06833840906620026
0.0 0.06839381903409958
0.0 0.06839382648468018
0.0 0.06849534064531326
0.0 0.06860357522964478
0.0 0.06865496933460236
0.0 0.06888434290885925
0.0 0.06892938166856766
0.0 0.06893490254878998
0.0 0.06942921131849289
0.0 0.06949763000011444
0.0 0.0696089044213295
0.0 0.06961403042078018
0.0 0.06998082995414734
0.0 0.07001035660505295
0.0 0.07009923458099365
0.0 0.07042032480239868
0.0 0.07043659687042236
0.0 0.07054351270198822
0.0 0.07056799530982971
0.0 0.0706067904829979
0.0 0.07094889879226685
0.0 0.0710073709487915
0.0 0.0710810050368309
0.0 0.07123296707868576
0.0 0.07123452425003052
0.0 0.07174769788980484
0.0 0.07176336646080017
0.0 0.07178302109241486
0.0 0.07196393609046936
0.0 0.07212790846824646
0.0 0.07214046269655228
0.0 0.07232826203107834
0.0 0.07235153764486313
0.0 0.0725419893860817
0.0 0.0726463720202446
0.0 0.07264858484268188
0.0 0.07278880476951599
0.0 0.07289248704910278
0.0 0.07291800528764725
0.0 0.07308734953403473
0.0 0.07331009209156036
0.0 0.07349412143230438
0.0 0.07364233583211899
0.0 0.0737716555595398
0.0 0.07384948432445526
0.0 0.07392929494380951
0.0 0.07393323630094528
0.0 0.07410518825054169
0.0 0.07433004677295685
0.0 0.07515328377485275
0.0 0.07531626522541046
0.0 0.07585842162370682
0.0 0.07645794004201889
0.0 0.07651904970407486
0.0 0.07653714716434479
0.0 0.07659736275672913
0.0 0.0767216831445694
0.0 0.07717125862836838
0.0 0.07732260227203369
0.0 0.07796765863895416
0.0 0.0784199982881546
0.0 0.07853389531373978
0.0 0.07881718873977661
0.0 0.07884888350963593
0.0 0.07896170765161514
0.0 0.0793333351612091
0.0 0.08116578310728073
0.0 0.0818752869963646
0.0 0.08371042460203171
0.0 0.08816579729318619
0.0 0.08929955959320068
0.0 0.09065889567136765
0.0 0.09388330578804016
0.0 0.10263913124799728
0.0 inf
