0.0 0.043480243533849716
0.0 0.044581927359104156
0.0 0.04508810490369797
0.0 0.04519219323992729
0.0 0.045567188411951065
0.0 0.046281058341264725
0.0 0.04680121690034866
0.0 0.046920161694288254
0.0 0.047103654593229294
0.0 0.047418635338544846
0.0 0.047941192984580994
0.0 0.048304662108421326
0.0 0.04837122559547424
0.0 0.04882353916764259
0.0 0.04882621765136719
0.0 0.04926702752709389
0.0 0.049515098333358765
0.0 0.04952516034245491
0.0 0.05001033842563629
0.0 0.05009002611041069
0.0 0.05039053410291672
0.0 0.050688814371824265
0.0 0.05090075358748436
0.0 0.05093096196651459
0.0 0.05103731527924538
0.0 0.05111110955476761
0.0 0.051688406616449356
0.0 0.05184938758611679
0.0 0.05192311480641365
0.0 0.05201578140258789
0.0 0.05206131935119629
0.0 0.052080459892749786
0.0 0.05210630223155022
0.0 0.052143990993499756
0.0 0.05218870937824249
0.0 0.052199169993400574
0.0 0.05234457552433014
0.0 0.052420563995838165
0.0 0.05258284881711006
0.0 0.05271259695291519
0.0 0.052760347723960876
0.0 0.05280924215912819
0.0 0.05309424176812172
0.0 0.05334654822945595
0.0 0.05336989462375641
0.0 0.05339406058192253
0.0 0.053439751267433167
0.0 0.05344851315021515
0.0 0.053464315831661224
0.0 0.05360277369618416
0.0 0.053664468228816986
0.0 0.05367084965109825
0.0 0.05375941842794418
0.0 0.053938016295433044
0.0 0.05413350835442543
0.0 0.05414165183901787
0.0 0.05423535034060478
0.0 0.05427296832203865
0.0 0.054515138268470764
0.0 0.054632652550935745
0.0 0.054638221859931946
0.0 0.054670773446559906
0.0 0.054699964821338654
0.0 0.054766945540905
0.0 0.05481142923235893
0.0 0.05492424592375755
0.0 0.05496621131896973
0.0 0.05503420904278755
0.0 0.05508272349834442
0.0 0.05516773834824562
0.0 0.05528464540839195
0.0 0.05532365292310715
0.0 0.05533168837428093
0.0 0.05534721538424492
0.0 0.05551084876060486
0.0 0.055526603013277054
0.0 0.05559294670820236
0.0 0.05569102615118027
0.0 0.05580563098192215
0.0 0.05581960454583168
0.0 0.05595427379012108
0.0 0.056055065244436264
0.0 0.056110680103302
0.0 0.056193720549345016
0.0 0.056204959750175476
0.0 0.05620987340807915
0.0 0.056210070848464966
0.0 0.05644165724515915
0.0 0.0564739927649498
0.0 0.05673639476299286
0.0 0.0569368451833725
0.0 0.05695485696196556
0.0 0.05723506957292557
0.0 0.05735093727707863
0.0 0.057420749217271805
0.0 0.05742199718952179
0.0 0.057442955672740936
0.0 0.05752040445804596
0.0 0.057528335601091385
0.0 0.05762457475066185
0.0 0.05767355486750603
0.0 0.057747695595026016
0.0 0.05782802030444145
0.0 0.057859521359205246
0.0 0.057933539152145386
0.0 0.05811326205730438
0.0 0.058113351464271545
0.0 0.05828418582677841
0.0 0.05828699469566345
0.0 0.05828707665205002
0.0 0.058466315269470215
0.0 0.05850338935852051
0.0 0.05854310840368271
0.0 0.05859784036874771
0.0 0.05861788988113403
0.0 0.05872600898146629
0.0 0.05873769894242287
0.0 0.05875995010137558
0.0 0.05895211547613144
0.0 0.05898488312959671
0.0 0.05904421582818031
0.0 0.05907085910439491
0.0 0.05921395123004913
0.0 0.05922817438840866
0.0 0.05929166078567505
0.0 0.059404853731393814
0.0 0.05954989790916443
0.0 0.05956796929240227
0.0 0.05965612456202507
0.0 0.059667058289051056
0.0 0.05970431864261627
0.0 0.059750996530056
0.0 0.05981140211224556
0.0 0.059989046305418015
0.0 0.05999361351132393
0.0 0.060086172074079514
0.0 0.06015189364552498
0.0 0.06019948422908783
0.0 0.06047361344099045
0.0 0.06053293123841286
0.0 0.060553569346666336
0.0 0.06062665209174156
0.0 0.06075079366564751
0.0 0.060756947845220566
0.0 0.060815852135419846
0.0 0.06097286939620972
0.0 0.06097967550158501
0.0 0.06110125035047531
0.0 0.061144642531871796
0.0 0.06116421893239021
0.0 0.06126775965094566
0.0 0.061384595930576324
0.0 0.06149876490235329
0.0 0.061605338007211685
0.0 0.06182579696178436
0.0 0.061862241476774216
0.0 0.061919204890728
0.0 0.06203986704349518
0.0 0.062142789363861084
0.0 0.06217784807085991
0.0 0.06218200549483299
0.0 0.06223536282777786
0.0 0.06224595382809639
0.0 0.06237507984042168
0.0 0.0624825544655323
0.0 0.06248527765274048
0.0 0.06274424493312836
0.0 0.06274966895580292
0.0 0.06285390257835388
0.0 0.0630989670753479
0.0 0.0631694346666336
0.0 0.06331238150596619
0.0 0.0634881854057312
0.0 0.06356588006019592
0.0 0.06368117779493332
0.0 0.06368423253297806
0.0 0.06368602812290192
0.0 0.06369129568338394
0.0 0.06385122984647751
0.0 0.06386285275220871
0.0 0.06389929354190826
0.0 0.06398065388202667
0.0 0.0640820860862732
0.0 0.06413370370864868
0.0 0.06430479884147644
0.0 0.06433840095996857
0.0 0.06445638090372086
0.0 0.06452286243438721
0.0 0.06453844904899597
0.0 0.06457057595252991
0.0 0.06457219272851944
0.0 0.06466720998287201
0.0 0.06468115001916885
0.0 0.06474071741104126
0.0 0.06481312960386276
0.0 0.06494179368019104
0.0 0.06495819240808487
0.0 0.06499235332012177
0.0 0.06499268859624863
0.0 0.06502167880535126
0.0 0.06512969732284546
0.0 0.06515941023826599
0.0 0.06520126760005951
0.0 0.06528979539871216
0.0 0.0655238926410675
0.0 0.06556347012519836
0.0 0.06558389961719513
0.0 0.06562419980764389
0.0 0.06563485413789749
0.0 0.06565415859222412
0.0 0.06568337976932526
0.0 0.0657559260725975
0.0 0.06575897336006165
0.0 0.06577145308256149
0.0 0.06579775363206863
0.0 0.06582006812095642
0.0 0.06589186191558838
0.0 0.06589490920305252
0.0 0.06589961051940918
0.0 0.06595908850431442
0.0 0.06597405672073364
0.0 0.06604744493961334
0.0 0.06612548977136612
0.0 0.06616853922605515
0.0 0.06619918346405029
0.0 0.06626398116350174
0.0 0.06626816093921661
0.0 0.06631004810333252
0.0 0.06641874462366104
0.0 0.0665479376912117
0.0 0.06657932698726654
0.0 0.0668683648109436
0.0 0.06688635796308517
0.0 0.0669039860367775
0.0 0.0670696273446083
0.0 0.06712228804826736
0.0 0.06718499958515167
0.0 0.06732252240180969
0.0 0.06734251976013184
0.0 0.0673566684126854
0.0 0.06736461073160172
0.0 0.06740288436412811
0.0 0.067471444606781
0.0 0.06769538670778275
0.0 0.06788371503353119
0.0 0.06791587918996811
0.0 0.0679699257016182
0.0 0.06809023767709732
0.0 0.0681530013680458
0.0 0.06839965283870697
0.0 0.06853057444095612
0.0 0.06858645379543304
0.0 0.06870424002408981
0.0 0.06877658516168594
0.0 0.06878016144037247
0.0 0.06897386163473129
0.0 0.06898677349090576
0.0 0.06902635842561722
0.0 0.06915564835071564
0.0 0.0691797211766243
0.0 0.06928040832281113
0.0 0.06931333988904953
0.0 0.06972537189722061
0.0 0.06972916424274445
0.0 0.0697970762848854
0.0 0.06982354819774628
0.0 0.06987562030553818
0.0 0.0699039101600647
0.0 0.0699213370680809
0.0 0.06996896862983704
0.0 0.07000980526208878
0.0 0.07005222886800766
0.0 0.0700661912560463
0.0 0.07022858411073685
0.0 0.07025892287492752
0.0 0.07030165195465088
0.0 0.07033633440732956
0.0 0.07034334540367126
0.0 0.07045481353998184
0.0 0.07048539072275162
0.0 0.07067663222551346
0.0 0.07087655365467072
0.0 0.07092692703008652
0.0 0.07104845345020294
0.0 0.07108199596405029
0.0 0.07108528167009354
0.0 0.07123034447431564
0.0 0.07138967514038086
0.0 0.07146576792001724
0.0 0.0716121643781662
0.0 0.07162974774837494
0.0 0.0716555044054985
0.0 0.07169643044471741
0.0 0.0717252790927887
0.0 0.07181622833013535
0.0 0.07182253897190094
0.0 0.07183263450860977
0.0 0.0718974843621254
0.0 0.07205689698457718
0.0 0.07214485853910446
0.0 0.07230974733829498
0.0 0.07246381789445877
0.0 0.07249157130718231
0.0 0.07268501818180084
0.0 0.07269993424415588
0.0 0.07275132834911346
0.0 0.07288416475057602
0.0 0.07298808544874191
0.0 0.07299960404634476
0.0 0.07305657118558884
0.0 0.07312482595443726
0.0 0.07333546131849289
0.0 0.07357481867074966
0.0 0.0735875740647316
0.0 0.07360578328371048
0.0 0.07365797460079193
0.0 0.07371924072504044
0.0 0.0738753080368042
0.0 0.07393044233322144
0.0 0.07403675466775894
0.0 0.07412013411521912
0.0 0.07421837002038956
0.0 0.07442598044872284
0.0 0.07461216300725937
0.0 0.07470789551734924
0.0 0.0748162716627121
0.0 0.07484179735183716
0.0 0.0748932734131813
0.0 0.07495724409818649
0.0 0.07521040737628937
0.0 0.0753462016582489
0.0 0.07555002719163895
0.0 0.07555723935365677
0.0 0.07563374191522598
0.0 0.07571744918823242
0.0 0.075860895216465
0.0 0.07590766996145248
0.0 0.0760718509554863
0.0 0.07618112862110138
0.0 0.07626866549253464
0.0 0.0763276070356369
0.0 0.07651854306459427
0.0 0.07659868150949478
0.0 0.07666356861591339
0.0 0.07667016983032227
0.0 0.07669917494058609
0.0 0.0768718495965004
0.0 0.07696931064128876
0.0 0.07717319577932358
0.0 0.07723622769117355
0.0 0.07725171744823456
0.0 0.07744017243385315
0.0 0.07749015092849731
0.0 0.07765605300664902
0.0 0.07768992334604263
0.0 0.0777052491903305
0.0 0.07776639610528946
0.0 0.07793204486370087
0.0 0.0780155137181282
0.0 0.07805071771144867
0.0 0.07807174324989319
0.0 0.07825329154729843
0.0 0.07852844148874283
0.0 0.07853718101978302
0.0 0.07854773104190826
0.0 0.07871931046247482
0.0 0.07881208509206772
0.0 0.0788571760058403
0.0 0.0788739025592804
0.0 0.07900391519069672
0.0 0.07902587950229645
0.0 0.07922083884477615
0.0 0.07923702895641327
0.0 0.07928414642810822
0.0 0.07936922460794449
0.0 0.07941315323114395
0.0 0.07953714579343796
0.0 0.07956568151712418
0.0 0.07971086353063583
0.0 0.07974262535572052
0.0 0.07986766844987869
0.0 0.0801248848438263
0.0 0.08028136938810349
0.0 0.08038987219333649
0.0 0.08039278537034988
0.0 0.08043968677520752
0.0 0.08045075833797455
0.0 0.0804969072341919
0.0 0.08076326549053192
0.0 0.08080386370420456
0.0 0.08104878664016724
0.0 0.08107181638479233
0.0 0.08114869892597198
0.0 0.08135993778705597
0.0 0.08166371285915375
0.0 0.08180267363786697
0.0 0.08203385770320892
0.0 0.08210456371307373
0.0 0.08231274783611298
0.0 0.08239201456308365
0.0 0.0824209526181221
0.0 0.08262177556753159
0.0 0.08272048830986023
0.0 0.08279924839735031
0.0 0.08304592221975327
0.0 0.08311605453491211
0.0 0.08331834524869919
0.0 0.08332441002130508
0.0 0.08336970210075378
0.0 0.0834832638502121
0.0 0.08361294120550156
0.0 0.08404619991779327
0.0 0.08412332087755203
0.0 0.08418326824903488
0.0 0.08423428982496262
0.0 0.08457215875387192
0.0 0.08465015888214111
0.0 0.08466064929962158
0.0 0.08472231775522232
0.0 0.08498599380254745
0.0 0.08533565700054169
0.0 0.08552396297454834
0.0 0.08553776144981384
0.0 0.08565430343151093
0.0 0.0858146920800209
0.0 0.0860787034034729
0.0 0.08610809594392776
0.0 0.08644013851881027
0.0 0.08662576228380203
0.0 0.08663924038410187
0.0 0.08677472174167633
0.0 0.08686303347349167
0.0 0.08698000013828278
0.0 0.08719804883003235
0.0 0.08723026514053345
0.0 0.08729709684848785
0.0 0.08763015270233154
0.0 0.08771170675754547
0.0 0.08868387341499329
0.0 0.08874821662902832
0.0 0.08908534049987793
0.0 0.08921504765748978
0.0 0.08948113769292831
0.0 0.08950573951005936
0.0 0.08970270305871964
0.0 0.08986350148916245
0.0 0.09002996981143951
0.0 0.09010105580091476
0.0 0.09012070298194885
0.0 0.09055221825838089
0.0 0.09055809676647186
0.0 0.09083400666713715
0.0 0.09086593985557556
0.0 0.09089518338441849
0.0 0.0911182314157486
0.0 0.09141699224710464
0.0 0.09156361222267151
0.0 0.09181966632604599
0.0 0.09190867841243744
0.0 0.0921085998415947
0.0 0.092572882771492
0.0 0.0926927775144577
0.0 0.09317731112241745
0.0 0.09340160340070724
0.0 0.0936693474650383
0.0 0.0938509851694107
0.0 0.0938979908823967
0.0 0.0939820408821106
0.0 0.09422145783901215
0.0 0.0951027125120163
0.0 0.09535882622003555
0.0 0.09539389610290527
0.0 0.09587033838033676
0.0 0.09599462896585464
0.0 0.09617824107408524
0.0 0.09621686488389969
0.0 0.0969746857881546
0.0 0.09729620814323425
0.0 0.09730669111013412
0.0 0.09741784632205963
0.0 0.09828192740678787
0.0 0.09858255833387375
0.0 0.09904573112726212
0.0 0.10026923567056656
0.0 0.10084115713834763
0.0 0.1008700579404831
0.0 0.10144251585006714
0.0 0.10154865682125092
0.0 0.10241077840328217
0.0 0.10273683071136475
0.0 0.10305160284042358
0.0 0.10345738381147385
0.0 0.10348520427942276
0.0 0.10356051474809647
0.0 0.10505020618438721
0.0 0.10736136883497238
0.0 0.10754509270191193
0.0 0.10822337865829468
0.0 0.10827118158340454
0.0 0.10966233164072037
0.0 0.10967805981636047
0.0 0.10991537570953369
0.0 0.11046096682548523
0.0 0.11321087181568146
0.0 0.11410798877477646
0.0 0.11484551429748535
0.0 0.11570456624031067
0.0 0.12286889553070068
0.0 0.12310390174388885
0.0 0.12992919981479645
0.0 0.1338493674993515
0.0 inf
