0.0 0.0376523919403553
0.0 0.03843222185969353
0.0 0.040450192987918854
0.0 0.04115331545472145
0.0 0.0436534620821476
0.0 0.04384757950901985
0.0 0.04419875144958496
0.0 0.044943127781152725
0.0 0.04545941576361656
0.0 0.04573167487978935
0.0 0.046791888773441315
0.0 0.04684979468584061
0.0 0.047165025025606155
0.0 0.047305893152952194
0.0 0.047865331172943115
0.0 0.04787632077932358
0.0 0.047955237329006195
0.0 0.048078279942274094
0.0 0.04838560149073601
0.0 0.04841822385787964
0.0 0.04855738952755928
0.0 0.04868149384856224
0.0 0.04881555214524269
0.0 0.04892256110906601
0.0 0.049011681228876114
0.0 0.04911327734589577
0.0 0.04918191209435463
0.0 0.04924095422029495
0.0 0.04935111477971077
0.0 0.049371473491191864
0.0 0.049484435468912125
0.0 0.049708861857652664
0.0 0.04977182671427727
0.0 0.049812138080596924
0.0 0.04994913563132286
0.0 0.05025343969464302
0.0 0.050326261669397354
0.0 0.05058685317635536
0.0 0.05062389001250267
0.0 0.05069100111722946
0.0 0.05101057142019272
0.0 0.051110681146383286
0.0 0.05111698433756828
0.0 0.05143899843096733
0.0 0.05147724598646164
0.0 0.0515129379928112
0.0 0.051534198224544525
0.0 0.051864709705114365
0.0 0.052426934242248535
0.0 0.052511222660541534
0.0 0.052610479295253754
0.0 0.05268986523151398
0.0 0.052727919071912766
0.0 0.052744217216968536
0.0 0.05274753272533417
0.0 0.05282529816031456
0.0 0.05284740403294563
0.0 0.052897293120622635
0.0 0.05290857329964638
0.0 0.05310707911849022
0.0 0.053138118237257004
0.0 0.05314197763800621
0.0 0.05321270599961281
0.0 0.05336333438754082
0.0 0.053405921906232834
0.0 0.05379442870616913
0.0 0.053810492157936096
0.0 0.05383801832795143
0.0 0.05396685749292374
0.0 0.05403970927000046
0.0 0.05413006618618965
0.0 0.05422181636095047
0.0 0.054245661944150925
0.0 0.05428915470838547
0.0 0.054390840232372284
0.0 0.05440297722816467
0.0 0.054676566272974014
0.0 0.05500130355358124
0.0 0.05512087419629097
0.0 0.055179327726364136
0.0 0.05540858209133148
0.0 0.05553383752703667
0.0 0.05557088926434517
0.0 0.055830396711826324
0.0 0.05601998418569565
0.0 0.056031499058008194
0.0 0.05608104169368744
0.0 0.05610669404268265
0.0 0.056151382625103
0.0 0.0562962107360363
0.0 0.05640460178256035
0.0 0.0564347505569458
0.0 0.05646076425909996
0.0 0.056507717818021774
0.0 0.056521084159612656
0.0 0.056543633341789246
0.0 0.056624945253133774
0.0 0.057049304246902466
0.0 0.05710756033658981
0.0 0.057219404727220535
0.0 0.05737890675663948
0.0 0.05769866332411766
0.0 0.05770621821284294
0.0 0.05778580904006958
0.0 0.057829152792692184
0.0 0.05785335972905159
0.0 0.05790039524435997
0.0 0.05791594833135605
0.0 0.057985324412584305
0.0 0.058043405413627625
0.0 0.05807212367653847
0.0 0.05830162763595581
0.0 0.05833093449473381
0.0 0.05839738994836807
0.0 0.05842165648937225
0.0 0.05860528349876404
0.0 0.058617040514945984
0.0 0.05879122391343117
0.0 0.058806050568819046
0.0 0.05882832035422325
0.0 0.05885345861315727
0.0 0.05885477736592293
0.0 0.05889516696333885
0.0 0.058904051780700684
0.0 0.05892674997448921
0.0 0.058946773409843445
0.0 0.05903414636850357
0.0 0.059179019182920456
0.0 0.059221189469099045
0.0 0.0592462420463562
0.0 0.05933138728141785
0.0 0.059408001601696014
0.0 0.05941233038902283
0.0 0.05941836163401604
0.0 0.059468358755111694
0.0 0.05949984863400459
0.0 0.05955169349908829
0.0 0.05980649217963219
0.0 0.059827666729688644
0.0 0.05985930934548378
0.0 0.059904832392930984
0.0 0.05997772514820099
0.0 0.060117509216070175
0.0 0.060132741928100586
0.0 0.060133159160614014
0.0 0.060196422040462494
0.0 0.06021291762590408
0.0 0.06029815226793289
0.0 0.06052907556295395
0.0 0.06053055450320244
0.0 0.06077353656291962
0.0 0.060788508504629135
0.0 0.06098180636763573
0.0 0.06103520467877388
0.0 0.0610901415348053
0.0 0.061102960258722305
0.0 0.06113097816705704
0.0 0.06123586371541023
0.0 0.06139013171195984
0.0 0.061450619250535965
0.0 0.06147317588329315
0.0 0.06156497821211815
0.0 0.06160454824566841
0.0 0.061668358743190765
0.0 0.06172456964850426
0.0 0.06185746565461159
0.0 0.06186611205339432
0.0 0.061966247856616974
0.0 0.062078021466732025
0.0 0.06211626157164574
0.0 0.06216283515095711
0.0 0.0621943436563015
0.0 0.06219445914030075
0.0 0.06225234642624855
0.0 0.06243828684091568
0.0 0.06258873641490936
0.0 0.06260724365711212
0.0 0.06267353147268295
0.0 0.06267360597848892
0.0 0.0627785250544548
0.0 0.06278442591428757
0.0 0.06285608559846878
0.0 0.06294942647218704
0.0 0.06322741508483887
0.0 0.06323107331991196
0.0 0.06327502429485321
0.0 0.0633009597659111
0.0 0.0633469969034195
0.0 0.06352350860834122
0.0 0.06355404108762741
0.0 0.06368942558765411
0.0 0.06370752304792404
0.0 0.06371715664863586
0.0 0.06379144638776779
0.0 0.06381899863481522
0.0 0.0638328418135643
0.0 0.06383726745843887
0.0 0.0640702173113823
0.0 0.06422357261180878
0.0 0.06422847509384155
0.0 0.06423556804656982
0.0 0.0644572377204895
0.0 0.06467952579259872
0.0 0.06507643312215805
0.0 0.06551992148160934
0.0 0.06553376466035843
0.0 0.0655553862452507
0.0 0.06560966372489929
0.0 0.06573235988616943
0.0 0.06586316227912903
0.0 0.06604871153831482
0.0 0.0660756453871727
0.0 0.06609893590211868
0.0 0.06613119691610336
0.0 0.06625508517026901
0.0 0.06636345386505127
0.0 0.0663822740316391
0.0 0.06654805690050125
0.0 0.066747285425663
0.0 0.06674782931804657
0.0 0.06676700711250305
0.0 0.0667731985449791
0.0 0.06677541136741638
0.0 0.0670560672879219
0.0 0.06715002655982971
0.0 0.06720711290836334
0.0 0.0673007145524025
0.0 0.06746234744787216
0.0 0.06747261434793472
0.0 0.06747732311487198
0.0 0.06759536266326904
0.0 0.06768229603767395
0.0 0.06774222105741501
0.0 0.06784936040639877
0.0 0.06789794564247131
0.0 0.06801852583885193
0.0 0.06803781539201736
0.0 0.06804414093494415
0.0 0.06804568320512772
0.0 0.06807690113782883
0.0 0.06814374774694443
0.0 0.06821830570697784
0.0 0.0683153048157692
0.0 0.06836462765932083
0.0 0.0683818832039833
0.0 0.06846871227025986
0.0 0.06867030262947083
0.0 0.06867561489343643
0.0 0.06870581954717636
0.0 0.06871537864208221
0.0 0.06871958076953888
0.0 0.06875240802764893
0.0 0.06876334547996521
0.0 0.06886354088783264
0.0 0.06891665607690811
0.0 0.06894640624523163
0.0 0.06900393962860107
0.0 0.06900504231452942
0.0 0.06901177018880844
0.0 0.06908285617828369
0.0 0.06914643198251724
0.0 0.06928332149982452
0.0 0.06930867582559586
0.0 0.06944577395915985
0.0 0.06946558505296707
0.0 0.06949224323034286
0.0 0.0695323720574379
0.0 0.06965290009975433
0.0 0.06971403956413269
0.0 0.06971669942140579
0.0 0.06971905380487442
0.0 0.06979111582040787
0.0 0.07001937925815582
0.0 0.07002456486225128
0.0 0.07002613693475723
0.0 0.07006293535232544
0.0 0.07024657726287842
0.0 0.07034425437450409
0.0 0.07042131572961807
0.0 0.07047788798809052
0.0 0.07049329578876495
0.0 0.07059715688228607
0.0 0.07072131335735321
0.0 0.07072722166776657
0.0 0.0707443505525589
0.0 0.07081639766693115
0.0 0.07084064930677414
0.0 0.07084830850362778
0.0 0.07085417211055756
0.0 0.07108668982982635
0.0 0.07133554667234421
0.0 0.07140437513589859
0.0 0.07149673253297806
0.0 0.07149936258792877
0.0 0.07153812050819397
0.0 0.07157785445451736
0.0 0.07159651070833206
0.0 0.07161825150251389
0.0 0.07162246853113174
0.0 0.07171951234340668
0.0 0.07175126671791077
0.0 0.07179056107997894
0.0 0.07179999351501465
0.0 0.07182105630636215
0.0 0.07198625057935715
0.0 0.07206883281469345
0.0 0.07218777388334274
0.0 0.07221658527851105
0.0 0.07224956154823303
0.0 0.07234111428260803
0.0 0.07234860211610794
0.0 0.072365403175354
0.0 0.07238785922527313
0.0 0.07245887815952301
0.0 0.07259847968816757
0.0 0.07260752469301224
0.0 0.07263212651014328
0.0 0.07278383523225784
0.0 0.07306640595197678
0.0 0.07308883219957352
0.0 0.07315041124820709
0.0 0.0731535330414772
0.0 0.07317198067903519
0.0 0.07341092079877853
0.0 0.0735984668135643
0.0 0.07361746579408646
0.0 0.07369238883256912
0.0 0.07371650636196136
0.0 0.07372310012578964
0.0 0.07377330958843231
0.0 0.07401920109987259
0.0 0.07408370822668076
0.0 0.07411062717437744
0.0 0.0741213709115982
0.0 0.07415880262851715
0.0 0.07421781867742538
0.0 0.07426244020462036
0.0 0.07431825250387192
0.0 0.07433534413576126
0.0 0.07436605542898178
0.0 0.07443586736917496
0.0 0.07448729872703552
0.0 0.07474267482757568
0.0 0.0748731940984726
0.0 0.07489006221294403
0.0 0.07489024847745895
0.0 0.07493139058351517
0.0 0.0749896764755249
0.0 0.0750579833984375
0.0 0.07508697360754013
0.0 0.0751570388674736
0.0 0.0752153992652893
0.0 0.0752553790807724
0.0 0.07553420960903168
0.0 0.0755552127957344
0.0 0.0755779966711998
0.0 0.0757523849606514
0.0 0.075792096555233
0.0 0.07582805305719376
0.0 0.0759160965681076
0.0 0.07592670619487762
0.0 0.07598435133695602
0.0 0.07613170892000198
0.0 0.07623718678951263
0.0 0.07627695053815842
0.0 0.07640376687049866
0.0 0.07641024887561798
0.0 0.07643759995698929
0.0 0.07646814733743668
0.0 0.07656693458557129
0.0 0.07662273943424225
0.0 0.07675480842590332
0.0 0.07695037126541138
0.0 0.07702713459730148
0.0 0.07725998759269714
0.0 0.07757710665464401
0.0 0.07759638875722885
0.0 0.07766422629356384
0.0 0.07777421921491623
0.0 0.07779834419488907
0.0 0.07791619002819061
0.0 0.07797153294086456
0.0 0.0781007930636406
0.0 0.07813612371683121
0.0 0.07827681303024292
0.0 0.07867136597633362
0.0 0.07874419540166855
0.0 0.07882235199213028
0.0 0.07902967184782028
0.0 0.07905229926109314
0.0 0.07909746468067169
0.0 0.07943891733884811
0.0 0.07968247681856155
0.0 0.07972559332847595
0.0 0.08008380234241486
0.0 0.08070482313632965
0.0 0.08072111010551453
0.0 0.08095850050449371
0.0 0.0810244083404541
0.0 0.08123208582401276
0.0 0.08139659464359283
0.0 0.08149940520524979
0.0 0.08156508952379227
0.0 0.08160607516765594
0.0 0.0817280262708664
0.0 0.08183222264051437
0.0 0.0823245495557785
0.0 0.08234042674303055
0.0 0.08255402743816376
0.0 0.08258701115846634
0.0 0.08259906619787216
0.0 0.08290304243564606
0.0 0.0829848200082779
0.0 0.08300597965717316
0.0 0.0830262154340744
0.0 0.08339423686265945
0.0 0.08352307230234146
0.0 0.08357183635234833
0.0 0.08365253359079361
0.0 0.08366205543279648
0.0 0.0836934894323349
0.0 0.08384959399700165
0.0 0.08394233137369156
0.0 0.0840972438454628
0.0 0.08410000056028366
0.0 0.08419729024171829
0.0 0.08424687385559082
0.0 0.0842493399977684
0.0 0.0849112942814827
0.0 0.0850272849202156
0.0 0.08506030589342117
0.0 0.08517839759588242
0.0 0.08565185964107513
0.0 0.08582959324121475
0.0 0.08587851375341415
0.0 0.08599170297384262
0.0 0.08633272349834442
0.0 0.08654959499835968
0.0 0.08665484189987183
0.0 0.08693914115428925
0.0 0.08700079470872879
0.0 0.08737888932228088
0.0 0.08742769807577133
0.0 0.08759717643260956
0.0 0.08767063170671463
0.0 0.0878838375210762
0.0 0.08805359899997711
0.0 0.08815605193376541
0.0 0.08871881663799286
0.0 0.08889373391866684
0.0 0.08908438682556152
0.0 0.08928200602531433
0.0 0.08982820063829422
0.0 0.0898318961262703
0.0 0.09004803746938705
0.0 0.09005659073591232
0.0 0.09034538269042969
0.0 0.09124316275119781
0.0 0.09129858016967773
0.0 0.0914788618683815
0.0 0.09205015748739243
0.0 0.09230496734380722
0.0 0.09244927763938904
0.0 0.0926172286272049
0.0 0.09281561523675919
0.0 0.09296418726444244
0.0 0.09296829253435135
0.0 0.09354659169912338
0.0 0.09399845451116562
0.0 0.09428749978542328
0.0 0.09456276893615723
0.0 0.09458328038454056
0.0 0.09490756690502167
0.0 0.09501974284648895
0.0 0.09534690529108047
0.0 0.09544599801301956
0.0 0.09586601704359055
0.0 0.09617572277784348
0.0 0.09659714251756668
0.0 0.09677556157112122
0.0 0.09686069935560226
0.0 0.09701364487409592
0.0 0.09720741957426071
0.0 0.09758726507425308
0.0 0.09810028970241547
0.0 0.09818271547555923
0.0 0.09844128042459488
0.0 0.09845224767923355
0.0 0.0991625264286995
0.0 0.09998717159032822
0.0 0.10002659261226654
0.0 0.10219021886587143
0.0 0.10242854803800583
0.0 0.10255494713783264
0.0 0.10346327722072601
0.0 0.10347653925418854
0.0 0.10374318808317184
0.0 0.10429351031780243
0.0 0.10494393110275269
0.0 0.10572498291730881
0.0 0.10792587697505951
0.0 0.10862027853727341
0.0 0.10863753408193588
0.0 0.10962335020303726
0.0 0.1097395047545433
0.0 0.11242468655109406
0.0 0.11787567287683487
0.0 0.12261263281106949
0.0 0.12371711432933807
0.0 0.12560781836509705
0.0 0.15757045149803162
0.0 inf
