0.0 0.04034845530986786
0.0 0.04159347340464592
0.0 0.043626148253679276
0.0 0.04447787627577782
0.0 0.04535694047808647
0.0 0.045802369713783264
0.0 0.046122875064611435
0.0 0.046870164573192596
0.0 0.046957965940237045
0.0 0.0478069894015789
0.0 0.04920808598399162
0.0 0.04929618537425995
0.0 0.04941707104444504
0.0 0.049686964601278305
0.0 0.04980379715561867
0.0 0.0498308464884758
0.0 0.04998134449124336
0.0 0.04998903349041939
0.0 0.05017663910984993
0.0 0.050236694514751434
0.0 0.050651296973228455
0.0 0.05065970495343208
0.0 0.050741713494062424
0.0 0.0507923923432827
0.0 0.050948020070791245
0.0 0.05100300535559654
0.0 0.05118328332901001
0.0 0.05132772773504257
0.0 0.05133362486958504
0.0 0.05133859068155289
0.0 0.05137817934155464
0.0 0.05166345834732056
0.0 0.05211091786623001
0.0 0.05214673653244972
0.0 0.05214831233024597
0.0 0.05235655978322029
0.0 0.052360355854034424
0.0 0.05247274786233902
0.0 0.05274170637130737
0.0 0.0527457557618618
0.0 0.05277856066823006
0.0 0.052796751260757446
0.0 0.05287497490644455
0.0 0.05293940380215645
0.0 0.05314844474196434
0.0 0.053189102560281754
0.0 0.05318919196724892
0.0 0.05321656912565231
0.0 0.0532541498541832
0.0 0.05326228216290474
0.0 0.05331352353096008
0.0 0.05335889011621475
0.0 0.05337462201714516
0.0 0.053379446268081665
0.0 0.05342556908726692
0.0 0.05345539748668671
0.0 0.05347840487957001
0.0 0.05348702892661095
0.0 0.05353133752942085
0.0 0.05358736962080002
0.0 0.0537203773856163
0.0 0.05381253361701965
0.0 0.05395519360899925
0.0 0.053978316485881805
0.0 0.05425955727696419
0.0 0.05431891977787018
0.0 0.054335519671440125
0.0 0.05444428324699402
0.0 0.05446433648467064
0.0 0.05448523908853531
0.0 0.05448590964078903
0.0 0.054600998759269714
0.0 0.05460694804787636
0.0 0.054616689682006836
0.0 0.05470527708530426
0.0 0.05477903038263321
0.0 0.054893869906663895
0.0 0.054912738502025604
0.0 0.055005207657814026
0.0 0.05504000559449196
0.0 0.055052485316991806
0.0 0.055118266493082047
0.0 0.055158644914627075
0.0 0.055202074348926544
0.0 0.05537015199661255
0.0 0.055378757417201996
0.0 0.05541391670703888
0.0 0.05542871728539467
0.0 0.05545293539762497
0.0 0.05566190555691719
0.0 0.05569132789969444
0.0 0.05571455880999565
0.0 0.05577852576971054
0.0 0.05582793802022934
0.0 0.05594978854060173
0.0 0.05607558414340019
0.0 0.05611289665102959
0.0 0.056129857897758484
0.0 0.056147780269384384
0.0 0.05625453591346741
0.0 0.05632337927818298
0.0 0.05634838342666626
0.0 0.056522686034440994
0.0 0.05663488432765007
0.0 0.05672798678278923
0.0 0.05685056000947952
0.0 0.056851115077733994
0.0 0.05686255171895027
0.0 0.056913476437330246
0.0 0.05697404220700264
0.0 0.05704213306307793
0.0 0.05710187554359436
0.0 0.057269975543022156
0.0 0.05729268118739128
0.0 0.057319216430187225
0.0 0.057431258261203766
0.0 0.0574692077934742
0.0 0.057529740035533905
0.0 0.057556360960006714
0.0 0.05755750834941864
0.0 0.05757129192352295
0.0 0.05760364606976509
0.0 0.05765721574425697
0.0 0.05770176276564598
0.0 0.057738665491342545
0.0 0.057755839079618454
0.0 0.05777183920145035
0.0 0.05778180807828903
0.0 0.057785652577877045
0.0 0.05780548229813576
0.0 0.057823650538921356
0.0 0.05784406512975693
0.0 0.057927872985601425
0.0 0.05795134976506233
0.0 0.05798567831516266
0.0 0.058014340698719025
0.0 0.05808024853467941
0.0 0.058100029826164246
0.0 0.05811303108930588
0.0 0.05822794884443283
0.0 0.05826423689723015
0.0 0.05829990655183792
0.0 0.05832795798778534
0.0 0.05834842100739479
0.0 0.058354828506708145
0.0 0.058377012610435486
0.0 0.058411747217178345
0.0 0.0584522970020771
0.0 0.05849064886569977
0.0 0.058550428599119186
0.0 0.058562323451042175
0.0 0.05859099701046944
0.0 0.05861946567893028
0.0 0.05866297706961632
0.0 0.058710526674985886
0.0 0.058805208653211594
0.0 0.05888068675994873
0.0 0.05905379354953766
0.0 0.059079647064208984
0.0 0.05910351499915123
0.0 0.05913481116294861
0.0 0.059154361486434937
0.0 0.059168122708797455
0.0 0.059254951775074005
0.0 0.05932937562465668
0.0 0.05943749472498894
0.0 0.05953549966216087
0.0 0.059582728892564774
0.0 0.059628672897815704
0.0 0.05968743562698364
0.0 0.059723496437072754
0.0 0.05977177619934082
0.0 0.05980083346366882
0.0 0.05984869599342346
0.0 0.059854622930288315
0.0 0.05985504388809204
0.0 0.059858985245227814
0.0 0.05989764258265495
0.0 0.05993390455842018
0.0 0.06005294993519783
0.0 0.06011146679520607
0.0 0.06013171747326851
0.0 0.06014254316687584
0.0 0.060269009321928024
0.0 0.06029151380062103
0.0 0.060352057218551636
0.0 0.06035452336072922
0.0 0.06046411395072937
0.0 0.0605001226067543
0.0 0.060635410249233246
0.0 0.06081104278564453
0.0 0.06085177883505821
0.0 0.06104576960206032
0.0 0.06106393039226532
0.0 0.06106860935688019
0.0 0.061087071895599365
0.0 0.06116383895277977
0.0 0.06125280261039734
0.0 0.0615224614739418
0.0 0.06156535446643829
0.0 0.06158856302499771
0.0 0.061673738062381744
0.0 0.06173890084028244
0.0 0.06177816167473793
0.0 0.061883579939603806
0.0 0.062022361904382706
0.0 0.062092628329992294
0.0 0.062100499868392944
0.0 0.06212949380278587
0.0 0.06214999035000801
0.0 0.062150076031684875
0.0 0.062311381101608276
0.0 0.06239878758788109
0.0 0.062435735017061234
0.0 0.06263741105794907
0.0 0.06268402189016342
0.0 0.06268477439880371
0.0 0.06268896907567978
0.0 0.06269089877605438
0.0 0.06282179057598114
0.0 0.06283219903707504
0.0 0.06298207491636276
0.0 0.06326310336589813
0.0 0.06326878070831299
0.0 0.06339773535728455
0.0 0.06346753239631653
0.0 0.06354421377182007
0.0 0.0636616200208664
0.0 0.06367698311805725
0.0 0.063755564391613
0.0 0.06379254162311554
0.0 0.06404345482587814
0.0 0.06407865881919861
0.0 0.06409162282943726
0.0 0.06412344425916672
0.0 0.0643020048737526
0.0 0.0644596666097641
0.0 0.06446368992328644
0.0 0.06446950137615204
0.0 0.06455864757299423
0.0 0.06480240821838379
0.0 0.06484328955411911
0.0 0.06493417173624039
0.0 0.06499851495027542
0.0 0.06533725559711456
0.0 0.06536022573709488
0.0 0.0654958114027977
0.0 0.06567366421222687
0.0 0.06570324301719666
0.0 0.0657169297337532
0.0 0.06581873446702957
0.0 0.06586921960115433
0.0 0.06592543423175812
0.0 0.06602278351783752
0.0 0.06603297591209412
0.0 0.06607683002948761
0.0 0.06611894071102142
0.0 0.06612159311771393
0.0 0.06612680852413177
0.0 0.06613528728485107
0.0 0.06615513563156128
0.0 0.06621504575014114
0.0 0.06647393107414246
0.0 0.06659317016601562
0.0 0.06667706370353699
0.0 0.06687983870506287
0.0 0.0669083371758461
0.0 0.0669175460934639
0.0 0.06694870442152023
0.0 0.06696034967899323
0.0 0.06696868687868118
0.0 0.06697811186313629
0.0 0.06700043380260468
0.0 0.06711240857839584
0.0 0.06712647527456284
0.0 0.0671578049659729
0.0 0.06727391481399536
0.0 0.06735075265169144
0.0 0.06744072586297989
0.0 0.067545585334301
0.0 0.06759475916624069
0.0 0.06760299205780029
0.0 0.0676262229681015
0.0 0.06779695302248001
0.0 0.06782332062721252
0.0 0.06783638149499893
0.0 0.0679352656006813
0.0 0.06796643882989883
0.0 0.068020299077034
0.0 0.0680600181221962
0.0 0.06815026700496674
0.0 0.0682830885052681
0.0 0.06844568997621536
0.0 0.06851425021886826
0.0 0.06866326183080673
0.0 0.06866473704576492
0.0 0.06871046125888824
0.0 0.06895740330219269
0.0 0.06895793229341507
0.0 0.0690164566040039
0.0 0.06907124817371368
0.0 0.06909868866205215
0.0 0.06916389614343643
0.0 0.0691879391670227
0.0 0.06919781863689423
0.0 0.06930667161941528
0.0 0.06939748674631119
0.0 0.06941698491573334
0.0 0.06949023902416229
0.0 0.06949151307344437
0.0 0.06951555609703064
0.0 0.06962975859642029
0.0 0.06963495165109634
0.0 0.06971631944179535
0.0 0.06975159794092178
0.0 0.06998354196548462
0.0 0.07005146145820618
0.0 0.07010018080472946
0.0 0.07013840973377228
0.0 0.07039713114500046
0.0 0.07042297720909119
0.0 0.07044229656457901
0.0 0.0708291158080101
0.0 0.07089248299598694
0.0 0.07093361020088196
0.0 0.07110417634248734
0.0 0.07129400968551636
0.0 0.07140012830495834
0.0 0.07143943011760712
0.0 0.071474589407444
0.0 0.07149945944547653
0.0 0.07169721275568008
0.0 0.07190457731485367
0.0 0.0719672366976738
0.0 0.071993388235569
0.0 0.07213877141475677
0.0 0.07235703617334366
0.0 0.07269212603569031
0.0 0.072785384953022
0.0 0.07287265360355377
0.0 0.07317348569631577
0.0 0.07319065183401108
0.0 0.07321321964263916
0.0 0.07323095202445984
0.0 0.07336556911468506
0.0 0.07338894158601761
0.0 0.07342979311943054
0.0 0.07346652448177338
0.0 0.07350112497806549
0.0 0.07355912029743195
0.0 0.0736204981803894
0.0 0.07372081279754639
0.0 0.07395943999290466
0.0 0.07399975508451462
0.0 0.07409296184778214
0.0 0.07418114691972733
0.0 0.07418721169233322
0.0 0.0741942971944809
0.0 0.07422587275505066
0.0 0.07434151321649551
0.0 0.07451821863651276
0.0 0.07466554641723633
0.0 0.07476165145635605
0.0 0.07477148622274399
0.0 0.0748061090707779
0.0 0.07482151687145233
0.0 0.07485883682966232
0.0 0.07486815750598907
0.0 0.07496031373739243
0.0 0.07522815465927124
0.0 0.07548630982637405
0.0 0.07581766694784164
0.0 0.07609017193317413
0.0 0.07622420787811279
0.0 0.07624157518148422
0.0 0.07639047503471375
0.0 0.07641998678445816
0.0 0.07655453681945801
0.0 0.07670065760612488
0.0 0.07673586159944534
0.0 0.07678033411502838
0.0 0.0768311619758606
0.0 0.07693759351968765
0.0 0.07717182487249374
0.0 0.07733459770679474
0.0 0.07740875333547592
0.0 0.0774340033531189
0.0 0.07750460505485535
0.0 0.07750462740659714
0.0 0.07769522815942764
0.0 0.07776568830013275
0.0 0.07785137742757797
0.0 0.07790966331958771
0.0 0.07800934463739395
0.0 0.07804079353809357
0.0 0.07819043099880219
0.0 0.07825255393981934
0.0 0.07832732051610947
0.0 0.07834785431623459
0.0 0.07841794192790985
0.0 0.07845593988895416
0.0 0.07865920662879944
0.0 0.07878182828426361
0.0 0.07879367470741272
0.0 0.07886651903390884
0.0 0.07897408306598663
0.0 0.07923493534326553
0.0 0.07939154654741287
0.0 0.07974053919315338
0.0 0.07975541055202484
0.0 0.08024322986602783
0.0 0.08029824495315552
0.0 0.08053287118673325
0.0 0.08055849373340607
0.0 0.08057665079832077
0.0 0.08071063458919525
0.0 0.08080979436635971
0.0 0.08084877580404282
0.0 0.08121813833713531
0.0 0.08128415048122406
0.0 0.0816190168261528
0.0 0.08174088597297668
0.0 0.08178891241550446
0.0 0.08216460049152374
0.0 0.0824132114648819
0.0 0.08252172917127609
0.0 0.0825643241405487
0.0 0.08259699493646622
0.0 0.08274473994970322
0.0 0.083176389336586
0.0 0.08341286331415176
0.0 0.08357272297143936
0.0 0.08362609148025513
0.0 0.08415170013904572
0.0 0.0843009352684021
0.0 0.08438361436128616
0.0 0.08472009748220444
0.0 0.0847649797797203
0.0 0.0849875807762146
0.0 0.08527877181768417
0.0 0.08535943925380707
0.0 0.085425965487957
0.0 0.08555891364812851
0.0 0.08574802428483963
0.0 0.08607921004295349
0.0 0.08610263466835022
0.0 0.08618712425231934
0.0 0.08666839450597763
0.0 0.0870429053902626
0.0 0.08717162162065506
0.0 0.08729426562786102
0.0 0.08737331628799438
0.0 0.08781266957521439
0.0 0.08801334351301193
0.0 0.08836518228054047
0.0 0.08850381523370743
0.0 0.08850423246622086
0.0 0.0887434110045433
0.0 0.0889090895652771
0.0 0.08901027590036392
0.0 0.08924044668674469
0.0 0.08963250368833542
0.0 0.09001556038856506
0.0 0.0902293249964714
0.0 0.09061212092638016
0.0 0.09061837941408157
0.0 0.09065016359090805
0.0 0.09079994261264801
0.0 0.09120313078165054
0.0 0.09161099046468735
0.0 0.09204956144094467
0.0 0.09239538013935089
0.0 0.09275063127279282
0.0 0.09280461817979813
0.0 0.0929781123995781
0.0 0.09307031333446503
0.0 0.09339385479688644
0.0 0.09359077364206314
0.0 0.0936586856842041
0.0 0.09375441074371338
0.0 0.09444946050643921
0.0 0.0952223539352417
0.0 0.0960162952542305
0.0 0.09602367132902145
0.0 0.09611497819423676
0.0 0.09634700417518616
0.0 0.09641672670841217
0.0 0.09750533849000931
0.0 0.09844404458999634
0.0 0.09908555448055267
0.0 0.09922028332948685
0.0 0.09940296411514282
0.0 0.09974732995033264
0.0 0.10062796622514725
0.0 0.1006976068019867
0.0 0.10098680108785629
0.0 0.1024385616183281
0.0 0.10693685710430145
0.0 0.10695583373308182
0.0 0.10722712427377701
0.0 0.10777248442173004
0.0 0.10864350944757462
0.0 0.10935414582490921
0.0 0.11014563590288162
0.0 0.11155621707439423
0.0 0.11972520500421524
0.0 0.12036693841218948
0.0 0.12175288796424866
0.0 0.12225642055273056
0.0 0.12466111034154892
0.0 0.1932789534330368
0.0 inf
