0.0 0.03340988978743553
0.0 0.03845801204442978
0.0 0.03860144317150116
0.0 0.04112030565738678
0.0 0.04321926459670067
0.0 0.043868955224752426
0.0 0.044535353779792786
0.0 0.044745977967977524
0.0 0.0452844463288784
0.0 0.04551832750439644
0.0 0.0456848181784153
0.0 0.0457797646522522
0.0 0.04585180804133415
0.0 0.04588180407881737
0.0 0.04642466455698013
0.0 0.046529099345207214
0.0 0.046722784638404846
0.0 0.046861786395311356
0.0 0.047005318105220795
0.0 0.04706912487745285
0.0 0.04716400429606438
0.0 0.0472724549472332
0.0 0.04739934951066971
0.0 0.04740583524107933
0.0 0.04753553867340088
0.0 0.047766633331775665
0.0 0.047863371670246124
0.0 0.04799603670835495
0.0 0.048074424266815186
0.0 0.04816347360610962
0.0 0.048295505344867706
0.0 0.04835094138979912
0.0 0.048414357006549835
0.0 0.04854428395628929
0.0 0.04904717952013016
0.0 0.049111444503068924
0.0 0.0492091029882431
0.0 0.049273326992988586
0.0 0.04927854612469673
0.0 0.04937386512756348
0.0 0.04940754175186157
0.0 0.04959344118833542
0.0 0.04969571903347969
0.0 0.04976600781083107
0.0 0.049787916243076324
0.0 0.049939051270484924
0.0 0.049955833703279495
0.0 0.04995935410261154
0.0 0.0501096248626709
0.0 0.05014422535896301
0.0 0.05015823617577553
0.0 0.05035215616226196
0.0 0.05041788890957832
0.0 0.05048014596104622
0.0 0.05067688599228859
0.0 0.050744250416755676
0.0 0.05080593004822731
0.0 0.05081448704004288
0.0 0.05092238634824753
0.0 0.05108879134058952
0.0 0.05111885070800781
0.0 0.05121661350131035
0.0 0.051222652196884155
0.0 0.05128386989235878
0.0 0.051314618438482285
0.0 0.05159786343574524
0.0 0.05164742097258568
0.0 0.05177983641624451
0.0 0.0518103651702404
0.0 0.051917847245931625
0.0 0.05195586755871773
0.0 0.05199199542403221
0.0 0.051995690912008286
0.0 0.052024729549884796
0.0 0.05209054425358772
0.0 0.052144698798656464
0.0 0.05215682089328766
0.0 0.05230903625488281
0.0 0.0523357018828392
0.0 0.05242138355970383
0.0 0.052500396966934204
0.0 0.05264321342110634
0.0 0.05283661186695099
0.0 0.05289079248905182
0.0 0.052899450063705444
0.0 0.053005997091531754
0.0 0.05316098406910896
0.0 0.05327129736542702
0.0 0.053274594247341156
0.0 0.05339775234460831
0.0 0.05342908948659897
0.0 0.053534865379333496
0.0 0.05362342298030853
0.0 0.05363025516271591
0.0 0.05377117544412613
0.0 0.053776975721120834
0.0 0.05381510406732559
0.0 0.05384548008441925
0.0 0.05392388254404068
0.0 0.05394531041383743
0.0 0.05396512150764465
0.0 0.05399465933442116
0.0 0.05400524288415909
0.0 0.054170865565538406
0.0 0.054202668368816376
0.0 0.05431680008769035
0.0 0.05453289672732353
0.0 0.05459555983543396
0.0 0.05460105463862419
0.0 0.054602377116680145
0.0 0.054729536175727844
0.0 0.054778654128313065
0.0 0.054874487221241
0.0 0.0549154207110405
0.0 0.05493476986885071
0.0 0.05498660355806351
0.0 0.05506780371069908
0.0 0.05507366359233856
0.0 0.05520230904221535
0.0 0.055227868258953094
0.0 0.05540776625275612
0.0 0.05547698959708214
0.0 0.055530231446027756
0.0 0.05559218302369118
0.0 0.055599719285964966
0.0 0.05565688759088516
0.0 0.05570293962955475
0.0 0.055838458240032196
0.0 0.055840615183115005
0.0 0.05587281659245491
0.0 0.05595163255929947
0.0 0.056046128273010254
0.0 0.05604752525687218
0.0 0.056097034364938736
0.0 0.056203536689281464
0.0 0.05634748935699463
0.0 0.05640406161546707
0.0 0.05642714351415634
0.0 0.05644303560256958
0.0 0.05652262642979622
0.0 0.05654474347829819
0.0 0.05655791237950325
0.0 0.0567065104842186
0.0 0.056896522641181946
0.0 0.05693788826465607
0.0 0.056991659104824066
0.0 0.056995559483766556
0.0 0.05701000988483429
0.0 0.05715123564004898
0.0 0.05726030096411705
0.0 0.0574006587266922
0.0 0.057488374412059784
0.0 0.05751925706863403
0.0 0.05752135068178177
0.0 0.05752847343683243
0.0 0.05753936246037483
0.0 0.05754859000444412
0.0 0.057566579431295395
0.0 0.05768259987235069
0.0 0.0576905757188797
0.0 0.057698726654052734
0.0 0.05770650878548622
0.0 0.05777141824364662
0.0 0.05780026316642761
0.0 0.0578523688018322
0.0 0.05790405720472336
0.0 0.05793069675564766
0.0 0.057931508868932724
0.0 0.0580347515642643
0.0 0.058257732540369034
0.0 0.05849079787731171
0.0 0.05871664360165596
0.0 0.05874080955982208
0.0 0.05890301987528801
0.0 0.058934323489665985
0.0 0.058976683765649796
0.0 0.058986272662878036
0.0 0.05899303779006004
0.0 0.05902576074004173
0.0 0.05910433083772659
0.0 0.05911656841635704
0.0 0.05919080972671509
0.0 0.059244126081466675
0.0 0.059250421822071075
0.0 0.05927775800228119
0.0 0.059458278119564056
0.0 0.05949778854846954
0.0 0.059540484100580215
0.0 0.05967387557029724
0.0 0.05972179025411606
0.0 0.05974135920405388
0.0 0.0597693957388401
0.0 0.059832099825143814
0.0 0.05985094979405403
0.0 0.05996491014957428
0.0 0.05999535694718361
0.0 0.0600506067276001
0.0 0.0600997731089592
0.0 0.06013902276754379
0.0 0.060141220688819885
0.0 0.06017545238137245
0.0 0.060192473232746124
0.0 0.060226332396268845
0.0 0.060352619737386703
0.0 0.06046008691191673
0.0 0.06058405712246895
0.0 0.0605870857834816
0.0 0.060620978474617004
0.0 0.060672491788864136
0.0 0.06075150892138481
0.0 0.06077110022306442
0.0 0.060793567448854446
0.0 0.06080133467912674
0.0 0.06082460656762123
0.0 0.060876913368701935
0.0 0.0609612837433815
0.0 0.06096253916621208
0.0 0.06099061295390129
0.0 0.061062317341566086
0.0 0.061073075979948044
0.0 0.061184111982584
0.0 0.06120936572551727
0.0 0.061220329254865646
0.0 0.06135012209415436
0.0 0.061408523470163345
0.0 0.06143810972571373
0.0 0.06167905405163765
0.0 0.06177561357617378
0.0 0.0618005134165287
0.0 0.06186839938163757
0.0 0.061907365918159485
0.0 0.06213957816362381
0.0 0.06216411292552948
0.0 0.062201499938964844
0.0 0.062398944050073624
0.0 0.06251256912946701
0.0 0.06269155442714691
0.0 0.06285906583070755
0.0 0.06301447749137878
0.0 0.06301481276750565
0.0 0.06319849193096161
0.0 0.06323374807834625
0.0 0.06338438391685486
0.0 0.06340905278921127
0.0 0.06344062089920044
0.0 0.0634542778134346
0.0 0.06360141932964325
0.0 0.06362010538578033
0.0 0.06374141573905945
0.0 0.0637652799487114
0.0 0.06407718360424042
0.0 0.0641079992055893
0.0 0.06426265090703964
0.0 0.06429989635944366
0.0 0.06430093944072723
0.0 0.0643484890460968
0.0 0.0643528550863266
0.0 0.06458063423633575
0.0 0.06458082050085068
0.0 0.06463983654975891
0.0 0.06464990973472595
0.0 0.06469498574733734
0.0 0.06476817280054092
0.0 0.06478887796401978
0.0 0.06484313309192657
0.0 0.06534954905509949
0.0 0.06539051234722137
0.0 0.06539873033761978
0.0 0.06551643460988998
0.0 0.06555237621068954
0.0 0.06562570482492447
0.0 0.0656752735376358
0.0 0.06569033116102219
0.0 0.06572485715150833
0.0 0.06579489260911942
0.0 0.06581523269414902
0.0 0.06583115458488464
0.0 0.06584759801626205
0.0 0.06597521901130676
0.0 0.06608288735151291
0.0 0.06615404784679413
0.0 0.06619833409786224
0.0 0.06620557606220245
0.0 0.06623753905296326
0.0 0.06628268212080002
0.0 0.06640319526195526
0.0 0.06641411781311035
0.0 0.06641490757465363
0.0 0.06658187508583069
0.0 0.06659109145402908
0.0 0.06666495651006699
0.0 0.06668022274971008
0.0 0.06676152348518372
0.0 0.06698126345872879
0.0 0.0670197531580925
0.0 0.06714585423469543
0.0 0.06717880070209503
0.0 0.06721529364585876
0.0 0.06723649054765701
0.0 0.06724035739898682
0.0 0.06727086752653122
0.0 0.0674094706773758
0.0 0.06742076575756073
0.0 0.06760037690401077
0.0 0.06771641224622726
0.0 0.0677705928683281
0.0 0.06781914830207825
0.0 0.0678388848900795
0.0 0.06799089163541794
0.0 0.06800341606140137
0.0 0.06806163489818573
0.0 0.0681302547454834
0.0 0.06864011287689209
0.0 0.06864996254444122
0.0 0.06867096573114395
0.0 0.06882104277610779
0.0 0.06884396821260452
0.0 0.06887476146221161
0.0 0.06892500817775726
0.0 0.06897670030593872
0.0 0.06900336593389511
0.0 0.06903479248285294
0.0 0.06924446672201157
0.0 0.06945939362049103
0.0 0.06946592032909393
0.0 0.06960690021514893
0.0 0.06974442303180695
0.0 0.07006753981113434
0.0 0.07008500397205353
0.0 0.07017946243286133
0.0 0.07018982619047165
0.0 0.07019712030887604
0.0 0.07023337483406067
0.0 0.07037078589200974
0.0 0.07045943289995193
0.0 0.0706118494272232
0.0 0.07092451304197311
0.0 0.07120006531476974
0.0 0.07122202217578888
0.0 0.07123646140098572
0.0 0.07136882841587067
0.0 0.07148193567991257
0.0 0.07150911539793015
0.0 0.0717395767569542
0.0 0.07260940223932266
0.0 0.07265587151050568
0.0 0.07286907732486725
0.0 0.07296262681484222
0.0 0.07296870648860931
0.0 0.07300832122564316
0.0 0.07305610179901123
0.0 0.07306890189647675
0.0 0.07313613593578339
0.0 0.07330770790576935
0.0 0.0734320655465126
0.0 0.07344312220811844
0.0 0.07354605942964554
0.0 0.07354685664176941
0.0 0.07357841730117798
0.0 0.07367149740457535
0.0 0.07379213720560074
0.0 0.07395852357149124
0.0 0.07411355525255203
0.0 0.07420807331800461
0.0 0.0742751881480217
0.0 0.0743493139743805
0.0 0.07467570900917053
0.0 0.07480962574481964
0.0 0.0750873014330864
0.0 0.07519780099391937
0.0 0.07524004578590393
0.0 0.07529357075691223
0.0 0.07531324028968811
0.0 0.07556027173995972
0.0 0.07571781426668167
0.0 0.07572238892316818
0.0 0.07578616589307785
0.0 0.07583064585924149
0.0 0.07587254792451859
0.0 0.07590896636247635
0.0 0.07595375925302505
0.0 0.07604159414768219
0.0 0.07635527849197388
0.0 0.07648848742246628
0.0 0.07660829275846481
0.0 0.0766240730881691
0.0 0.07693563401699066
0.0 0.07702495902776718
0.0 0.07707245647907257
0.0 0.07718959450721741
0.0 0.07732916623353958
0.0 0.07757990062236786
0.0 0.0776207447052002
0.0 0.07765203714370728
0.0 0.07796414196491241
0.0 0.07803226262331009
0.0 0.07804901152849197
0.0 0.07822669297456741
0.0 0.07832857221364975
0.0 0.07836923003196716
0.0 0.07861576229333878
0.0 0.07876574248075485
0.0 0.07882046699523926
0.0 0.07886860519647598
0.0 0.07915043830871582
0.0 0.07921691983938217
0.0 0.07928343862295151
0.0 0.08004410564899445
0.0 0.08004731684923172
0.0 0.08008828014135361
0.0 0.08016584068536758
0.0 0.08028504997491837
0.0 0.08031019568443298
0.0 0.08032224327325821
0.0 0.08046769350767136
0.0 0.0804826021194458
0.0 0.08049722015857697
0.0 0.0805564597249031
0.0 0.0806746780872345
0.0 0.08073680847883224
0.0 0.0809292271733284
0.0 0.08099351823329926
0.0 0.08104894310235977
0.0 0.08137670159339905
0.0 0.08145580440759659
0.0 0.08150654286146164
0.0 0.08193019777536392
0.0 0.08235017210245132
0.0 0.0823885053396225
0.0 0.08249635249376297
0.0 0.08260279893875122
0.0 0.08273632824420929
0.0 0.08278404921293259
0.0 0.08289242535829544
0.0 0.08294039219617844
0.0 0.08351823687553406
0.0 0.08381213247776031
0.0 0.08421743661165237
0.0 0.08435408025979996
0.0 0.08472024649381638
0.0 0.08475837856531143
0.0 0.0847586914896965
0.0 0.08523881435394287
0.0 0.08537717163562775
0.0 0.08540373295545578
0.0 0.08541766554117203
0.0 0.08566039800643921
0.0 0.0858803242444992
0.0 0.0861349031329155
0.0 0.08630247414112091
0.0 0.0863797515630722
0.0 0.08648096770048141
0.0 0.08669058233499527
0.0 0.08673717081546783
0.0 0.0872553288936615
0.0 0.0873793512582779
0.0 0.08738754689693451
0.0 0.08746328949928284
0.0 0.08757178485393524
0.0 0.08767663687467575
0.0 0.08823409676551819
0.0 0.0884254202246666
0.0 0.08880931884050369
0.0 0.08912283182144165
0.0 0.08921552449464798
0.0 0.08987780660390854
0.0 0.09006810188293457
0.0 0.09016982465982437
0.0 0.09037245064973831
0.0 0.09048353880643845
0.0 0.09075845777988434
0.0 0.09096361696720123
0.0 0.09117860347032547
0.0 0.09206591546535492
0.0 0.09217505902051926
0.0 0.09222868084907532
0.0 0.09235043823719025
0.0 0.09284237772226334
0.0 0.0932602658867836
0.0 0.09343236684799194
0.0 0.09358243644237518
0.0 0.09397873282432556
0.0 0.09406886994838715
0.0 0.09463757276535034
0.0 0.09593572467565536
0.0 0.09873533248901367
0.0 0.0988527163863182
0.0 0.0989769846200943
0.0 0.09915709495544434
0.0 0.09920185804367065
0.0 0.09929514676332474
0.0 0.09941912442445755
0.0 0.09977342188358307
0.0 0.09991529583930969
0.0 0.10149943083524704
0.0 0.10319884121417999
0.0 0.10351958125829697
0.0 0.10437706112861633
0.0 0.10528767853975296
0.0 0.10715075582265854
0.0 0.10777096450328827
0.0 0.10804638266563416
0.0 0.11136467754840851
0.0 0.11336349695920944
0.0 0.11461447924375534
0.0 0.11889392882585526
0.0 0.12068910151720047
0.0 0.12293776869773865
0.0 0.12349414825439453
0.0 0.12462899088859558
0.0 0.13977164030075073
0.0 inf
