0.0 0.029140589758753777
0.0 0.029260538518428802
0.0 0.03025817684829235
0.0 0.03129391372203827
0.0 0.031808409839868546
0.0 0.03392079845070839
0.0 0.03399866074323654
0.0 0.03400115296244621
0.0 0.034099895507097244
0.0 0.03425975143909454
0.0 0.03426467627286911
0.0 0.03432721272110939
0.0 0.034600865095853806
0.0 0.03461899235844612
0.0 0.035083066672086716
0.0 0.035506103187799454
0.0 0.03568251430988312
0.0 0.035826005041599274
0.0 0.0358792245388031
0.0 0.036005351692438126
0.0 0.036181382834911346
0.0 0.03636244684457779
0.0 0.03641027584671974
0.0 0.036529432982206345
0.0 0.03656721115112305
0.0 0.036695804446935654
0.0 0.03730592876672745
0.0 0.03737550601363182
0.0 0.037734657526016235
0.0 0.03783300146460533
0.0 0.037849050015211105
0.0 0.03796219453215599
0.0 0.03805885463953018
0.0 0.03853849321603775
0.0 0.038647618144750595
0.0 0.03886689618229866
0.0 0.03891190141439438
0.0 0.03896809741854668
0.0 0.0389954149723053
0.0 0.039058003574609756
0.0 0.03913288936018944
0.0 0.0392712727189064
0.0 0.039330173283815384
0.0 0.03954756259918213
0.0 0.03957373648881912
0.0 0.039746370166540146
0.0 0.039961040019989014
0.0 0.04001685976982117
0.0 0.04004579409956932
0.0 0.040167540311813354
0.0 0.04020184651017189
0.0 0.040341101586818695
0.0 0.04039168730378151
0.0 0.040427740663290024
0.0 0.04043220356106758
0.0 0.04046614095568657
0.0 0.04053610935807228
0.0 0.04061894491314888
0.0 0.04064600169658661
0.0 0.0407174751162529
0.0 0.04072771593928337
0.0 0.04076521471142769
0.0 0.040942948311567307
0.0 0.04099337384104729
0.0 0.04102987051010132
0.0 0.04104631766676903
0.0 0.041142530739307404
0.0 0.04115485027432442
0.0 0.04135211929678917
0.0 0.04137890413403511
0.0 0.04142721742391586
0.0 0.041429877281188965
0.0 0.04152277112007141
0.0 0.04155198484659195
0.0 0.04172835499048233
0.0 0.041785821318626404
0.0 0.04184951260685921
0.0 0.04187876358628273
0.0 0.04189126193523407
0.0 0.041926756501197815
0.0 0.04199990630149841
0.0 0.04200379177927971
0.0 0.04202369228005409
0.0 0.042072396725416183
0.0 0.04217515140771866
0.0 0.04223547503352165
0.0 0.042272914201021194
0.0 0.04230431839823723
0.0 0.04234496131539345
0.0 0.042368050664663315
0.0 0.042466577142477036
0.0 0.04246901720762253
0.0 0.04252948239445686
0.0 0.04261721298098564
0.0 0.04266932234168053
0.0 0.04269353672862053
0.0 0.042715203016996384
0.0 0.04285838082432747
0.0 0.04291173070669174
0.0 0.04292912408709526
0.0 0.042956043034791946
0.0 0.042972564697265625
0.0 0.04298882931470871
0.0 0.042999397963285446
0.0 0.043051064014434814
0.0 0.04310628026723862
0.0 0.04315333068370819
0.0 0.043418578803539276
0.0 0.04347846657037735
0.0 0.04348723590373993
0.0 0.04354270175099373
0.0 0.04361976683139801
0.0 0.04367835447192192
0.0 0.04375007376074791
0.0 0.04375053942203522
0.0 0.04382437467575073
0.0 0.043928828090429306
0.0 0.04400356113910675
0.0 0.04406019300222397
0.0 0.04416881129145622
0.0 0.044179517775774
0.0 0.04418392479419708
0.0 0.044216498732566833
0.0 0.0442219153046608
0.0 0.04447184130549431
0.0 0.04448837786912918
0.0 0.044512905180454254
0.0 0.04465925320982933
0.0 0.044715940952301025
0.0 0.04473044350743294
0.0 0.04477786645293236
0.0 0.044787585735321045
0.0 0.04488617926836014
0.0 0.04489027336239815
0.0 0.04489428922533989
0.0 0.044948045164346695
0.0 0.04501830413937569
0.0 0.04502655938267708
0.0 0.04505843669176102
0.0 0.045061297714710236
0.0 0.045352961868047714
0.0 0.045362699776887894
0.0 0.04536442458629608
0.0 0.045396145433187485
0.0 0.0455123707652092
0.0 0.045665204524993896
0.0 0.04575948789715767
0.0 0.04576487839221954
0.0 0.04590502753853798
0.0 0.04599589854478836
0.0 0.045999616384506226
0.0 0.04602624103426933
0.0 0.046069782227277756
0.0 0.04629232734441757
0.0 0.04632585495710373
0.0 0.04638579115271568
0.0 0.04638705775141716
0.0 0.04638822004199028
0.0 0.046533454209566116
0.0 0.046752799302339554
0.0 0.04676125571131706
0.0 0.04683806002140045
0.0 0.046862583607435226
0.0 0.0469568707048893
0.0 0.047025490552186966
0.0 0.04703427851200104
0.0 0.04703884199261665
0.0 0.04705921187996864
0.0 0.047101959586143494
0.0 0.047113075852394104
0.0 0.04712846130132675
0.0 0.047179803252220154
0.0 0.04728115722537041
0.0 0.04729558527469635
0.0 0.047314148396253586
0.0 0.0473313145339489
0.0 0.04733728989958763
0.0 0.04744825139641762
0.0 0.04766440391540527
0.0 0.047705356031656265
0.0 0.04773135855793953
0.0 0.047740574926137924
0.0 0.04784713312983513
0.0 0.04787757247686386
0.0 0.04789965972304344
0.0 0.04801119491457939
0.0 0.0481426939368248
0.0 0.04820377752184868
0.0 0.04820508137345314
0.0 0.048261094838380814
0.0 0.04828678071498871
0.0 0.04830636456608772
0.0 0.04833989962935448
0.0 0.048407115042209625
0.0 0.048434436321258545
0.0 0.04847053438425064
0.0 0.04863421618938446
0.0 0.048784416168928146
0.0 0.048833537846803665
0.0 0.0488525927066803
0.0 0.049043942242860794
0.0 0.04907001182436943
0.0 0.049122098833322525
0.0 0.04916508123278618
0.0 0.04918540641665459
0.0 0.049191515892744064
0.0 0.049274299293756485
0.0 0.04930443316698074
0.0 0.04935220628976822
0.0 0.049489591270685196
0.0 0.04949313402175903
0.0 0.04958076402544975
0.0 0.049589499831199646
0.0 0.04960029199719429
0.0 0.04963018372654915
0.0 0.04963374510407448
0.0 0.04976986348628998
0.0 0.04993385449051857
0.0 0.0500505305826664
0.0 0.05019325017929077
0.0 0.05019347742199898
0.0 0.05029516667127609
0.0 0.05033015087246895
0.0 0.050351470708847046
0.0 0.050493866205215454
0.0 0.05060548707842827
0.0 0.05066375434398651
0.0 0.050667405128479004
0.0 0.050672657787799835
0.0 0.05075208470225334
0.0 0.0507531613111496
0.0 0.05080275610089302
0.0 0.05087105184793472
0.0 0.05087633803486824
0.0 0.05096673592925072
0.0 0.05107440426945686
0.0 0.05111062154173851
0.0 0.051111649721860886
0.0 0.051136087626218796
0.0 0.051193829625844955
0.0 0.05134299397468567
0.0 0.051344580948352814
0.0 0.051508013159036636
0.0 0.05161432921886444
0.0 0.051623158156871796
0.0 0.05171581730246544
0.0 0.05178253352642059
0.0 0.05186482146382332
0.0 0.051964204758405685
0.0 0.05198394134640694
0.0 0.051988258957862854
0.0 0.05203985050320625
0.0 0.052055973559617996
0.0 0.05206102505326271
0.0 0.052105747163295746
0.0 0.05228627100586891
0.0 0.05230473726987839
0.0 0.052334994077682495
0.0 0.05239325016736984
0.0 0.052477892488241196
0.0 0.0525902584195137
0.0 0.05279506742954254
0.0 0.05281135439872742
0.0 0.05287569388747215
0.0 0.053019262850284576
0.0 0.05305109918117523
0.0 0.053126685321331024
0.0 0.05317205190658569
0.0 0.05320880934596062
0.0 0.05331665650010109
0.0 0.05340733751654625
0.0 0.053468819707632065
0.0 0.053479596972465515
0.0 0.053486164659261703
0.0 0.053538307547569275
0.0 0.05355145037174225
0.0 0.05364731699228287
0.0 0.05372744798660278
0.0 0.053843624889850616
0.0 0.05395311862230301
0.0 0.05406516417860985
0.0 0.054178424179553986
0.0 0.05419869348406792
0.0 0.054200660437345505
0.0 0.054379869252443314
0.0 0.054394762963056564
0.0 0.054487213492393494
0.0 0.05458199232816696
0.0 0.054646797478199005
0.0 0.05469301715493202
0.0 0.05472518503665924
0.0 0.054892342537641525
0.0 0.05499471351504326
0.0 0.055023737251758575
0.0 0.05503484234213829
0.0 0.05510992184281349
0.0 0.05512499809265137
0.0 0.055189356207847595
0.0 0.05525842308998108
0.0 0.055433087050914764
0.0 0.05543961375951767
0.0 0.05549229681491852
0.0 0.055577196180820465
0.0 0.055654969066381454
0.0 0.05586947500705719
0.0 0.05587180331349373
0.0 0.055980052798986435
0.0 0.056016676127910614
0.0 0.05603228509426117
0.0 0.05605768784880638
0.0 0.05627469718456268
0.0 0.05629151314496994
0.0 0.056327007710933685
0.0 0.056366823613643646
0.0 0.056374602019786835
0.0 0.05650299787521362
0.0 0.05654298514127731
0.0 0.05657065287232399
0.0 0.056585442274808884
0.0 0.05673578009009361
0.0 0.056778449565172195
0.0 0.05681435763835907
0.0 0.05686751753091812
0.0 0.05691906064748764
0.0 0.05705293267965317
0.0 0.057216864079236984
0.0 0.05722234770655632
0.0 0.05723661556839943
0.0 0.05726656690239906
0.0 0.057398851960897446
0.0 0.057417649775743484
0.0 0.05743865296244621
0.0 0.05745024234056473
0.0 0.05750858783721924
0.0 0.05752822011709213
0.0 0.05755847319960594
0.0 0.05785274878144264
0.0 0.05787747725844383
0.0 0.05804919824004173
0.0 0.05807549133896828
0.0 0.05809036269783974
0.0 0.05813959985971451
0.0 0.058204278349876404
0.0 0.058239225298166275
0.0 0.058306723833084106
0.0 0.05830993130803108
0.0 0.0583791621029377
0.0 0.05843030661344528
0.0 0.05846168100833893
0.0 0.058526694774627686
0.0 0.058579567819833755
0.0 0.058618105947971344
0.0 0.058659642934799194
0.0 0.05866771563887596
0.0 0.058688972145318985
0.0 0.05874309688806534
0.0 0.058774061501026154
0.0 0.05877635255455971
0.0 0.058805759996175766
0.0 0.059045713394880295
0.0 0.05905930697917938
0.0 0.059167515486478806
0.0 0.05924222618341446
0.0 0.05927442014217377
0.0 0.05956060811877251
0.0 0.059731803834438324
0.0 0.05984918773174286
0.0 0.0598820298910141
0.0 0.05989696457982063
0.0 0.059950198978185654
0.0 0.06002088636159897
0.0 0.060211408883333206
0.0 0.06053147092461586
0.0 0.060567814856767654
0.0 0.06061827391386032
0.0 0.06082170829176903
0.0 0.06094906106591225
0.0 0.0609867125749588
0.0 0.06101129949092865
0.0 0.06103530526161194
0.0 0.061183780431747437
0.0 0.06123029813170433
0.0 0.0615038201212883
0.0 0.061629656702280045
0.0 0.061875201761722565
0.0 0.062044136226177216
0.0 0.06210395321249962
0.0 0.06213483586907387
0.0 0.062227513641119
0.0 0.06223982572555542
0.0 0.06224535033106804
0.0 0.062295716255903244
0.0 0.06239176541566849
0.0 0.06253428757190704
0.0 0.06253921985626221
0.0 0.06297282129526138
0.0 0.06314051151275635
0.0 0.06314107030630112
0.0 0.0633002519607544
0.0 0.0633089616894722
0.0 0.06340420991182327
0.0 0.0634390190243721
0.0 0.06351097673177719
0.0 0.06373570114374161
0.0 0.06374234706163406
0.0 0.06377704441547394
0.0 0.0638149157166481
0.0 0.06416454166173935
0.0 0.06417056918144226
0.0 0.06422121077775955
0.0 0.06440366804599762
0.0 0.06448834389448166
0.0 0.0645325556397438
0.0 0.06489349901676178
0.0 0.06492827087640762
0.0 0.06500272452831268
0.0 0.06503816694021225
0.0 0.06505095213651657
0.0 0.0652531087398529
0.0 0.06538119167089462
0.0 0.06547185033559799
0.0 0.06549561768770218
0.0 0.06562892347574234
0.0 0.06585848331451416
0.0 0.06603828072547913
0.0 0.06606364995241165
0.0 0.06609334796667099
0.0 0.06610524654388428
0.0 0.06633199751377106
0.0 0.06648455560207367
0.0 0.06652934849262238
0.0 0.06654142588376999
0.0 0.06654234230518341
0.0 0.06668093800544739
0.0 0.06689627468585968
0.0 0.06700590997934341
0.0 0.06708785891532898
0.0 0.06709053367376328
0.0 0.06712286919355392
0.0 0.06724826246500015
0.0 0.06731394678354263
0.0 0.06747730821371078
0.0 0.06783043593168259
0.0 0.06803387403488159
0.0 0.06815174967050552
0.0 0.06843220442533493
0.0 0.06846009194850922
0.0 0.06856702268123627
0.0 0.06861831247806549
0.0 0.06862439215183258
0.0 0.0686759203672409
0.0 0.06892616301774979
0.0 0.06893319636583328
0.0 0.06895267963409424
0.0 0.06948578357696533
0.0 0.06954188644886017
0.0 0.07005979865789413
0.0 0.0701323002576828
0.0 0.07045520097017288
0.0 0.0705515518784523
0.0 0.07063797861337662
0.0 0.07085232436656952
0.0 0.07157270610332489
0.0 0.07163656502962112
0.0 0.0716460570693016
0.0 0.07166183739900589
0.0 0.07210066169500351
0.0 0.07248100638389587
0.0 0.07266457378864288
0.0 0.0729154646396637
0.0 0.07298590987920761
0.0 0.07302559912204742
0.0 0.0731089636683464
0.0 0.07313723117113113
0.0 0.0732107162475586
0.0 0.07321113348007202
0.0 0.07329623401165009
0.0 0.07336711138486862
0.0 0.07400628924369812
0.0 0.07504811882972717
0.0 0.07522611320018768
0.0 0.07577180862426758
0.0 0.07583434134721756
0.0 0.07593255490064621
0.0 0.07622396945953369
0.0 0.07654622197151184
0.0 0.07661215960979462
0.0 0.07722573727369308
0.0 0.07800207287073135
0.0 0.07804734259843826
0.0 0.07819648832082748
0.0 0.07831905782222748
0.0 0.07850869745016098
0.0 0.0785275250673294
0.0 0.07909199595451355
0.0 0.0799063965678215
0.0 0.08005037158727646
0.0 0.08232109248638153
0.0 0.08275352418422699
0.0 0.08373264223337173
0.0 0.08411083370447159
0.0 0.08424456417560577
0.0 0.08568020910024643
0.0 0.08578400313854218
0.0 0.08673959970474243
0.0 0.0887809470295906
0.0 0.09236156940460205
0.0 0.09609226882457733
0.0 0.1027398407459259
0.0 0.10878398269414902
0.0 0.13199613988399506
0.0 inf
