0.0 0.0389237217605114
0.0 0.03951685130596161
0.0 0.04263791814446449
0.0 0.043085139244794846
0.0 0.045932259410619736
0.0 0.04605507105588913
0.0 0.046595118939876556
0.0 0.04704419523477554
0.0 0.0474531427025795
0.0 0.04757484793663025
0.0 0.04923653602600098
0.0 0.0493009090423584
0.0 0.049655135720968246
0.0 0.050278354436159134
0.0 0.05040132999420166
0.0 0.05043266341090202
0.0 0.05046011880040169
0.0 0.0506761372089386
0.0 0.05072711035609245
0.0 0.05082198604941368
0.0 0.05084986612200737
0.0 0.05134480074048042
0.0 0.05172811076045036
0.0 0.05188564211130142
0.0 0.05217857286334038
0.0 0.05262521654367447
0.0 0.052643295377492905
0.0 0.052751779556274414
0.0 0.052784185856580734
0.0 0.052842285484075546
0.0 0.05286731570959091
0.0 0.05317055433988571
0.0 0.053238846361637115
0.0 0.05332576856017113
0.0 0.0533512644469738
0.0 0.05339802801609039
0.0 0.05356444790959358
0.0 0.05372209846973419
0.0 0.05372992157936096
0.0 0.053809475153684616
0.0 0.053884103894233704
0.0 0.05418618395924568
0.0 0.05421193316578865
0.0 0.054350078105926514
0.0 0.05443171039223671
0.0 0.054691631346940994
0.0 0.05481182783842087
0.0 0.05485277995467186
0.0 0.05487419292330742
0.0 0.05530134215950966
0.0 0.055311545729637146
0.0 0.05535334348678589
0.0 0.05539264902472496
0.0 0.05541049689054489
0.0 0.05573113635182381
0.0 0.05575990676879883
0.0 0.05576808378100395
0.0 0.05577521771192551
0.0 0.055784571915864944
0.0 0.05586003139615059
0.0 0.05586106330156326
0.0 0.05587218701839447
0.0 0.05591623857617378
0.0 0.05592089518904686
0.0 0.05600087344646454
0.0 0.056028686463832855
0.0 0.05604206398129463
0.0 0.05607812851667404
0.0 0.0562063492834568
0.0 0.05640968680381775
0.0 0.0564262792468071
0.0 0.05646389350295067
0.0 0.05649302899837494
0.0 0.0565621517598629
0.0 0.05680235102772713
0.0 0.05685771256685257
0.0 0.05688195303082466
0.0 0.05699818208813667
0.0 0.057060930877923965
0.0 0.057088207453489304
0.0 0.057103194296360016
0.0 0.05718689411878586
0.0 0.05719161406159401
0.0 0.05724349990487099
0.0 0.05735737457871437
0.0 0.05737343430519104
0.0 0.05738008767366409
0.0 0.057530682533979416
0.0 0.05754459276795387
0.0 0.05760757997632027
0.0 0.05773360654711723
0.0 0.057816263288259506
0.0 0.057845499366521835
0.0 0.057874538004398346
0.0 0.057903043925762177
0.0 0.057920027524232864
0.0 0.05793438479304314
0.0 0.05793449655175209
0.0 0.057935718446969986
0.0 0.05804072692990303
0.0 0.05805804580450058
0.0 0.058073338121175766
0.0 0.058110419660806656
0.0 0.05811668559908867
0.0 0.0582355298101902
0.0 0.05845082923769951
0.0 0.05858096852898598
0.0 0.058583639562129974
0.0 0.058734994381666183
0.0 0.058742742985486984
0.0 0.05884676054120064
0.0 0.0589405819773674
0.0 0.05901255086064339
0.0 0.05901503935456276
0.0 0.059016596525907516
0.0 0.059125520288944244
0.0 0.05915389209985733
0.0 0.059179604053497314
0.0 0.05920705199241638
0.0 0.05938706919550896
0.0 0.059401292353868484
0.0 0.05951709300279617
0.0 0.05953175574541092
0.0 0.05969025939702988
0.0 0.05995955690741539
0.0 0.06013196334242821
0.0 0.060171812772750854
0.0 0.06027563661336899
0.0 0.06031588464975357
0.0 0.060366254299879074
0.0 0.060457780957221985
0.0 0.06049571931362152
0.0 0.06054435670375824
0.0 0.06057894974946976
0.0 0.06060466542840004
0.0 0.06060779094696045
0.0 0.06066593900322914
0.0 0.060693152248859406
0.0 0.060707755386829376
0.0 0.06071246787905693
0.0 0.06072017550468445
0.0 0.06087532639503479
0.0 0.06089071184396744
0.0 0.06091213598847389
0.0 0.060937248170375824
0.0 0.061020854860544205
0.0 0.06108248233795166
0.0 0.061083562672138214
0.0 0.0610954612493515
0.0 0.06111152842640877
0.0 0.06114152446389198
0.0 0.06114812567830086
0.0 0.061272818595170975
0.0 0.061319027096033096
0.0 0.06133122742176056
0.0 0.06133512407541275
0.0 0.06141868606209755
0.0 0.061543066054582596
0.0 0.06156056746840477
0.0 0.06166964769363403
0.0 0.061677150428295135
0.0 0.06168604642152786
0.0 0.061753954738378525
0.0 0.06178629770874977
0.0 0.06183530390262604
0.0 0.06193647161126137
0.0 0.06194992735981941
0.0 0.06195814907550812
0.0 0.06205213442444801
0.0 0.06206723675131798
0.0 0.06209015101194382
0.0 0.06209750100970268
0.0 0.0621103011071682
0.0 0.06215595081448555
0.0 0.06217128038406372
0.0 0.06218047812581062
0.0 0.062298938632011414
0.0 0.0623500794172287
0.0 0.06236645206809044
0.0 0.06242449954152107
0.0 0.062483515590429306
0.0 0.0625169649720192
0.0 0.06254814565181732
0.0 0.06257539242506027
0.0 0.06259286403656006
0.0 0.06268344074487686
0.0 0.06268785893917084
0.0 0.06272575259208679
0.0 0.06274084746837616
0.0 0.06295046210289001
0.0 0.06298185139894485
0.0 0.06300216168165207
0.0 0.06302455812692642
0.0 0.06306939572095871
0.0 0.06310577690601349
0.0 0.0631919577717781
0.0 0.06326407939195633
0.0 0.06346861273050308
0.0 0.06350809335708618
0.0 0.06369121372699738
0.0 0.06376468390226364
0.0 0.06378257274627686
0.0 0.06384214013814926
0.0 0.06400423496961594
0.0 0.06401801109313965
0.0 0.0640583261847496
0.0 0.06417088210582733
0.0 0.06419042497873306
0.0 0.06428678333759308
0.0 0.06431318074464798
0.0 0.06435082107782364
0.0 0.06435506045818329
0.0 0.06445536762475967
0.0 0.06448067724704742
0.0 0.06450700014829636
0.0 0.06452572345733643
0.0 0.06463709473609924
0.0 0.06491540372371674
0.0 0.06500354409217834
0.0 0.06509385257959366
0.0 0.06510423123836517
0.0 0.06513001024723053
0.0 0.06515239924192429
0.0 0.06521835178136826
0.0 0.06546538323163986
0.0 0.065574049949646
0.0 0.06564072519540787
0.0 0.06564182043075562
0.0 0.06571133434772491
0.0 0.06572042405605316
0.0 0.06577602028846741
0.0 0.06592624634504318
0.0 0.06604509055614471
0.0 0.0662277564406395
0.0 0.06630805134773254
0.0 0.06636175513267517
0.0 0.06642696261405945
0.0 0.0664798766374588
0.0 0.06656695157289505
0.0 0.06674931198358536
0.0 0.06676457077264786
0.0 0.06677203625440598
0.0 0.06679747998714447
0.0 0.06680114567279816
0.0 0.0670367181301117
0.0 0.06705499440431595
0.0 0.0670555904507637
0.0 0.06706663221120834
0.0 0.06716851890087128
0.0 0.06724551320075989
0.0 0.06744181364774704
0.0 0.06757140904664993
0.0 0.06762461364269257
0.0 0.06765254586935043
0.0 0.06769613176584244
0.0 0.06771030277013779
0.0 0.06775610148906708
0.0 0.0677889883518219
0.0 0.06783152371644974
0.0 0.06783707439899445
0.0 0.0679638683795929
0.0 0.06801201403141022
0.0 0.06816785782575607
0.0 0.06824161112308502
0.0 0.06832410395145416
0.0 0.06834715604782104
0.0 0.06842534244060516
0.0 0.06844443827867508
0.0 0.06844986975193024
0.0 0.068475142121315
0.0 0.06862245500087738
0.0 0.0688123106956482
0.0 0.06887738406658173
0.0 0.06890907883644104
0.0 0.06910514086484909
0.0 0.0691220611333847
0.0 0.06915336102247238
0.0 0.06927677989006042
0.0 0.0693063959479332
0.0 0.06933444738388062
0.0 0.06934007257223129
0.0 0.06943173706531525
0.0 0.0696980357170105
0.0 0.06972332298755646
0.0 0.06973765045404434
0.0 0.06995438784360886
0.0 0.06999916583299637
0.0 0.07000066339969635
0.0 0.07023642212152481
0.0 0.07029310613870621
0.0 0.07036984711885452
0.0 0.07044583559036255
0.0 0.0705099031329155
0.0 0.07064025104045868
0.0 0.07070011645555496
0.0 0.07084601372480392
0.0 0.07086141407489777
0.0 0.07090144604444504
0.0 0.07100242376327515
0.0 0.07104272395372391
0.0 0.07112929224967957
0.0 0.07115188986063004
0.0 0.07117557525634766
0.0 0.07125434279441833
0.0 0.07131984829902649
0.0 0.07137363404035568
0.0 0.07140059024095535
0.0 0.07143714278936386
0.0 0.07149235159158707
0.0 0.07159160077571869
0.0 0.07161545753479004
0.0 0.07167903333902359
0.0 0.07169915735721588
0.0 0.07171885669231415
0.0 0.07181516289710999
0.0 0.07184672355651855
0.0 0.07191428542137146
0.0 0.07196266949176788
0.0 0.07204817235469818
0.0 0.07206901162862778
0.0 0.07211001217365265
0.0 0.07221612334251404
0.0 0.07226056605577469
0.0 0.07227940112352371
0.0 0.07234232872724533
0.0 0.07240671664476395
0.0 0.07242223620414734
0.0 0.07253700494766235
0.0 0.07259299606084824
0.0 0.07263137400150299
0.0 0.07265598326921463
0.0 0.07288442552089691
0.0 0.07292824238538742
0.0 0.07296262681484222
0.0 0.07298723608255386
0.0 0.07305096089839935
0.0 0.07310765981674194
0.0 0.07316133379936218
0.0 0.07316271960735321
0.0 0.07319950312376022
0.0 0.07325857877731323
0.0 0.07343707233667374
0.0 0.07352568954229355
0.0 0.0735633596777916
0.0 0.07357600331306458
0.0 0.07381923496723175
0.0 0.07388821244239807
0.0 0.07394934445619583
0.0 0.07397492229938507
0.0 0.07401399314403534
0.0 0.07402989268302917
0.0 0.07403629273176193
0.0 0.07405257970094681
0.0 0.07415331900119781
0.0 0.07416070252656937
0.0 0.07422273606061935
0.0 0.07423153519630432
0.0 0.07436616718769073
0.0 0.07447123527526855
0.0 0.07451097667217255
0.0 0.07457122951745987
0.0 0.07466054707765579
0.0 0.07479590177536011
0.0 0.07480640709400177
0.0 0.07489357888698578
0.0 0.07502998411655426
0.0 0.07509762793779373
0.0 0.07512868940830231
0.0 0.07514785975217819
0.0 0.07515374571084976
0.0 0.07527799159288406
0.0 0.07549016177654266
0.0 0.07565049827098846
0.0 0.07577575743198395
0.0 0.0757879763841629
0.0 0.07580867409706116
0.0 0.07598933577537537
0.0 0.07603389769792557
0.0 0.07604420930147171
0.0 0.07613984495401382
0.0 0.07617724686861038
0.0 0.07643551379442215
0.0 0.07645303755998611
0.0 0.07667074352502823
0.0 0.07672826200723648
0.0 0.07676679641008377
0.0 0.07681220769882202
0.0 0.07689610123634338
0.0 0.0769197940826416
0.0 0.07699333876371384
0.0 0.07708553224802017
0.0 0.07710600644350052
0.0 0.07738881558179855
0.0 0.07753738760948181
0.0 0.07766316831111908
0.0 0.0777425765991211
0.0 0.07794295251369476
0.0 0.07801525294780731
0.0 0.0781196728348732
0.0 0.07827864587306976
0.0 0.07847409695386887
0.0 0.0785224437713623
0.0 0.07872874289751053
0.0 0.07882861793041229
0.0 0.07897812873125076
0.0 0.0790819376707077
0.0 0.07911258935928345
0.0 0.07912693172693253
0.0 0.07919539511203766
0.0 0.0792577937245369
0.0 0.07940391451120377
0.0 0.07941301167011261
0.0 0.07945619523525238
0.0 0.07946508377790451
0.0 0.07949023693799973
0.0 0.07967288047075272
0.0 0.07979897409677505
0.0 0.07988854497671127
0.0 0.0799955278635025
0.0 0.08004926145076752
0.0 0.08024169504642487
0.0 0.0802755206823349
0.0 0.08037235587835312
0.0 0.08041051030158997
0.0 0.08055184781551361
0.0 0.0807819589972496
0.0 0.0809691995382309
0.0 0.0810319036245346
0.0 0.08112349361181259
0.0 0.08112934231758118
0.0 0.08125220239162445
0.0 0.08162155002355576
0.0 0.082130566239357
0.0 0.08213119953870773
0.0 0.0824153944849968
0.0 0.08243284374475479
0.0 0.08266450464725494
0.0 0.08267214149236679
0.0 0.08269365131855011
0.0 0.08273760229349136
0.0 0.08297939598560333
0.0 0.08300653845071793
0.0 0.08304394781589508
0.0 0.08374243974685669
0.0 0.0840204507112503
0.0 0.08442135155200958
0.0 0.08466839790344238
0.0 0.08490298688411713
0.0 0.08500198274850845
0.0 0.08542205393314362
0.0 0.0855599045753479
0.0 0.08588288724422455
0.0 0.08612674474716187
0.0 0.08621922135353088
0.0 0.08637900650501251
0.0 0.08656911551952362
0.0 0.08658590912818909
0.0 0.08660172671079636
0.0 0.08665637671947479
0.0 0.08744525164365768
0.0 0.08820148557424545
0.0 0.08839201182126999
0.0 0.08872552216053009
0.0 0.08876892179250717
0.0 0.08877674490213394
0.0 0.0888841450214386
0.0 0.0892806202173233
0.0 0.0893898457288742
0.0 0.08951923251152039
0.0 0.08959480375051498
0.0 0.08962159603834152
0.0 0.09009318053722382
0.0 0.0904456377029419
0.0 0.09144559502601624
0.0 0.09172223508358002
0.0 0.09173726290464401
0.0 0.09205424785614014
0.0 0.09296157956123352
0.0 0.09299109131097794
0.0 0.09346585720777512
0.0 0.0941721573472023
0.0 0.09548990428447723
0.0 0.09568437188863754
0.0 0.09604193270206451
0.0 0.09616561233997345
0.0 0.09726521372795105
0.0 0.09806732088327408
0.0 0.0987454205751419
0.0 0.09994939714670181
0.0 0.10024277865886688
0.0 0.1013740599155426
0.0 0.10258973389863968
0.0 0.10273425281047821
0.0 0.10287611186504364
0.0 0.10416531562805176
0.0 0.10486259311437607
0.0 0.10524620860815048
0.0 0.1063515767455101
0.0 0.10662977397441864
0.0 0.10918015986680984
0.0 0.11123056709766388
0.0 0.1115758866071701
0.0 0.11439615488052368
0.0 0.11562804132699966
0.0 0.11697151511907578
0.0 0.1226222887635231
0.0 0.12321271002292633
0.0 0.1235593855381012
0.0 0.1278659701347351
0.0 0.14181937277317047
0.0 0.1438724398612976
0.0 inf
