0.0 0.028443075716495514
0.0 0.029668420553207397
0.0 0.03022773563861847
0.0 0.030321259051561356
0.0 0.030736731365323067
0.0 0.03094790317118168
0.0 0.03109063021838665
0.0 0.031310584396123886
0.0 0.03138841688632965
0.0 0.031391073018312454
0.0 0.031478289514780045
0.0 0.031856365501880646
0.0 0.03189340978860855
0.0 0.03195035457611084
0.0 0.0319896936416626
0.0 0.032563041895627975
0.0 0.032973188906908035
0.0 0.0332157127559185
0.0 0.033218659460544586
0.0 0.033261943608522415
0.0 0.03328390419483185
0.0 0.0333368144929409
0.0 0.033427681773900986
0.0 0.033987801522016525
0.0 0.03416193649172783
0.0 0.034196626394987106
0.0 0.034211400896310806
0.0 0.03428647294640541
0.0 0.03430948778986931
0.0 0.03446332365274429
0.0 0.034487880766391754
0.0 0.034501537680625916
0.0 0.03455088660120964
0.0 0.03456941246986389
0.0 0.03468853235244751
0.0 0.03484512120485306
0.0 0.03488851711153984
0.0 0.03490900248289108
0.0 0.03512917459011078
0.0 0.03521089628338814
0.0 0.035246606916189194
0.0 0.0352567695081234
0.0 0.035289473831653595
0.0 0.035344500094652176
0.0 0.03536204248666763
0.0 0.035363294184207916
0.0 0.03561222180724144
0.0 0.035631176084280014
0.0 0.03588363528251648
0.0 0.03598678857088089
0.0 0.03612978011369705
0.0 0.03620101884007454
0.0 0.03643816336989403
0.0 0.03669325262308121
0.0 0.03681391850113869
0.0 0.03681718930602074
0.0 0.0368645153939724
0.0 0.03691254183650017
0.0 0.03695463389158249
0.0 0.03710139915347099
0.0 0.03712629899382591
0.0 0.03723395615816116
0.0 0.037251830101013184
0.0 0.037255577743053436
0.0 0.0372636578977108
0.0 0.037286318838596344
0.0 0.03734605014324188
0.0 0.03737010806798935
0.0 0.037391211837530136
0.0 0.0375857949256897
0.0 0.037716466933488846
0.0 0.037823386490345
0.0 0.03783589228987694
0.0 0.037906546145677567
0.0 0.038039810955524445
0.0 0.03806573525071144
0.0 0.03821853920817375
0.0 0.038271453231573105
0.0 0.03835006058216095
0.0 0.03848891332745552
0.0 0.038505177944898605
0.0 0.038514792919158936
0.0 0.03853703290224075
0.0 0.03859298303723335
0.0 0.03861613944172859
0.0 0.038656555116176605
0.0 0.03867718204855919
0.0 0.03872700780630112
0.0 0.03873489797115326
0.0 0.03876772150397301
0.0 0.03898860514163971
0.0 0.03903871029615402
0.0 0.03906283155083656
0.0 0.03909526765346527
0.0 0.0391121506690979
0.0 0.03916844353079796
0.0 0.039284005761146545
0.0 0.039294857531785965
0.0 0.03932845965027809
0.0 0.039359819144010544
0.0 0.03939944878220558
0.0 0.039462532848119736
0.0 0.039462897926568985
0.0 0.03953924775123596
0.0 0.03957878053188324
0.0 0.03959362208843231
0.0 0.03962176665663719
0.0 0.03963594138622284
0.0 0.03967863693833351
0.0 0.039738841354846954
0.0 0.03979295492172241
0.0 0.039796892553567886
0.0 0.03983680531382561
0.0 0.03990330919623375
0.0 0.03992030397057533
0.0 0.039975326508283615
0.0 0.04004479944705963
0.0 0.04006374627351761
0.0 0.04008382558822632
0.0 0.040084317326545715
0.0 0.04015372693538666
0.0 0.04018630459904671
0.0 0.04019554331898689
0.0 0.04020175337791443
0.0 0.040212854743003845
0.0 0.040409646928310394
0.0 0.040488049387931824
0.0 0.04049523547291756
0.0 0.04057816416025162
0.0 0.04058292508125305
0.0 0.04063067585229874
0.0 0.04064521566033363
0.0 0.04073953256011009
0.0 0.04080861061811447
0.0 0.040863037109375
0.0 0.04087371006608009
0.0 0.04109787195920944
0.0 0.041127320379018784
0.0 0.04117065668106079
0.0 0.041186314076185226
0.0 0.041189949959516525
0.0 0.04127633944153786
0.0 0.04130247235298157
0.0 0.04130645468831062
0.0 0.04134407266974449
0.0 0.041455429047346115
0.0 0.041463226079940796
0.0 0.04151885211467743
0.0 0.041554972529411316
0.0 0.04157118871808052
0.0 0.041635751724243164
0.0 0.04174581542611122
0.0 0.04181806370615959
0.0 0.04182066395878792
0.0 0.04184915870428085
0.0 0.04188716039061546
0.0 0.04189139977097511
0.0 0.04196791350841522
0.0 0.041971467435359955
0.0 0.042020801454782486
0.0 0.04204816743731499
0.0 0.042071688920259476
0.0 0.04216296225786209
0.0 0.04218114912509918
0.0 0.0423225574195385
0.0 0.04237096384167671
0.0 0.042468905448913574
0.0 0.04249083995819092
0.0 0.04249503090977669
0.0 0.04249966889619827
0.0 0.04250365495681763
0.0 0.0426567904651165
0.0 0.042740434408187866
0.0 0.042831238359212875
0.0 0.04286971688270569
0.0 0.04287246614694595
0.0 0.04287320747971535
0.0 0.04290114715695381
0.0 0.042918071150779724
0.0 0.042934600263834
0.0 0.04293961822986603
0.0 0.04299086332321167
0.0 0.042991552501916885
0.0 0.043020956218242645
0.0 0.04307037964463234
0.0 0.04318106919527054
0.0 0.04322640225291252
0.0 0.043244149535894394
0.0 0.043276820331811905
0.0 0.04333439841866493
0.0 0.0434107631444931
0.0 0.04343589022755623
0.0 0.04356314614415169
0.0 0.0436161532998085
0.0 0.04362557455897331
0.0 0.043705422431230545
0.0 0.043799031525850296
0.0 0.043819814920425415
0.0 0.04385519400238991
0.0 0.04386669769883156
0.0 0.04398500919342041
0.0 0.04404214024543762
0.0 0.044077079743146896
0.0 0.04409736394882202
0.0 0.04415295645594597
0.0 0.04415300115942955
0.0 0.0442325584590435
0.0 0.04425972327589989
0.0 0.04431411996483803
0.0 0.04449399188160896
0.0 0.04456533119082451
0.0 0.044598352164030075
0.0 0.04460684955120087
0.0 0.0446489080786705
0.0 0.04491806402802467
0.0 0.04492196440696716
0.0 0.04492798447608948
0.0 0.04493359848856926
0.0 0.04494071751832962
0.0 0.04494709149003029
0.0 0.04506098851561546
0.0 0.04506951943039894
0.0 0.04508495703339577
0.0 0.045115821063518524
0.0 0.045125722885131836
0.0 0.045334555208683014
0.0 0.04534683749079704
0.0 0.04537577927112579
0.0 0.04548579454421997
0.0 0.04550185799598694
0.0 0.04550725594162941
0.0 0.0455583855509758
0.0 0.045814234763383865
0.0 0.045834019780159
0.0 0.04588119313120842
0.0 0.04589034989476204
0.0 0.04591738432645798
0.0 0.04591755196452141
0.0 0.045937273651361465
0.0 0.04594888910651207
0.0 0.046037036925554276
0.0 0.04604600369930267
0.0 0.046084798872470856
0.0 0.04611190780997276
0.0 0.04621438682079315
0.0 0.04623175039887428
0.0 0.04625499248504639
0.0 0.04633084684610367
0.0 0.04634367674589157
0.0 0.04643198475241661
0.0 0.046546947211027145
0.0 0.046606674790382385
0.0 0.04661398008465767
0.0 0.04662163555622101
0.0 0.04663154482841492
0.0 0.04673738405108452
0.0 0.04677123948931694
0.0 0.04681675136089325
0.0 0.046878520399332047
0.0 0.04687962681055069
0.0 0.04688682779669762
0.0 0.046966053545475006
0.0 0.04707749933004379
0.0 0.04710715264081955
0.0 0.04711329936981201
0.0 0.04713199660181999
0.0 0.04721808806061745
0.0 0.04725409671664238
0.0 0.047267623245716095
0.0 0.047268882393836975
0.0 0.04761625826358795
0.0 0.047623410820961
0.0 0.04767130687832832
0.0 0.04768683761358261
0.0 0.04778235778212547
0.0 0.047838520258665085
0.0 0.047845467925071716
0.0 0.048042889684438705
0.0 0.04807547479867935
0.0 0.04808638244867325
0.0 0.04810770973563194
0.0 0.04812777414917946
0.0 0.048139575868844986
0.0 0.04823881760239601
0.0 0.0482393316924572
0.0 0.048316482454538345
0.0 0.04833640158176422
0.0 0.0484006293118
0.0 0.04840569198131561
0.0 0.048428263515233994
0.0 0.04846242442727089
0.0 0.048587970435619354
0.0 0.04859359189867973
0.0 0.04859365150332451
0.0 0.04861702769994736
0.0 0.048695169389247894
0.0 0.04870179668068886
0.0 0.048704132437705994
0.0 0.04885050654411316
0.0 0.048866793513298035
0.0 0.04887097328901291
0.0 0.048882074654102325
0.0 0.04890517145395279
0.0 0.04893190413713455
0.0 0.048960693180561066
0.0 0.04896323382854462
0.0 0.04913193732500076
0.0 0.04913359880447388
0.0 0.049217477440834045
0.0 0.04923728480935097
0.0 0.04927816987037659
0.0 0.04928157106041908
0.0 0.04936961457133293
0.0 0.04937589168548584
0.0 0.04944505915045738
0.0 0.049478817731142044
0.0 0.049522124230861664
0.0 0.04953686147928238
0.0 0.04960784316062927
0.0 0.04968225210905075
0.0 0.04969261586666107
0.0 0.04972558468580246
0.0 0.04981837794184685
0.0 0.04984040558338165
0.0 0.04990074783563614
0.0 0.05003129690885544
0.0 0.05003485083580017
0.0 0.05020450800657272
0.0 0.05021761730313301
0.0 0.05031455308198929
0.0 0.05034942552447319
0.0 0.05057776719331741
0.0 0.05060717836022377
0.0 0.05063507705926895
0.0 0.05077134445309639
0.0 0.05094917491078377
0.0 0.05114152282476425
0.0 0.051210202276706696
0.0 0.05122058466076851
0.0 0.05122767388820648
0.0 0.05125243961811066
0.0 0.05127429962158203
0.0 0.05128181353211403
0.0 0.051416873931884766
0.0 0.051438696682453156
0.0 0.05149327591061592
0.0 0.051512330770492554
0.0 0.05153631046414375
0.0 0.051662150770425797
0.0 0.05172433704137802
0.0 0.05172788351774216
0.0 0.05177120491862297
0.0 0.05186925083398819
0.0 0.05190059170126915
0.0 0.05202566832304001
0.0 0.05205284804105759
0.0 0.05213555321097374
0.0 0.05217205733060837
0.0 0.052236441522836685
0.0 0.05225377902388573
0.0 0.052281223237514496
0.0 0.05228838697075844
0.0 0.0523078590631485
0.0 0.052344802767038345
0.0 0.052348747849464417
0.0 0.052622921764850616
0.0 0.05262591317296028
0.0 0.052694957703351974
0.0 0.0529308058321476
0.0 0.05299384519457817
0.0 0.05303182080388069
0.0 0.053103938698768616
0.0 0.053147803992033005
0.0 0.05338543280959129
0.0 0.05341785401105881
0.0 0.053605977445840836
0.0 0.05365205928683281
0.0 0.053721681237220764
0.0 0.05376200005412102
0.0 0.053776707500219345
0.0 0.053786858916282654
0.0 0.05387166142463684
0.0 0.053877945989370346
0.0 0.05409496650099754
0.0 0.05416722595691681
0.0 0.05416884273290634
0.0 0.05418103188276291
0.0 0.05425510182976723
0.0 0.054301053285598755
0.0 0.054493170231580734
0.0 0.05464302748441696
0.0 0.05470536649227142
0.0 0.054828669875860214
0.0 0.05491245165467262
0.0 0.054955754429101944
0.0 0.0550963468849659
0.0 0.05522003769874573
0.0 0.055296894162893295
0.0 0.055383261293172836
0.0 0.055783711373806
0.0 0.05582481622695923
0.0 0.05590582266449928
0.0 0.05596582219004631
0.0 0.05615687370300293
0.0 0.056249480694532394
0.0 0.05641350522637367
0.0 0.056539904326200485
0.0 0.05659128725528717
0.0 0.05659608170390129
0.0 0.0567813441157341
0.0 0.05685357376933098
0.0 0.05686093866825104
0.0 0.05705529823899269
0.0 0.05709609016776085
0.0 0.057201530784368515
0.0 0.05721071735024452
0.0 0.05728450417518616
0.0 0.057384539395570755
0.0 0.05745238438248634
0.0 0.057493653148412704
0.0 0.05751757696270943
0.0 0.0576179176568985
0.0 0.05778711289167404
0.0 0.05802023410797119
0.0 0.05805395543575287
0.0 0.05806615203619003
0.0 0.058110445737838745
0.0 0.05811434984207153
0.0 0.058198608458042145
0.0 0.05822298303246498
0.0 0.058264218270778656
0.0 0.0583447627723217
0.0 0.05842435359954834
0.0 0.058734066784381866
0.0 0.0587930865585804
0.0 0.05900994688272476
0.0 0.059017010033130646
0.0 0.05912422761321068
0.0 0.05938468500971794
0.0 0.059524621814489365
0.0 0.05954773724079132
0.0 0.05971617251634598
0.0 0.05983196943998337
0.0 0.05994587764143944
0.0 0.06011272594332695
0.0 0.06012089550495148
0.0 0.06033101677894592
0.0 0.06053272262215614
0.0 0.06055302545428276
0.0 0.06063244864344597
0.0 0.06103576719760895
0.0 0.061054229736328125
0.0 0.06105989217758179
0.0 0.06112494692206383
0.0 0.061193060129880905
0.0 0.06122017651796341
0.0 0.061336930841207504
0.0 0.06138819828629494
0.0 0.06139768287539482
0.0 0.06156004220247269
0.0 0.061620768159627914
0.0 0.06173453480005264
0.0 0.06177285313606262
0.0 0.061853282153606415
0.0 0.06185466796159744
0.0 0.06188207492232323
0.0 0.06203276664018631
0.0 0.062063563615083694
0.0 0.06267458200454712
0.0 0.06267490237951279
0.0 0.06267616152763367
0.0 0.06275142729282379
0.0 0.0627695769071579
0.0 0.06300383806228638
0.0 0.06303746998310089
0.0 0.06341119110584259
0.0 0.06346943229436874
0.0 0.06358229368925095
0.0 0.0636240541934967
0.0 0.06377384066581726
0.0 0.06400465220212936
0.0 0.06449944525957108
0.0 0.06463678926229477
0.0 0.06467166543006897
0.0 0.06501013785600662
0.0 0.06564674526453018
0.0 0.06581331789493561
0.0 0.06621874868869781
0.0 0.06630418449640274
0.0 0.06651255488395691
0.0 0.06694340705871582
0.0 0.06732510775327682
0.0 0.06748323142528534
0.0 0.06773977726697922
0.0 0.06871537119150162
0.0 0.06925410777330399
0.0 0.07002200186252594
0.0 0.07004295289516449
0.0 0.0703066736459732
0.0 0.07105593383312225
0.0 0.07123195379972458
0.0 0.07140640914440155
0.0 0.07164260745048523
0.0 0.07224465161561966
0.0 0.07332699000835419
0.0 0.0735388696193695
0.0 0.07484950125217438
0.0 0.07568208128213882
0.0 0.076358862221241
0.0 0.07862517237663269
0.0 0.08179561048746109
0.0 inf
