0.0 0.042404837906360626
0.0 0.04353538155555725
0.0 0.04369715601205826
0.0 0.044013164937496185
0.0 0.044729217886924744
0.0 0.04541510343551636
0.0 0.046289488673210144
0.0 0.04799246788024902
0.0 0.048825010657310486
0.0 0.049303025007247925
0.0 0.04951805993914604
0.0 0.04958852380514145
0.0 0.049694281071424484
0.0 0.04985225945711136
0.0 0.050006069242954254
0.0 0.05006846413016319
0.0 0.050290342420339584
0.0 0.05037396401166916
0.0 0.05047023668885231
0.0 0.05063590779900551
0.0 0.05109857767820358
0.0 0.05123789608478546
0.0 0.05137801915407181
0.0 0.0513937845826149
0.0 0.051502302289009094
0.0 0.05174097791314125
0.0 0.051848165690898895
0.0 0.05192631855607033
0.0 0.0520048625767231
0.0 0.052055325359106064
0.0 0.052056584507226944
0.0 0.05209481343626976
0.0 0.05212670564651489
0.0 0.05224107205867767
0.0 0.05225682631134987
0.0 0.052278127521276474
0.0 0.052362967282533646
0.0 0.05251684784889221
0.0 0.05254356935620308
0.0 0.05257444828748703
0.0 0.052603282034397125
0.0 0.05276983603835106
0.0 0.052774641662836075
0.0 0.05306895449757576
0.0 0.053081534802913666
0.0 0.05317109823226929
0.0 0.053285203874111176
0.0 0.053285304456949234
0.0 0.05343073233962059
0.0 0.05343111231923103
0.0 0.05351518094539642
0.0 0.05357715114951134
0.0 0.05373740941286087
0.0 0.05374621972441673
0.0 0.05378136411309242
0.0 0.05428069829940796
0.0 0.054394908249378204
0.0 0.05450129508972168
0.0 0.054570574313402176
0.0 0.05479908734560013
0.0 0.05486610159277916
0.0 0.05494081228971481
0.0 0.05509741231799126
0.0 0.05547993630170822
0.0 0.05550646409392357
0.0 0.05556751415133476
0.0 0.05570702999830246
0.0 0.055783409625291824
0.0 0.055872030556201935
0.0 0.055921487510204315
0.0 0.05599590763449669
0.0 0.05606399476528168
0.0 0.056067679077386856
0.0 0.05614953488111496
0.0 0.056170716881752014
0.0 0.056290045380592346
0.0 0.05653871223330498
0.0 0.056637294590473175
0.0 0.05669185146689415
0.0 0.05673849210143089
0.0 0.05682232603430748
0.0 0.056965526193380356
0.0 0.0570315457880497
0.0 0.0571405403316021
0.0 0.05716954916715622
0.0 0.05720094218850136
0.0 0.057321276515722275
0.0 0.05742867290973663
0.0 0.05745575204491615
0.0 0.057555437088012695
0.0 0.0579000860452652
0.0 0.05801418796181679
0.0 0.05804671719670296
0.0 0.05811415612697601
0.0 0.0581948347389698
0.0 0.058205053210258484
0.0 0.05830847844481468
0.0 0.058320868760347366
0.0 0.05877479165792465
0.0 0.058818962424993515
0.0 0.05882975086569786
0.0 0.058944955468177795
0.0 0.05896631255745888
0.0 0.05918069928884506
0.0 0.05923101678490639
0.0 0.05931820347905159
0.0 0.05935097858309746
0.0 0.05946856364607811
0.0 0.059490472078323364
0.0 0.059588752686977386
0.0 0.059636440128088
0.0 0.05967024341225624
0.0 0.059784699231386185
0.0 0.05988462269306183
0.0 0.059952136129140854
0.0 0.05998504161834717
0.0 0.06013846769928932
0.0 0.06014692410826683
0.0 0.06026460975408554
0.0 0.06033405661582947
0.0 0.06036234647035599
0.0 0.060429275035858154
0.0 0.06057720631361008
0.0 0.0606522411108017
0.0 0.060687106102705
0.0 0.06078324839472771
0.0 0.06080137565732002
0.0 0.06092539802193642
0.0 0.060956358909606934
0.0 0.06097100302577019
0.0 0.060992754995822906
0.0 0.061009351164102554
0.0 0.06110907718539238
0.0 0.061130352318286896
0.0 0.06121235713362694
0.0 0.06127901002764702
0.0 0.061499956995248795
0.0 0.061508238315582275
0.0 0.06159196421504021
0.0 0.061606183648109436
0.0 0.06194622814655304
0.0 0.06197258085012436
0.0 0.06204216927289963
0.0 0.06216629222035408
0.0 0.06216994300484657
0.0 0.062178052961826324
0.0 0.06219742074608803
0.0 0.06228376179933548
0.0 0.06229959800839424
0.0 0.0623726025223732
0.0 0.062482427805662155
0.0 0.06258855760097504
0.0 0.0625891461968422
0.0 0.06261305510997772
0.0 0.06261970102787018
0.0 0.06273528188467026
0.0 0.06294301152229309
0.0 0.06321333348751068
0.0 0.06324559450149536
0.0 0.0632525309920311
0.0 0.06347528845071793
0.0 0.06353400647640228
0.0 0.06373540312051773
0.0 0.06383199989795685
0.0 0.06393149495124817
0.0 0.06409244984388351
0.0 0.06409332901239395
0.0 0.06423374265432358
0.0 0.06424493342638016
0.0 0.06429419666528702
0.0 0.0643116757273674
0.0 0.06433586776256561
0.0 0.06435192376375198
0.0 0.0644100233912468
0.0 0.06444813311100006
0.0 0.06463395804166794
0.0 0.0647444799542427
0.0 0.0648435726761818
0.0 0.06486227363348007
0.0 0.0648793950676918
0.0 0.06491273641586304
0.0 0.06500107795000076
0.0 0.0650269016623497
0.0 0.06515379995107651
0.0 0.06520199775695801
0.0 0.06521414965391159
0.0 0.06523718684911728
0.0 0.0652599185705185
0.0 0.06534156203269958
0.0 0.06569162756204605
0.0 0.06582880765199661
0.0 0.06586761027574539
0.0 0.0659233033657074
0.0 0.06595318019390106
0.0 0.06596458703279495
0.0 0.06604649871587753
0.0 0.06630796194076538
0.0 0.0663122907280922
0.0 0.06637218594551086
0.0 0.06639839708805084
0.0 0.0664139911532402
0.0 0.06652631610631943
0.0 0.06669395416975021
0.0 0.06669817864894867
0.0 0.06682514399290085
0.0 0.06685718148946762
0.0 0.06685934960842133
0.0 0.06687004119157791
0.0 0.06711054593324661
0.0 0.06711861491203308
0.0 0.06716304272413254
0.0 0.06721900403499603
0.0 0.06729352474212646
0.0 0.0673096776008606
0.0 0.06731864809989929
0.0 0.06732195615768433
0.0 0.06752219796180725
0.0 0.06754517555236816
0.0 0.06772970408201218
0.0 0.06776402145624161
0.0 0.0677819550037384
0.0 0.06778290867805481
0.0 0.06810124218463898
0.0 0.06810478121042252
0.0 0.06812326610088348
0.0 0.06823021918535233
0.0 0.0683155506849289
0.0 0.06847818195819855
0.0 0.0684903934597969
0.0 0.06853369623422623
0.0 0.0685519427061081
0.0 0.06861266493797302
0.0 0.068781778216362
0.0 0.06881231814622879
0.0 0.06882134079933167
0.0 0.06892096251249313
0.0 0.06899803131818771
0.0 0.06902258843183517
0.0 0.06908487528562546
0.0 0.06919925659894943
0.0 0.06920234858989716
0.0 0.06921712309122086
0.0 0.0695117861032486
0.0 0.0696055069565773
0.0 0.06961598247289658
0.0 0.06971102952957153
0.0 0.06978210806846619
0.0 0.06981102377176285
0.0 0.06983126699924469
0.0 0.07003385573625565
0.0 0.07014681398868561
0.0 0.07030866295099258
0.0 0.0703912079334259
0.0 0.07040809094905853
0.0 0.07042237371206284
0.0 0.07077085971832275
0.0 0.07077490538358688
0.0 0.07078962028026581
0.0 0.07091529667377472
0.0 0.07121499627828598
0.0 0.07126079499721527
0.0 0.07131460309028625
0.0 0.07133416831493378
0.0 0.0719313994050026
0.0 0.07202760130167007
0.0 0.07206309586763382
0.0 0.07212656736373901
0.0 0.07216106355190277
0.0 0.07221872359514236
0.0 0.0722188875079155
0.0 0.07224590331315994
0.0 0.07234058529138565
0.0 0.07239656895399094
0.0 0.07243850082159042
0.0 0.07247685641050339
0.0 0.07263779640197754
0.0 0.07265110313892365
0.0 0.07285032421350479
0.0 0.07288926094770432
0.0 0.0729164257645607
0.0 0.07291708886623383
0.0 0.07310239970684052
0.0 0.0731494352221489
0.0 0.0732470154762268
0.0 0.07340729981660843
0.0 0.07353256642818451
0.0 0.073605015873909
0.0 0.07366316765546799
0.0 0.07370363175868988
0.0 0.07371789962053299
0.0 0.07391908019781113
0.0 0.07392193377017975
0.0 0.07392510771751404
0.0 0.07394389063119888
0.0 0.07410077005624771
0.0 0.07411061227321625
0.0 0.07440304756164551
0.0 0.0744720846414566
0.0 0.0745408833026886
0.0 0.07455179840326309
0.0 0.07456143200397491
0.0 0.07456538826227188
0.0 0.07458502054214478
0.0 0.07469163835048676
0.0 0.07469432801008224
0.0 0.07470306009054184
0.0 0.07475846260786057
0.0 0.07480450719594955
0.0 0.07490409165620804
0.0 0.07495774328708649
0.0 0.0749579593539238
0.0 0.0752217024564743
0.0 0.07532066851854324
0.0 0.07533837854862213
0.0 0.07541882991790771
0.0 0.07545197755098343
0.0 0.07550682127475739
0.0 0.07551068067550659
0.0 0.07551122456789017
0.0 0.07552257180213928
0.0 0.07553866505622864
0.0 0.07556591182947159
0.0 0.07568424940109253
0.0 0.07578110694885254
0.0 0.07582726329565048
0.0 0.0758771002292633
0.0 0.07598471641540527
0.0 0.07605210691690445
0.0 0.07615279406309128
0.0 0.07626968622207642
0.0 0.07638601958751678
0.0 0.07654393464326859
0.0 0.07660260051488876
0.0 0.07664050906896591
0.0 0.07665466517210007
0.0 0.07680558413267136
0.0 0.07696697115898132
0.0 0.07712404429912567
0.0 0.0771772712469101
0.0 0.07727332413196564
0.0 0.07739025354385376
0.0 0.07744137197732925
0.0 0.07744836062192917
0.0 0.07746622711420059
0.0 0.07746772468090057
0.0 0.07753174006938934
0.0 0.07761666178703308
0.0 0.07769142836332321
0.0 0.07776614278554916
0.0 0.07805640250444412
0.0 0.07815919071435928
0.0 0.07818904519081116
0.0 0.07849206030368805
0.0 0.07849395275115967
0.0 0.07853130996227264
0.0 0.07881941646337509
0.0 0.07893823832273483
0.0 0.0790892019867897
0.0 0.07912483811378479
0.0 0.07913196086883545
0.0 0.07928238809108734
0.0 0.07931708544492722
0.0 0.07936243712902069
0.0 0.07946021109819412
0.0 0.07963107526302338
0.0 0.07963158935308456
0.0 0.07982426881790161
0.0 0.07991999387741089
0.0 0.07998263835906982
0.0 0.0800386592745781
0.0 0.08013483136892319
0.0 0.08028064668178558
0.0 0.0804717093706131
0.0 0.08071627467870712
0.0 0.08073336631059647
0.0 0.08076487481594086
0.0 0.08081357926130295
0.0 0.08101817965507507
0.0 0.08106078207492828
0.0 0.08108952641487122
0.0 0.08139152824878693
0.0 0.08142521977424622
0.0 0.08143811672925949
0.0 0.08157488703727722
0.0 0.08203872293233871
0.0 0.08209823817014694
0.0 0.08211605995893478
0.0 0.08215145766735077
0.0 0.08226583153009415
0.0 0.08233878761529922
0.0 0.08245759457349777
0.0 0.08264332264661789
0.0 0.08274050801992416
0.0 0.08282927423715591
0.0 0.08291814476251602
0.0 0.08302422612905502
0.0 0.08326646685600281
0.0 0.08337806910276413
0.0 0.08338887989521027
0.0 0.08339596539735794
0.0 0.0835273265838623
0.0 0.08356495946645737
0.0 0.08408654481172562
0.0 0.08410504460334778
0.0 0.08426382392644882
0.0 0.08435871452093124
0.0 0.08448619395494461
0.0 0.08451440930366516
0.0 0.08452306687831879
0.0 0.08491983264684677
0.0 0.08574572950601578
0.0 0.08584709465503693
0.0 0.08586837351322174
0.0 0.08626426756381989
0.0 0.08637361973524094
0.0 0.08672897517681122
0.0 0.08721061050891876
0.0 0.08727823942899704
0.0 0.0873681828379631
0.0 0.08760294318199158
0.0 0.08762063086032867
0.0 0.0876254141330719
0.0 0.08797940611839294
0.0 0.08802299946546555
0.0 0.08825883269309998
0.0 0.0884314700961113
0.0 0.0885147824883461
0.0 0.08864651620388031
0.0 0.08865685760974884
0.0 0.08874675631523132
0.0 0.08887920528650284
0.0 0.08935586363077164
0.0 0.08939442038536072
0.0 0.08954951167106628
0.0 0.08966822922229767
0.0 0.0897025614976883
0.0 0.08974208682775497
0.0 0.09008000791072845
0.0 0.09070762991905212
0.0 0.09083141386508942
0.0 0.09105435758829117
0.0 0.09114542603492737
0.0 0.09153324365615845
0.0 0.09159138798713684
0.0 0.09164933115243912
0.0 0.09166178107261658
0.0 0.09168772399425507
0.0 0.09195946902036667
0.0 0.0921623557806015
0.0 0.09264475852251053
0.0 0.09272968024015427
0.0 0.09332104027271271
0.0 0.09349934756755829
0.0 0.09427601844072342
0.0 0.09492085874080658
0.0 0.09547740966081619
0.0 0.09594216197729111
0.0 0.09622802585363388
0.0 0.09646952152252197
0.0 0.09691188484430313
0.0 0.09694080799818039
0.0 0.09743044525384903
0.0 0.09754160046577454
0.0 0.09824485331773758
0.0 0.09828262776136398
0.0 0.09860420227050781
0.0 0.09877488762140274
0.0 0.09899691492319107
0.0 0.09912209212779999
0.0 0.099179707467556
0.0 0.09953577816486359
0.0 0.0996357724070549
0.0 0.09970489889383316
0.0 0.09992820769548416
0.0 0.1001587063074112
0.0 0.10132137686014175
0.0 0.1020393893122673
0.0 0.10218071192502975
0.0 0.1026257649064064
0.0 0.10322927683591843
0.0 0.10402832925319672
0.0 0.10409395396709442
0.0 0.10448384284973145
0.0 0.10452976077795029
0.0 0.10533519089221954
0.0 0.10550787299871445
0.0 0.10559424757957458
0.0 0.1065516397356987
0.0 0.1073416993021965
0.0 0.107548788189888
0.0 0.10757777094841003
0.0 0.1081470400094986
0.0 0.10829736292362213
0.0 0.10842452943325043
0.0 0.10847203433513641
0.0 0.10953384637832642
0.0 0.111626036465168
0.0 0.11249355226755142
0.0 0.11328237503767014
0.0 0.11527715623378754
0.0 0.1160457655787468
0.0 0.11669806391000748
0.0 0.11694271862506866
0.0 0.11924891918897629
0.0 0.12207308411598206
0.0 0.12431995570659637
0.0 0.12491568922996521
0.0 0.12689058482646942
0.0 0.1280706375837326
0.0 0.13039284944534302
0.0 0.14384761452674866
0.0 inf
