0.0 0.0179589856415987
0.0 0.019702589139342308
0.0 0.020766500383615494
0.0 0.020870540291070938
0.0 0.02099747210741043
0.0 0.022406909614801407
0.0 0.022713378071784973
0.0 0.022819140926003456
0.0 0.023762736469507217
0.0 0.024523131549358368
0.0 0.024795064702630043
0.0 0.024834882467985153
0.0 0.025143245235085487
0.0 0.025267621502280235
0.0 0.02547919936478138
0.0 0.025818191468715668
0.0 0.025864576920866966
0.0 0.026287779211997986
0.0 0.026320623233914375
0.0 0.02645004168152809
0.0 0.026454482227563858
0.0 0.02657685987651348
0.0 0.02660195901989937
0.0 0.026705065742135048
0.0 0.02673720382153988
0.0 0.02711312845349312
0.0 0.027151314541697502
0.0 0.027418870478868484
0.0 0.02744629792869091
0.0 0.02753296121954918
0.0 0.027604052796959877
0.0 0.027674386277794838
0.0 0.027760915458202362
0.0 0.027787713333964348
0.0 0.02781124971807003
0.0 0.02798263356089592
0.0 0.027996066957712173
0.0 0.028115196153521538
0.0 0.028168631717562675
0.0 0.02822120487689972
0.0 0.028246641159057617
0.0 0.028293026611208916
0.0 0.028296543285250664
0.0 0.028303684666752815
0.0 0.028353113681077957
0.0 0.028370406478643417
0.0 0.02855941839516163
0.0 0.0286642424762249
0.0 0.028697604313492775
0.0 0.028745001181960106
0.0 0.028772911056876183
0.0 0.028801970183849335
0.0 0.028856754302978516
0.0 0.02894517034292221
0.0 0.02897074446082115
0.0 0.028977345675230026
0.0 0.029042739421129227
0.0 0.02919052168726921
0.0 0.029230689629912376
0.0 0.02928972989320755
0.0 0.02933443896472454
0.0 0.02939547412097454
0.0 0.02949226275086403
0.0 0.029542742297053337
0.0 0.029670627787709236
0.0 0.029702655971050262
0.0 0.029722148552536964
0.0 0.029724815860390663
0.0 0.029771558940410614
0.0 0.0297759510576725
0.0 0.02989114634692669
0.0 0.02996188774704933
0.0 0.030013609677553177
0.0 0.03003055416047573
0.0 0.03005562536418438
0.0 0.0300766434520483
0.0 0.030118437483906746
0.0 0.030195675790309906
0.0 0.030205868184566498
0.0 0.030216891318559647
0.0 0.03035084344446659
0.0 0.030361708253622055
0.0 0.03038640506565571
0.0 0.030412165448069572
0.0 0.03046359121799469
0.0 0.03047875314950943
0.0 0.030493387952446938
0.0 0.030512824654579163
0.0 0.03058844618499279
0.0 0.030605614185333252
0.0 0.03063884750008583
0.0 0.03072350285947323
0.0 0.030724771320819855
0.0 0.030741460621356964
0.0 0.030769959092140198
0.0 0.030851010233163834
0.0 0.030931798741221428
0.0 0.030978985130786896
0.0 0.030994830653071404
0.0 0.030996134504675865
0.0 0.03105379454791546
0.0 0.03109348751604557
0.0 0.031120847910642624
0.0 0.031207941472530365
0.0 0.03121907263994217
0.0 0.03122732788324356
0.0 0.03128392994403839
0.0 0.031311869621276855
0.0 0.03140131011605263
0.0 0.03149223327636719
0.0 0.031514838337898254
0.0 0.031624868512153625
0.0 0.03166244924068451
0.0 0.031718552112579346
0.0 0.03189382329583168
0.0 0.031905729323625565
0.0 0.03192858397960663
0.0 0.03195313736796379
0.0 0.03199697285890579
0.0 0.032070498913526535
0.0 0.03208930417895317
0.0 0.032177213579416275
0.0 0.03218349441885948
0.0 0.03218720480799675
0.0 0.032407063990831375
0.0 0.03244606405496597
0.0 0.03249027207493782
0.0 0.032493580132722855
0.0 0.03250477463006973
0.0 0.03251339867711067
0.0 0.03253161907196045
0.0 0.032588157802820206
0.0 0.03271159902215004
0.0 0.03271487355232239
0.0 0.032717037945985794
0.0 0.032881345599889755
0.0 0.032889850437641144
0.0 0.03290742263197899
0.0 0.03296567499637604
0.0 0.033044490963220596
0.0 0.03306587412953377
0.0 0.03310078755021095
0.0 0.03311043977737427
0.0 0.033144816756248474
0.0 0.03316366672515869
0.0 0.03316700458526611
0.0 0.03318094462156296
0.0 0.03318941593170166
0.0 0.0331985242664814
0.0 0.03323836997151375
0.0 0.03339216858148575
0.0 0.03340156748890877
0.0 0.03345079347491264
0.0 0.03346450626850128
0.0 0.033495862036943436
0.0 0.03354485705494881
0.0 0.03357260301709175
0.0 0.033661842346191406
0.0 0.033684585243463516
0.0 0.033707570284605026
0.0 0.03372880071401596
0.0 0.03386200964450836
0.0 0.03389867767691612
0.0 0.03391444310545921
0.0 0.03392761945724487
0.0 0.033966220915317535
0.0 0.03398943692445755
0.0 0.033996131271123886
0.0 0.034063637256622314
0.0 0.0340670682489872
0.0 0.03408795967698097
0.0 0.03409319743514061
0.0 0.03409866616129875
0.0 0.03410220891237259
0.0 0.03412692993879318
0.0 0.034163009375333786
0.0 0.034180037677288055
0.0 0.03420025110244751
0.0 0.03424464538693428
0.0 0.034253668040037155
0.0 0.034271128475666046
0.0 0.034282781183719635
0.0 0.03430025279521942
0.0 0.03437908738851547
0.0 0.0344012975692749
0.0 0.03441206365823746
0.0 0.03447158634662628
0.0 0.034491244703531265
0.0 0.03449762985110283
0.0 0.03451512008905411
0.0 0.03451855853199959
0.0 0.034542132169008255
0.0 0.03456420451402664
0.0 0.03469981253147125
0.0 0.03472385182976723
0.0 0.03476044163107872
0.0 0.034803926944732666
0.0 0.03491955250501633
0.0 0.03494609519839287
0.0 0.03496723994612694
0.0 0.034974899142980576
0.0 0.0349821001291275
0.0 0.035021133720874786
0.0 0.03502173349261284
0.0 0.03506498038768768
0.0 0.0350959338247776
0.0 0.03510960936546326
0.0 0.03518284857273102
0.0 0.03522713854908943
0.0 0.03524674102663994
0.0 0.03527716174721718
0.0 0.03528865799307823
0.0 0.03530463948845863
0.0 0.03537432849407196
0.0 0.03543082997202873
0.0 0.03543831780552864
0.0 0.035459887236356735
0.0 0.03546136990189552
0.0 0.035480041056871414
0.0 0.035521481186151505
0.0 0.03553032875061035
0.0 0.03559086099267006
0.0 0.03565136343240738
0.0 0.035653889179229736
0.0 0.03565654158592224
0.0 0.03568383678793907
0.0 0.035796429961919785
0.0 0.03588538244366646
0.0 0.03595028817653656
0.0 0.03597220778465271
0.0 0.035993482917547226
0.0 0.035998858511447906
0.0 0.03607982397079468
0.0 0.03617765009403229
0.0 0.036199282854795456
0.0 0.03620938956737518
0.0 0.03621246665716171
0.0 0.036244187504053116
0.0 0.03628174960613251
0.0 0.03628803789615631
0.0 0.036347948014736176
0.0 0.03636225312948227
0.0 0.036389559507369995
0.0 0.036408402025699615
0.0 0.03648276999592781
0.0 0.03649744391441345
0.0 0.03653663396835327
0.0 0.03667420521378517
0.0 0.03669425845146179
0.0 0.036743734031915665
0.0 0.036776669323444366
0.0 0.03693235293030739
0.0 0.03694196417927742
0.0 0.03694853186607361
0.0 0.03701537102460861
0.0 0.03702474385499954
0.0 0.037032607942819595
0.0 0.03712273761630058
0.0 0.037202246487140656
0.0 0.03722451999783516
0.0 0.03724488243460655
0.0 0.037267055362463
0.0 0.03730398416519165
0.0 0.037311967462301254
0.0 0.03731328621506691
0.0 0.03732113912701607
0.0 0.03734850138425827
0.0 0.037364162504673004
0.0 0.03741832077503204
0.0 0.03749653324484825
0.0 0.03750615194439888
0.0 0.03750934824347496
0.0 0.037522394210100174
0.0 0.0376853309571743
0.0 0.03775964677333832
0.0 0.03776699677109718
0.0 0.037772390991449356
0.0 0.03778698667883873
0.0 0.037859752774238586
0.0 0.037895724177360535
0.0 0.03802459314465523
0.0 0.038065355271101
0.0 0.03813794255256653
0.0 0.0381435826420784
0.0 0.038146160542964935
0.0 0.03818859905004501
0.0 0.03821343928575516
0.0 0.03821587935090065
0.0 0.0382344052195549
0.0 0.03827483579516411
0.0 0.03828578442335129
0.0 0.03830437362194061
0.0 0.0384032167494297
0.0 0.03842014819383621
0.0 0.038450758904218674
0.0 0.038492601364851
0.0 0.03849271684885025
0.0 0.03852459415793419
0.0 0.03871876746416092
0.0 0.03872506693005562
0.0 0.03873913362622261
0.0 0.03874296694993973
0.0 0.038779933005571365
0.0 0.038970619440078735
0.0 0.03905213251709938
0.0 0.03911272808909416
0.0 0.03914299234747887
0.0 0.03916013613343239
0.0 0.039186734706163406
0.0 0.03921637311577797
0.0 0.039254363626241684
0.0 0.03927408158779144
0.0 0.03927750140428543
0.0 0.039307963103055954
0.0 0.0394451878964901
0.0 0.03946084901690483
0.0 0.0394909493625164
0.0 0.03952154517173767
0.0 0.03954390436410904
0.0 0.03956107050180435
0.0 0.039605919271707535
0.0 0.03965337201952934
0.0 0.03968490660190582
0.0 0.039712026715278625
0.0 0.039764534682035446
0.0 0.03980768099427223
0.0 0.03988540545105934
0.0 0.03991905227303505
0.0 0.03992103785276413
0.0 0.039949364960193634
0.0 0.04005071520805359
0.0 0.04005971550941467
0.0 0.04007803648710251
0.0 0.04008941352367401
0.0 0.0401214100420475
0.0 0.04015658423304558
0.0 0.04016827046871185
0.0 0.040170591324567795
0.0 0.04021638631820679
0.0 0.04030613228678703
0.0 0.04031502082943916
0.0 0.04032323881983757
0.0 0.04033051058650017
0.0 0.04038563370704651
0.0 0.0404023714363575
0.0 0.04041275382041931
0.0 0.04042736813426018
0.0 0.04045121744275093
0.0 0.040455106645822525
0.0 0.040469761937856674
0.0 0.04048377275466919
0.0 0.04049413278698921
0.0 0.04050017520785332
0.0 0.04055117070674896
0.0 0.040669865906238556
0.0 0.040750399231910706
0.0 0.04075875133275986
0.0 0.040789127349853516
0.0 0.04081938788294792
0.0 0.041090063750743866
0.0 0.04111262783408165
0.0 0.04117797687649727
0.0 0.04120328649878502
0.0 0.0412471778690815
0.0 0.04125307500362396
0.0 0.04125327616930008
0.0 0.04130193963646889
0.0 0.04141427204012871
0.0 0.04152635484933853
0.0 0.04169441759586334
0.0 0.04170776531100273
0.0 0.041800424456596375
0.0 0.04181378334760666
0.0 0.04188363626599312
0.0 0.041956569999456406
0.0 0.04212392121553421
0.0 0.04215281456708908
0.0 0.04222976043820381
0.0 0.04223042353987694
0.0 0.042231954634189606
0.0 0.042239341884851456
0.0 0.04224148392677307
0.0 0.04226673021912575
0.0 0.04234456643462181
0.0 0.04236486554145813
0.0 0.042368222028017044
0.0 0.04241562634706497
0.0 0.042493756860494614
0.0 0.04266144335269928
0.0 0.04270930588245392
0.0 0.042950764298439026
0.0 0.042991284281015396
0.0 0.04299383610486984
0.0 0.04320554807782173
0.0 0.04323982819914818
0.0 0.04340999945998192
0.0 0.04345923289656639
0.0 0.04354607313871384
0.0 0.043610021471977234
0.0 0.04363732039928436
0.0 0.043733254075050354
0.0 0.04380810633301735
0.0 0.04408522695302963
0.0 0.04416747763752937
0.0 0.04424124211072922
0.0 0.04449458047747612
0.0 0.044795580208301544
0.0 0.04489097744226456
0.0 0.044975828379392624
0.0 0.045032378286123276
0.0 0.04507159814238548
0.0 0.04521206393837929
0.0 0.04525076970458031
0.0 0.04534363001585007
0.0 0.04535447806119919
0.0 0.04536457732319832
0.0 0.045469462871551514
0.0 0.0455315001308918
0.0 0.04567866027355194
0.0 0.045849330723285675
0.0 0.0458824560046196
0.0 0.04616319388151169
0.0 0.04628996551036835
0.0 0.046350155025720596
0.0 0.046370409429073334
0.0 0.04638329893350601
0.0 0.04639354720711708
0.0 0.046451665461063385
0.0 0.046601973474025726
0.0 0.046625107526779175
0.0 0.04666178673505783
0.0 0.046729277819395065
0.0 0.046851057559251785
0.0 0.04717441648244858
0.0 0.04717946797609329
0.0 0.047279465943574905
0.0 0.047362070530653
0.0 0.04741144925355911
0.0 0.047628503292798996
0.0 0.04781720042228699
0.0 0.04787801578640938
0.0 0.048390697687864304
0.0 0.048639167100191116
0.0 0.048721641302108765
0.0 0.049023594707250595
0.0 0.04946533590555191
0.0 0.04947910085320473
0.0 0.049497414380311966
0.0 0.049847312271595
0.0 0.049880895763635635
0.0 0.04991237074136734
0.0 0.04999814182519913
0.0 0.050104256719350815
0.0 0.05010448768734932
0.0 0.05012072995305061
0.0 0.05024532228708267
0.0 0.050260476768016815
0.0 0.05088276416063309
0.0 0.05092369019985199
0.0 0.05133681744337082
0.0 0.05168783664703369
0.0 0.05175496265292168
0.0 0.05190562084317207
0.0 0.052164722234010696
0.0 0.052275869995355606
0.0 0.052599262446165085
0.0 0.05263940617442131
0.0 0.052715495228767395
0.0 0.05290503799915314
0.0 0.05293159931898117
0.0 0.05314027518033981
0.0 0.05318128690123558
0.0 0.05327843129634857
0.0 0.05380304157733917
0.0 0.054349254816770554
0.0 0.054455894976854324
0.0 0.054726868867874146
0.0 0.05495660752058029
0.0 0.055124618113040924
0.0 0.05530770123004913
0.0 0.055508002638816833
0.0 0.056213244795799255
0.0 0.05630137398838997
0.0 0.05737549811601639
0.0 0.05746433883905411
0.0 0.05884888768196106
0.0 0.05892166122794151
0.0 0.05908308923244476
0.0 0.05915757268667221
0.0 0.06022587791085243
0.0 0.060386013239622116
0.0 0.06055246293544769
0.0 0.060683924704790115
0.0 0.060987282544374466
0.0 0.06123707816004753
0.0 0.06323094666004181
0.0 0.06339062750339508
0.0 0.06366007775068283
0.0 0.06399782747030258
0.0 0.06584341824054718
0.0 0.06844399124383926
0.0 0.0685606524348259
0.0 0.06900084018707275
0.0 0.07093889266252518
0.0 0.07386170327663422
0.0 0.07422446459531784
0.0 0.07556820660829544
0.0 0.07858248054981232
0.0 0.09723655134439468
0.0 0.0981205627322197
0.0 0.13508838415145874
0.0 inf
