0.0 0.03452029451727867
0.0 0.04907076805830002
0.0 0.05052943900227547
0.0 0.05068571865558624
0.0 0.052244506776332855
0.0 0.052669934928417206
0.0 0.0528559572994709
0.0 0.054234836250543594
0.0 0.05534794181585312
0.0 0.055438973009586334
0.0 0.056102801114320755
0.0 0.05639523267745972
0.0 0.0564316026866436
0.0 0.05654359236359596
0.0 0.05662592127919197
0.0 0.056665126234292984
0.0 0.056757163256406784
0.0 0.056799985468387604
0.0 0.056867554783821106
0.0 0.05749768763780594
0.0 0.057584408670663834
0.0 0.057617638260126114
0.0 0.058141499757766724
0.0 0.05829111486673355
0.0 0.05875086039304733
0.0 0.05881944298744202
0.0 0.058855440467596054
0.0 0.05893701687455177
0.0 0.05912616476416588
0.0 0.05913630500435829
0.0 0.05949302390217781
0.0 0.05956888571381569
0.0 0.05995171517133713
0.0 0.06001465022563934
0.0 0.06021757796406746
0.0 0.06034668907523155
0.0 0.06039130687713623
0.0 0.060469646006822586
0.0 0.06051914766430855
0.0 0.06064920872449875
0.0 0.060699597001075745
0.0 0.06088558956980705
0.0 0.0609065406024456
0.0 0.06091449409723282
0.0 0.06130823865532875
0.0 0.06156354397535324
0.0 0.06159021705389023
0.0 0.061628736555576324
0.0 0.062104031443595886
0.0 0.06214212253689766
0.0 0.062376968562603
0.0 0.062408190220594406
0.0 0.0625210627913475
0.0 0.06257246434688568
0.0 0.06263819336891174
0.0 0.06296428292989731
0.0 0.06296930462121964
0.0 0.06298977136611938
0.0 0.06306944042444229
0.0 0.06314589083194733
0.0 0.06337786465883255
0.0 0.06349692493677139
0.0 0.06351231038570404
0.0 0.06357131153345108
0.0 0.06383156776428223
0.0 0.0640474408864975
0.0 0.0640607699751854
0.0 0.06419104337692261
0.0 0.06444801390171051
0.0 0.0644545704126358
0.0 0.06469092518091202
0.0 0.06484564393758774
0.0 0.06497762352228165
0.0 0.0650789737701416
0.0 0.06519177556037903
0.0 0.06527979671955109
0.0 0.06529505550861359
0.0 0.06533418595790863
0.0 0.06535905599594116
0.0 0.06536620110273361
0.0 0.06540215760469437
0.0 0.06560055911540985
0.0 0.06560438871383667
0.0 0.06569777429103851
0.0 0.0658881887793541
0.0 0.06597904860973358
0.0 0.06599298119544983
0.0 0.06605847179889679
0.0 0.06618565320968628
0.0 0.06620398908853531
0.0 0.06621315330266953
0.0 0.0663527324795723
0.0 0.06672847270965576
0.0 0.06683026254177094
0.0 0.06687068194150925
0.0 0.06689190119504929
0.0 0.06708598881959915
0.0 0.06731311976909637
0.0 0.0673309937119484
0.0 0.06739113479852676
0.0 0.06742386519908905
0.0 0.06743831932544708
0.0 0.06746771931648254
0.0 0.06757370382547379
0.0 0.06758330762386322
0.0 0.06759534031152725
0.0 0.06765282899141312
0.0 0.06780950725078583
0.0 0.06789026409387589
0.0 0.0679216980934143
0.0 0.06805167347192764
0.0 0.0680866688489914
0.0 0.06809322535991669
0.0 0.06812885403633118
0.0 0.06825077533721924
0.0 0.06842949986457825
0.0 0.06851986050605774
0.0 0.06857123225927353
0.0 0.06886213272809982
0.0 0.06887225061655045
0.0 0.06893353164196014
0.0 0.06910248845815659
0.0 0.06926652789115906
0.0 0.06936971843242645
0.0 0.06947169452905655
0.0 0.0694768875837326
0.0 0.06954644620418549
0.0 0.06957416236400604
0.0 0.06970807909965515
0.0 0.06981093436479568
0.0 0.069891557097435
0.0 0.06995512545108795
0.0 0.06996380537748337
0.0 0.06999355554580688
0.0 0.07007471472024918
0.0 0.07020197808742523
0.0 0.07022906094789505
0.0 0.07023308426141739
0.0 0.07028365135192871
0.0 0.07030335068702698
0.0 0.07036762684583664
0.0 0.07048299163579941
0.0 0.07050126791000366
0.0 0.07057492434978485
0.0 0.07061704248189926
0.0 0.07067170739173889
0.0 0.07081156969070435
0.0 0.07119044661521912
0.0 0.07123055309057236
0.0 0.07138508558273315
0.0 0.0715002790093422
0.0 0.07160250097513199
0.0 0.07168623805046082
0.0 0.07188781350851059
0.0 0.07194960117340088
0.0 0.07199688255786896
0.0 0.07207228988409042
0.0 0.07235291600227356
0.0 0.07260926812887192
0.0 0.07282773405313492
0.0 0.0728331133723259
0.0 0.07291096448898315
0.0 0.07297258824110031
0.0 0.07302877306938171
0.0 0.07303065806627274
0.0 0.0730377584695816
0.0 0.07352899014949799
0.0 0.07368801534175873
0.0 0.0737815573811531
0.0 0.07384957373142242
0.0 0.0739663690328598
0.0 0.07397059351205826
0.0 0.07413254678249359
0.0 0.0742284283041954
0.0 0.07425674051046371
0.0 0.07430899143218994
0.0 0.07433725148439407
0.0 0.07434356212615967
0.0 0.07445264607667923
0.0 0.07446566224098206
0.0 0.07460647821426392
0.0 0.07466880977153778
0.0 0.07470808923244476
0.0 0.07486532628536224
0.0 0.07486657798290253
0.0 0.0748857781291008
0.0 0.07490569353103638
0.0 0.07491014152765274
0.0 0.07501495629549026
0.0 0.07501585781574249
0.0 0.07506696879863739
0.0 0.07512032240629196
0.0 0.0751800388097763
0.0 0.07554148137569427
0.0 0.07556677609682083
0.0 0.0755695253610611
0.0 0.07558424770832062
0.0 0.07559660822153091
0.0 0.07566504180431366
0.0 0.07573243975639343
0.0 0.0758083313703537
0.0 0.07582550495862961
0.0 0.0758277177810669
0.0 0.07590273767709732
0.0 0.07594001293182373
0.0 0.07604581117630005
0.0 0.07607240229845047
0.0 0.07644098252058029
0.0 0.07645866274833679
0.0 0.07646985352039337
0.0 0.07648218423128128
0.0 0.07659980654716492
0.0 0.0766211748123169
0.0 0.07674457132816315
0.0 0.07719646394252777
0.0 0.0773383378982544
0.0 0.0773974284529686
0.0 0.07743590325117111
0.0 0.0775166004896164
0.0 0.07772448658943176
0.0 0.07772506028413773
0.0 0.07784581929445267
0.0 0.07789598405361176
0.0 0.07794419676065445
0.0 0.07821907103061676
0.0 0.07838522642850876
0.0 0.07848025113344193
0.0 0.07860662788152695
0.0 0.0789211168885231
0.0 0.07909861952066422
0.0 0.07950915396213531
0.0 0.07971009612083435
0.0 0.07975388318300247
0.0 0.07977098226547241
0.0 0.07979880273342133
0.0 0.07980045676231384
0.0 0.07980749756097794
0.0 0.07986181974411011
0.0 0.07993388175964355
0.0 0.0800207182765007
0.0 0.0802677795290947
0.0 0.08035116642713547
0.0 0.08043855428695679
0.0 0.08050817251205444
0.0 0.08066169172525406
0.0 0.08083188533782959
0.0 0.08105158060789108
0.0 0.08136386424303055
0.0 0.08150545507669449
0.0 0.08157309889793396
0.0 0.08158295601606369
0.0 0.08178611844778061
0.0 0.08196253329515457
0.0 0.08198042213916779
0.0 0.0822247862815857
0.0 0.08240847289562225
0.0 0.0824241042137146
0.0 0.08247101306915283
0.0 0.08285823464393616
0.0 0.0828666165471077
0.0 0.08287535607814789
0.0 0.08290271461009979
0.0 0.0829651951789856
0.0 0.0830412358045578
0.0 0.08306098729372025
0.0 0.08311241865158081
0.0 0.08323375880718231
0.0 0.08327941596508026
0.0 0.0832834467291832
0.0 0.08337410539388657
0.0 0.08343499898910522
0.0 0.0834408700466156
0.0 0.08366277068853378
0.0 0.0838056430220604
0.0 0.08398091793060303
0.0 0.08398844301700592
0.0 0.084078848361969
0.0 0.08413422107696533
0.0 0.08451157808303833
0.0 0.08452136069536209
0.0 0.08469237387180328
0.0 0.08473027497529984
0.0 0.08484339714050293
0.0 0.0849393978714943
0.0 0.08507397770881653
0.0 0.08509783446788788
0.0 0.08533310890197754
0.0 0.0855361744761467
0.0 0.08556293696165085
0.0 0.08563275635242462
0.0 0.08566539734601974
0.0 0.0857173502445221
0.0 0.08596833795309067
0.0 0.08623480796813965
0.0 0.08625995367765427
0.0 0.08637046813964844
0.0 0.08660928159952164
0.0 0.0866130068898201
0.0 0.086668960750103
0.0 0.0866880789399147
0.0 0.08676859736442566
0.0 0.08677492290735245
0.0 0.08685816824436188
0.0 0.0869060754776001
0.0 0.08693131059408188
0.0 0.08708032220602036
0.0 0.08720792084932327
0.0 0.08748485893011093
0.0 0.0877201035618782
0.0 0.08778858184814453
0.0 0.08782017230987549
0.0 0.08787591010332108
0.0 0.08793563395738602
0.0 0.08801321685314178
0.0 0.08806926757097244
0.0 0.08806972205638885
0.0 0.08820225298404694
0.0 0.08835183084011078
0.0 0.08837349712848663
0.0 0.0883961021900177
0.0 0.08846113830804825
0.0 0.0886022225022316
0.0 0.08864398300647736
0.0 0.08869832009077072
0.0 0.08879654109477997
0.0 0.08889306336641312
0.0 0.08897694945335388
0.0 0.08919214457273483
0.0 0.0892990380525589
0.0 0.08932476490736008
0.0 0.08934447914361954
0.0 0.08944779634475708
0.0 0.08957429975271225
0.0 0.08971743285655975
0.0 0.09002679586410522
0.0 0.09012801945209503
0.0 0.0901840552687645
0.0 0.09021562337875366
0.0 0.09022009372711182
0.0 0.09036625921726227
0.0 0.09041762351989746
0.0 0.09043771773576736
0.0 0.09052686393260956
0.0 0.09061802178621292
0.0 0.09086565673351288
0.0 0.09105207771062851
0.0 0.09106936305761337
0.0 0.09110557287931442
0.0 0.09113886952400208
0.0 0.09137392789125443
0.0 0.0913938507437706
0.0 0.0913989320397377
0.0 0.09149821102619171
0.0 0.09161205589771271
0.0 0.09189679473638535
0.0 0.09190389513969421
0.0 0.09198153764009476
0.0 0.09205031394958496
0.0 0.09213723242282867
0.0 0.09223461151123047
0.0 0.09236500412225723
0.0 0.09252440184354782
0.0 0.0925673097372055
0.0 0.0926259309053421
0.0 0.09271694719791412
0.0 0.09280385076999664
0.0 0.09297086298465729
0.0 0.09307502955198288
0.0 0.09308449923992157
0.0 0.09308461099863052
0.0 0.09317923337221146
0.0 0.09318617731332779
0.0 0.09331003576517105
0.0 0.09339171648025513
0.0 0.09340850263834
0.0 0.09340953081846237
0.0 0.09346631169319153
0.0 0.09367569535970688
0.0 0.09377730637788773
0.0 0.09399321675300598
0.0 0.09405641257762909
0.0 0.09420611709356308
0.0 0.09425318986177444
0.0 0.09426743537187576
0.0 0.09442903846502304
0.0 0.0944533720612526
0.0 0.09467705339193344
0.0 0.09478602558374405
0.0 0.09493739157915115
0.0 0.09521476179361343
0.0 0.09524763375520706
0.0 0.09544938057661057
0.0 0.09553162753582001
0.0 0.09577519446611404
0.0 0.09581070393323898
0.0 0.09599619358778
0.0 0.09605421125888824
0.0 0.09612087160348892
0.0 0.09615154564380646
0.0 0.09658069908618927
0.0 0.09659112244844437
0.0 0.09683816134929657
0.0 0.09704865515232086
0.0 0.09714347124099731
0.0 0.097162626683712
0.0 0.09718362987041473
0.0 0.09719555079936981
0.0 0.09722860902547836
0.0 0.09733879566192627
0.0 0.0974564254283905
0.0 0.09755434095859528
0.0 0.09779808670282364
0.0 0.09805823117494583
0.0 0.09807806462049484
0.0 0.09815273433923721
0.0 0.09820037335157394
0.0 0.09829633682966232
0.0 0.09845486283302307
0.0 0.09874458611011505
0.0 0.09875909984111786
0.0 0.09881553798913956
0.0 0.09888971596956253
0.0 0.09909014403820038
0.0 0.09928785264492035
0.0 0.09932117909193039
0.0 0.09960338473320007
0.0 0.09962497651576996
0.0 0.099782794713974
0.0 0.09981893002986908
0.0 0.10009089857339859
0.0 0.10035345703363419
0.0 0.10047479718923569
0.0 0.10052545368671417
0.0 0.10056386142969131
0.0 0.1007942482829094
0.0 0.10088891535997391
0.0 0.10097914189100266
0.0 0.10111985355615616
0.0 0.1011556088924408
0.0 0.10133344680070877
0.0 0.10194379091262817
0.0 0.1019926592707634
0.0 0.10240323096513748
0.0 0.10243566334247589
0.0 0.10251375287771225
0.0 0.10251971334218979
0.0 0.10267983376979828
0.0 0.10273517668247223
0.0 0.10280260443687439
0.0 0.10285098105669022
0.0 0.1031365618109703
0.0 0.10360381752252579
0.0 0.10367945581674576
0.0 0.10383625328540802
0.0 0.10455691814422607
0.0 0.10468389093875885
0.0 0.104895681142807
0.0 0.10516250133514404
0.0 0.10517530888319016
0.0 0.10538844019174576
0.0 0.10542629659175873
0.0 0.10544486343860626
0.0 0.10611694306135178
0.0 0.10627827793359756
0.0 0.10650971531867981
0.0 0.10659105330705643
0.0 0.10661207884550095
0.0 0.10671021044254303
0.0 0.10674925893545151
0.0 0.10678877681493759
0.0 0.10681761056184769
0.0 0.1072084903717041
0.0 0.1073632761836052
0.0 0.10793398320674896
0.0 0.10800772905349731
0.0 0.10816123336553574
0.0 0.10821028798818588
0.0 0.10821996629238129
0.0 0.1087084710597992
0.0 0.10899242758750916
0.0 0.11070080101490021
0.0 0.11072002351284027
0.0 0.11085162311792374
0.0 0.11134068667888641
0.0 0.11218581348657608
0.0 0.11224004626274109
0.0 0.11272779852151871
0.0 0.11276111006736755
0.0 0.11404930800199509
0.0 0.11416814476251602
0.0 0.11427844315767288
0.0 0.11442404240369797
0.0 0.11567018926143646
0.0 0.11599963903427124
0.0 0.11694518476724625
0.0 0.11783802509307861
0.0 0.11864688992500305
0.0 0.11958229541778564
0.0 0.12033643573522568
0.0 0.1226530373096466
0.0 0.1231161430478096
0.0 0.12343834340572357
0.0 0.12759332358837128
0.0 0.1281658262014389
0.0 0.12891711294651031
0.0 0.13018111884593964
0.0 0.13129493594169617
0.0 0.13243189454078674
0.0 0.1353587657213211
0.0 0.13644997775554657
0.0 0.14241701364517212
0.0 inf
