0.0 0.04807528480887413
0.0 0.048139166086912155
0.0 0.048687733709812164
0.0 0.04999954625964165
0.0 0.05052065849304199
0.0 0.05280853807926178
0.0 0.0531410351395607
0.0 0.05468030273914337
0.0 0.05493778735399246
0.0 0.05504560098052025
0.0 0.055063605308532715
0.0 0.0554589219391346
0.0 0.05608001723885536
0.0 0.05645356699824333
0.0 0.056584086269140244
0.0 0.056645601987838745
0.0 0.05665481090545654
0.0 0.05682096630334854
0.0 0.05703190714120865
0.0 0.057038694620132446
0.0 0.05718361213803291
0.0 0.057186391204595566
0.0 0.057258814573287964
0.0 0.05748439207673073
0.0 0.05765896290540695
0.0 0.05766959860920906
0.0 0.05767877772450447
0.0 0.0577302947640419
0.0 0.05775750055909157
0.0 0.05792563036084175
0.0 0.057930026203393936
0.0 0.058132726699113846
0.0 0.05815906077623367
0.0 0.05822942778468132
0.0 0.05829634889960289
0.0 0.05843834951519966
0.0 0.05856674164533615
0.0 0.05861489474773407
0.0 0.058665432035923004
0.0 0.05897039175033569
0.0 0.05912579596042633
0.0 0.05929471179842949
0.0 0.059667546302080154
0.0 0.060118649154901505
0.0 0.060146622359752655
0.0 0.06030203029513359
0.0 0.06035234034061432
0.0 0.060385268181562424
0.0 0.06041703745722771
0.0 0.06063530594110489
0.0 0.060646168887615204
0.0 0.06079151853919029
0.0 0.06093874201178551
0.0 0.06100717559456825
0.0 0.06126507371664047
0.0 0.06147279217839241
0.0 0.06152736395597458
0.0 0.06166962534189224
0.0 0.06170676648616791
0.0 0.06177010387182236
0.0 0.061860132962465286
0.0 0.061915647238492966
0.0 0.06208486109972
0.0 0.0621105432510376
0.0 0.062161099165678024
0.0 0.062213972210884094
0.0 0.06223798543214798
0.0 0.06244806945323944
0.0 0.06250499933958054
0.0 0.06254034489393234
0.0 0.06254741549491882
0.0 0.06256002187728882
0.0 0.06264595687389374
0.0 0.06266794353723526
0.0 0.06272418051958084
0.0 0.06278208643198013
0.0 0.06288851797580719
0.0 0.06289485096931458
0.0 0.06295330822467804
0.0 0.062965527176857
0.0 0.06309755891561508
0.0 0.06318848580121994
0.0 0.06332971155643463
0.0 0.06336462497711182
0.0 0.0636143758893013
0.0 0.06378262490034103
0.0 0.06380186975002289
0.0 0.06380333006381989
0.0 0.06390948593616486
0.0 0.06394702941179276
0.0 0.06406046450138092
0.0 0.06414513289928436
0.0 0.0643877312541008
0.0 0.06443957984447479
0.0 0.06473249942064285
0.0 0.06481446325778961
0.0 0.06496987491846085
0.0 0.06498701870441437
0.0 0.06504809111356735
0.0 0.06508488208055496
0.0 0.06531891226768494
0.0 0.06535448879003525
0.0 0.06545540690422058
0.0 0.06547357887029648
0.0 0.0654834508895874
0.0 0.06556012481451035
0.0 0.06564157456159592
0.0 0.06566668301820755
0.0 0.0658317357301712
0.0 0.0658670961856842
0.0 0.06588763743638992
0.0 0.06589740514755249
0.0 0.06598713994026184
0.0 0.06599130481481552
0.0 0.06600142270326614
0.0 0.06604822725057602
0.0 0.06611902266740799
0.0 0.06623102724552155
0.0 0.06625489145517349
0.0 0.06630580127239227
0.0 0.06644295156002045
0.0 0.0665597915649414
0.0 0.0665910392999649
0.0 0.06662582606077194
0.0 0.06663952022790909
0.0 0.06671412289142609
0.0 0.06679090112447739
0.0 0.06687119603157043
0.0 0.06725522875785828
0.0 0.06735091656446457
0.0 0.0674639567732811
0.0 0.06749027967453003
0.0 0.06750200688838959
0.0 0.06755442917346954
0.0 0.06760302931070328
0.0 0.06766218692064285
0.0 0.06776534020900726
0.0 0.06777302920818329
0.0 0.06779932975769043
0.0 0.06793030351400375
0.0 0.06795001775026321
0.0 0.06822793185710907
0.0 0.06829138100147247
0.0 0.06829947978258133
0.0 0.06832576543092728
0.0 0.06832734495401382
0.0 0.06861971318721771
0.0 0.06867779791355133
0.0 0.06869202852249146
0.0 0.06869420409202576
0.0 0.0687788799405098
0.0 0.0687883272767067
0.0 0.06883568316698074
0.0 0.06886009871959686
0.0 0.06886274367570877
0.0 0.06890344619750977
0.0 0.06892648339271545
0.0 0.06896153837442398
0.0 0.06899711489677429
0.0 0.06900350749492645
0.0 0.06902618706226349
0.0 0.06907773017883301
0.0 0.06926771253347397
0.0 0.069314144551754
0.0 0.06942898780107498
0.0 0.06944429874420166
0.0 0.06948795169591904
0.0 0.06964878737926483
0.0 0.06968100368976593
0.0 0.06973880529403687
0.0 0.069752998650074
0.0 0.06992963701486588
0.0 0.0699426680803299
0.0 0.07002554088830948
0.0 0.07019413262605667
0.0 0.07022495567798615
0.0 0.070275217294693
0.0 0.07030996680259705
0.0 0.07034606486558914
0.0 0.07042544335126877
0.0 0.070439912378788
0.0 0.07059995830059052
0.0 0.07062637060880661
0.0 0.07064808905124664
0.0 0.07074307650327682
0.0 0.07086703926324844
0.0 0.07098045945167542
0.0 0.07104925066232681
0.0 0.07116436213254929
0.0 0.07116974890232086
0.0 0.07143662124872208
0.0 0.07144246250391006
0.0 0.07144750654697418
0.0 0.07149557769298553
0.0 0.07161438465118408
0.0 0.07163706421852112
0.0 0.07182497531175613
0.0 0.0718485563993454
0.0 0.0718691498041153
0.0 0.07197348028421402
0.0 0.07207859307527542
0.0 0.07210218906402588
0.0 0.07215522229671478
0.0 0.07222191244363785
0.0 0.07224242389202118
0.0 0.07224448770284653
0.0 0.0723104402422905
0.0 0.07231432944536209
0.0 0.07249065488576889
0.0 0.07252608239650726
0.0 0.07258760184049606
0.0 0.07261989265680313
0.0 0.0726538747549057
0.0 0.07274296879768372
0.0 0.07275789976119995
0.0 0.07284805178642273
0.0 0.07296771556138992
0.0 0.0729939267039299
0.0 0.07302772998809814
0.0 0.07303711771965027
0.0 0.07320400327444077
0.0 0.07331430912017822
0.0 0.07333618402481079
0.0 0.07349506765604019
0.0 0.07351371645927429
0.0 0.07362928986549377
0.0 0.07370749115943909
0.0 0.0738309919834137
0.0 0.07386667281389236
0.0 0.07395101338624954
0.0 0.07409270107746124
0.0 0.07412804663181305
0.0 0.07428496330976486
0.0 0.07430016249418259
0.0 0.0744982585310936
0.0 0.07462721318006516
0.0 0.07464972883462906
0.0 0.0746573880314827
0.0 0.07466605305671692
0.0 0.07475311309099197
0.0 0.07487830519676208
0.0 0.07506922632455826
0.0 0.07509875297546387
0.0 0.07519190013408661
0.0 0.07524175196886063
0.0 0.07528607547283173
0.0 0.07529141008853912
0.0 0.07529646903276443
0.0 0.07543609291315079
0.0 0.07547417283058167
0.0 0.07553161680698395
0.0 0.07555798441171646
0.0 0.07565519958734512
0.0 0.07567306607961655
0.0 0.07567767798900604
0.0 0.07575199753046036
0.0 0.07576438039541245
0.0 0.07577203214168549
0.0 0.0758262649178505
0.0 0.07586219906806946
0.0 0.0759076178073883
0.0 0.07596195489168167
0.0 0.07603254914283752
0.0 0.07619977742433548
0.0 0.07622892409563065
0.0 0.07629919052124023
0.0 0.07633839547634125
0.0 0.07635049521923065
0.0 0.0764043927192688
0.0 0.07641562074422836
0.0 0.07649137079715729
0.0 0.076586052775383
0.0 0.07663702219724655
0.0 0.07668197154998779
0.0 0.07676872611045837
0.0 0.07693298161029816
0.0 0.07696472108364105
0.0 0.07696540653705597
0.0 0.07700701802968979
0.0 0.07709894329309464
0.0 0.07710594683885574
0.0 0.07711062580347061
0.0 0.07711650431156158
0.0 0.07714813202619553
0.0 0.07722615450620651
0.0 0.0772351548075676
0.0 0.07727184146642685
0.0 0.0773390457034111
0.0 0.07734788954257965
0.0 0.07742322236299515
0.0 0.07746262848377228
0.0 0.07750474661588669
0.0 0.07751157879829407
0.0 0.07756032794713974
0.0 0.07756230235099792
0.0 0.07767932116985321
0.0 0.07778267562389374
0.0 0.07806261628866196
0.0 0.07813821732997894
0.0 0.078242227435112
0.0 0.078266941010952
0.0 0.07827511429786682
0.0 0.0782933309674263
0.0 0.07829443365335464
0.0 0.07829783111810684
0.0 0.07836296409368515
0.0 0.07849406450986862
0.0 0.07858029752969742
0.0 0.07865267992019653
0.0 0.07869283854961395
0.0 0.0787191167473793
0.0 0.07890594750642776
0.0 0.07902675122022629
0.0 0.07903655618429184
0.0 0.0790867805480957
0.0 0.0791337639093399
0.0 0.07920566201210022
0.0 0.07933488488197327
0.0 0.07933862507343292
0.0 0.07962711900472641
0.0 0.07971563190221786
0.0 0.07978761941194534
0.0 0.07980722934007645
0.0 0.07984574884176254
0.0 0.07985040545463562
0.0 0.07989949733018875
0.0 0.0799219161272049
0.0 0.0799272358417511
0.0 0.07994777709245682
0.0 0.07998830080032349
0.0 0.08004016429185867
0.0 0.08021321147680283
0.0 0.0802185907959938
0.0 0.08030734956264496
0.0 0.08040261268615723
0.0 0.08044663071632385
0.0 0.08059880137443542
0.0 0.08065171539783478
0.0 0.0806848332285881
0.0 0.08069728314876556
0.0 0.08077356219291687
0.0 0.08085649460554123
0.0 0.08088263124227524
0.0 0.0810801088809967
0.0 0.08111895620822906
0.0 0.08112338930368423
0.0 0.08120090514421463
0.0 0.08126602321863174
0.0 0.08128098398447037
0.0 0.08128874748945236
0.0 0.08129554986953735
0.0 0.08135907351970673
0.0 0.08145742863416672
0.0 0.08152800798416138
0.0 0.08152924478054047
0.0 0.08153801411390305
0.0 0.08169592171907425
0.0 0.08178508281707764
0.0 0.08205736428499222
0.0 0.08218895643949509
0.0 0.08219259232282639
0.0 0.08257121592760086
0.0 0.08268227428197861
0.0 0.0827149823307991
0.0 0.08272609859704971
0.0 0.08277425915002823
0.0 0.08281100541353226
0.0 0.08284571021795273
0.0 0.08290968090295792
0.0 0.08291881531476974
0.0 0.08302734047174454
0.0 0.08306808769702911
0.0 0.08321163803339005
0.0 0.08329411596059799
0.0 0.08332598209381104
0.0 0.08336664736270905
0.0 0.08339519798755646
0.0 0.08344702422618866
0.0 0.08349907398223877
0.0 0.0836489349603653
0.0 0.0840194821357727
0.0 0.0840514600276947
0.0 0.08435945212841034
0.0 0.08438098430633545
0.0 0.0844184011220932
0.0 0.08444239944219589
0.0 0.0844644233584404
0.0 0.0846516489982605
0.0 0.08493348956108093
0.0 0.08495697379112244
0.0 0.08502659946680069
0.0 0.08510745316743851
0.0 0.08516412228345871
0.0 0.08521044999361038
0.0 0.08537694066762924
0.0 0.08543293178081512
0.0 0.0855102688074112
0.0 0.08560812473297119
0.0 0.0857367292046547
0.0 0.0858355164527893
0.0 0.08589158952236176
0.0 0.08600444346666336
0.0 0.08605530112981796
0.0 0.08609692007303238
0.0 0.08626177161931992
0.0 0.08638318628072739
0.0 0.08640889823436737
0.0 0.0865582525730133
0.0 0.08666545897722244
0.0 0.08667843043804169
0.0 0.0868583470582962
0.0 0.08722671121358871
0.0 0.08732154965400696
0.0 0.08734172582626343
0.0 0.08739546686410904
0.0 0.0874977633357048
0.0 0.0876198410987854
0.0 0.08767744153738022
0.0 0.08770717680454254
0.0 0.08772200345993042
0.0 0.08784861862659454
0.0 0.08799886703491211
0.0 0.0880536437034607
0.0 0.08815238624811172
0.0 0.08896997570991516
0.0 0.08900222927331924
0.0 0.08916179090738297
0.0 0.0893053486943245
0.0 0.08937110006809235
0.0 0.08950988203287125
0.0 0.08962137252092361
0.0 0.08964715898036957
0.0 0.08979881554841995
0.0 0.09001525491476059
0.0 0.09002211689949036
0.0 0.09009863436222076
0.0 0.09095923602581024
0.0 0.09100492298603058
0.0 0.09120271354913712
0.0 0.09154217690229416
0.0 0.09165439009666443
0.0 0.09167122095823288
0.0 0.09172248095273972
0.0 0.09182440489530563
0.0 0.0920373797416687
0.0 0.09204009175300598
0.0 0.09204842895269394
0.0 0.09205657988786697
0.0 0.09218617528676987
0.0 0.0922808051109314
0.0 0.0925121083855629
0.0 0.09270261228084564
0.0 0.09277062863111496
0.0 0.09339048713445663
0.0 0.09339829534292221
0.0 0.0934138372540474
0.0 0.09357905387878418
0.0 0.09416507184505463
0.0 0.09431375563144684
0.0 0.09431575238704681
0.0 0.09435058385133743
0.0 0.0944896936416626
0.0 0.09462176263332367
0.0 0.09475318342447281
0.0 0.09477311372756958
0.0 0.09504524618387222
0.0 0.09525585174560547
0.0 0.09538500756025314
0.0 0.09540187567472458
0.0 0.09549780935049057
0.0 0.09564057737588882
0.0 0.09572774916887283
0.0 0.0957752913236618
0.0 0.0958268865942955
0.0 0.09615134447813034
0.0 0.09684588760137558
0.0 0.09722188860177994
0.0 0.09749913215637207
0.0 0.09815043956041336
0.0 0.09844709187746048
0.0 0.09856821596622467
0.0 0.09898485988378525
0.0 0.099177785217762
0.0 0.09935164451599121
0.0 0.09955006837844849
0.0 0.10044591128826141
0.0 0.10093740373849869
0.0 0.10101329535245895
0.0 0.10107866674661636
0.0 0.10132158547639847
0.0 0.10185842961072922
0.0 0.1020466610789299
0.0 0.10225406289100647
0.0 0.10247290879487991
0.0 0.10273885726928711
0.0 0.10361912101507187
0.0 0.10455621778964996
0.0 0.10488837957382202
0.0 0.10563838481903076
0.0 0.10588925331830978
0.0 0.10917160660028458
0.0 0.1105339452624321
0.0 0.11070449650287628
0.0 0.11225108057260513
0.0 0.112429678440094
0.0 0.11307878792285919
0.0 0.11491644382476807
0.0 0.1177581250667572
0.0 0.12579482793807983
0.0 0.13516592979431152
0.0 0.13739898800849915
0.0 inf
