0.0 0.046099208295345306
0.0 0.04727945849299431
0.0 0.04809580370783806
0.0 0.049240823835134506
0.0 0.04953968524932861
0.0 0.05042535439133644
0.0 0.05102239549160004
0.0 0.051347121596336365
0.0 0.051493387669324875
0.0 0.05258942022919655
0.0 0.052802667021751404
0.0 0.05334833264350891
0.0 0.0538598895072937
0.0 0.05428100749850273
0.0 0.054347019642591476
0.0 0.05436254292726517
0.0 0.054601285606622696
0.0 0.055071551352739334
0.0 0.055092763155698776
0.0 0.055318932980298996
0.0 0.055438332259655
0.0 0.05546186864376068
0.0 0.05558145046234131
0.0 0.05590144917368889
0.0 0.055932410061359406
0.0 0.05620187893509865
0.0 0.05665644630789757
0.0 0.0573296844959259
0.0 0.05749310180544853
0.0 0.057497963309288025
0.0 0.05781259015202522
0.0 0.058420464396476746
0.0 0.059014011174440384
0.0 0.05908600986003876
0.0 0.05914802476763725
0.0 0.05921444296836853
0.0 0.05922076851129532
0.0 0.05928752198815346
0.0 0.05934316664934158
0.0 0.05943233147263527
0.0 0.05949860066175461
0.0 0.05980893597006798
0.0 0.05989208444952965
0.0 0.06013109162449837
0.0 0.060699623078107834
0.0 0.06079865247011185
0.0 0.06081756204366684
0.0 0.060872845351696014
0.0 0.060905784368515015
0.0 0.06157739460468292
0.0 0.062369219958782196
0.0 0.06241597980260849
0.0 0.06273967772722244
0.0 0.06276815384626389
0.0 0.06286390125751495
0.0 0.06300721317529678
0.0 0.06314107775688171
0.0 0.063181571662426
0.0 0.06335263699293137
0.0 0.06340613216161728
0.0 0.06342361867427826
0.0 0.06359690427780151
0.0 0.06386199593544006
0.0 0.06392232328653336
0.0 0.06395786255598068
0.0 0.06412605941295624
0.0 0.06417615711688995
0.0 0.06419722735881805
0.0 0.06427258998155594
0.0 0.0648835152387619
0.0 0.06500916182994843
0.0 0.06503468006849289
0.0 0.06509767472743988
0.0 0.06510656327009201
0.0 0.06511606276035309
0.0 0.06517112255096436
0.0 0.06523170322179794
0.0 0.06526857614517212
0.0 0.06548428535461426
0.0 0.06552211195230484
0.0 0.0656437873840332
0.0 0.06588274985551834
0.0 0.06612606346607208
0.0 0.06613852083683014
0.0 0.066222183406353
0.0 0.06624767184257507
0.0 0.06643754988908768
0.0 0.06643976271152496
0.0 0.06649944186210632
0.0 0.06663757562637329
0.0 0.06676580011844635
0.0 0.0667758584022522
0.0 0.0668318122625351
0.0 0.06705645471811295
0.0 0.06710192561149597
0.0 0.06726206839084625
0.0 0.06727088242769241
0.0 0.0672830268740654
0.0 0.06759639829397202
0.0 0.06762190163135529
0.0 0.067629873752594
0.0 0.06773828715085983
0.0 0.06782028824090958
0.0 0.06785652041435242
0.0 0.06794032454490662
0.0 0.06795899569988251
0.0 0.06810741871595383
0.0 0.06819310039281845
0.0 0.06823766231536865
0.0 0.06824291497468948
0.0 0.0682857483625412
0.0 0.06833776086568832
0.0 0.06855710595846176
0.0 0.06858088821172714
0.0 0.0686456710100174
0.0 0.06872905790805817
0.0 0.0687531903386116
0.0 0.06911738961935043
0.0 0.06926868855953217
0.0 0.06942982226610184
0.0 0.06971382349729538
0.0 0.06974688917398453
0.0 0.06988967955112457
0.0 0.07009373605251312
0.0 0.0701986625790596
0.0 0.07037000358104706
0.0 0.0705239325761795
0.0 0.07053829729557037
0.0 0.07055439800024033
0.0 0.07066554576158524
0.0 0.0707440972328186
0.0 0.07084143906831741
0.0 0.07104986906051636
0.0 0.07110896706581116
0.0 0.07117339968681335
0.0 0.07126877456903458
0.0 0.07134373486042023
0.0 0.07137959450483322
0.0 0.07138525694608688
0.0 0.07150023430585861
0.0 0.07158061861991882
0.0 0.07163377851247787
0.0 0.0716366395354271
0.0 0.07169682532548904
0.0 0.0718919187784195
0.0 0.07200006395578384
0.0 0.07212549448013306
0.0 0.07222825288772583
0.0 0.07223356515169144
0.0 0.07234030216932297
0.0 0.07261699438095093
0.0 0.0727769061923027
0.0 0.0727945864200592
0.0 0.07282554358243942
0.0 0.0728854164481163
0.0 0.07308173924684525
0.0 0.07308535277843475
0.0 0.07339643687009811
0.0 0.07342737913131714
0.0 0.07347320765256882
0.0 0.07364583760499954
0.0 0.07373810559511185
0.0 0.07404489070177078
0.0 0.07420483231544495
0.0 0.07420781999826431
0.0 0.07421301305294037
0.0 0.07447078824043274
0.0 0.07459680736064911
0.0 0.07466243207454681
0.0 0.07470425963401794
0.0 0.07477211952209473
0.0 0.07496469467878342
0.0 0.0749683529138565
0.0 0.07518235594034195
0.0 0.07531111687421799
0.0 0.07531668245792389
0.0 0.07539381086826324
0.0 0.07539617270231247
0.0 0.07543417811393738
0.0 0.0754476934671402
0.0 0.07555574178695679
0.0 0.07560219615697861
0.0 0.07564650475978851
0.0 0.07569708675146103
0.0 0.07571737468242645
0.0 0.07596100121736526
0.0 0.07598728686571121
0.0 0.07642330229282379
0.0 0.07646779716014862
0.0 0.07651229947805405
0.0 0.0765339657664299
0.0 0.07658872753381729
0.0 0.07666580379009247
0.0 0.0766964927315712
0.0 0.07671912759542465
0.0 0.07682839781045914
0.0 0.07689132541418076
0.0 0.07689914852380753
0.0 0.07692699879407883
0.0 0.07698039710521698
0.0 0.07705601304769516
0.0 0.07719873636960983
0.0 0.0773579329252243
0.0 0.07740791141986847
0.0 0.07744996249675751
0.0 0.0774611234664917
0.0 0.07755257934331894
0.0 0.07757961004972458
0.0 0.07775961607694626
0.0 0.07786384969949722
0.0 0.07793619483709335
0.0 0.07803118228912354
0.0 0.07806011289358139
0.0 0.07820745557546616
0.0 0.07847428321838379
0.0 0.07861318439245224
0.0 0.07862076908349991
0.0 0.07870752364397049
0.0 0.07871063798666
0.0 0.07879786938428879
0.0 0.07882250845432281
0.0 0.07896879315376282
0.0 0.07903219014406204
0.0 0.07907603681087494
0.0 0.07916662096977234
0.0 0.0795227512717247
0.0 0.07960093021392822
0.0 0.07974284887313843
0.0 0.07980000972747803
0.0 0.07983297854661942
0.0 0.07993670552968979
0.0 0.07994592189788818
0.0 0.08009591698646545
0.0 0.08039600402116776
0.0 0.0805700421333313
0.0 0.08075111359357834
0.0 0.08084005862474442
0.0 0.08092749863862991
0.0 0.08109790086746216
0.0 0.08112095296382904
0.0 0.08116556704044342
0.0 0.08130999654531479
0.0 0.08142847567796707
0.0 0.0814613327383995
0.0 0.08150584250688553
0.0 0.08151540160179138
0.0 0.08207512646913528
0.0 0.08207952976226807
0.0 0.08239161968231201
0.0 0.08239609748125076
0.0 0.0824955627322197
0.0 0.08266545087099075
0.0 0.08267361670732498
0.0 0.08267638087272644
0.0 0.08274612575769424
0.0 0.08283549547195435
0.0 0.08284863084554672
0.0 0.08297315984964371
0.0 0.0829818844795227
0.0 0.08312006294727325
0.0 0.08314148336648941
0.0 0.08314794301986694
0.0 0.08329320698976517
0.0 0.08342071622610092
0.0 0.08343769609928131
0.0 0.08357840031385422
0.0 0.08365920186042786
0.0 0.08374924957752228
0.0 0.08375418186187744
0.0 0.08386840671300888
0.0 0.08392482250928879
0.0 0.08409526944160461
0.0 0.0844549834728241
0.0 0.08451178669929504
0.0 0.08456551283597946
0.0 0.08464853465557098
0.0 0.0846993550658226
0.0 0.08472097665071487
0.0 0.08490303158760071
0.0 0.08497852832078934
0.0 0.08508650213479996
0.0 0.08519556373357773
0.0 0.0854257196187973
0.0 0.08549899607896805
0.0 0.08550022542476654
0.0 0.08552540838718414
0.0 0.08554240316152573
0.0 0.08559592813253403
0.0 0.0858546793460846
0.0 0.08593454211950302
0.0 0.08594968169927597
0.0 0.08595388382673264
0.0 0.08606278151273727
0.0 0.08624490350484848
0.0 0.08639366924762726
0.0 0.08645281195640564
0.0 0.08645555377006531
0.0 0.08649490773677826
0.0 0.0865519717335701
0.0 0.08681568503379822
0.0 0.0868891030550003
0.0 0.08691570907831192
0.0 0.08700401335954666
0.0 0.08708777278661728
0.0 0.08713985234498978
0.0 0.08714286983013153
0.0 0.08715713024139404
0.0 0.08717571943998337
0.0 0.08724602311849594
0.0 0.08725468069314957
0.0 0.08743469417095184
0.0 0.0875270888209343
0.0 0.08755387365818024
0.0 0.08762508630752563
0.0 0.08763696998357773
0.0 0.08765776455402374
0.0 0.08768924325704575
0.0 0.08785519748926163
0.0 0.08808235824108124
0.0 0.08817028254270554
0.0 0.08822143077850342
0.0 0.08841189742088318
0.0 0.08841647952795029
0.0 0.08845032006502151
0.0 0.08869618922472
0.0 0.08897379785776138
0.0 0.08918502926826477
0.0 0.08928094804286957
0.0 0.08944997191429138
0.0 0.08945100009441376
0.0 0.08963218331336975
0.0 0.08967053890228271
0.0 0.08982978761196136
0.0 0.08984316140413284
0.0 0.08987762033939362
0.0 0.09001559764146805
0.0 0.09004363417625427
0.0 0.09005416184663773
0.0 0.09006254374980927
0.0 0.09010940790176392
0.0 0.09027969092130661
0.0 0.09029357880353928
0.0 0.09078344702720642
0.0 0.0909431204199791
0.0 0.09102527797222137
0.0 0.09107580035924911
0.0 0.09131674468517303
0.0 0.09136363118886948
0.0 0.09139601141214371
0.0 0.0914592295885086
0.0 0.09164067357778549
0.0 0.09178697317838669
0.0 0.09193813055753708
0.0 0.09212695807218552
0.0 0.09217718243598938
0.0 0.09228819608688354
0.0 0.09242331236600876
0.0 0.09247539192438126
0.0 0.09250978380441666
0.0 0.09261957556009293
0.0 0.09284453839063644
0.0 0.09293371438980103
0.0 0.09303884953260422
0.0 0.09306363761425018
0.0 0.09322462975978851
0.0 0.0933341309428215
0.0 0.09337307512760162
0.0 0.09347008913755417
0.0 0.09360489249229431
0.0 0.09360788017511368
0.0 0.09386812150478363
0.0 0.09387851506471634
0.0 0.09388957917690277
0.0 0.09419548511505127
0.0 0.0942232757806778
0.0 0.09427009522914886
0.0 0.09433343261480331
0.0 0.09468100219964981
0.0 0.09473682194948196
0.0 0.09496678411960602
0.0 0.0952804684638977
0.0 0.09530597925186157
0.0 0.09545281529426575
0.0 0.09549818187952042
0.0 0.09556793421506882
0.0 0.09576137363910675
0.0 0.09612716734409332
0.0 0.09628800302743912
0.0 0.09665288031101227
0.0 0.09667916595935822
0.0 0.09668072313070297
0.0 0.09681885689496994
0.0 0.09686221182346344
0.0 0.09693651646375656
0.0 0.09698120504617691
0.0 0.09698978811502457
0.0 0.09717334806919098
0.0 0.09771542996168137
0.0 0.0977206826210022
0.0 0.09779513627290726
0.0 0.09802590310573578
0.0 0.09809192270040512
0.0 0.09811776131391525
0.0 0.09849810600280762
0.0 0.09861883521080017
0.0 0.09866156429052353
0.0 0.09885775297880173
0.0 0.0988735482096672
0.0 0.09897663444280624
0.0 0.09902164340019226
0.0 0.09902656078338623
0.0 0.09913275390863419
0.0 0.09925857186317444
0.0 0.09953255951404572
0.0 0.09955611079931259
0.0 0.0995987132191658
0.0 0.09971598535776138
0.0 0.09972497820854187
0.0 0.09972602874040604
0.0 0.09979166835546494
0.0 0.09985597431659698
0.0 0.09991434961557388
0.0 0.1000150814652443
0.0 0.10009066015481949
0.0 0.10019658505916595
0.0 0.10022708773612976
0.0 0.10027647763490677
0.0 0.10073491930961609
0.0 0.1007818877696991
0.0 0.10083349794149399
0.0 0.10088881105184555
0.0 0.10099844634532928
0.0 0.10102646052837372
0.0 0.10113751888275146
0.0 0.10115886479616165
0.0 0.10149546712636948
0.0 0.10158640146255493
0.0 0.10164456069469452
0.0 0.10168139636516571
0.0 0.10172655433416367
0.0 0.10190262645483017
0.0 0.10208721458911896
0.0 0.10211760550737381
0.0 0.10229858011007309
0.0 0.1023993194103241
0.0 0.10267643630504608
0.0 0.10288599878549576
0.0 0.10327006876468658
0.0 0.10330409556627274
0.0 0.1034521535038948
0.0 0.10349525511264801
0.0 0.10385888814926147
0.0 0.10439354181289673
0.0 0.10446857661008835
0.0 0.10448741912841797
0.0 0.10460838675498962
0.0 0.10494625568389893
0.0 0.10513822734355927
0.0 0.10525278002023697
0.0 0.10584137588739395
0.0 0.10617333650588989
0.0 0.10629545152187347
0.0 0.10635595768690109
0.0 0.10662464797496796
0.0 0.10690784454345703
0.0 0.10697290301322937
0.0 0.107164166867733
0.0 0.10720807313919067
0.0 0.10733979195356369
0.0 0.10827178508043289
0.0 0.10831259191036224
0.0 0.1089833676815033
0.0 0.109242744743824
0.0 0.10996018350124359
0.0 0.11008449643850327
0.0 0.1103556752204895
0.0 0.11044257879257202
0.0 0.11094239354133606
0.0 0.1121750921010971
0.0 0.11219888925552368
0.0 0.11273074150085449
0.0 0.11324626207351685
0.0 0.11334505677223206
0.0 0.11343429982662201
0.0 0.11345914006233215
0.0 0.11566409468650818
0.0 0.11607421189546585
0.0 0.1162416860461235
0.0 0.11637101322412491
0.0 0.11725788563489914
0.0 0.11750786751508713
0.0 0.11790424585342407
0.0 0.11797329038381577
0.0 0.11812777072191238
0.0 0.11909783631563187
0.0 0.12010487914085388
0.0 0.1205919161438942
0.0 0.12079565972089767
0.0 0.12218297272920609
0.0 0.1222781166434288
0.0 0.12293867021799088
0.0 0.12576957046985626
0.0 0.12801510095596313
0.0 0.13087289035320282
0.0 0.13161274790763855
0.0 0.13449499011039734
0.0 0.13810820877552032
0.0 0.14087246358394623
0.0 0.14221405982971191
0.0 0.15949112176895142
0.0 0.16019301116466522
0.0 inf
