0.0 0.05463653430342674
0.0 0.054689161479473114
0.0 0.058157868683338165
0.0 0.06146594509482384
0.0 0.0617491789162159
0.0 0.06241786107420921
0.0 0.06317359209060669
0.0 0.0632157027721405
0.0 0.06356459856033325
0.0 0.06370725482702255
0.0 0.06371544301509857
0.0 0.06383433192968369
0.0 0.06410224735736847
0.0 0.06447049230337143
0.0 0.06467678397893906
0.0 0.06559734046459198
0.0 0.06598489731550217
0.0 0.06642285734415054
0.0 0.06712116301059723
0.0 0.06757345795631409
0.0 0.06780330091714859
0.0 0.06803960353136063
0.0 0.06886238604784012
0.0 0.06886925548315048
0.0 0.06911374628543854
0.0 0.069117471575737
0.0 0.06970926374197006
0.0 0.06974752992391586
0.0 0.06999906897544861
0.0 0.07001026719808578
0.0 0.07029920071363449
0.0 0.0704532116651535
0.0 0.07051177322864532
0.0 0.07052341848611832
0.0 0.07076651602983475
0.0 0.07084778696298599
0.0 0.07104572653770447
0.0 0.07134446501731873
0.0 0.07147151976823807
0.0 0.07147643715143204
0.0 0.07159829139709473
0.0 0.07187020033597946
0.0 0.07205035537481308
0.0 0.07222706079483032
0.0 0.07231714576482773
0.0 0.07266033440828323
0.0 0.07298639416694641
0.0 0.07301490753889084
0.0 0.07315029203891754
0.0 0.07327041029930115
0.0 0.07344327867031097
0.0 0.07361916452646255
0.0 0.07375983893871307
0.0 0.07432442903518677
0.0 0.07455173134803772
0.0 0.07460378110408783
0.0 0.07461241632699966
0.0 0.07469058036804199
0.0 0.0746975764632225
0.0 0.07469770312309265
0.0 0.07485749572515488
0.0 0.07493968307971954
0.0 0.07529839128255844
0.0 0.07535503059625626
0.0 0.07545576989650726
0.0 0.07550173252820969
0.0 0.07566414773464203
0.0 0.07568725198507309
0.0 0.07581255584955215
0.0 0.07585518062114716
0.0 0.07594618201255798
0.0 0.07600024342536926
0.0 0.0760440081357956
0.0 0.07627198845148087
0.0 0.0765305608510971
0.0 0.07659564167261124
0.0 0.07659591734409332
0.0 0.07671333849430084
0.0 0.07712186872959137
0.0 0.07720678299665451
0.0 0.07721264660358429
0.0 0.07727648317813873
0.0 0.07731842249631882
0.0 0.07738570123910904
0.0 0.07754071801900864
0.0 0.07758792489767075
0.0 0.07779953628778458
0.0 0.07788418233394623
0.0 0.07792451977729797
0.0 0.07795161753892899
0.0 0.07812973111867905
0.0 0.07813941687345505
0.0 0.07837317138910294
0.0 0.07845679670572281
0.0 0.07846996188163757
0.0 0.0785587951540947
0.0 0.07878922671079636
0.0 0.07913509011268616
0.0 0.07922160625457764
0.0 0.07929965853691101
0.0 0.07933619618415833
0.0 0.0793444886803627
0.0 0.07958018034696579
0.0 0.07989450544118881
0.0 0.08003709465265274
0.0 0.0801929235458374
0.0 0.08025329560041428
0.0 0.08030302077531815
0.0 0.08032778650522232
0.0 0.08044864982366562
0.0 0.08093701303005219
0.0 0.08100732415914536
0.0 0.08115003257989883
0.0 0.08143053203821182
0.0 0.08155776560306549
0.0 0.08164899051189423
0.0 0.08175300061702728
0.0 0.08188152313232422
0.0 0.08203645050525665
0.0 0.08224929124116898
0.0 0.08229103684425354
0.0 0.08232321590185165
0.0 0.08233069628477097
0.0 0.08250055462121964
0.0 0.08259136229753494
0.0 0.08260432630777359
0.0 0.08261596411466599
0.0 0.08263872563838959
0.0 0.08275191485881805
0.0 0.08276201039552689
0.0 0.08277580142021179
0.0 0.08290103077888489
0.0 0.08293471485376358
0.0 0.08349896967411041
0.0 0.0836118757724762
0.0 0.08380351215600967
0.0 0.08384094387292862
0.0 0.0839230865240097
0.0 0.08398811519145966
0.0 0.08401987701654434
0.0 0.08418196439743042
0.0 0.0842231959104538
0.0 0.08450130373239517
0.0 0.08456248044967651
0.0 0.08485429733991623
0.0 0.08490051329135895
0.0 0.08516201376914978
0.0 0.08540914207696915
0.0 0.08552255481481552
0.0 0.08560408651828766
0.0 0.0856795608997345
0.0 0.08576256036758423
0.0 0.0860147550702095
0.0 0.08601931482553482
0.0 0.08603446185588837
0.0 0.08607111871242523
0.0 0.08610650151968002
0.0 0.08614254742860794
0.0 0.08618327975273132
0.0 0.08656014502048492
0.0 0.0870903953909874
0.0 0.08712136000394821
0.0 0.08713547885417938
0.0 0.08724527060985565
0.0 0.08733250200748444
0.0 0.08744583278894424
0.0 0.0875125527381897
0.0 0.08753057569265366
0.0 0.08761923760175705
0.0 0.08766482025384903
0.0 0.08772201091051102
0.0 0.0879177674651146
0.0 0.08795733004808426
0.0 0.08798767626285553
0.0 0.08811644464731216
0.0 0.08819077908992767
0.0 0.08821878582239151
0.0 0.08822641521692276
0.0 0.08824151009321213
0.0 0.08839766681194305
0.0 0.08849569410085678
0.0 0.08856981992721558
0.0 0.08866220712661743
0.0 0.08875931054353714
0.0 0.08909916877746582
0.0 0.08912809938192368
0.0 0.08924039453268051
0.0 0.08924464136362076
0.0 0.08933369070291519
0.0 0.08940389007329941
0.0 0.08963385969400406
0.0 0.08969184756278992
0.0 0.08992068469524384
0.0 0.08994487673044205
0.0 0.09005993604660034
0.0 0.09022767841815948
0.0 0.09029802680015564
0.0 0.0904214084148407
0.0 0.09053484350442886
0.0 0.0906488224864006
0.0 0.09083307534456253
0.0 0.09092691540718079
0.0 0.09097132831811905
0.0 0.09100084006786346
0.0 0.09102331846952438
0.0 0.09123577922582626
0.0 0.09127498418092728
0.0 0.09130685031414032
0.0 0.09150215238332748
0.0 0.0917225256562233
0.0 0.09183739125728607
0.0 0.09199175983667374
0.0 0.09210082143545151
0.0 0.09245749562978745
0.0 0.09254297614097595
0.0 0.0926419198513031
0.0 0.09272123873233795
0.0 0.09297090023756027
0.0 0.09316884726285934
0.0 0.09329578280448914
0.0 0.0933929830789566
0.0 0.09343382716178894
0.0 0.09354507178068161
0.0 0.0936231017112732
0.0 0.09365334361791611
0.0 0.09399714320898056
0.0 0.09419215470552444
0.0 0.09419285506010056
0.0 0.09435629844665527
0.0 0.09437787532806396
0.0 0.09445663541555405
0.0 0.09457804262638092
0.0 0.09469623118638992
0.0 0.09480605274438858
0.0 0.09486345201730728
0.0 0.09508316218852997
0.0 0.09516152739524841
0.0 0.09539476782083511
0.0 0.0954630970954895
0.0 0.09563926607370377
0.0 0.09571418166160583
0.0 0.09574221819639206
0.0 0.09598233550786972
0.0 0.0959954708814621
0.0 0.09605327248573303
0.0 0.09615414589643478
0.0 0.09623558074235916
0.0 0.09625489264726639
0.0 0.09641233086585999
0.0 0.09657534211874008
0.0 0.09664639830589294
0.0 0.09679444879293442
0.0 0.09688311815261841
0.0 0.09689144790172577
0.0 0.09697115421295166
0.0 0.09707207977771759
0.0 0.09709756821393967
0.0 0.09710116684436798
0.0 0.09729340672492981
0.0 0.09732542932033539
0.0 0.09738464653491974
0.0 0.09753944724798203
0.0 0.0976865142583847
0.0 0.09784479439258575
0.0 0.09785975515842438
0.0 0.09801196306943893
0.0 0.09809979051351547
0.0 0.0981418564915657
0.0 0.09820675104856491
0.0 0.09831690788269043
0.0 0.09852853417396545
0.0 0.09876234829425812
0.0 0.09884057939052582
0.0 0.09908786416053772
0.0 0.09923408180475235
0.0 0.09927090257406235
0.0 0.09927923232316971
0.0 0.0993042141199112
0.0 0.09946458041667938
0.0 0.09961189329624176
0.0 0.09970962256193161
0.0 0.09973175078630447
0.0 0.09973552078008652
0.0 0.10033732652664185
0.0 0.10037560760974884
0.0 0.10058508813381195
0.0 0.10072708129882812
0.0 0.10076873749494553
0.0 0.10077756643295288
0.0 0.1010822132229805
0.0 0.10132694244384766
0.0 0.10143503546714783
0.0 0.10184673964977264
0.0 0.10188327729701996
0.0 0.10212331265211105
0.0 0.10227446258068085
0.0 0.1023736521601677
0.0 0.10245225578546524
0.0 0.10268624871969223
0.0 0.10277438163757324
0.0 0.10283024609088898
0.0 0.10299906134605408
0.0 0.10313212871551514
0.0 0.10313577204942703
0.0 0.1031368151307106
0.0 0.10318620502948761
0.0 0.10373113304376602
0.0 0.10391000658273697
0.0 0.10394085198640823
0.0 0.10402031242847443
0.0 0.10431676357984543
0.0 0.10434845834970474
0.0 0.10435229539871216
0.0 0.10456930100917816
0.0 0.1047041043639183
0.0 0.10471940785646439
0.0 0.10474561154842377
0.0 0.10486464202404022
0.0 0.10491646826267242
0.0 0.10493497550487518
0.0 0.10495461523532867
0.0 0.10539983212947845
0.0 0.10543440282344818
0.0 0.10566911846399307
0.0 0.10576357692480087
0.0 0.10577378422021866
0.0 0.10582735389471054
0.0 0.10602986812591553
0.0 0.10663086920976639
0.0 0.10685038566589355
0.0 0.10687292367219925
0.0 0.1069721058011055
0.0 0.10714154690504074
0.0 0.10714254528284073
0.0 0.10718097537755966
0.0 0.10735102742910385
0.0 0.1074848398566246
0.0 0.107505202293396
0.0 0.10759716480970383
0.0 0.10760004818439484
0.0 0.10793156921863556
0.0 0.10855472087860107
0.0 0.10866984724998474
0.0 0.10868637263774872
0.0 0.10870420932769775
0.0 0.10872948169708252
0.0 0.10876072198152542
0.0 0.10899066179990768
0.0 0.10916744917631149
0.0 0.10937891900539398
0.0 0.10949450731277466
0.0 0.10949840396642685
0.0 0.10962508618831635
0.0 0.10969720780849457
0.0 0.10986753553152084
0.0 0.11034439504146576
0.0 0.1103842630982399
0.0 0.11039317399263382
0.0 0.11069061607122421
0.0 0.11076405644416809
0.0 0.11102294921875
0.0 0.11158200353384018
0.0 0.11177414655685425
0.0 0.11213966459035873
0.0 0.11241655796766281
0.0 0.11252950131893158
0.0 0.11259746551513672
0.0 0.11260531842708588
0.0 0.11263903230428696
0.0 0.11265327036380768
0.0 0.11273759603500366
0.0 0.11273974180221558
0.0 0.11286070942878723
0.0 0.11288293451070786
0.0 0.11291825026273727
0.0 0.11309352517127991
0.0 0.1131364032626152
0.0 0.11320757120847702
0.0 0.11333927512168884
0.0 0.11350913345813751
0.0 0.11404938995838165
0.0 0.1141645759344101
0.0 0.11424526572227478
0.0 0.11437889188528061
0.0 0.11440995335578918
0.0 0.11442938446998596
0.0 0.11450119316577911
0.0 0.11495961993932724
0.0 0.11512652784585953
0.0 0.11584504693746567
0.0 0.11590253561735153
0.0 0.1163688525557518
0.0 0.1163877621293068
0.0 0.11668754369020462
0.0 0.11669062823057175
0.0 0.11728452146053314
0.0 0.117389015853405
0.0 0.11749787628650665
0.0 0.11766214668750763
0.0 0.11783905327320099
0.0 0.11830707639455795
0.0 0.1185058057308197
0.0 0.11922768503427505
0.0 0.11930426210165024
0.0 0.1197705790400505
0.0 0.11992282420396805
0.0 0.12037814408540726
0.0 0.12062941491603851
0.0 0.12092413753271103
0.0 0.12100501358509064
0.0 0.12112182378768921
0.0 0.12117671966552734
0.0 0.12127114087343216
0.0 0.12131033837795258
0.0 0.12132437527179718
0.0 0.12151916325092316
0.0 0.12153030186891556
0.0 0.12154747545719147
0.0 0.12160119414329529
0.0 0.12164241075515747
0.0 0.12183655053377151
0.0 0.12197805196046829
0.0 0.12222253531217575
0.0 0.1225442960858345
0.0 0.12328688055276871
0.0 0.12350822985172272
0.0 0.12361697107553482
0.0 0.12387369573116302
0.0 0.12397027760744095
0.0 0.12410914897918701
0.0 0.12422572821378708
0.0 0.1244874969124794
0.0 0.12449783831834793
0.0 0.12463366240262985
0.0 0.12471704930067062
0.0 0.12495643645524979
0.0 0.12550407648086548
0.0 0.12551113963127136
0.0 0.12565083801746368
0.0 0.12567226588726044
0.0 0.12659244239330292
0.0 0.12730072438716888
0.0 0.12732301652431488
0.0 0.12746559083461761
0.0 0.1274881660938263
0.0 0.1276869922876358
0.0 0.12782643735408783
0.0 0.1280718743801117
0.0 0.12819090485572815
0.0 0.1281973272562027
0.0 0.12916608154773712
0.0 0.12929177284240723
0.0 0.12936675548553467
0.0 0.12962810695171356
0.0 0.1298532634973526
0.0 0.13085559010505676
0.0 0.13091135025024414
0.0 0.13110387325286865
0.0 0.13118918240070343
0.0 0.1315009593963623
0.0 0.13169394433498383
0.0 0.13218598067760468
0.0 0.13219629228115082
0.0 0.13269884884357452
0.0 0.13278713822364807
0.0 0.13290706276893616
0.0 0.13310882449150085
0.0 0.1333058625459671
0.0 0.13373661041259766
0.0 0.13430029153823853
0.0 0.13439421355724335
0.0 0.13452136516571045
0.0 0.13527189195156097
0.0 0.13569489121437073
0.0 0.13668717443943024
0.0 0.13686352968215942
0.0 0.13705477118492126
0.0 0.1371435970067978
0.0 0.1378900706768036
0.0 0.13791446387767792
0.0 0.13831746578216553
0.0 0.13833770155906677
0.0 0.13879261910915375
0.0 0.1393006443977356
0.0 0.13982810080051422
0.0 0.1400396227836609
0.0 0.1400529444217682
0.0 0.14067430794239044
0.0 0.14127634465694427
0.0 0.14186550676822662
0.0 0.14210732281208038
0.0 0.14274515211582184
0.0 0.14278684556484222
0.0 0.14396698772907257
0.0 0.1448644995689392
0.0 0.1448867917060852
0.0 0.14506368339061737
0.0 0.14527852833271027
0.0 0.14592087268829346
0.0 0.14668497443199158
0.0 0.14720483124256134
0.0 0.14858612418174744
0.0 0.14929388463497162
0.0 0.14991191029548645
0.0 0.15286146104335785
0.0 0.15760762989521027
0.0 0.15873834490776062
0.0 0.15959791839122772
0.0 0.1604992300271988
0.0 0.16511711478233337
0.0 0.1914624571800232
0.0 inf
