0.0 0.03821730613708496
0.0 0.04519565403461456
0.0 0.04676379635930061
0.0 0.049158453941345215
0.0 0.04932614415884018
0.0 0.04985496401786804
0.0 0.0502198226749897
0.0 0.05045248940587044
0.0 0.05052164942026138
0.0 0.051659710705280304
0.0 0.05167488008737564
0.0 0.05187338963150978
0.0 0.05297474190592766
0.0 0.05381748825311661
0.0 0.05386776477098465
0.0 0.05412813648581505
0.0 0.05438084155321121
0.0 0.05461007356643677
0.0 0.05483214184641838
0.0 0.05491071566939354
0.0 0.054942090064287186
0.0 0.05496411398053169
0.0 0.05499660223722458
0.0 0.055117007344961166
0.0 0.05516766011714935
0.0 0.05535600334405899
0.0 0.055397406220436096
0.0 0.055536381900310516
0.0 0.05556346848607063
0.0 0.055652208626270294
0.0 0.05617983266711235
0.0 0.05636384338140488
0.0 0.05651174485683441
0.0 0.05674402415752411
0.0 0.05686752498149872
0.0 0.05712948366999626
0.0 0.05737551674246788
0.0 0.05750524252653122
0.0 0.05753268674015999
0.0 0.05759496986865997
0.0 0.0582803413271904
0.0 0.05847246199846268
0.0 0.05891214683651924
0.0 0.05925353989005089
0.0 0.05931203067302704
0.0 0.05931374058127403
0.0 0.059335995465517044
0.0 0.059604160487651825
0.0 0.05964361131191254
0.0 0.0597311370074749
0.0 0.06020384281873703
0.0 0.060237862169742584
0.0 0.0602707602083683
0.0 0.06037213280797005
0.0 0.060450270771980286
0.0 0.061100587248802185
0.0 0.061192721128463745
0.0 0.061389945447444916
0.0 0.0615982711315155
0.0 0.06203831359744072
0.0 0.06207197904586792
0.0 0.0621076375246048
0.0 0.06226801127195358
0.0 0.062473781406879425
0.0 0.06253063678741455
0.0 0.06253165751695633
0.0 0.06254368275403976
0.0 0.06255049258470535
0.0 0.06267397850751877
0.0 0.06271500885486603
0.0 0.06281188875436783
0.0 0.06293553858995438
0.0 0.06336689740419388
0.0 0.06340449303388596
0.0 0.06346593797206879
0.0 0.06359552592039108
0.0 0.06364806741476059
0.0 0.06372585147619247
0.0 0.06374558061361313
0.0 0.06382659822702408
0.0 0.06397446990013123
0.0 0.06406068801879883
0.0 0.06429129093885422
0.0 0.06430085748434067
0.0 0.06434912979602814
0.0 0.06454301625490189
0.0 0.06457993388175964
0.0 0.06466247886419296
0.0 0.06477881222963333
0.0 0.06489312648773193
0.0 0.06493952125310898
0.0 0.06497101485729218
0.0 0.06501687318086624
0.0 0.06501968204975128
0.0 0.06510143727064133
0.0 0.06513574719429016
0.0 0.06527793407440186
0.0 0.0653209462761879
0.0 0.06548838317394257
0.0 0.06552158296108246
0.0 0.06562398374080658
0.0 0.06563470512628555
0.0 0.06567710638046265
0.0 0.06588007509708405
0.0 0.06589585542678833
0.0 0.06605057418346405
0.0 0.06630272418260574
0.0 0.06635260581970215
0.0 0.06638073921203613
0.0 0.0664016529917717
0.0 0.06642040610313416
0.0 0.06656543910503387
0.0 0.06657186150550842
0.0 0.06660875678062439
0.0 0.06671174615621567
0.0 0.06678948551416397
0.0 0.06680312007665634
0.0 0.06690448522567749
0.0 0.06695780158042908
0.0 0.06700776517391205
0.0 0.0670737624168396
0.0 0.06716340035200119
0.0 0.0672185942530632
0.0 0.06737978011369705
0.0 0.06742968410253525
0.0 0.06757140904664993
0.0 0.06794212013483047
0.0 0.06794650107622147
0.0 0.0679788589477539
0.0 0.06798409670591354
0.0 0.06799891591072083
0.0 0.0680931955575943
0.0 0.06821282207965851
0.0 0.06824243813753128
0.0 0.06825467944145203
0.0 0.06842959672212601
0.0 0.06846266239881516
0.0 0.06846685707569122
0.0 0.06855975836515427
0.0 0.0686999261379242
0.0 0.06873122602701187
0.0 0.0687950998544693
0.0 0.06888923048973083
0.0 0.06912557780742645
0.0 0.06925292313098907
0.0 0.06934115290641785
0.0 0.0693465918302536
0.0 0.06953132897615433
0.0 0.06956002861261368
0.0 0.06967052072286606
0.0 0.06982071697711945
0.0 0.06990666687488556
0.0 0.06991072744131088
0.0 0.07004927098751068
0.0 0.07006124407052994
0.0 0.07011409103870392
0.0 0.07016284763813019
0.0 0.07021013647317886
0.0 0.07025375217199326
0.0 0.07029543817043304
0.0 0.07029718160629272
0.0 0.0703275054693222
0.0 0.07049401849508286
0.0 0.07058446109294891
0.0 0.07062571495771408
0.0 0.07065978646278381
0.0 0.07072561234235764
0.0 0.07076184451580048
0.0 0.07077924907207489
0.0 0.07079430669546127
0.0 0.07079968601465225
0.0 0.07080138474702835
0.0 0.07095178961753845
0.0 0.07111060619354248
0.0 0.07111062854528427
0.0 0.07120232284069061
0.0 0.07131771743297577
0.0 0.07134000211954117
0.0 0.07140445709228516
0.0 0.07144635170698166
0.0 0.07151912897825241
0.0 0.0715753510594368
0.0 0.07166096568107605
0.0 0.07169745117425919
0.0 0.07187587022781372
0.0 0.07204361259937286
0.0 0.07211915403604507
0.0 0.0724179819226265
0.0 0.07243269681930542
0.0 0.07257425785064697
0.0 0.0726030021905899
0.0 0.07271437346935272
0.0 0.07278361171483994
0.0 0.07279753684997559
0.0 0.07287529855966568
0.0 0.07292336225509644
0.0 0.07306892424821854
0.0 0.07307586818933487
0.0 0.07308745384216309
0.0 0.07323162257671356
0.0 0.07324040681123734
0.0 0.07334636896848679
0.0 0.07338860630989075
0.0 0.07341907918453217
0.0 0.07346869260072708
0.0 0.07350724190473557
0.0 0.07353145629167557
0.0 0.07372207939624786
0.0 0.0738457515835762
0.0 0.07398755103349686
0.0 0.07404737174510956
0.0 0.07408560812473297
0.0 0.0740949809551239
0.0 0.07423669844865799
0.0 0.07426975667476654
0.0 0.07444532960653305
0.0 0.07467968761920929
0.0 0.07472049444913864
0.0 0.0747385248541832
0.0 0.07475398480892181
0.0 0.07476934790611267
0.0 0.07484519481658936
0.0 0.07497682422399521
0.0 0.07503269612789154
0.0 0.07541762292385101
0.0 0.07564877718687057
0.0 0.07575716823339462
0.0 0.07583747059106827
0.0 0.07584860920906067
0.0 0.07587460428476334
0.0 0.07595345377922058
0.0 0.07595382630825043
0.0 0.07597058266401291
0.0 0.07611966878175735
0.0 0.07612159103155136
0.0 0.07614347338676453
0.0 0.07615342736244202
0.0 0.07650919258594513
0.0 0.07663147151470184
0.0 0.07680168002843857
0.0 0.07681453227996826
0.0 0.07689204066991806
0.0 0.07695502042770386
0.0 0.07696030288934708
0.0 0.07699885964393616
0.0 0.077000692486763
0.0 0.07701253145933151
0.0 0.07704590260982513
0.0 0.07718345522880554
0.0 0.0772927924990654
0.0 0.07738030701875687
0.0 0.0774451345205307
0.0 0.07766833901405334
0.0 0.077677883207798
0.0 0.07780419290065765
0.0 0.07785671949386597
0.0 0.07797457277774811
0.0 0.07798166573047638
0.0 0.07798784971237183
0.0 0.07807786762714386
0.0 0.078121118247509
0.0 0.07815365493297577
0.0 0.07817882299423218
0.0 0.0782570093870163
0.0 0.07835926115512848
0.0 0.07843945920467377
0.0 0.07870747894048691
0.0 0.07881993055343628
0.0 0.07883147895336151
0.0 0.07898513972759247
0.0 0.07900340110063553
0.0 0.07920356839895248
0.0 0.0792820081114769
0.0 0.07933183759450912
0.0 0.07935328781604767
0.0 0.07950925081968307
0.0 0.07951175421476364
0.0 0.07976362854242325
0.0 0.0799628347158432
0.0 0.08018584549427032
0.0 0.0802544429898262
0.0 0.08030086755752563
0.0 0.08032627403736115
0.0 0.08035613596439362
0.0 0.08047212660312653
0.0 0.08054429292678833
0.0 0.08070102334022522
0.0 0.08086778223514557
0.0 0.08088619261980057
0.0 0.08090268820524216
0.0 0.08119811117649078
0.0 0.0812273621559143
0.0 0.08127544075250626
0.0 0.0813242495059967
0.0 0.08134634047746658
0.0 0.08157027512788773
0.0 0.08167269080877304
0.0 0.08174003660678864
0.0 0.08181579411029816
0.0 0.08201055973768234
0.0 0.08214642107486725
0.0 0.08219324797391891
0.0 0.08237156271934509
0.0 0.08242993801832199
0.0 0.08243562281131744
0.0 0.08270860463380814
0.0 0.08277909457683563
0.0 0.0828106477856636
0.0 0.08282458782196045
0.0 0.08285166323184967
0.0 0.082945317029953
0.0 0.08347949385643005
0.0 0.08353392779827118
0.0 0.08354118466377258
0.0 0.08369390666484833
0.0 0.08373764902353287
0.0 0.08397141844034195
0.0 0.08409950137138367
0.0 0.08414630591869354
0.0 0.08421628922224045
0.0 0.08425617963075638
0.0 0.0843329206109047
0.0 0.0843619778752327
0.0 0.0844222828745842
0.0 0.08448806405067444
0.0 0.08456636220216751
0.0 0.08483678847551346
0.0 0.0849589928984642
0.0 0.08502396196126938
0.0 0.08513711392879486
0.0 0.08538106828927994
0.0 0.08538584411144257
0.0 0.08544786274433136
0.0 0.08568083494901657
0.0 0.08611541241407394
0.0 0.0863495022058487
0.0 0.08637744188308716
0.0 0.08672359585762024
0.0 0.0867689773440361
0.0 0.08677837252616882
0.0 0.08683890849351883
0.0 0.08713415265083313
0.0 0.08742190152406693
0.0 0.08757967501878738
0.0 0.08764363080263138
0.0 0.08765767514705658
0.0 0.08767478168010712
0.0 0.08769061416387558
0.0 0.08792808651924133
0.0 0.088325135409832
0.0 0.08833431452512741
0.0 0.08833488076925278
0.0 0.08833981305360794
0.0 0.08850252628326416
0.0 0.08875146508216858
0.0 0.08894824981689453
0.0 0.08898813277482986
0.0 0.08908629417419434
0.0 0.08916743844747543
0.0 0.08920814841985703
0.0 0.0892837643623352
0.0 0.08940345048904419
0.0 0.08941701799631119
0.0 0.08942907303571701
0.0 0.08982700854539871
0.0 0.08988015353679657
0.0 0.08991766721010208
0.0 0.09035617858171463
0.0 0.09038831293582916
0.0 0.09045728296041489
0.0 0.09057232737541199
0.0 0.09071170538663864
0.0 0.09071899950504303
0.0 0.09088312089443207
0.0 0.09091608971357346
0.0 0.09094352275133133
0.0 0.09142537415027618
0.0 0.09148410707712173
0.0 0.09161031991243362
0.0 0.09163771569728851
0.0 0.09176728874444962
0.0 0.09224198758602142
0.0 0.09249809384346008
0.0 0.09259221702814102
0.0 0.09268620610237122
0.0 0.0927828997373581
0.0 0.09312839806079865
0.0 0.09322892874479294
0.0 0.09335662424564362
0.0 0.09350857138633728
0.0 0.09369874000549316
0.0 0.09379594773054123
0.0 0.09398269653320312
0.0 0.0940980538725853
0.0 0.0943526178598404
0.0 0.09448875486850739
0.0 0.09467467665672302
0.0 0.09483616054058075
0.0 0.09491050988435745
0.0 0.0949983224272728
0.0 0.09512513875961304
0.0 0.0951685830950737
0.0 0.0958181843161583
0.0 0.09583418071269989
0.0 0.09590545296669006
0.0 0.09592718631029129
0.0 0.09609760344028473
0.0 0.09618861973285675
0.0 0.09622444212436676
0.0 0.0963209941983223
0.0 0.09634286910295486
0.0 0.09637418389320374
0.0 0.09650228917598724
0.0 0.0966445803642273
0.0 0.09696859866380692
0.0 0.09749852865934372
0.0 0.09754043817520142
0.0 0.0980258584022522
0.0 0.098966084420681
0.0 0.09924320876598358
0.0 0.0992472693324089
0.0 0.09933315217494965
0.0 0.09935438632965088
0.0 0.09936580061912537
0.0 0.09975569695234299
0.0 0.0997733399271965
0.0 0.09981644153594971
0.0 0.09982479363679886
0.0 0.10008028149604797
0.0 0.10021833330392838
0.0 0.10057923942804337
0.0 0.10117024928331375
0.0 0.10133332759141922
0.0 0.10136330127716064
0.0 0.10137777030467987
0.0 0.10155557096004486
0.0 0.1017393171787262
0.0 0.10179328918457031
0.0 0.10206049680709839
0.0 0.10219556093215942
0.0 0.10256598144769669
0.0 0.10266152024269104
0.0 0.10266919434070587
0.0 0.10294649004936218
0.0 0.10309667140245438
0.0 0.10349079966545105
0.0 0.10368581116199493
0.0 0.10371570289134979
0.0 0.10373616963624954
0.0 0.10375596582889557
0.0 0.10377299785614014
0.0 0.10380937159061432
0.0 0.10529142618179321
0.0 0.10569257289171219
0.0 0.10601935535669327
0.0 0.10605283081531525
0.0 0.10607712715864182
0.0 0.1061597391963005
0.0 0.10618085414171219
0.0 0.10633475333452225
0.0 0.10647560656070709
0.0 0.10717814415693283
0.0 0.10769061744213104
0.0 0.10793633759021759
0.0 0.1082187220454216
0.0 0.10830695182085037
0.0 0.10833504050970078
0.0 0.10868909955024719
0.0 0.10870198160409927
0.0 0.10880989581346512
0.0 0.10932043194770813
0.0 0.11034613102674484
0.0 0.11040298640727997
0.0 0.11074188351631165
0.0 0.1109430268406868
0.0 0.11111360043287277
0.0 0.11236222088336945
0.0 0.11410551518201828
0.0 0.11473143845796585
0.0 0.11473935097455978
0.0 0.11483684927225113
0.0 0.11491020023822784
0.0 0.1151268482208252
0.0 0.11540860682725906
0.0 0.11553571373224258
0.0 0.11694793403148651
0.0 0.1169511154294014
0.0 0.11727224290370941
0.0 0.11738079786300659
0.0 0.11757604777812958
0.0 0.11803004145622253
0.0 0.1181061789393425
0.0 0.11856825649738312
0.0 0.11925438046455383
0.0 0.11965352296829224
0.0 0.12035751342773438
0.0 0.12178801745176315
0.0 0.12257032841444016
0.0 0.12312464416027069
0.0 0.12375903129577637
0.0 0.12544088065624237
0.0 0.125495046377182
0.0 0.12908197939395905
0.0 0.1299849897623062
0.0 0.13330179452896118
0.0 0.13515429198741913
0.0 0.1362626999616623
0.0 0.1384861022233963
0.0 0.14062952995300293
0.0 0.15872322022914886
0.0 0.17876602709293365
0.0 inf
