0.0 0.04062066227197647
0.0 0.04359375312924385
0.0 0.04382741451263428
0.0 0.045806027948856354
0.0 0.04714096710085869
0.0 0.04737768694758415
0.0 0.047915056347846985
0.0 0.04843119531869888
0.0 0.04899127781391144
0.0 0.049094200134277344
0.0 0.04987283796072006
0.0 0.050077926367521286
0.0 0.05024617165327072
0.0 0.05071951076388359
0.0 0.05084642395377159
0.0 0.05102783814072609
0.0 0.05105296149849892
0.0 0.051435332745313644
0.0 0.05155874416232109
0.0 0.05234869197010994
0.0 0.052383214235305786
0.0 0.052506815642118454
0.0 0.052616991102695465
0.0 0.05273107439279556
0.0 0.052968829870224
0.0 0.053129643201828
0.0 0.05380740016698837
0.0 0.05386243388056755
0.0 0.05386701226234436
0.0 0.053978607058525085
0.0 0.05405869707465172
0.0 0.0542469322681427
0.0 0.05474664270877838
0.0 0.05505584552884102
0.0 0.055063094943761826
0.0 0.05509505793452263
0.0 0.05522717162966728
0.0 0.05546436086297035
0.0 0.055610645562410355
0.0 0.05574657768011093
0.0 0.05623682588338852
0.0 0.056238338351249695
0.0 0.05624282360076904
0.0 0.05626878887414932
0.0 0.05628000944852829
0.0 0.05638555437326431
0.0 0.05640478804707527
0.0 0.056437861174345016
0.0 0.05658131465315819
0.0 0.0567237064242363
0.0 0.05690164119005203
0.0 0.05701351538300514
0.0 0.05706159025430679
0.0 0.057342611253261566
0.0 0.05737663805484772
0.0 0.05755934491753578
0.0 0.05760182812809944
0.0 0.05770733207464218
0.0 0.05781765282154083
0.0 0.058162059634923935
0.0 0.05828922986984253
0.0 0.058421775698661804
0.0 0.058456700295209885
0.0 0.05849631130695343
0.0 0.05860448628664017
0.0 0.05860585719347
0.0 0.05874709412455559
0.0 0.05886881425976753
0.0 0.05892029032111168
0.0 0.05896150693297386
0.0 0.05897339805960655
0.0 0.05900595709681511
0.0 0.059018176048994064
0.0 0.05904199555516243
0.0 0.05905182287096977
0.0 0.05907532572746277
0.0 0.0592065155506134
0.0 0.05926104262471199
0.0 0.0592658594250679
0.0 0.05930153280496597
0.0 0.059302955865859985
0.0 0.059369612485170364
0.0 0.05937561020255089
0.0 0.05950193107128143
0.0 0.05951668322086334
0.0 0.05968538671731949
0.0 0.05982323735952377
0.0 0.059847619384527206
0.0 0.05994297191500664
0.0 0.060229431837797165
0.0 0.06024246662855148
0.0 0.06027565151453018
0.0 0.060280293226242065
0.0 0.06034570932388306
0.0 0.06041796877980232
0.0 0.06049612909555435
0.0 0.06052256003022194
0.0 0.06056348979473114
0.0 0.06084908917546272
0.0 0.060986053198575974
0.0 0.06111707165837288
0.0 0.06123528257012367
0.0 0.061365172266960144
0.0 0.06137339770793915
0.0 0.061481721699237823
0.0 0.06180655211210251
0.0 0.061886973679065704
0.0 0.062135424464941025
0.0 0.06222689896821976
0.0 0.06223084032535553
0.0 0.062369514256715775
0.0 0.062453776597976685
0.0 0.062550388276577
0.0 0.06272057443857193
0.0 0.06273568421602249
0.0 0.06280974298715591
0.0 0.06285082548856735
0.0 0.06286568939685822
0.0 0.06303704530000687
0.0 0.06303992867469788
0.0 0.06305018067359924
0.0 0.06317424774169922
0.0 0.0632396936416626
0.0 0.06336580216884613
0.0 0.06337577849626541
0.0 0.06346222758293152
0.0 0.06360550224781036
0.0 0.06392373889684677
0.0 0.06400854885578156
0.0 0.06422080099582672
0.0 0.06427054852247238
0.0 0.06435008347034454
0.0 0.06436749547719955
0.0 0.0644410252571106
0.0 0.06462104618549347
0.0 0.0646238699555397
0.0 0.06466879695653915
0.0 0.06471994519233704
0.0 0.06479579210281372
0.0 0.06480979174375534
0.0 0.06483996659517288
0.0 0.0648459792137146
0.0 0.06485500931739807
0.0 0.06491639465093613
0.0 0.06504690647125244
0.0 0.06518560647964478
0.0 0.06525178998708725
0.0 0.06539186835289001
0.0 0.06543272733688354
0.0 0.06559378653764725
0.0 0.06567658483982086
0.0 0.06569366157054901
0.0 0.06571031361818314
0.0 0.06580744683742523
0.0 0.06588801741600037
0.0 0.06589746475219727
0.0 0.06603025645017624
0.0 0.06607463210821152
0.0 0.06629310548305511
0.0 0.06652490794658661
0.0 0.0665368065237999
0.0 0.06656289100646973
0.0 0.06665733456611633
0.0 0.06674253940582275
0.0 0.06686435639858246
0.0 0.06693331897258759
0.0 0.06702929735183716
0.0 0.0670420452952385
0.0 0.06745084375143051
0.0 0.06746787577867508
0.0 0.06748735904693604
0.0 0.06753766536712646
0.0 0.06756989657878876
0.0 0.06759009510278702
0.0 0.06759688258171082
0.0 0.06763584911823273
0.0 0.06766588985919952
0.0 0.06767374277114868
0.0 0.06774821132421494
0.0 0.06776989251375198
0.0 0.06792706996202469
0.0 0.06803841888904572
0.0 0.0681535080075264
0.0 0.0682794600725174
0.0 0.06838008016347885
0.0 0.06841685622930527
0.0 0.06845632940530777
0.0 0.06853542476892471
0.0 0.06857629120349884
0.0 0.06858457624912262
0.0 0.0685894638299942
0.0 0.06859135627746582
0.0 0.06874678283929825
0.0 0.0687817707657814
0.0 0.06884052604436874
0.0 0.0691131055355072
0.0 0.06924587488174438
0.0 0.06926938891410828
0.0 0.06932537257671356
0.0 0.069443479180336
0.0 0.06945234537124634
0.0 0.06947983056306839
0.0 0.06950261443853378
0.0 0.06952352821826935
0.0 0.0695694163441658
0.0 0.06966732442378998
0.0 0.06982706487178802
0.0 0.0699608251452446
0.0 0.07013200223445892
0.0 0.07017660140991211
0.0 0.07022470235824585
0.0 0.07023920118808746
0.0 0.07032995671033859
0.0 0.07036470621824265
0.0 0.07051513344049454
0.0 0.07057967036962509
0.0 0.07061450928449631
0.0 0.07068528234958649
0.0 0.0707346722483635
0.0 0.07083456963300705
0.0 0.07084429264068604
0.0 0.0708514153957367
0.0 0.07089999318122864
0.0 0.07098554819822311
0.0 0.07108156383037567
0.0 0.0713917687535286
0.0 0.07144689559936523
0.0 0.07148224860429764
0.0 0.0715593695640564
0.0 0.07191172987222672
0.0 0.07199990749359131
0.0 0.07205823808908463
0.0 0.07210520654916763
0.0 0.07217543572187424
0.0 0.07228129357099533
0.0 0.07230578362941742
0.0 0.07254242151975632
0.0 0.07255177944898605
0.0 0.07261612266302109
0.0 0.07266005873680115
0.0 0.0726761594414711
0.0 0.07274959981441498
0.0 0.0729120671749115
0.0 0.07291380316019058
0.0 0.07291674613952637
0.0 0.07298187166452408
0.0 0.07300404459238052
0.0 0.07302531599998474
0.0 0.07336574047803879
0.0 0.07339007407426834
0.0 0.07347413897514343
0.0 0.07351870089769363
0.0 0.07356339693069458
0.0 0.07356607913970947
0.0 0.07359150052070618
0.0 0.07377666234970093
0.0 0.07383021712303162
0.0 0.07397913187742233
0.0 0.0740046426653862
0.0 0.07408243417739868
0.0 0.0740962103009224
0.0 0.07416734844446182
0.0 0.07443415373563766
0.0 0.07458381354808807
0.0 0.07466159760951996
0.0 0.07489082962274551
0.0 0.07502604275941849
0.0 0.07512946426868439
0.0 0.07516403496265411
0.0 0.07516837120056152
0.0 0.07517807185649872
0.0 0.07522360980510712
0.0 0.07540296763181686
0.0 0.07546775043010712
0.0 0.07547455281019211
0.0 0.07573637366294861
0.0 0.07584687322378159
0.0 0.07589109241962433
0.0 0.07591978460550308
0.0 0.07591982185840607
0.0 0.07592929154634476
0.0 0.07593102008104324
0.0 0.07596686482429504
0.0 0.07608027011156082
0.0 0.07617725431919098
0.0 0.07632243633270264
0.0 0.07635778188705444
0.0 0.07641705125570297
0.0 0.07642056047916412
0.0 0.07664337754249573
0.0 0.07705803215503693
0.0 0.07709667831659317
0.0 0.07716532051563263
0.0 0.0772649496793747
0.0 0.07729299366474152
0.0 0.07732447236776352
0.0 0.07740495353937149
0.0 0.07749396562576294
0.0 0.07752297818660736
0.0 0.07754012197256088
0.0 0.07756357640028
0.0 0.07757073640823364
0.0 0.07771778106689453
0.0 0.0779142826795578
0.0 0.07791618257761002
0.0 0.07792871445417404
0.0 0.07806545495986938
0.0 0.07807178795337677
0.0 0.07815420627593994
0.0 0.07815878093242645
0.0 0.07818049937486649
0.0 0.07820574194192886
0.0 0.07836659997701645
0.0 0.07839442044496536
0.0 0.07860647141933441
0.0 0.0787901058793068
0.0 0.07884836941957474
0.0 0.07930195331573486
0.0 0.0794258564710617
0.0 0.07953938096761703
0.0 0.07955371588468552
0.0 0.07957539707422256
0.0 0.07958783954381943
0.0 0.07962268590927124
0.0 0.07964559644460678
0.0 0.07969968765974045
0.0 0.07988067716360092
0.0 0.08001190423965454
0.0 0.08010490238666534
0.0 0.08021970838308334
0.0 0.08022025227546692
0.0 0.08042610436677933
0.0 0.08043886721134186
0.0 0.08047684282064438
0.0 0.08058503270149231
0.0 0.08059188723564148
0.0 0.08060769736766815
0.0 0.08067354559898376
0.0 0.08069448918104172
0.0 0.08089091628789902
0.0 0.08093276619911194
0.0 0.08097326010465622
0.0 0.08106734603643417
0.0 0.08120536059141159
0.0 0.08124082535505295
0.0 0.08127547055482864
0.0 0.08137140423059464
0.0 0.08139282464981079
0.0 0.08140671998262405
0.0 0.08173603564500809
0.0 0.081836998462677
0.0 0.08193589001893997
0.0 0.08205988258123398
0.0 0.08206851780414581
0.0 0.08208354562520981
0.0 0.08224548399448395
0.0 0.08236655592918396
0.0 0.08245322853326797
0.0 0.08249913156032562
0.0 0.08273696899414062
0.0 0.08275856822729111
0.0 0.08287578076124191
0.0 0.0829545184969902
0.0 0.08313152194023132
0.0 0.08314870297908783
0.0 0.08328023552894592
0.0 0.08328252285718918
0.0 0.0834217295050621
0.0 0.08346731215715408
0.0 0.08356183767318726
0.0 0.0836574137210846
0.0 0.0838681012392044
0.0 0.08389946073293686
0.0 0.08390150219202042
0.0 0.08393463492393494
0.0 0.08397980034351349
0.0 0.0844055637717247
0.0 0.08466479927301407
0.0 0.0849900096654892
0.0 0.08514180034399033
0.0 0.08518236875534058
0.0 0.08539421856403351
0.0 0.08555220812559128
0.0 0.08563730865716934
0.0 0.08579397201538086
0.0 0.08581927418708801
0.0 0.08583491295576096
0.0 0.08592652529478073
0.0 0.08593213558197021
0.0 0.0860220342874527
0.0 0.08622610569000244
0.0 0.08686911314725876
0.0 0.0869867354631424
0.0 0.087138332426548
0.0 0.0874008908867836
0.0 0.08751930296421051
0.0 0.08792789280414581
0.0 0.08812568336725235
0.0 0.08816792815923691
0.0 0.08817794919013977
0.0 0.08818790316581726
0.0 0.08819273859262466
0.0 0.08821065723896027
0.0 0.0882478803396225
0.0 0.08835954964160919
0.0 0.08838853985071182
0.0 0.08854863047599792
0.0 0.08855250477790833
0.0 0.08887585252523422
0.0 0.0889185220003128
0.0 0.08917118608951569
0.0 0.08921296894550323
0.0 0.08921514451503754
0.0 0.08922730386257172
0.0 0.0893007293343544
0.0 0.08937883377075195
0.0 0.08944082260131836
0.0 0.08947894722223282
0.0 0.08973288536071777
0.0 0.08982888609170914
0.0 0.09000790119171143
0.0 0.09002906829118729
0.0 0.0904429703950882
0.0 0.09044917672872543
0.0 0.09050145745277405
0.0 0.09068642556667328
0.0 0.09090591222047806
0.0 0.09091246873140335
0.0 0.09103769809007645
0.0 0.09126158803701401
0.0 0.09128647297620773
0.0 0.0915072113275528
0.0 0.09159877896308899
0.0 0.09160590916872025
0.0 0.09161633253097534
0.0 0.0919547751545906
0.0 0.09203279763460159
0.0 0.09219945967197418
0.0 0.09225303679704666
0.0 0.09228798002004623
0.0 0.09233732521533966
0.0 0.09254515171051025
0.0 0.09309356659650803
0.0 0.09309825301170349
0.0 0.0932508334517479
0.0 0.0932881310582161
0.0 0.09330528974533081
0.0 0.09331430494785309
0.0 0.09334523975849152
0.0 0.09347483515739441
0.0 0.09358294308185577
0.0 0.0935974195599556
0.0 0.09362267702817917
0.0 0.0936436876654625
0.0 0.09369830042123795
0.0 0.09390700608491898
0.0 0.09406015276908875
0.0 0.09415745735168457
0.0 0.09431944042444229
0.0 0.09437421709299088
0.0 0.09443458169698715
0.0 0.09461081027984619
0.0 0.09466361999511719
0.0 0.09470511227846146
0.0 0.09486564248800278
0.0 0.0948900431394577
0.0 0.09496839344501495
0.0 0.09524061530828476
0.0 0.09532047808170319
0.0 0.09539087861776352
0.0 0.09557598829269409
0.0 0.09558764100074768
0.0 0.09611009061336517
0.0 0.09612922370433807
0.0 0.09629102796316147
0.0 0.09648964554071426
0.0 0.09664089977741241
0.0 0.09709662944078445
0.0 0.09730184823274612
0.0 0.09733852744102478
0.0 0.09751155227422714
0.0 0.09794909507036209
0.0 0.09806733578443527
0.0 0.0983005091547966
0.0 0.09869146347045898
0.0 0.0987972542643547
0.0 0.09960170835256577
0.0 0.09967008978128433
0.0 0.1000158041715622
0.0 0.10001961141824722
0.0 0.10028302669525146
0.0 0.1011171042919159
0.0 0.10184230655431747
0.0 0.10221464931964874
0.0 0.10336155444383621
0.0 0.10348299890756607
0.0 0.10391128808259964
0.0 0.10473795235157013
0.0 0.10684895515441895
0.0 0.10734132677316666
0.0 0.1077454686164856
0.0 0.11250152438879013
0.0 0.12194627523422241
0.0 0.12497463077306747
0.0 0.1254316121339798
0.0 0.1372561901807785
0.0 0.13827261328697205
0.0 0.14078916609287262
0.0 0.14104454219341278
0.0 0.15541672706604004
0.0 0.227481409907341
0.0 inf
