0.0 0.02497275359928608
0.0 0.025444386526942253
0.0 0.026508044451475143
0.0 0.026602203026413918
0.0 0.02703355997800827
0.0 0.027340324595570564
0.0 0.02759488672018051
0.0 0.027652516961097717
0.0 0.02779230661690235
0.0 0.028603453189134598
0.0 0.028629932552576065
0.0 0.028633659705519676
0.0 0.028994254767894745
0.0 0.029188599437475204
0.0 0.02988290600478649
0.0 0.02998652495443821
0.0 0.030106671154499054
0.0 0.030114833265542984
0.0 0.030173897743225098
0.0 0.030375055968761444
0.0 0.030419012531638145
0.0 0.030450722202658653
0.0 0.03076251968741417
0.0 0.03080957755446434
0.0 0.030881069600582123
0.0 0.03092287667095661
0.0 0.031120145693421364
0.0 0.031189877539873123
0.0 0.031508103013038635
0.0 0.03167925029993057
0.0 0.031869105994701385
0.0 0.03193015977740288
0.0 0.03201110661029816
0.0 0.03203200548887253
0.0 0.032167233526706696
0.0 0.03233529254794121
0.0 0.03240451589226723
0.0 0.03249501809477806
0.0 0.03267838433384895
0.0 0.033075276762247086
0.0 0.03310880810022354
0.0 0.033183444291353226
0.0 0.03322691470384598
0.0 0.03325455263257027
0.0 0.03333887830376625
0.0 0.03338691592216492
0.0 0.03339315578341484
0.0 0.03343164175748825
0.0 0.03344869241118431
0.0 0.0334763340651989
0.0 0.03348701447248459
0.0 0.033500976860523224
0.0 0.03351987898349762
0.0 0.03357241302728653
0.0 0.03361405059695244
0.0 0.03363271802663803
0.0 0.03363586962223053
0.0 0.03364431858062744
0.0 0.0337509885430336
0.0 0.03375544026494026
0.0 0.03380177915096283
0.0 0.03410840779542923
0.0 0.03428314998745918
0.0 0.03438323363661766
0.0 0.03438371792435646
0.0 0.034434281289577484
0.0 0.03451145440340042
0.0 0.034527216106653214
0.0 0.03460605815052986
0.0 0.03465145453810692
0.0 0.034744441509246826
0.0 0.034753747284412384
0.0 0.03478400409221649
0.0 0.03479132056236267
0.0 0.03485775738954544
0.0 0.03488020971417427
0.0 0.03491096571087837
0.0 0.03498569875955582
0.0 0.03501707315444946
0.0 0.035024493932724
0.0 0.035038843750953674
0.0 0.03516160696744919
0.0 0.035204265266656876
0.0 0.035207781940698624
0.0 0.03521442040801048
0.0 0.035625673830509186
0.0 0.03569299355149269
0.0 0.03572533279657364
0.0 0.03574775531888008
0.0 0.03576000779867172
0.0 0.035978764295578
0.0 0.03606460243463516
0.0 0.03608235344290733
0.0 0.03613721951842308
0.0 0.036137655377388
0.0 0.03633418306708336
0.0 0.03648757562041283
0.0 0.03650050610303879
0.0 0.03650336712598801
0.0 0.03651224449276924
0.0 0.036555737257003784
0.0 0.0365561880171299
0.0 0.03658980131149292
0.0 0.0365932323038578
0.0 0.03661113977432251
0.0 0.03661782294511795
0.0 0.03669092059135437
0.0 0.03682795912027359
0.0 0.03683173283934593
0.0 0.0368368998169899
0.0 0.03698572888970375
0.0 0.03708944097161293
0.0 0.03709764778614044
0.0 0.03710809722542763
0.0 0.037120234221220016
0.0 0.03712483495473862
0.0 0.03713551536202431
0.0 0.03715438395738602
0.0 0.037177637219429016
0.0 0.03718821331858635
0.0 0.0372428335249424
0.0 0.037278398871421814
0.0 0.03730251267552376
0.0 0.037323225289583206
0.0 0.03734460473060608
0.0 0.03735201805830002
0.0 0.03739560395479202
0.0 0.037397731095552444
0.0 0.03740973025560379
0.0 0.03745114803314209
0.0 0.037451308220624924
0.0 0.037516720592975616
0.0 0.03751817345619202
0.0 0.037520598620176315
0.0 0.03760203719139099
0.0 0.03762742504477501
0.0 0.03765522688627243
0.0 0.03768526762723923
0.0 0.037755515426397324
0.0 0.037755660712718964
0.0 0.03776177391409874
0.0 0.03781460225582123
0.0 0.03782949596643448
0.0 0.03788696601986885
0.0 0.03792376071214676
0.0 0.037966858595609665
0.0 0.038021545857191086
0.0 0.03802952542901039
0.0 0.038044605404138565
0.0 0.03806288167834282
0.0 0.03806877136230469
0.0 0.03809359297156334
0.0 0.0381200797855854
0.0 0.038135331124067307
0.0 0.0381443090736866
0.0 0.03816480189561844
0.0 0.03834647685289383
0.0 0.03837213292717934
0.0 0.038402821868658066
0.0 0.03844519704580307
0.0 0.038515910506248474
0.0 0.038587536662817
0.0 0.03860235586762428
0.0 0.03861721232533455
0.0 0.03861908242106438
0.0 0.03869609534740448
0.0 0.03870740905404091
0.0 0.03874417394399643
0.0 0.03877542167901993
0.0 0.03880784288048744
0.0 0.03885531798005104
0.0 0.0388830341398716
0.0 0.03893844410777092
0.0 0.0389474518597126
0.0 0.039034973829984665
0.0 0.03921772539615631
0.0 0.03923020139336586
0.0 0.03926076740026474
0.0 0.03927761688828468
0.0 0.03933495655655861
0.0 0.03933632746338844
0.0 0.03934437036514282
0.0 0.03936577960848808
0.0 0.03948187083005905
0.0 0.03959071263670921
0.0 0.03962761163711548
0.0 0.039644017815589905
0.0 0.03964683786034584
0.0 0.03972075879573822
0.0 0.03981447219848633
0.0 0.039845291525125504
0.0 0.03987090662121773
0.0 0.03990146145224571
0.0 0.03995385020971298
0.0 0.04004153981804848
0.0 0.040067628026008606
0.0 0.04013267531991005
0.0 0.04013381898403168
0.0 0.040176551789045334
0.0 0.04020535200834274
0.0 0.0402398444712162
0.0 0.04024247080087662
0.0 0.04029015079140663
0.0 0.04034668579697609
0.0 0.04034962132573128
0.0 0.0404248908162117
0.0 0.040456898510456085
0.0 0.04049423336982727
0.0 0.04051664471626282
0.0 0.04059106484055519
0.0 0.0406704917550087
0.0 0.040789004415273666
0.0 0.04081551730632782
0.0 0.040838178247213364
0.0 0.04084274172782898
0.0 0.04088231548666954
0.0 0.04091724008321762
0.0 0.04094661772251129
0.0 0.04095577448606491
0.0 0.040990740060806274
0.0 0.041039373725652695
0.0 0.041055161505937576
0.0 0.04108712077140808
0.0 0.041218530386686325
0.0 0.04122857376933098
0.0 0.041235946118831635
0.0 0.04125446826219559
0.0 0.04125465452671051
0.0 0.041256725788116455
0.0 0.04129753261804581
0.0 0.04135171324014664
0.0 0.04137111455202103
0.0 0.04140005260705948
0.0 0.04148703068494797
0.0 0.04151226207613945
0.0 0.04155157133936882
0.0 0.04156779125332832
0.0 0.041680097579956055
0.0 0.04174674302339554
0.0 0.041827864944934845
0.0 0.04182974249124527
0.0 0.04194607958197594
0.0 0.041967809200286865
0.0 0.04200514405965805
0.0 0.04212956875562668
0.0 0.042207665741443634
0.0 0.04221317917108536
0.0 0.042213376611471176
0.0 0.042243074625730515
0.0 0.042260896414518356
0.0 0.04230527579784393
0.0 0.042311348021030426
0.0 0.04231148958206177
0.0 0.04234015941619873
0.0 0.042347464710474014
0.0 0.042432449758052826
0.0 0.0425449013710022
0.0 0.04256514459848404
0.0 0.0426952950656414
0.0 0.04273795709013939
0.0 0.0427493155002594
0.0 0.04278554767370224
0.0 0.042907144874334335
0.0 0.042918507009744644
0.0 0.04299651086330414
0.0 0.04303711652755737
0.0 0.04306423291563988
0.0 0.04326792433857918
0.0 0.043304745107889175
0.0 0.04334067925810814
0.0 0.04334811493754387
0.0 0.04337461665272713
0.0 0.04341304302215576
0.0 0.043452851474285126
0.0 0.04345516115427017
0.0 0.043591246008872986
0.0 0.04363875836133957
0.0 0.04364962503314018
0.0 0.04365969076752663
0.0 0.04366684705018997
0.0 0.043683674186468124
0.0 0.043702539056539536
0.0 0.043723370879888535
0.0 0.04372447729110718
0.0 0.04377506673336029
0.0 0.04382722079753876
0.0 0.04396285116672516
0.0 0.04401419311761856
0.0 0.044017061591148376
0.0 0.04402884468436241
0.0 0.044033221900463104
0.0 0.04404151439666748
0.0 0.044088076800107956
0.0 0.04412904009222984
0.0 0.0441603846848011
0.0 0.044207848608493805
0.0 0.04435652121901512
0.0 0.044357188045978546
0.0 0.04442417994141579
0.0 0.044435057789087296
0.0 0.044499579817056656
0.0 0.04455198347568512
0.0 0.044580116868019104
0.0 0.04458286985754967
0.0 0.044679731130599976
0.0 0.0447671040892601
0.0 0.04482230544090271
0.0 0.04491747170686722
0.0 0.04503938928246498
0.0 0.04514826834201813
0.0 0.04522698372602463
0.0 0.04525391012430191
0.0 0.04527957737445831
0.0 0.04530157521367073
0.0 0.04540913179516792
0.0 0.0454271100461483
0.0 0.045530661940574646
0.0 0.04557342082262039
0.0 0.045645590871572495
0.0 0.04566679522395134
0.0 0.04572014510631561
0.0 0.045737892389297485
0.0 0.04581501707434654
0.0 0.04583370313048363
0.0 0.04587724804878235
0.0 0.04597894102334976
0.0 0.04607318341732025
0.0 0.04609763249754906
0.0 0.04610930383205414
0.0 0.04615703225135803
0.0 0.04618242383003235
0.0 0.04623790830373764
0.0 0.04633690044283867
0.0 0.04643448814749718
0.0 0.04648040980100632
0.0 0.04649454727768898
0.0 0.04652422294020653
0.0 0.04658336564898491
0.0 0.04670323431491852
0.0 0.046773768961429596
0.0 0.04680668190121651
0.0 0.04684101417660713
0.0 0.04685503989458084
0.0 0.046921372413635254
0.0 0.046931520104408264
0.0 0.046940937638282776
0.0 0.046967919915914536
0.0 0.04696987196803093
0.0 0.046991318464279175
0.0 0.046991437673568726
0.0 0.04720583185553551
0.0 0.04727331921458244
0.0 0.04731551557779312
0.0 0.0473475456237793
0.0 0.047474417835474014
0.0 0.04752876237034798
0.0 0.047568053007125854
0.0 0.04768773913383484
0.0 0.047808025032281876
0.0 0.04783962294459343
0.0 0.04787458851933479
0.0 0.04787462577223778
0.0 0.04808954522013664
0.0 0.04817870631814003
0.0 0.04819461330771446
0.0 0.04822704941034317
0.0 0.04828333109617233
0.0 0.04851154610514641
0.0 0.04860053211450577
0.0 0.0486009307205677
0.0 0.04862591624259949
0.0 0.04864079877734184
0.0 0.048739202320575714
0.0 0.04885132983326912
0.0 0.048859551548957825
0.0 0.04897025600075722
0.0 0.04910844564437866
0.0 0.049142010509967804
0.0 0.04930100962519646
0.0 0.04931282252073288
0.0 0.04934654012322426
0.0 0.049385134130716324
0.0 0.04947798326611519
0.0 0.049533113837242126
0.0 0.04962699115276337
0.0 0.04968833923339844
0.0 0.04972607269883156
0.0 0.04984547942876816
0.0 0.049862027168273926
0.0 0.05000965669751167
0.0 0.050108104944229126
0.0 0.05013479292392731
0.0 0.05025029927492142
0.0 0.05030888319015503
0.0 0.05033164471387863
0.0 0.050413087010383606
0.0 0.05060390383005142
0.0 0.05064792186021805
0.0 0.05068809539079666
0.0 0.050828658044338226
0.0 0.050962843000888824
0.0 0.0510677695274353
0.0 0.0510777086019516
0.0 0.05112481489777565
0.0 0.05133916810154915
0.0 0.05134366452693939
0.0 0.05144176259636879
0.0 0.051593512296676636
0.0 0.051763854920864105
0.0 0.0517953559756279
0.0 0.05200668424367905
0.0 0.052121374756097794
0.0 0.05232412740588188
0.0 0.05238739401102066
0.0 0.052431266754865646
0.0 0.05256572365760803
0.0 0.05263294652104378
0.0 0.05279510095715523
0.0 0.05282294377684593
0.0 0.05284874886274338
0.0 0.05309813842177391
0.0 0.053152166306972504
0.0 0.05330629274249077
0.0 0.053457241505384445
0.0 0.05356954410672188
0.0 0.053810637444257736
0.0 0.053867995738983154
0.0 0.053964171558618546
0.0 0.05397142842411995
0.0 0.054011810570955276
0.0 0.054113712161779404
0.0 0.054145947098731995
0.0 0.05423305556178093
0.0 0.054239023476839066
0.0 0.054250676184892654
0.0 0.05443314462900162
0.0 0.054515812546014786
0.0 0.05461183935403824
0.0 0.05477515608072281
0.0 0.05479022487998009
0.0 0.055222589522600174
0.0 0.055402133613824844
0.0 0.055416662245988846
0.0 0.055437587201595306
0.0 0.05551271140575409
0.0 0.05556022748351097
0.0 0.05556328967213631
0.0 0.055834390223026276
0.0 0.05591247230768204
0.0 0.056151676923036575
0.0 0.05618241801857948
0.0 0.05642066150903702
0.0 0.056706834584474564
0.0 0.056728992611169815
0.0 0.05694160610437393
0.0 0.05708453804254532
0.0 0.05711841955780983
0.0 0.05757123976945877
0.0 0.05772923305630684
0.0 0.0577641986310482
0.0 0.057804811745882034
0.0 0.057888537645339966
0.0 0.05865490809082985
0.0 0.05880054086446762
0.0 0.05936075374484062
0.0 0.05952604115009308
0.0 0.0597364567220211
0.0 0.05973712354898453
0.0 0.05973963066935539
0.0 0.059877462685108185
0.0 0.060621436685323715
0.0 0.060935892164707184
0.0 0.06133095920085907
0.0 0.06243089213967323
0.0 0.06310988962650299
0.0 0.0640314444899559
0.0 0.06431695073843002
0.0 0.06467165797948837
0.0 0.0647999569773674
0.0 0.06533476710319519
0.0 0.06592531502246857
0.0 0.06609515845775604
0.0 0.06675079464912415
0.0 0.06867045909166336
0.0 0.06870768964290619
0.0 0.0715469941496849
0.0 0.07170408964157104
0.0 0.07286535203456879
0.0 0.07299483567476273
0.0 0.0736510306596756
0.0 0.07474079728126526
0.0 0.07793675363063812
0.0 0.07795767486095428
0.0 0.07827796041965485
0.0 0.07973579317331314
0.0 0.08091633021831512
0.0 0.08618013560771942
0.0 0.0863318219780922
0.0 0.08758972585201263
0.0 0.09764619916677475
0.0 0.10743501037359238
0.0 0.10985877364873886
0.0 0.11286132782697678
0.0 0.11329059302806854
0.0 0.1181381344795227
0.0 0.12312132865190506
0.0 0.12340160459280014
0.0 0.1315767765045166
0.0 0.2116997092962265
0.0 0.2251913696527481
0.0 0.23376667499542236
0.0 inf
