0.0 0.035615116357803345
0.0 0.03801455348730087
0.0 0.038072455674409866
0.0 0.03841296583414078
0.0 0.03852762281894684
0.0 0.03867470473051071
0.0 0.038758784532547
0.0 0.03882453218102455
0.0 0.03885838761925697
0.0 0.03897089138627052
0.0 0.039307449012994766
0.0 0.03945421800017357
0.0 0.04014013707637787
0.0 0.040469832718372345
0.0 0.040848005563020706
0.0 0.04088282585144043
0.0 0.040985941886901855
0.0 0.04113095626235008
0.0 0.04140087217092514
0.0 0.04181037098169327
0.0 0.04188767448067665
0.0 0.041920434683561325
0.0 0.042065102607011795
0.0 0.04206713289022446
0.0 0.04209386557340622
0.0 0.04213445633649826
0.0 0.042659878730773926
0.0 0.04278886318206787
0.0 0.04279645159840584
0.0 0.04312869533896446
0.0 0.04313168302178383
0.0 0.04316280782222748
0.0 0.04347001761198044
0.0 0.04354257881641388
0.0 0.043808966875076294
0.0 0.04381663724780083
0.0 0.043853841722011566
0.0 0.044122375547885895
0.0 0.04414380341768265
0.0 0.04423820972442627
0.0 0.044330161064863205
0.0 0.04441370815038681
0.0 0.044437214732170105
0.0 0.04444552958011627
0.0 0.04453323781490326
0.0 0.044586773961782455
0.0 0.04464970529079437
0.0 0.04473429173231125
0.0 0.044784579426050186
0.0 0.044941384345293045
0.0 0.045010775327682495
0.0 0.04524354264140129
0.0 0.045264676213264465
0.0 0.04530290514230728
0.0 0.04545503109693527
0.0 0.045465342700481415
0.0 0.045501090586185455
0.0 0.045572251081466675
0.0 0.045653168112039566
0.0 0.04569290950894356
0.0 0.045812711119651794
0.0 0.04593157023191452
0.0 0.045956049114465714
0.0 0.04626838117837906
0.0 0.04631008207798004
0.0 0.04634380713105202
0.0 0.046391524374485016
0.0 0.04644191637635231
0.0 0.04647761210799217
0.0 0.04648873209953308
0.0 0.04649117588996887
0.0 0.04649259150028229
0.0 0.04655492678284645
0.0 0.0465860478579998
0.0 0.04661893844604492
0.0 0.046654265373945236
0.0 0.046754442155361176
0.0 0.046799514442682266
0.0 0.046823855489492416
0.0 0.04688701033592224
0.0 0.046964868903160095
0.0 0.04701732471585274
0.0 0.0471208319067955
0.0 0.047170381993055344
0.0 0.0471828430891037
0.0 0.04722962528467178
0.0 0.04730066657066345
0.0 0.047352954745292664
0.0 0.04743792489171028
0.0 0.04751273989677429
0.0 0.047539353370666504
0.0 0.0476079024374485
0.0 0.04763542488217354
0.0 0.04779592156410217
0.0 0.04780709370970726
0.0 0.04787766933441162
0.0 0.04789413884282112
0.0 0.04795100912451744
0.0 0.047976478934288025
0.0 0.04803428798913956
0.0 0.04812495782971382
0.0 0.04827573895454407
0.0 0.04828533157706261
0.0 0.04831285402178764
0.0 0.04848296567797661
0.0 0.04855205863714218
0.0 0.048599131405353546
0.0 0.04871371015906334
0.0 0.048750318586826324
0.0 0.04882331192493439
0.0 0.048902202397584915
0.0 0.048947352916002274
0.0 0.049025069922208786
0.0 0.04912383854389191
0.0 0.049157045781612396
0.0 0.049309439957141876
0.0 0.04932994768023491
0.0 0.04934844374656677
0.0 0.04940681532025337
0.0 0.04942721128463745
0.0 0.0494866669178009
0.0 0.049508046358823776
0.0 0.04954023286700249
0.0 0.049587126821279526
0.0 0.0496397502720356
0.0 0.04968562349677086
0.0 0.04975614696741104
0.0 0.04977152869105339
0.0 0.049822546541690826
0.0 0.049822911620140076
0.0 0.04989815130829811
0.0 0.049931030720472336
0.0 0.04999233037233353
0.0 0.05006331577897072
0.0 0.050095703452825546
0.0 0.050115469843149185
0.0 0.050126854330301285
0.0 0.05016108602285385
0.0 0.050204891711473465
0.0 0.05021897330880165
0.0 0.05023310333490372
0.0 0.050259314477443695
0.0 0.05028526484966278
0.0 0.05029412731528282
0.0 0.050310440361499786
0.0 0.050336070358753204
0.0 0.05054456740617752
0.0 0.05057666823267937
0.0 0.050593674182891846
0.0 0.05062201991677284
0.0 0.05068306252360344
0.0 0.050687894225120544
0.0 0.05071797966957092
0.0 0.05074409022927284
0.0 0.050745151937007904
0.0 0.050787802785634995
0.0 0.050810061395168304
0.0 0.05081215873360634
0.0 0.050819214433431625
0.0 0.05098765343427658
0.0 0.05114515870809555
0.0 0.05114908516407013
0.0 0.05115940794348717
0.0 0.05116141214966774
0.0 0.051170963793992996
0.0 0.051238369196653366
0.0 0.051240019500255585
0.0 0.05127144977450371
0.0 0.05134362354874611
0.0 0.05141465365886688
0.0 0.05142051726579666
0.0 0.051446493715047836
0.0 0.051453061401844025
0.0 0.05154931917786598
0.0 0.0515730082988739
0.0 0.051673613488674164
0.0 0.051810458302497864
0.0 0.05181299149990082
0.0 0.05182138830423355
0.0 0.05183612182736397
0.0 0.05185765400528908
0.0 0.05186174437403679
0.0 0.05198684334754944
0.0 0.05199865624308586
0.0 0.05203607678413391
0.0 0.05207051336765289
0.0 0.05209292843937874
0.0 0.052124638110399246
0.0 0.05218951031565666
0.0 0.05220676586031914
0.0 0.05229915678501129
0.0 0.05233817920088768
0.0 0.05238369107246399
0.0 0.05241997167468071
0.0 0.05244964733719826
0.0 0.052464403212070465
0.0 0.05246802419424057
0.0 0.052472494542598724
0.0 0.05249866470694542
0.0 0.05250456556677818
0.0 0.052528414875268936
0.0 0.052582550793886185
0.0 0.05261516943573952
0.0 0.052635401487350464
0.0 0.05265931040048599
0.0 0.05272797867655754
0.0 0.05273383855819702
0.0 0.05285373702645302
0.0 0.052922237664461136
0.0 0.05293833836913109
0.0 0.05297723412513733
0.0 0.053112052381038666
0.0 0.053119100630283356
0.0 0.05326439440250397
0.0 0.05327620729804039
0.0 0.05342002213001251
0.0 0.05352247878909111
0.0 0.05354597792029381
0.0 0.05360360071063042
0.0 0.05360587686300278
0.0 0.05374365672469139
0.0 0.05381656438112259
0.0 0.053923606872558594
0.0 0.05398405343294144
0.0 0.054117314517498016
0.0 0.054118912667036057
0.0 0.05423469468951225
0.0 0.05435417219996452
0.0 0.05438835173845291
0.0 0.05452181026339531
0.0 0.05461160093545914
0.0 0.05468699708580971
0.0 0.05478554219007492
0.0 0.05495163053274155
0.0 0.054999154061079025
0.0 0.055045612156391144
0.0 0.05504634976387024
0.0 0.05507098138332367
0.0 0.0550946481525898
0.0 0.05515741929411888
0.0 0.05523168668150902
0.0 0.055261123925447464
0.0 0.055366773158311844
0.0 0.05545193701982498
0.0 0.055533021688461304
0.0 0.05554274469614029
0.0 0.055601973086595535
0.0 0.0556575171649456
0.0 0.055732306092977524
0.0 0.055756207555532455
0.0 0.05591193586587906
0.0 0.05598558858036995
0.0 0.05603310838341713
0.0 0.05605136603116989
0.0 0.05622566491365433
0.0 0.05627952888607979
0.0 0.05632597953081131
0.0 0.056344885379076004
0.0 0.05637270212173462
0.0 0.05639404058456421
0.0 0.05657057836651802
0.0 0.05658745393157005
0.0 0.056616462767124176
0.0 0.056677378714084625
0.0 0.05668024718761444
0.0 0.0568169504404068
0.0 0.05683977156877518
0.0 0.056878942996263504
0.0 0.056918490678071976
0.0 0.05693162977695465
0.0 0.05697809159755707
0.0 0.05704377219080925
0.0 0.057057760655879974
0.0 0.05706894397735596
0.0 0.05711180716753006
0.0 0.057112209498882294
0.0 0.057121288031339645
0.0 0.05713389813899994
0.0 0.057185858488082886
0.0 0.057218242436647415
0.0 0.057366497814655304
0.0 0.057408131659030914
0.0 0.05746392905712128
0.0 0.05749274417757988
0.0 0.057584527879953384
0.0 0.05762054771184921
0.0 0.057657498866319656
0.0 0.057837292551994324
0.0 0.05803152918815613
0.0 0.05809677764773369
0.0 0.05810588598251343
0.0 0.058179520070552826
0.0 0.05835196003317833
0.0 0.058366455137729645
0.0 0.05841239541769028
0.0 0.05848085135221481
0.0 0.058530036360025406
0.0 0.0585499070584774
0.0 0.05858311429619789
0.0 0.05859072506427765
0.0 0.05866561084985733
0.0 0.05884486436843872
0.0 0.05894952639937401
0.0 0.05912380293011665
0.0 0.059183310717344284
0.0 0.059241101145744324
0.0 0.05941962078213692
0.0 0.05945673584938049
0.0 0.059518445283174515
0.0 0.05955957993865013
0.0 0.059638310223817825
0.0 0.05990658327937126
0.0 0.06012449041008949
0.0 0.06024867296218872
0.0 0.060323990881443024
0.0 0.060432128608226776
0.0 0.06052247807383537
0.0 0.06063319742679596
0.0 0.060685738921165466
0.0 0.060687560588121414
0.0 0.060690175741910934
0.0 0.060891665518283844
0.0 0.061349332332611084
0.0 0.061358410865068436
0.0 0.06139924004673958
0.0 0.061584923416376114
0.0 0.06162178888916969
0.0 0.06172362342476845
0.0 0.0617370568215847
0.0 0.06175611913204193
0.0 0.06195706129074097
0.0 0.06200563162565231
0.0 0.06213315203785896
0.0 0.0624999962747097
0.0 0.06250933557748795
0.0 0.06250957399606705
0.0 0.06265481561422348
0.0 0.06275875121355057
0.0 0.06282174587249756
0.0 0.06282494962215424
0.0 0.06286002695560455
0.0 0.06287893652915955
0.0 0.06289809197187424
0.0 0.06298685073852539
0.0 0.0630437359213829
0.0 0.0630888119339943
0.0 0.06316352635622025
0.0 0.06343117356300354
0.0 0.06347369402647018
0.0 0.06349269300699234
0.0 0.06359237432479858
0.0 0.06369921565055847
0.0 0.06377710402011871
0.0 0.06378213316202164
0.0 0.06382972747087479
0.0 0.06401374936103821
0.0 0.06408318132162094
0.0 0.06410490721464157
0.0 0.06419065594673157
0.0 0.0643000677227974
0.0 0.06432119756937027
0.0 0.06433010846376419
0.0 0.06443773210048676
0.0 0.0644930824637413
0.0 0.06450743228197098
0.0 0.06455857306718826
0.0 0.06461808830499649
0.0 0.06465208530426025
0.0 0.06471412628889084
0.0 0.0649540051817894
0.0 0.06497122347354889
0.0 0.06512193381786346
0.0 0.06513173133134842
0.0 0.06519053876399994
0.0 0.06519106775522232
0.0 0.06527768075466156
0.0 0.06539033353328705
0.0 0.06541544198989868
0.0 0.06543995440006256
0.0 0.06548403948545456
0.0 0.06551322340965271
0.0 0.06560899317264557
0.0 0.06563764065504074
0.0 0.0657779797911644
0.0 0.06584633141756058
0.0 0.06593609601259232
0.0 0.06601303070783615
0.0 0.06604626029729843
0.0 0.06614402681589127
0.0 0.06616689264774323
0.0 0.06618476659059525
0.0 0.06632588058710098
0.0 0.06641150265932083
0.0 0.06642486155033112
0.0 0.0665227398276329
0.0 0.06679044663906097
0.0 0.06689124554395676
0.0 0.0669308751821518
0.0 0.06694507598876953
0.0 0.06701081991195679
0.0 0.06707017123699188
0.0 0.06715406477451324
0.0 0.06716493517160416
0.0 0.06734706461429596
0.0 0.06736770272254944
0.0 0.06738663464784622
0.0 0.06742282211780548
0.0 0.0675291121006012
0.0 0.06766427308320999
0.0 0.06772413849830627
0.0 0.06788402050733566
0.0 0.06810333579778671
0.0 0.06813125312328339
0.0 0.06822706758975983
0.0 0.06829631328582764
0.0 0.06833728402853012
0.0 0.06882378458976746
0.0 0.06904242187738419
0.0 0.06945064663887024
0.0 0.06946344673633575
0.0 0.06956630200147629
0.0 0.06984072923660278
0.0 0.07004449516534805
0.0 0.07036715745925903
0.0 0.07040040194988251
0.0 0.07040181756019592
0.0 0.07062619179487228
0.0 0.07071341574192047
0.0 0.07071682810783386
0.0 0.07074523717164993
0.0 0.07114940136671066
0.0 0.07118628919124603
0.0 0.07138961553573608
0.0 0.07147444039583206
0.0 0.0718211904168129
0.0 0.07236405462026596
0.0 0.07237986475229263
0.0 0.07308515906333923
0.0 0.07323887944221497
0.0 0.0732504278421402
0.0 0.0733656957745552
0.0 0.07376175373792648
0.0 0.07399813085794449
0.0 0.07486075162887573
0.0 0.07506289333105087
0.0 0.07552997022867203
0.0 0.07556679099798203
0.0 0.07562153786420822
0.0 0.07562390714883804
0.0 0.07568927854299545
0.0 0.07571960985660553
0.0 0.07576384395360947
0.0 0.07587839663028717
0.0 0.07591301947832108
0.0 0.07645118981599808
0.0 0.0766230970621109
0.0 0.0773555114865303
0.0 0.07759582996368408
0.0 0.07789672911167145
0.0 0.07807840406894684
0.0 0.07810822874307632
0.0 0.07857280969619751
0.0 0.07873555272817612
0.0 0.07892072200775146
0.0 0.07892452925443649
0.0 0.07925661653280258
0.0 0.07934381067752838
0.0 0.07954347133636475
0.0 0.08008518815040588
0.0 0.08065951615571976
0.0 0.08074919879436493
0.0 0.08151950687170029
0.0 0.0817384347319603
0.0 0.08185184746980667
0.0 0.08228453248739243
0.0 0.08266841620206833
0.0 0.08308184891939163
0.0 0.08361566811800003
0.0 0.0844980776309967
0.0 0.0854763463139534
0.0 0.08562198281288147
0.0 0.08588308840990067
0.0 0.0863247811794281
0.0 0.08670659363269806
0.0 0.08692701160907745
0.0 0.08757120370864868
0.0 0.08773257583379745
0.0 0.08776836842298508
0.0 0.08815981447696686
0.0 0.08840320259332657
0.0 0.08841511607170105
0.0 0.08856362849473953
0.0 0.08937817811965942
0.0 0.08994673937559128
0.0 0.0918555036187172
0.0 0.09332185983657837
0.0 0.09345729649066925
0.0 0.0941842645406723
0.0 0.09455746412277222
0.0 0.09567904472351074
0.0 0.09750781953334808
0.0 0.09886972606182098
0.0 0.09924216568470001
0.0 0.09962216019630432
0.0 0.10049621015787125
0.0 0.1007918193936348
0.0 0.1010233610868454
0.0 0.10384492576122284
0.0 0.10669346898794174
0.0 0.10980880260467529
0.0 0.11719057708978653
0.0 inf
