0.0 0.04732228443026543
0.0 0.0475834384560585
0.0 0.04787420108914375
0.0 0.05265776813030243
0.0 0.05277054384350777
0.0 0.05463388189673424
0.0 0.05557994171977043
0.0 0.05591319873929024
0.0 0.05665617436170578
0.0 0.056885987520217896
0.0 0.056999463587999344
0.0 0.057291559875011444
0.0 0.057388924062252045
0.0 0.05759633705019951
0.0 0.05766773968935013
0.0 0.05834851413965225
0.0 0.058353252708911896
0.0 0.05865282937884331
0.0 0.058751944452524185
0.0 0.05953608453273773
0.0 0.05968949571251869
0.0 0.05990849807858467
0.0 0.0607181079685688
0.0 0.06121355667710304
0.0 0.061400581151247025
0.0 0.06163389980792999
0.0 0.06164292246103287
0.0 0.06169426813721657
0.0 0.06171218678355217
0.0 0.06184252351522446
0.0 0.06206180900335312
0.0 0.06233379244804382
0.0 0.06265465915203094
0.0 0.06314850598573685
0.0 0.0632840096950531
0.0 0.06341937184333801
0.0 0.06362227350473404
0.0 0.06366986781358719
0.0 0.06372281908988953
0.0 0.06385092437267303
0.0 0.06385407596826553
0.0 0.06395777314901352
0.0 0.06405135244131088
0.0 0.06416169553995132
0.0 0.06420424580574036
0.0 0.06420912593603134
0.0 0.06462555378675461
0.0 0.06489671021699905
0.0 0.06518208235502243
0.0 0.065226249396801
0.0 0.06544475257396698
0.0 0.06545004993677139
0.0 0.06552819162607193
0.0 0.06557044386863708
0.0 0.06584267318248749
0.0 0.06588664650917053
0.0 0.06590212881565094
0.0 0.06647282093763351
0.0 0.0665883794426918
0.0 0.06676823645830154
0.0 0.06704773008823395
0.0 0.06730376929044724
0.0 0.06731534749269485
0.0 0.06745672225952148
0.0 0.0674813911318779
0.0 0.06764247268438339
0.0 0.06765682995319366
0.0 0.06782518327236176
0.0 0.0678648129105568
0.0 0.0679265484213829
0.0 0.06801673024892807
0.0 0.06803453713655472
0.0 0.06809443980455399
0.0 0.06819827109575272
0.0 0.06827915459871292
0.0 0.06851968169212341
0.0 0.06854963302612305
0.0 0.0685807317495346
0.0 0.06863129884004593
0.0 0.06891133636236191
0.0 0.06899511814117432
0.0 0.06909816712141037
0.0 0.06919626146554947
0.0 0.06926310807466507
0.0 0.06933202594518661
0.0 0.06948604434728622
0.0 0.06949436664581299
0.0 0.06956197321414948
0.0 0.06961852312088013
0.0 0.0697692334651947
0.0 0.06981150060892105
0.0 0.06989407539367676
0.0 0.06991201639175415
0.0 0.07004848122596741
0.0 0.07008013129234314
0.0 0.07008859515190125
0.0 0.07010827213525772
0.0 0.07011623680591583
0.0 0.07014404982328415
0.0 0.07025953382253647
0.0 0.0703888088464737
0.0 0.07044824212789536
0.0 0.07049864530563354
0.0 0.07051947712898254
0.0 0.07054228335618973
0.0 0.07058544456958771
0.0 0.07063231617212296
0.0 0.07082924991846085
0.0 0.07091231644153595
0.0 0.07091783732175827
0.0 0.07092675566673279
0.0 0.07106820493936539
0.0 0.07121250778436661
0.0 0.07122286409139633
0.0 0.07123208045959473
0.0 0.07129307836294174
0.0 0.07136495411396027
0.0 0.07139827311038971
0.0 0.07140804082155228
0.0 0.07143087685108185
0.0 0.07153522968292236
0.0 0.07158233225345612
0.0 0.07175382226705551
0.0 0.07178527116775513
0.0 0.07184538245201111
0.0 0.07185222953557968
0.0 0.07190993428230286
0.0 0.07203890383243561
0.0 0.07205814868211746
0.0 0.07219868153333664
0.0 0.07223978638648987
0.0 0.07233501970767975
0.0 0.07248935848474503
0.0 0.07254776358604431
0.0 0.07255759835243225
0.0 0.07261877506971359
0.0 0.07263340055942535
0.0 0.07280061393976212
0.0 0.07301751524209976
0.0 0.07309563457965851
0.0 0.0731562077999115
0.0 0.07319363206624985
0.0 0.07326842099428177
0.0 0.07328978925943375
0.0 0.07355581223964691
0.0 0.07358938455581665
0.0 0.0736677497625351
0.0 0.0737641304731369
0.0 0.07391682267189026
0.0 0.07398752868175507
0.0 0.07404586672782898
0.0 0.0741920918226242
0.0 0.07431246340274811
0.0 0.07439401000738144
0.0 0.07440747320652008
0.0 0.0744224265217781
0.0 0.07443171739578247
0.0 0.0744829922914505
0.0 0.0745130404829979
0.0 0.07461905479431152
0.0 0.0747249498963356
0.0 0.07483430206775665
0.0 0.07489258795976639
0.0 0.07496914267539978
0.0 0.07543181627988815
0.0 0.07551568001508713
0.0 0.0756363570690155
0.0 0.07566932588815689
0.0 0.07582210004329681
0.0 0.07603906095027924
0.0 0.07605773955583572
0.0 0.07619868963956833
0.0 0.07626603543758392
0.0 0.07652358710765839
0.0 0.07659763097763062
0.0 0.07665452361106873
0.0 0.07668182998895645
0.0 0.07670358568429947
0.0 0.07679447531700134
0.0 0.07685032486915588
0.0 0.07687389105558395
0.0 0.0770769864320755
0.0 0.07717233151197433
0.0 0.07718195021152496
0.0 0.07719840854406357
0.0 0.07733747363090515
0.0 0.0774446502327919
0.0 0.07746591418981552
0.0 0.07752703875303268
0.0 0.07756780087947845
0.0 0.07761684060096741
0.0 0.07765552401542664
0.0 0.07775957882404327
0.0 0.0777689591050148
0.0 0.07784731686115265
0.0 0.07785104960203171
0.0 0.0781325101852417
0.0 0.07825876027345657
0.0 0.0782647505402565
0.0 0.07832558453083038
0.0 0.07835249602794647
0.0 0.07882286608219147
0.0 0.07916665822267532
0.0 0.07917394489049911
0.0 0.07922198623418808
0.0 0.07926543802022934
0.0 0.07932749390602112
0.0 0.0793486163020134
0.0 0.07963608205318451
0.0 0.07964365184307098
0.0 0.07965224981307983
0.0 0.07978617399930954
0.0 0.07990162819623947
0.0 0.07993017882108688
0.0 0.08023112267255783
0.0 0.08028189092874527
0.0 0.0803380236029625
0.0 0.08039811253547668
0.0 0.08041705191135406
0.0 0.0804465040564537
0.0 0.08049317449331284
0.0 0.08050108700990677
0.0 0.08060024678707123
0.0 0.08069108426570892
0.0 0.08073892444372177
0.0 0.08085295557975769
0.0 0.08086229860782623
0.0 0.08091042190790176
0.0 0.08093380928039551
0.0 0.08099188655614853
0.0 0.08117885887622833
0.0 0.08141506463289261
0.0 0.08156923204660416
0.0 0.08171671628952026
0.0 0.0817718431353569
0.0 0.0818202793598175
0.0 0.08184166252613068
0.0 0.08198881149291992
0.0 0.08204273134469986
0.0 0.08208239823579788
0.0 0.08223827928304672
0.0 0.08227304369211197
0.0 0.08236064016819
0.0 0.08236072212457657
0.0 0.08262799680233002
0.0 0.08266778290271759
0.0 0.08271247893571854
0.0 0.08271987736225128
0.0 0.08307049423456192
0.0 0.0830930843949318
0.0 0.08323845267295837
0.0 0.08331453800201416
0.0 0.0833204835653305
0.0 0.08334934711456299
0.0 0.08339818567037582
0.0 0.08344853669404984
0.0 0.08368591219186783
0.0 0.08377137035131454
0.0 0.08385796844959259
0.0 0.08386245369911194
0.0 0.08388454467058182
0.0 0.0840199887752533
0.0 0.08419870585203171
0.0 0.08425536006689072
0.0 0.08427304029464722
0.0 0.0843115970492363
0.0 0.08457980304956436
0.0 0.08463151007890701
0.0 0.08470101654529572
0.0 0.08473247289657593
0.0 0.08476033061742783
0.0 0.08483228832483292
0.0 0.08491690456867218
0.0 0.085057832300663
0.0 0.08507026731967926
0.0 0.08513722568750381
0.0 0.08525598794221878
0.0 0.08533249795436859
0.0 0.08538077771663666
0.0 0.08540032058954239
0.0 0.08564457297325134
0.0 0.0856981873512268
0.0 0.08575426787137985
0.0 0.08584622293710709
0.0 0.08587898313999176
0.0 0.08588302135467529
0.0 0.08621882647275925
0.0 0.08621949702501297
0.0 0.08629322052001953
0.0 0.0864676758646965
0.0 0.08652465045452118
0.0 0.08677658438682556
0.0 0.08678100258111954
0.0 0.08682359755039215
0.0 0.08682716637849808
0.0 0.08683928102254868
0.0 0.0869164764881134
0.0 0.08694981038570404
0.0 0.08705250173807144
0.0 0.08711551874876022
0.0 0.08721034973859787
0.0 0.08733026683330536
0.0 0.08740297704935074
0.0 0.08741607517004013
0.0 0.08750911056995392
0.0 0.08764145523309708
0.0 0.08764278888702393
0.0 0.08775839954614639
0.0 0.08795755356550217
0.0 0.08804193139076233
0.0 0.08840479701757431
0.0 0.08847957849502563
0.0 0.08850210905075073
0.0 0.08855012059211731
0.0 0.08860266208648682
0.0 0.08907818794250488
0.0 0.08919379860162735
0.0 0.08926264196634293
0.0 0.0897294208407402
0.0 0.08974041044712067
0.0 0.08977140486240387
0.0 0.08980073034763336
0.0 0.08983074128627777
0.0 0.08985866606235504
0.0 0.09002147614955902
0.0 0.09003136307001114
0.0 0.09014738351106644
0.0 0.09022922068834305
0.0 0.09026817977428436
0.0 0.09029392898082733
0.0 0.09033788740634918
0.0 0.09043999016284943
0.0 0.09055346995592117
0.0 0.09070546180009842
0.0 0.09089595079421997
0.0 0.09097319096326828
0.0 0.09097625315189362
0.0 0.09117089956998825
0.0 0.09118901193141937
0.0 0.09125877171754837
0.0 0.09134352952241898
0.0 0.09134559333324432
0.0 0.09135394543409348
0.0 0.09141221642494202
0.0 0.09143311530351639
0.0 0.09186452627182007
0.0 0.09188497066497803
0.0 0.09191548824310303
0.0 0.09198563545942307
0.0 0.09207866340875626
0.0 0.09216371923685074
0.0 0.0922265276312828
0.0 0.09227360039949417
0.0 0.09229504317045212
0.0 0.09230980277061462
0.0 0.09233534336090088
0.0 0.09252558648586273
0.0 0.09273535758256912
0.0 0.09286327660083771
0.0 0.09317967295646667
0.0 0.09319194406270981
0.0 0.0932338535785675
0.0 0.09332091361284256
0.0 0.09334792196750641
0.0 0.09349524974822998
0.0 0.09350662678480148
0.0 0.09364451467990875
0.0 0.09370888024568558
0.0 0.09396270662546158
0.0 0.09412194043397903
0.0 0.0942588523030281
0.0 0.09434124827384949
0.0 0.09445616602897644
0.0 0.09446247667074203
0.0 0.09446587413549423
0.0 0.09481722116470337
0.0 0.09490769356489182
0.0 0.09494250267744064
0.0 0.09495245665311813
0.0 0.09498212486505508
0.0 0.09508992731571198
0.0 0.09513866156339645
0.0 0.09556504338979721
0.0 0.09562709927558899
0.0 0.09593039751052856
0.0 0.0961008220911026
0.0 0.09626000374555588
0.0 0.09627442806959152
0.0 0.09644843637943268
0.0 0.09653323143720627
0.0 0.09678547829389572
0.0 0.09688884764909744
0.0 0.09720586985349655
0.0 0.09739206731319427
0.0 0.09742064774036407
0.0 0.0978320986032486
0.0 0.0979335606098175
0.0 0.09796438366174698
0.0 0.09803157299757004
0.0 0.09821392595767975
0.0 0.0982266440987587
0.0 0.09849889576435089
0.0 0.09850924462080002
0.0 0.09851644188165665
0.0 0.09870336204767227
0.0 0.09873238950967789
0.0 0.0987747460603714
0.0 0.09942082315683365
0.0 0.0995546355843544
0.0 0.09986544400453568
0.0 0.1000523492693901
0.0 0.10031023621559143
0.0 0.10062853991985321
0.0 0.10063189268112183
0.0 0.10072435438632965
0.0 0.10078897327184677
0.0 0.10093484818935394
0.0 0.10097841918468475
0.0 0.10113435983657837
0.0 0.1014217808842659
0.0 0.10148479044437408
0.0 0.10171999782323837
0.0 0.1017225906252861
0.0 0.10173751413822174
0.0 0.10175631940364838
0.0 0.10177459567785263
0.0 0.10183560848236084
0.0 0.10188436508178711
0.0 0.10188925266265869
0.0 0.1019919291138649
0.0 0.10204838216304779
0.0 0.10207156091928482
0.0 0.10208506882190704
0.0 0.10220351070165634
0.0 0.10245953500270844
0.0 0.10283718258142471
0.0 0.1028648093342781
0.0 0.10295573621988297
0.0 0.10309125483036041
0.0 0.10319600254297256
0.0 0.1032443717122078
0.0 0.10346042364835739
0.0 0.10356883704662323
0.0 0.10363344848155975
0.0 0.10422596335411072
0.0 0.10486654192209244
0.0 0.10527348518371582
0.0 0.10572949796915054
0.0 0.10585229098796844
0.0 0.10604728758335114
0.0 0.10614131391048431
0.0 0.10616924613714218
0.0 0.10626731812953949
0.0 0.10682664811611176
0.0 0.10692102462053299
0.0 0.10699488967657089
0.0 0.10705588757991791
0.0 0.10721217840909958
0.0 0.10754972696304321
0.0 0.10780563205480576
0.0 0.1078246682882309
0.0 0.10792958736419678
0.0 0.10795729607343674
0.0 0.10799236595630646
0.0 0.10805127769708633
0.0 0.10838038474321365
0.0 0.10838876664638519
0.0 0.10894358158111572
0.0 0.10906236618757248
0.0 0.10933773964643478
0.0 0.11050094664096832
0.0 0.11052145808935165
0.0 0.11084159463644028
0.0 0.11102143675088882
0.0 0.11109461635351181
0.0 0.11321494728326797
0.0 0.11338678002357483
0.0 0.11339574307203293
0.0 0.11344142258167267
0.0 0.11405245959758759
0.0 0.11406614631414413
0.0 0.11449550092220306
0.0 0.1146019995212555
0.0 0.11484666913747787
0.0 0.11512614786624908
0.0 0.11722633987665176
0.0 0.11737915128469467
0.0 0.11802215874195099
0.0 0.11825183033943176
0.0 0.11867284774780273
0.0 0.11881019175052643
0.0 0.11894463747739792
0.0 0.1191849485039711
0.0 0.11963557451963425
0.0 0.12041648477315903
0.0 0.120648592710495
0.0 0.12099936604499817
0.0 0.12102795392274857
0.0 0.12165804952383041
0.0 0.1219111979007721
0.0 0.12292096763849258
0.0 0.12357552349567413
0.0 0.12615031003952026
0.0 0.1271863728761673
0.0 0.12770676612854004
0.0 0.13801886141300201
0.0 0.13884665071964264
0.0 0.1406337022781372
0.0 0.1501116156578064
0.0 0.15768639743328094
0.0 0.15793448686599731
0.0 inf
