0.0 0.05652758479118347
0.0 0.05665699765086174
0.0 0.058873627334833145
0.0 0.06001375615596771
0.0 0.06041930988430977
0.0 0.06068756803870201
0.0 0.06154991686344147
0.0 0.06623287498950958
0.0 0.06667531281709671
0.0 0.06704512238502502
0.0 0.06739381700754166
0.0 0.06748392432928085
0.0 0.0677265152335167
0.0 0.067889504134655
0.0 0.06824252754449844
0.0 0.06865762919187546
0.0 0.06882396340370178
0.0 0.06924238801002502
0.0 0.06987784802913666
0.0 0.07048698514699936
0.0 0.07118677347898483
0.0 0.07131907343864441
0.0 0.07169819623231888
0.0 0.07181832194328308
0.0 0.07215718179941177
0.0 0.07246053963899612
0.0 0.0724731832742691
0.0 0.07349322736263275
0.0 0.07395610958337784
0.0 0.07415586709976196
0.0 0.07430186122655869
0.0 0.07442256808280945
0.0 0.0744500532746315
0.0 0.0745878517627716
0.0 0.07518969476222992
0.0 0.07527856528759003
0.0 0.07532242685556412
0.0 0.07639218121767044
0.0 0.0765511691570282
0.0 0.07697004079818726
0.0 0.07708810269832611
0.0 0.07818660140037537
0.0 0.0785064622759819
0.0 0.07869613170623779
0.0 0.07878429442644119
0.0 0.07889780402183533
0.0 0.07890813052654266
0.0 0.07893816381692886
0.0 0.0791211649775505
0.0 0.0792437493801117
0.0 0.07940743118524551
0.0 0.07955498993396759
0.0 0.07959221303462982
0.0 0.07970523834228516
0.0 0.07978399097919464
0.0 0.07986816763877869
0.0 0.07999084144830704
0.0 0.08020138740539551
0.0 0.08024441450834274
0.0 0.08026005327701569
0.0 0.08040890097618103
0.0 0.08059424161911011
0.0 0.08063513040542603
0.0 0.0808204784989357
0.0 0.08084414899349213
0.0 0.08107133954763412
0.0 0.08130291104316711
0.0 0.08133581280708313
0.0 0.0815773755311966
0.0 0.08166854828596115
0.0 0.08188338577747345
0.0 0.08196070045232773
0.0 0.08213548362255096
0.0 0.0821659117937088
0.0 0.08219420164823532
0.0 0.08219633996486664
0.0 0.08223707973957062
0.0 0.08239200711250305
0.0 0.08255200833082199
0.0 0.0825832262635231
0.0 0.08262239396572113
0.0 0.08280348032712936
0.0 0.08308873325586319
0.0 0.08309055119752884
0.0 0.08309324085712433
0.0 0.08310562372207642
0.0 0.08311663568019867
0.0 0.08312272280454636
0.0 0.08333569765090942
0.0 0.08347538113594055
0.0 0.08358907699584961
0.0 0.08367068320512772
0.0 0.08375498652458191
0.0 0.08384810388088226
0.0 0.0838606208562851
0.0 0.08388247340917587
0.0 0.08401515334844589
0.0 0.08414309471845627
0.0 0.08414860814809799
0.0 0.08429749310016632
0.0 0.08443134278059006
0.0 0.08452079445123672
0.0 0.08458743989467621
0.0 0.0846276506781578
0.0 0.08463854342699051
0.0 0.08465217798948288
0.0 0.08465656638145447
0.0 0.0847734734416008
0.0 0.08482860028743744
0.0 0.08484948426485062
0.0 0.08491221070289612
0.0 0.08499103784561157
0.0 0.08521448075771332
0.0 0.08528893440961838
0.0 0.08538565784692764
0.0 0.08540434390306473
0.0 0.08550713211297989
0.0 0.0855550691485405
0.0 0.08556661009788513
0.0 0.0855998545885086
0.0 0.08563020825386047
0.0 0.08566047996282578
0.0 0.0856664851307869
0.0 0.08594037592411041
0.0 0.08601320534944534
0.0 0.08612886071205139
0.0 0.08626548200845718
0.0 0.08667762577533722
0.0 0.08688949048519135
0.0 0.08691935241222382
0.0 0.08702093362808228
0.0 0.0872059091925621
0.0 0.087237149477005
0.0 0.0872582420706749
0.0 0.08730798959732056
0.0 0.08735232800245285
0.0 0.08740467578172684
0.0 0.08747398853302002
0.0 0.08787640184164047
0.0 0.0882493257522583
0.0 0.08831874281167984
0.0 0.08842465281486511
0.0 0.08844545483589172
0.0 0.08855154365301132
0.0 0.08861444890499115
0.0 0.08872079849243164
0.0 0.08873697370290756
0.0 0.08878723531961441
0.0 0.08892114460468292
0.0 0.08898454904556274
0.0 0.08934137970209122
0.0 0.08937317878007889
0.0 0.08941680938005447
0.0 0.0895695611834526
0.0 0.08968933671712875
0.0 0.08978541195392609
0.0 0.08983912318944931
0.0 0.08990874886512756
0.0 0.08995043486356735
0.0 0.08995413780212402
0.0 0.09019479900598526
0.0 0.0904044434428215
0.0 0.09075486660003662
0.0 0.09075723588466644
0.0 0.09077656269073486
0.0 0.09079253673553467
0.0 0.09095427393913269
0.0 0.09098746627569199
0.0 0.09102018177509308
0.0 0.09121628105640411
0.0 0.09121933579444885
0.0 0.09131266176700592
0.0 0.09132187068462372
0.0 0.09143087267875671
0.0 0.09151440113782883
0.0 0.09152320772409439
0.0 0.09161766618490219
0.0 0.09162328392267227
0.0 0.09183353185653687
0.0 0.09188921749591827
0.0 0.09191348403692245
0.0 0.09192298352718353
0.0 0.0919293761253357
0.0 0.09212664514780045
0.0 0.09212681651115417
0.0 0.09213730692863464
0.0 0.09222680330276489
0.0 0.0922885537147522
0.0 0.09230911731719971
0.0 0.09243892878293991
0.0 0.09263205528259277
0.0 0.09267714619636536
0.0 0.09269624203443527
0.0 0.09271755069494247
0.0 0.09285636246204376
0.0 0.09300334751605988
0.0 0.09301599115133286
0.0 0.0930347889661789
0.0 0.09311427175998688
0.0 0.09318932890892029
0.0 0.093387171626091
0.0 0.09346824139356613
0.0 0.0938432440161705
0.0 0.09385231137275696
0.0 0.09393615275621414
0.0 0.09428201615810394
0.0 0.09432370215654373
0.0 0.09442086517810822
0.0 0.09442844986915588
0.0 0.0945887491106987
0.0 0.09460137039422989
0.0 0.09464944154024124
0.0 0.0947229266166687
0.0 0.09482182562351227
0.0 0.09497521817684174
0.0 0.09498531371355057
0.0 0.09509444981813431
0.0 0.0951685830950737
0.0 0.09520430117845535
0.0 0.0952322706580162
0.0 0.09537205100059509
0.0 0.09580196440219879
0.0 0.09596061706542969
0.0 0.09598729014396667
0.0 0.0960155501961708
0.0 0.09602700918912888
0.0 0.09632371366024017
0.0 0.09647036343812943
0.0 0.09651613235473633
0.0 0.09677255153656006
0.0 0.09681260585784912
0.0 0.09711413085460663
0.0 0.0972694680094719
0.0 0.09732665121555328
0.0 0.09740026295185089
0.0 0.09747909009456635
0.0 0.09753169864416122
0.0 0.09755503386259079
0.0 0.09776539355516434
0.0 0.09782522171735764
0.0 0.09788159281015396
0.0 0.09799135476350784
0.0 0.09810827672481537
0.0 0.09842425584793091
0.0 0.09859716147184372
0.0 0.09869670867919922
0.0 0.09886295348405838
0.0 0.09899930655956268
0.0 0.09902213513851166
0.0 0.09924229979515076
0.0 0.09942832589149475
0.0 0.09957612305879593
0.0 0.09963864088058472
0.0 0.09994275122880936
0.0 0.10001783818006516
0.0 0.10006237030029297
0.0 0.1003897413611412
0.0 0.10070127248764038
0.0 0.10083512961864471
0.0 0.1009581908583641
0.0 0.1010180190205574
0.0 0.10112026333808899
0.0 0.1011938825249672
0.0 0.10134249180555344
0.0 0.10150273889303207
0.0 0.10161348432302475
0.0 0.10166707634925842
0.0 0.10169503092765808
0.0 0.10192015022039413
0.0 0.10192135721445084
0.0 0.1019270196557045
0.0 0.10206450521945953
0.0 0.10216367989778519
0.0 0.10237475484609604
0.0 0.10241378098726273
0.0 0.10243039578199387
0.0 0.10244763642549515
0.0 0.10254451632499695
0.0 0.10267110168933868
0.0 0.10275810211896896
0.0 0.10277197510004044
0.0 0.10291852802038193
0.0 0.10303207486867905
0.0 0.10307439416646957
0.0 0.10311706364154816
0.0 0.10314831882715225
0.0 0.10366708785295486
0.0 0.1037159264087677
0.0 0.10378366708755493
0.0 0.10386458784341812
0.0 0.1039399728178978
0.0 0.10411734133958817
0.0 0.10428868979215622
0.0 0.10440926253795624
0.0 0.10445665568113327
0.0 0.10449719429016113
0.0 0.10469014942646027
0.0 0.10472797602415085
0.0 0.10493771731853485
0.0 0.10497671365737915
0.0 0.10508795082569122
0.0 0.10513119399547577
0.0 0.1052761897444725
0.0 0.10533063113689423
0.0 0.10535360127687454
0.0 0.10544728487730026
0.0 0.10550747811794281
0.0 0.105890192091465
0.0 0.10619793087244034
0.0 0.10624486207962036
0.0 0.10627532005310059
0.0 0.10636697709560394
0.0 0.10637741535902023
0.0 0.10660327225923538
0.0 0.10668189078569412
0.0 0.10671446472406387
0.0 0.10674487799406052
0.0 0.10690421611070633
0.0 0.10742241144180298
0.0 0.1074376106262207
0.0 0.10748082399368286
0.0 0.10767554491758347
0.0 0.10786045342683792
0.0 0.10798072814941406
0.0 0.10836904495954514
0.0 0.10877791047096252
0.0 0.10878534615039825
0.0 0.10886920243501663
0.0 0.10896755754947662
0.0 0.10897541046142578
0.0 0.1090625748038292
0.0 0.10934635251760483
0.0 0.10940495878458023
0.0 0.10952610522508621
0.0 0.10978827625513077
0.0 0.10987794399261475
0.0 0.10997987538576126
0.0 0.11022521555423737
0.0 0.11027842015028
0.0 0.11029529571533203
0.0 0.11033040285110474
0.0 0.1104649007320404
0.0 0.11070115864276886
0.0 0.11073306947946548
0.0 0.11079130321741104
0.0 0.110809825360775
0.0 0.11099058389663696
0.0 0.1110130250453949
0.0 0.11104339361190796
0.0 0.11115098744630814
0.0 0.11138121038675308
0.0 0.11142907291650772
0.0 0.11143290251493454
0.0 0.11155743151903152
0.0 0.11157111078500748
0.0 0.11171284317970276
0.0 0.1119576096534729
0.0 0.11240565031766891
0.0 0.11250927299261093
0.0 0.11260484158992767
0.0 0.11262434720993042
0.0 0.11280761659145355
0.0 0.11287393420934677
0.0 0.11291181296110153
0.0 0.11304794996976852
0.0 0.11320789903402328
0.0 0.11339207738637924
0.0 0.1134723424911499
0.0 0.11355936527252197
0.0 0.1136401891708374
0.0 0.11371476948261261
0.0 0.11372402310371399
0.0 0.1139306053519249
0.0 0.11397659033536911
0.0 0.11405882984399796
0.0 0.1143295019865036
0.0 0.11444210261106491
0.0 0.1146707683801651
0.0 0.11472650617361069
0.0 0.11475488543510437
0.0 0.1151350885629654
0.0 0.11519362032413483
0.0 0.11520770937204361
0.0 0.11520969867706299
0.0 0.1152687817811966
0.0 0.11575185507535934
0.0 0.11580529808998108
0.0 0.1158876121044159
0.0 0.11593621969223022
0.0 0.116098552942276
0.0 0.11624690890312195
0.0 0.11628957837820053
0.0 0.11635168641805649
0.0 0.11642354726791382
0.0 0.1166374534368515
0.0 0.11677105724811554
0.0 0.1168842613697052
0.0 0.11690833419561386
0.0 0.11723444610834122
0.0 0.11740609258413315
0.0 0.11766979843378067
0.0 0.11779090762138367
0.0 0.11788184195756912
0.0 0.11839605122804642
0.0 0.1184069886803627
0.0 0.11842233687639236
0.0 0.11866088211536407
0.0 0.11886764317750931
0.0 0.118973009288311
0.0 0.11940311640501022
0.0 0.11952530592679977
0.0 0.11958543956279755
0.0 0.1196313127875328
0.0 0.11981859803199768
0.0 0.1199117973446846
0.0 0.12008993327617645
0.0 0.12037979811429977
0.0 0.12090441584587097
0.0 0.12095767259597778
0.0 0.12149044126272202
0.0 0.1215645894408226
0.0 0.12172640860080719
0.0 0.12176527082920074
0.0 0.12179054319858551
0.0 0.12188193202018738
0.0 0.12196117639541626
0.0 0.12209508568048477
0.0 0.12212846428155899
0.0 0.1222081109881401
0.0 0.12221623212099075
0.0 0.12240796536207199
0.0 0.12262371182441711
0.0 0.12267135083675385
0.0 0.12271749973297119
0.0 0.12305379658937454
0.0 0.12351182848215103
0.0 0.12360266596078873
0.0 0.12373965233564377
0.0 0.12385564297437668
0.0 0.1241249218583107
0.0 0.12442784756422043
0.0 0.12456873804330826
0.0 0.12466822564601898
0.0 0.1250140517950058
0.0 0.125128373503685
0.0 0.12577268481254578
0.0 0.12594367563724518
0.0 0.1262868195772171
0.0 0.12651993334293365
0.0 0.12661579251289368
0.0 0.12682831287384033
0.0 0.1271890550851822
0.0 0.12812942266464233
0.0 0.12837035953998566
0.0 0.12845902144908905
0.0 0.13050919771194458
0.0 0.13076074421405792
0.0 0.13095860183238983
0.0 0.1311778873205185
0.0 0.13133437931537628
0.0 0.13141150772571564
0.0 0.13164931535720825
0.0 0.13212835788726807
0.0 0.13213884830474854
0.0 0.13220545649528503
0.0 0.13298127055168152
0.0 0.13298837840557098
0.0 0.13315312564373016
0.0 0.13355660438537598
0.0 0.13360226154327393
0.0 0.13453736901283264
0.0 0.13454093039035797
0.0 0.1345723420381546
0.0 0.13504470884799957
0.0 0.13505318760871887
0.0 0.13572120666503906
0.0 0.1363237053155899
0.0 0.13680964708328247
0.0 0.13725648820400238
0.0 0.13787882030010223
0.0 0.13791069388389587
0.0 0.13811257481575012
0.0 0.13861937820911407
0.0 0.13863857090473175
0.0 0.13866578042507172
0.0 0.13879002630710602
0.0 0.13910283148288727
0.0 0.13911768794059753
0.0 0.14073623716831207
0.0 0.14094431698322296
0.0 0.14100053906440735
0.0 0.14308953285217285
0.0 0.14337240159511566
0.0 0.14364980161190033
0.0 0.1446138620376587
0.0 0.1453717052936554
0.0 0.14571194350719452
0.0 0.14956796169281006
0.0 0.1496318131685257
0.0 0.15104573965072632
0.0 0.15161672234535217
0.0 0.15208770334720612
0.0 0.153481587767601
0.0 0.1542220115661621
0.0 0.15572787821292877
0.0 0.15610931813716888
0.0 0.15816472470760345
0.0 0.1583208441734314
0.0 0.16803282499313354
0.0 0.1681745946407318
0.0 0.1808788776397705
0.0 inf
