0.0 0.04383477941155434
0.0 0.05009784922003746
0.0 0.050889283418655396
0.0 0.050989795476198196
0.0 0.052207935601472855
0.0 0.05238829553127289
0.0 0.05242583528161049
0.0 0.0524570569396019
0.0 0.052474502474069595
0.0 0.05256199836730957
0.0 0.0526747852563858
0.0 0.05268256366252899
0.0 0.052688587456941605
0.0 0.05290842801332474
0.0 0.05337085202336311
0.0 0.054316408932209015
0.0 0.056306611746549606
0.0 0.05699450895190239
0.0 0.05710940062999725
0.0 0.05730709061026573
0.0 0.05736909434199333
0.0 0.05760805308818817
0.0 0.05786789953708649
0.0 0.058032359927892685
0.0 0.058307480067014694
0.0 0.058607954531908035
0.0 0.058653440326452255
0.0 0.05866749957203865
0.0 0.059079207479953766
0.0 0.05913984403014183
0.0 0.059333473443984985
0.0 0.05973243713378906
0.0 0.05988511070609093
0.0 0.06027822569012642
0.0 0.06045055389404297
0.0 0.06046971678733826
0.0 0.060515146702528
0.0 0.06055044010281563
0.0 0.06056777015328407
0.0 0.060735877603292465
0.0 0.060791242867708206
0.0 0.06083114072680473
0.0 0.06105800345540047
0.0 0.06176089867949486
0.0 0.06219653785228729
0.0 0.062265943735837936
0.0 0.06268368661403656
0.0 0.06275471299886703
0.0 0.0628833919763565
0.0 0.0628957748413086
0.0 0.0630219504237175
0.0 0.06323892623186111
0.0 0.06360549479722977
0.0 0.06393007189035416
0.0 0.0641469657421112
0.0 0.06425557285547256
0.0 0.06425849348306656
0.0 0.06440380960702896
0.0 0.06466154754161835
0.0 0.06476592272520065
0.0 0.06489558517932892
0.0 0.0649174228310585
0.0 0.06492803245782852
0.0 0.06498762220144272
0.0 0.0650579035282135
0.0 0.06518515944480896
0.0 0.0651969239115715
0.0 0.06537269800901413
0.0 0.06579851359128952
0.0 0.06592759490013123
0.0 0.0660211443901062
0.0 0.06637996435165405
0.0 0.06641820818185806
0.0 0.06643152236938477
0.0 0.06656709313392639
0.0 0.06657253205776215
0.0 0.06658145785331726
0.0 0.06663471460342407
0.0 0.06666997820138931
0.0 0.0667734295129776
0.0 0.06677712500095367
0.0 0.06681428849697113
0.0 0.06710018962621689
0.0 0.06713308393955231
0.0 0.06722080707550049
0.0 0.06722451746463776
0.0 0.06724590808153152
0.0 0.0673455223441124
0.0 0.06741682440042496
0.0 0.06749909371137619
0.0 0.06750525534152985
0.0 0.06751244515180588
0.0 0.06754593551158905
0.0 0.06763120740652084
0.0 0.06792496144771576
0.0 0.06811157613992691
0.0 0.06815016269683838
0.0 0.06821710616350174
0.0 0.06822433322668076
0.0 0.06828761100769043
0.0 0.06833641976118088
0.0 0.06834234297275543
0.0 0.06837642937898636
0.0 0.06848569959402084
0.0 0.06879062205553055
0.0 0.06879140436649323
0.0 0.06882365792989731
0.0 0.06884980201721191
0.0 0.06910731643438339
0.0 0.0691138431429863
0.0 0.06918350607156754
0.0 0.06933661550283432
0.0 0.06938055902719498
0.0 0.0693807527422905
0.0 0.06941097974777222
0.0 0.06946216523647308
0.0 0.06946971267461777
0.0 0.06964507699012756
0.0 0.06975073367357254
0.0 0.06975141167640686
0.0 0.06977302581071854
0.0 0.06985046714544296
0.0 0.06995494663715363
0.0 0.06996695697307587
0.0 0.07007472962141037
0.0 0.07027102261781693
0.0 0.07037606090307236
0.0 0.07044023275375366
0.0 0.07059956341981888
0.0 0.07061238586902618
0.0 0.07062522321939468
0.0 0.07062827795743942
0.0 0.07071322947740555
0.0 0.070721834897995
0.0 0.07096224278211594
0.0 0.0710301622748375
0.0 0.07106808573007584
0.0 0.07107319682836533
0.0 0.07119520753622055
0.0 0.07123220711946487
0.0 0.07127559930086136
0.0 0.07130458205938339
0.0 0.07130589336156845
0.0 0.07139668613672256
0.0 0.0714048445224762
0.0 0.07146916538476944
0.0 0.07155179232358932
0.0 0.0716107115149498
0.0 0.07163220643997192
0.0 0.07177133113145828
0.0 0.07180260866880417
0.0 0.07190534472465515
0.0 0.072055883705616
0.0 0.07216230034828186
0.0 0.07222326099872589
0.0 0.07227808982133865
0.0 0.07232077419757843
0.0 0.07246310263872147
0.0 0.07248152792453766
0.0 0.0724995955824852
0.0 0.07254721224308014
0.0 0.07257337123155594
0.0 0.07284238934516907
0.0 0.07289513200521469
0.0 0.07294239848852158
0.0 0.07312370836734772
0.0 0.07319869846105576
0.0 0.07330452650785446
0.0 0.07334299385547638
0.0 0.07336940616369247
0.0 0.07337541878223419
0.0 0.07347656041383743
0.0 0.0735221803188324
0.0 0.0735553652048111
0.0 0.07358402013778687
0.0 0.07364362478256226
0.0 0.07368172705173492
0.0 0.07370252162218094
0.0 0.07375695556402206
0.0 0.07378698885440826
0.0 0.07380121946334839
0.0 0.07381583005189896
0.0 0.07385225594043732
0.0 0.07385999709367752
0.0 0.07406266033649445
0.0 0.07418245822191238
0.0 0.07427288591861725
0.0 0.0743286982178688
0.0 0.07439542561769485
0.0 0.07442683726549149
0.0 0.07446622848510742
0.0 0.0747067853808403
0.0 0.07482709735631943
0.0 0.07507608830928802
0.0 0.0750800371170044
0.0 0.07513124495744705
0.0 0.07540669292211533
0.0 0.0754813626408577
0.0 0.07565274834632874
0.0 0.07574628293514252
0.0 0.07576102763414383
0.0 0.07585486769676208
0.0 0.07591617852449417
0.0 0.07597091794013977
0.0 0.07599084824323654
0.0 0.07628917694091797
0.0 0.07634422183036804
0.0 0.07637664675712585
0.0 0.07642601430416107
0.0 0.07649946212768555
0.0 0.07651983201503754
0.0 0.07652178406715393
0.0 0.0765383243560791
0.0 0.07654158771038055
0.0 0.07669086009263992
0.0 0.07678011804819107
0.0 0.07690373808145523
0.0 0.07725013792514801
0.0 0.07728775590658188
0.0 0.07729163765907288
0.0 0.07740789651870728
0.0 0.07743784785270691
0.0 0.07748183608055115
0.0 0.07755370438098907
0.0 0.07761014997959137
0.0 0.07781818509101868
0.0 0.07793097198009491
0.0 0.07819351553916931
0.0 0.07838743180036545
0.0 0.07839599996805191
0.0 0.07850591838359833
0.0 0.07862953096628189
0.0 0.07869645953178406
0.0 0.07872931659221649
0.0 0.07899674028158188
0.0 0.07905460149049759
0.0 0.07917836308479309
0.0 0.0791907012462616
0.0 0.079256571829319
0.0 0.07931754738092422
0.0 0.07943189144134521
0.0 0.07952017337083817
0.0 0.0796521008014679
0.0 0.07974483072757721
0.0 0.07981438934803009
0.0 0.07991021871566772
0.0 0.07999119162559509
0.0 0.08000842481851578
0.0 0.08006846159696579
0.0 0.08010586351156235
0.0 0.0802510678768158
0.0 0.08034222573041916
0.0 0.08036213368177414
0.0 0.08049469441175461
0.0 0.08060120791196823
0.0 0.08060818165540695
0.0 0.08066592365503311
0.0 0.08067208528518677
0.0 0.08077508956193924
0.0 0.08081965893507004
0.0 0.08103445917367935
0.0 0.08110009878873825
0.0 0.08114265650510788
0.0 0.08114704489707947
0.0 0.08119650930166245
0.0 0.08126980811357498
0.0 0.08139731734991074
0.0 0.08175055682659149
0.0 0.08183366805315018
0.0 0.08187491446733475
0.0 0.08195405453443527
0.0 0.08196178823709488
0.0 0.0819675475358963
0.0 0.08204614371061325
0.0 0.08206801116466522
0.0 0.08210431039333344
0.0 0.08223824948072433
0.0 0.08235293626785278
0.0 0.08285603672266006
0.0 0.08297459781169891
0.0 0.08314540982246399
0.0 0.08325657248497009
0.0 0.0832890197634697
0.0 0.08351340144872665
0.0 0.08353349566459656
0.0 0.08361878991127014
0.0 0.08374643325805664
0.0 0.0838475152850151
0.0 0.08385583013296127
0.0 0.08394739031791687
0.0 0.08400706946849823
0.0 0.0840655192732811
0.0 0.08407869935035706
0.0 0.08417938649654388
0.0 0.08429260551929474
0.0 0.08441805094480515
0.0 0.0845913216471672
0.0 0.08466343581676483
0.0 0.08473721891641617
0.0 0.08506245166063309
0.0 0.08538069576025009
0.0 0.08538224548101425
0.0 0.08540599048137665
0.0 0.0854567438364029
0.0 0.08558283001184464
0.0 0.08599318563938141
0.0 0.08600317686796188
0.0 0.08601785451173782
0.0 0.08607088029384613
0.0 0.0860927402973175
0.0 0.08614218980073929
0.0 0.08619717508554459
0.0 0.08630549907684326
0.0 0.08645065128803253
0.0 0.08652021735906601
0.0 0.0868038535118103
0.0 0.0868929922580719
0.0 0.08690302819013596
0.0 0.08709719777107239
0.0 0.08710771054029465
0.0 0.08723542839288712
0.0 0.08736591041088104
0.0 0.08738615363836288
0.0 0.08740688860416412
0.0 0.08783624321222305
0.0 0.08801138401031494
0.0 0.08814451098442078
0.0 0.08823450654745102
0.0 0.08827636390924454
0.0 0.08831144869327545
0.0 0.08843503892421722
0.0 0.08852753788232803
0.0 0.08855106681585312
0.0 0.08855122327804565
0.0 0.08911766856908798
0.0 0.08911951631307602
0.0 0.08916561305522919
0.0 0.08921564370393753
0.0 0.08928065747022629
0.0 0.08940823376178741
0.0 0.08951958268880844
0.0 0.08964536339044571
0.0 0.0898648202419281
0.0 0.0900920182466507
0.0 0.09020400047302246
0.0 0.0902458056807518
0.0 0.0905066430568695
0.0 0.09075847268104553
0.0 0.0908103734254837
0.0 0.09082737565040588
0.0 0.09084887057542801
0.0 0.09089992195367813
0.0 0.09091152250766754
0.0 0.09096062183380127
0.0 0.09104935079813004
0.0 0.09110900014638901
0.0 0.09113728255033493
0.0 0.09123648703098297
0.0 0.09123966842889786
0.0 0.09126263856887817
0.0 0.09136639535427094
0.0 0.09144201129674911
0.0 0.09164164960384369
0.0 0.0924750342965126
0.0 0.09255098551511765
0.0 0.09298497438430786
0.0 0.09313418716192245
0.0 0.09323134273290634
0.0 0.09340322017669678
0.0 0.09343104809522629
0.0 0.09353156387805939
0.0 0.09353891760110855
0.0 0.09357781708240509
0.0 0.09367859363555908
0.0 0.09370407462120056
0.0 0.09376922249794006
0.0 0.0937962457537651
0.0 0.0938863754272461
0.0 0.09408602863550186
0.0 0.09418924897909164
0.0 0.09424705803394318
0.0 0.09427105635404587
0.0 0.09435591846704483
0.0 0.0944553092122078
0.0 0.09451279044151306
0.0 0.09487208724021912
0.0 0.09496697038412094
0.0 0.09502030164003372
0.0 0.09509629011154175
0.0 0.09532851725816727
0.0 0.09540241211652756
0.0 0.0954042598605156
0.0 0.09563161432743073
0.0 0.09592493623495102
0.0 0.09613201022148132
0.0 0.09647165983915329
0.0 0.0965421050786972
0.0 0.09667858481407166
0.0 0.09683677554130554
0.0 0.0974147841334343
0.0 0.09750442206859589
0.0 0.09766597300767899
0.0 0.09784306585788727
0.0 0.09792051464319229
0.0 0.09797106683254242
0.0 0.09800738096237183
0.0 0.0984402596950531
0.0 0.09884949773550034
0.0 0.09909674525260925
0.0 0.0993042141199112
0.0 0.09955808520317078
0.0 0.09967999160289764
0.0 0.09975681453943253
0.0 0.1000843495130539
0.0 0.10022089630365372
0.0 0.10033920407295227
0.0 0.10052923113107681
0.0 0.10077333450317383
0.0 0.10107764601707458
0.0 0.10191283375024796
0.0 0.10222102701663971
0.0 0.10222199559211731
0.0 0.10252776741981506
0.0 0.1027403473854065
0.0 0.10288024693727493
0.0 0.10333181917667389
0.0 0.10336539149284363
0.0 0.10370675474405289
0.0 0.10392792522907257
0.0 0.10399513691663742
0.0 0.10424147546291351
0.0 0.10436893254518509
0.0 0.10505151003599167
0.0 0.10513648390769958
0.0 0.10526880621910095
0.0 0.10540828108787537
0.0 0.1054350957274437
0.0 0.10551579296588898
0.0 0.1058446541428566
0.0 0.10706338286399841
0.0 0.10714217275381088
0.0 0.10727140307426453
0.0 0.10747725516557693
0.0 0.10762090235948563
0.0 0.10764855146408081
0.0 0.10784085839986801
0.0 0.10792829096317291
0.0 0.10817818343639374
0.0 0.10871649533510208
0.0 0.10915713012218475
0.0 0.10936491936445236
0.0 0.10953588038682938
0.0 0.10962140560150146
0.0 0.10980404913425446
0.0 0.10997883975505829
0.0 0.11001517623662949
0.0 0.11005104333162308
0.0 0.1102389395236969
0.0 0.11063886433839798
0.0 0.11075381189584732
0.0 0.11102448403835297
0.0 0.11122895777225494
0.0 0.11146807670593262
0.0 0.11163973808288574
0.0 0.11271879076957703
0.0 0.11275602132081985
0.0 0.11303652077913284
0.0 0.11318456381559372
0.0 0.11399172991514206
0.0 0.11418119817972183
0.0 0.11510945856571198
0.0 0.11517595499753952
0.0 0.11557723581790924
0.0 0.11566391587257385
0.0 0.11592849344015121
0.0 0.11625272035598755
0.0 0.11631757020950317
0.0 0.11636518687009811
0.0 0.1166425347328186
0.0 0.11734535545110703
0.0 0.11734795570373535
0.0 0.11761793494224548
0.0 0.1177859678864479
0.0 0.11811342090368271
0.0 0.11836478114128113
0.0 0.11851620674133301
0.0 0.11886563897132874
0.0 0.11926576495170593
0.0 0.11962278187274933
0.0 0.11968639492988586
0.0 0.12003283202648163
0.0 0.121783047914505
0.0 0.1225065216422081
0.0 0.12280202656984329
0.0 0.12299554795026779
0.0 0.12429023534059525
0.0 0.12458902597427368
0.0 0.12530528008937836
0.0 0.1258603185415268
0.0 0.1258888691663742
0.0 0.12674573063850403
0.0 0.12799446284770966
0.0 0.12962324917316437
0.0 0.13096705079078674
0.0 0.1323002278804779
0.0 0.1337318867444992
0.0 0.13438019156455994
0.0 0.13536976277828217
0.0 0.13545097410678864
0.0 0.14066563546657562
0.0 0.1419561803340912
0.0 inf
