0.0 0.029881389811635017
0.0 0.030372316017746925
0.0 0.03048613667488098
0.0 0.03182244673371315
0.0 0.033220525830984116
0.0 0.03330164775252342
0.0 0.033672548830509186
0.0 0.03373641148209572
0.0 0.033845655620098114
0.0 0.033903516829013824
0.0 0.03411748632788658
0.0 0.034167543053627014
0.0 0.03417981043457985
0.0 0.03422492742538452
0.0 0.034235209226608276
0.0 0.03424997255206108
0.0 0.03428824990987778
0.0 0.034353502094745636
0.0 0.03437212482094765
0.0 0.03437595069408417
0.0 0.0344945453107357
0.0 0.0345262810587883
0.0 0.03497251123189926
0.0 0.03503422811627388
0.0 0.03518993407487869
0.0 0.03534049540758133
0.0 0.035517726093530655
0.0 0.03565537557005882
0.0 0.035751599818468094
0.0 0.03582427650690079
0.0 0.03584924340248108
0.0 0.035901427268981934
0.0 0.036091677844524384
0.0 0.0361068956553936
0.0 0.03611869737505913
0.0 0.03612753376364708
0.0 0.036132946610450745
0.0 0.0361764058470726
0.0 0.03629491105675697
0.0 0.03647204115986824
0.0 0.036566779017448425
0.0 0.03656749054789543
0.0 0.03661075979471207
0.0 0.036706581711769104
0.0 0.03724133223295212
0.0 0.03734477236866951
0.0 0.03751230984926224
0.0 0.03753582760691643
0.0 0.03762921318411827
0.0 0.037647590041160583
0.0 0.03778168931603432
0.0 0.037851057946681976
0.0 0.03793788701295853
0.0 0.037959836423397064
0.0 0.03797740489244461
0.0 0.03815731033682823
0.0 0.03823985159397125
0.0 0.03825042024254799
0.0 0.038292206823825836
0.0 0.03836028277873993
0.0 0.038367751985788345
0.0 0.03852718695998192
0.0 0.03852773457765579
0.0 0.03857826441526413
0.0 0.03858353942632675
0.0 0.038657110184431076
0.0 0.03875912353396416
0.0 0.03880326449871063
0.0 0.03880975395441055
0.0 0.03901376575231552
0.0 0.039094917476177216
0.0 0.03914681077003479
0.0 0.03927953913807869
0.0 0.03928578272461891
0.0 0.0393160879611969
0.0 0.03934723883867264
0.0 0.03936894237995148
0.0 0.03939031437039375
0.0 0.03940549120306969
0.0 0.03946537896990776
0.0 0.03952499479055405
0.0 0.03959495946764946
0.0 0.03961759805679321
0.0 0.03965229541063309
0.0 0.039798811078071594
0.0 0.0398687943816185
0.0 0.039883118122816086
0.0 0.03991995006799698
0.0 0.03992590680718422
0.0 0.03993146866559982
0.0 0.03997867926955223
0.0 0.04002745822072029
0.0 0.04004661738872528
0.0 0.04011905938386917
0.0 0.04016520455479622
0.0 0.040174201130867004
0.0 0.040240030735731125
0.0 0.040241535753011703
0.0 0.040265899151563644
0.0 0.04035187512636185
0.0 0.040510840713977814
0.0 0.04054076224565506
0.0 0.04056241735816002
0.0 0.04058733582496643
0.0 0.0407237745821476
0.0 0.040757108479738235
0.0 0.040789347141981125
0.0 0.040841229259967804
0.0 0.040882617235183716
0.0 0.04091058298945427
0.0 0.04092155396938324
0.0 0.04098179563879967
0.0 0.0410207137465477
0.0 0.04108886048197746
0.0 0.04113680124282837
0.0 0.04118102788925171
0.0 0.0411839596927166
0.0 0.04129520803689957
0.0 0.04138471186161041
0.0 0.04140779748558998
0.0 0.041616156697273254
0.0 0.04169504716992378
0.0 0.04173603653907776
0.0 0.04180775210261345
0.0 0.04194757342338562
0.0 0.041992731392383575
0.0 0.042016200721263885
0.0 0.04202600196003914
0.0 0.0420374758541584
0.0 0.04212402552366257
0.0 0.04213928058743477
0.0 0.04226866364479065
0.0 0.04227970167994499
0.0 0.04234924912452698
0.0 0.04235154390335083
0.0 0.042356885969638824
0.0 0.042452991008758545
0.0 0.04245902970433235
0.0 0.04252065345644951
0.0 0.042566850781440735
0.0 0.04259346425533295
0.0 0.042673006653785706
0.0 0.042674470692873
0.0 0.04269269481301308
0.0 0.04271630197763443
0.0 0.04274008795619011
0.0 0.04276098683476448
0.0 0.042778875678777695
0.0 0.04279020056128502
0.0 0.04285784810781479
0.0 0.042888760566711426
0.0 0.042897727340459824
0.0 0.04293641820549965
0.0 0.0429643876850605
0.0 0.042970236390829086
0.0 0.04302762448787689
0.0 0.043136417865753174
0.0 0.043187256902456284
0.0 0.04321493208408356
0.0 0.043220821768045425
0.0 0.04326644167304039
0.0 0.0432930514216423
0.0 0.04329986497759819
0.0 0.04337736591696739
0.0 0.043406277894973755
0.0 0.04347952827811241
0.0 0.043505195528268814
0.0 0.04352718964219093
0.0 0.0435728020966053
0.0 0.043590232729911804
0.0 0.043738994747400284
0.0 0.04374668002128601
0.0 0.043747104704380035
0.0 0.043753743171691895
0.0 0.04375622794032097
0.0 0.0438171811401844
0.0 0.04382484406232834
0.0 0.04384363815188408
0.0 0.04390494152903557
0.0 0.043905969709157944
0.0 0.04395023733377457
0.0 0.0439579077064991
0.0 0.043964680284261703
0.0 0.044037725776433945
0.0 0.044148772954940796
0.0 0.04425795376300812
0.0 0.044280484318733215
0.0 0.044289231300354004
0.0 0.044293418526649475
0.0 0.044326283037662506
0.0 0.044344205409288406
0.0 0.04442731291055679
0.0 0.04444298893213272
0.0 0.04445192217826843
0.0 0.04448475316166878
0.0 0.04451405629515648
0.0 0.04453282058238983
0.0 0.044577546417713165
0.0 0.04459454491734505
0.0 0.04463440179824829
0.0 0.04466497153043747
0.0 0.04472297057509422
0.0 0.04473487660288811
0.0 0.04490647464990616
0.0 0.04496709629893303
0.0 0.0450056791305542
0.0 0.045011453330516815
0.0 0.045017749071121216
0.0 0.04504328593611717
0.0 0.045096710324287415
0.0 0.045153938233852386
0.0 0.04515396058559418
0.0 0.04515927657485008
0.0 0.045216042548418045
0.0 0.04521623253822327
0.0 0.04532087966799736
0.0 0.04540110006928444
0.0 0.04564562812447548
0.0 0.04572194814682007
0.0 0.04595418646931648
0.0 0.04598551616072655
0.0 0.046021200716495514
0.0 0.046038735657930374
0.0 0.046046461910009384
0.0 0.046066801995038986
0.0 0.046097531914711
0.0 0.04611778259277344
0.0 0.04616642743349075
0.0 0.046259984374046326
0.0 0.046263985335826874
0.0 0.046277966350317
0.0 0.046335890889167786
0.0 0.04635411500930786
0.0 0.04640202596783638
0.0 0.04640425741672516
0.0 0.046405643224716187
0.0 0.04648609086871147
0.0 0.04653928428888321
0.0 0.04675779491662979
0.0 0.046827465295791626
0.0 0.04684871435165405
0.0 0.04697779566049576
0.0 0.04711291566491127
0.0 0.0471159890294075
0.0 0.04716113209724426
0.0 0.04719185456633568
0.0 0.0472111813724041
0.0 0.047337450087070465
0.0 0.04739435389637947
0.0 0.04740016534924507
0.0 0.04741441830992699
0.0 0.04752054065465927
0.0 0.04759332910180092
0.0 0.04769640415906906
0.0 0.04778536036610603
0.0 0.04785039275884628
0.0 0.047906529158353806
0.0 0.04791386425495148
0.0 0.04804684594273567
0.0 0.04805480316281319
0.0 0.04805716872215271
0.0 0.048079751431941986
0.0 0.04808881878852844
0.0 0.04814552888274193
0.0 0.04818367213010788
0.0 0.04823910444974899
0.0 0.048308826982975006
0.0 0.048329394310712814
0.0 0.048332713544368744
0.0 0.04838931933045387
0.0 0.048425979912281036
0.0 0.04849349334836006
0.0 0.04852219298481941
0.0 0.04856511577963829
0.0 0.04869294911623001
0.0 0.04870657995343208
0.0 0.048719000071287155
0.0 0.048764124512672424
0.0 0.048880741000175476
0.0 0.04888727143406868
0.0 0.04890092834830284
0.0 0.04902847111225128
0.0 0.04905368760228157
0.0 0.04906148090958595
0.0 0.04908313229680061
0.0 0.04910875856876373
0.0 0.0491308830678463
0.0 0.04917066916823387
0.0 0.04929545521736145
0.0 0.04934398829936981
0.0 0.04942667484283447
0.0 0.04946381598711014
0.0 0.04947672411799431
0.0 0.049507025629282
0.0 0.049654390662908554
0.0 0.049716517329216
0.0 0.04990458860993385
0.0 0.049911610782146454
0.0 0.049936693161726
0.0 0.04997223615646362
0.0 0.050001394003629684
0.0 0.05011313408613205
0.0 0.050136782228946686
0.0 0.050207652151584625
0.0 0.05023450776934624
0.0 0.05064315348863602
0.0 0.05065598711371422
0.0 0.05067264661192894
0.0 0.0506959892809391
0.0 0.05079643055796623
0.0 0.05082682892680168
0.0 0.05086810141801834
0.0 0.050926730036735535
0.0 0.051207609474658966
0.0 0.05122824385762215
0.0 0.051260337233543396
0.0 0.051338277757167816
0.0 0.05138980969786644
0.0 0.05141467973589897
0.0 0.05155089870095253
0.0 0.0515732616186142
0.0 0.05159340798854828
0.0 0.051619552075862885
0.0 0.051664434373378754
0.0 0.05168909206986427
0.0 0.051712825894355774
0.0 0.05172115936875343
0.0 0.051836565136909485
0.0 0.051850344985723495
0.0 0.05188766121864319
0.0 0.0519440583884716
0.0 0.05203012377023697
0.0 0.05206136405467987
0.0 0.052078768610954285
0.0 0.05236925557255745
0.0 0.05236934870481491
0.0 0.052396129816770554
0.0 0.05239974334836006
0.0 0.052535828202962875
0.0 0.05254563316702843
0.0 0.052637796849012375
0.0 0.05285796523094177
0.0 0.052873387932777405
0.0 0.05288389325141907
0.0 0.05302942544221878
0.0 0.053070228546857834
0.0 0.0531194806098938
0.0 0.05325496569275856
0.0 0.05328310281038284
0.0 0.05329693481326103
0.0 0.05341579020023346
0.0 0.0534757561981678
0.0 0.05356534197926521
0.0 0.05361924692988396
0.0 0.05363881587982178
0.0 0.05378982797265053
0.0 0.05381891503930092
0.0 0.053935978561639786
0.0 0.05400921404361725
0.0 0.05409548431634903
0.0 0.054185107350349426
0.0 0.05431457981467247
0.0 0.05439329147338867
0.0 0.0544150248169899
0.0 0.05449626222252846
0.0 0.0546058788895607
0.0 0.05462684482336044
0.0 0.05464829131960869
0.0 0.05475800484418869
0.0 0.05480676516890526
0.0 0.05485024303197861
0.0 0.054969921708106995
0.0 0.05498107150197029
0.0 0.055081047117710114
0.0 0.05510804429650307
0.0 0.05511094257235527
0.0 0.0553445965051651
0.0 0.055446673184633255
0.0 0.05546142905950546
0.0 0.05547115579247475
0.0 0.05548770725727081
0.0 0.055875129997730255
0.0 0.05597296729683876
0.0 0.056150324642658234
0.0 0.056178078055381775
0.0 0.05623128265142441
0.0 0.05625445023179054
0.0 0.056436773389577866
0.0 0.056625958532094955
0.0 0.05663174390792847
0.0 0.056836217641830444
0.0 0.056897733360528946
0.0 0.05700718238949776
0.0 0.057283204048871994
0.0 0.057292696088552475
0.0 0.0573774129152298
0.0 0.057417094707489014
0.0 0.05747314170002937
0.0 0.057593293488025665
0.0 0.05760634317994118
0.0 0.05761231854557991
0.0 0.05766373872756958
0.0 0.057716261595487595
0.0 0.057826876640319824
0.0 0.05789206922054291
0.0 0.057892218232154846
0.0 0.057934653013944626
0.0 0.058015789836645126
0.0 0.05815253034234047
0.0 0.058282360434532166
0.0 0.05830127373337746
0.0 0.05856051295995712
0.0 0.05858390033245087
0.0 0.05859430879354477
0.0 0.05863148346543312
0.0 0.05877379700541496
0.0 0.05881045013666153
0.0 0.0588684119284153
0.0 0.05894032120704651
0.0 0.05932598561048508
0.0 0.059542857110500336
0.0 0.059627532958984375
0.0 0.059707965701818466
0.0 0.05975845828652382
0.0 0.05976561829447746
0.0 0.05979268625378609
0.0 0.059816330671310425
0.0 0.05989133194088936
0.0 0.060146722942590714
0.0 0.06015913933515549
0.0 0.060351334512233734
0.0 0.06048351526260376
0.0 0.060829684138298035
0.0 0.06095109507441521
0.0 0.06101163104176521
0.0 0.06107289344072342
0.0 0.061189744621515274
0.0 0.061315521597862244
0.0 0.061396196484565735
0.0 0.06144283339381218
0.0 0.061589669436216354
0.0 0.062045905739068985
0.0 0.06224766746163368
0.0 0.06228001043200493
0.0 0.06264790892601013
0.0 0.06265316158533096
0.0 0.06272292882204056
0.0 0.06299770623445511
0.0 0.06306339055299759
0.0 0.06310585886240005
0.0 0.06312091648578644
0.0 0.06336787343025208
0.0 0.06346997618675232
0.0 0.06363026052713394
0.0 0.06399679183959961
0.0 0.06418611854314804
0.0 0.06440748274326324
0.0 0.06449081003665924
0.0 0.06449615955352783
0.0 0.06458541005849838
0.0 0.06470690667629242
0.0 0.06540008634328842
0.0 0.06547116488218307
0.0 0.06556719541549683
0.0 0.06559153646230698
0.0 0.06569278240203857
0.0 0.06573942303657532
0.0 0.06581208854913712
0.0 0.06602848321199417
0.0 0.06646573543548584
0.0 0.06652379781007767
0.0 0.06655965000391006
0.0 0.06698563694953918
0.0 0.06717738509178162
0.0 0.06722158193588257
0.0 0.06772837787866592
0.0 0.06790082156658173
0.0 0.06820987164974213
0.0 0.06838304549455643
0.0 0.06854145228862762
0.0 0.06883690506219864
0.0 0.06888920813798904
0.0 0.06948791444301605
0.0 0.06958796083927155
0.0 0.06967910379171371
0.0 0.06990260630846024
0.0 0.0706079825758934
0.0 0.07064221799373627
0.0 0.07114709168672562
0.0 0.07151549309492111
0.0 0.07177483290433884
0.0 0.07190456986427307
0.0 0.0719856321811676
0.0 0.07225207984447479
0.0 0.07238876819610596
0.0 0.07254429906606674
0.0 0.07307661324739456
0.0 0.07336407899856567
0.0 0.0759432390332222
0.0 0.07726441323757172
0.0 0.07770615816116333
0.0 0.07879834622144699
0.0 0.07901434600353241
0.0 0.08011605590581894
0.0 0.0801917240023613
0.0 0.08149847388267517
0.0 0.08178981393575668
0.0 0.08235384523868561
0.0 0.08303219825029373
0.0 0.0865824744105339
0.0 0.08926062285900116
0.0 inf
