0.0 0.036071229726076126
0.0 0.03996067866683006
0.0 0.041122544556856155
0.0 0.041599664837121964
0.0 0.04175611957907677
0.0 0.04426665976643562
0.0 0.045431505888700485
0.0 0.04551282525062561
0.0 0.04592852294445038
0.0 0.045945655554533005
0.0 0.0460982620716095
0.0 0.04610297456383705
0.0 0.04610774293541908
0.0 0.046133533120155334
0.0 0.04616418853402138
0.0 0.04617832228541374
0.0 0.04623391106724739
0.0 0.04638009890913963
0.0 0.04675715044140816
0.0 0.0471302755177021
0.0 0.04739367589354515
0.0 0.04763999208807945
0.0 0.04785098880529404
0.0 0.04806354269385338
0.0 0.04808742552995682
0.0 0.048182424157857895
0.0 0.048573948442935944
0.0 0.04895423352718353
0.0 0.04896492511034012
0.0 0.04918447136878967
0.0 0.04939265921711922
0.0 0.04941728711128235
0.0 0.049510590732097626
0.0 0.04951278865337372
0.0 0.0498063787817955
0.0 0.05009367689490318
0.0 0.05051080510020256
0.0 0.05054808035492897
0.0 0.05060077831149101
0.0 0.05062013864517212
0.0 0.051085542887449265
0.0 0.05159648507833481
0.0 0.05174681171774864
0.0 0.05187586694955826
0.0 0.0519658662378788
0.0 0.05205756798386574
0.0 0.0525723360478878
0.0 0.052688006311655045
0.0 0.05300265550613403
0.0 0.0530971884727478
0.0 0.05324801430106163
0.0 0.05328664183616638
0.0 0.05353303253650665
0.0 0.053537312895059586
0.0 0.05372200533747673
0.0 0.05377362295985222
0.0 0.05407966300845146
0.0 0.054158374667167664
0.0 0.05417441949248314
0.0 0.05426150932908058
0.0 0.05427609384059906
0.0 0.054580364376306534
0.0 0.05486410856246948
0.0 0.05487196147441864
0.0 0.05518023297190666
0.0 0.055286955088377
0.0 0.05532793328166008
0.0 0.055374324321746826
0.0 0.05543274059891701
0.0 0.055432770401239395
0.0 0.05554913356900215
0.0 0.05555456876754761
0.0 0.055580902844667435
0.0 0.05558891221880913
0.0 0.05575397610664368
0.0 0.05576889216899872
0.0 0.055784523487091064
0.0 0.05596144497394562
0.0 0.055969223380088806
0.0 0.056025296449661255
0.0 0.05607328936457634
0.0 0.056224677711725235
0.0 0.056228991597890854
0.0 0.05625436455011368
0.0 0.05628203600645065
0.0 0.05629937723278999
0.0 0.056351445615291595
0.0 0.056363753974437714
0.0 0.05652758106589317
0.0 0.056640490889549255
0.0 0.05665469169616699
0.0 0.05682319030165672
0.0 0.05683443322777748
0.0 0.05687708035111427
0.0 0.0568917915225029
0.0 0.05705804005265236
0.0 0.05707292631268501
0.0 0.05717400833964348
0.0 0.0571754164993763
0.0 0.05726524069905281
0.0 0.05728117376565933
0.0 0.05730954930186272
0.0 0.05748799443244934
0.0 0.05750875920057297
0.0 0.05755455419421196
0.0 0.057584166526794434
0.0 0.057607244700193405
0.0 0.05767051875591278
0.0 0.05770143121480942
0.0 0.0578172467648983
0.0 0.057991284877061844
0.0 0.058027833700180054
0.0 0.05818039923906326
0.0 0.05826932191848755
0.0 0.058345746248960495
0.0 0.05835829675197601
0.0 0.058406978845596313
0.0 0.05845543369650841
0.0 0.05848608911037445
0.0 0.058799199759960175
0.0 0.05881377309560776
0.0 0.05885016918182373
0.0 0.05889333412051201
0.0 0.05891717970371246
0.0 0.058927420526742935
0.0 0.059086862951517105
0.0 0.0592326857149601
0.0 0.059232864528894424
0.0 0.05923522636294365
0.0 0.0592992939054966
0.0 0.05938249081373215
0.0 0.059535641223192215
0.0 0.059626854956150055
0.0 0.05972098559141159
0.0 0.05990275368094444
0.0 0.06000272557139397
0.0 0.060142192989587784
0.0 0.06022380664944649
0.0 0.06040141358971596
0.0 0.06041410192847252
0.0 0.06045905873179436
0.0 0.060593679547309875
0.0 0.06068042293190956
0.0 0.060771018266677856
0.0 0.060840439051389694
0.0 0.06087358668446541
0.0 0.06093500182032585
0.0 0.06100939214229584
0.0 0.06105276197195053
0.0 0.06110173463821411
0.0 0.0611395388841629
0.0 0.061324603855609894
0.0 0.06134704127907753
0.0 0.061369091272354126
0.0 0.06138522922992706
0.0 0.06140432879328728
0.0 0.06152954697608948
0.0 0.061536651104688644
0.0 0.06174164637923241
0.0 0.06185382604598999
0.0 0.06189233437180519
0.0 0.06190406158566475
0.0 0.06192568317055702
0.0 0.061942681670188904
0.0 0.061959512531757355
0.0 0.061969857662916183
0.0 0.06198427081108093
0.0 0.062091413885354996
0.0 0.0621904693543911
0.0 0.0623270720243454
0.0 0.06252505630254745
0.0 0.06257985532283783
0.0 0.06283529847860336
0.0 0.0628734603524208
0.0 0.06308215111494064
0.0 0.06308675557374954
0.0 0.0631030723452568
0.0 0.06310683488845825
0.0 0.06318541616201401
0.0 0.06327487528324127
0.0 0.0633028969168663
0.0 0.06355660408735275
0.0 0.06355968862771988
0.0 0.06365997344255447
0.0 0.06379973143339157
0.0 0.06382902711629868
0.0 0.0638439953327179
0.0 0.06391749531030655
0.0 0.06421442329883575
0.0 0.06422483175992966
0.0 0.06431766599416733
0.0 0.06435545533895493
0.0 0.06442270427942276
0.0 0.06447708606719971
0.0 0.06449389457702637
0.0 0.06451482325792313
0.0 0.064534492790699
0.0 0.06455640494823456
0.0 0.06490182131528854
0.0 0.06493315100669861
0.0 0.06498154252767563
0.0 0.06503836065530777
0.0 0.06506989151239395
0.0 0.06522239744663239
0.0 0.06532096862792969
0.0 0.06535345315933228
0.0 0.06536068767309189
0.0 0.06545878201723099
0.0 0.06556142866611481
0.0 0.06557554751634598
0.0 0.06566056609153748
0.0 0.06573990732431412
0.0 0.06595540791749954
0.0 0.06602957099676132
0.0 0.06610948592424393
0.0 0.06615438312292099
0.0 0.06618177145719528
0.0 0.06618824601173401
0.0 0.06623589992523193
0.0 0.06626565754413605
0.0 0.06641479581594467
0.0 0.06647857278585434
0.0 0.06662128120660782
0.0 0.06663300096988678
0.0 0.06665843725204468
0.0 0.06676781922578812
0.0 0.06679372489452362
0.0 0.06681936234235764
0.0 0.06687662750482559
0.0 0.0671355202794075
0.0 0.06715141236782074
0.0 0.06724711507558823
0.0 0.0673367902636528
0.0 0.0674075186252594
0.0 0.06741376221179962
0.0 0.06744862347841263
0.0 0.06756342202425003
0.0 0.0676831528544426
0.0 0.06770337373018265
0.0 0.06779640167951584
0.0 0.06785549968481064
0.0 0.06785935163497925
0.0 0.06795776635408401
0.0 0.06803838163614273
0.0 0.06808130443096161
0.0 0.06827138364315033
0.0 0.06851209700107574
0.0 0.06876575201749802
0.0 0.06894247233867645
0.0 0.0690186619758606
0.0 0.06907578557729721
0.0 0.06937634944915771
0.0 0.06945627927780151
0.0 0.06951224058866501
0.0 0.06955281645059586
0.0 0.06956976652145386
0.0 0.06957047432661057
0.0 0.06980711966753006
0.0 0.07013276219367981
0.0 0.07018907368183136
0.0 0.07021667063236237
0.0 0.07028687000274658
0.0 0.07043369859457016
0.0 0.0705113336443901
0.0 0.07054978609085083
0.0 0.07066845148801804
0.0 0.0706925019621849
0.0 0.07079928368330002
0.0 0.07090461999177933
0.0 0.07095921784639359
0.0 0.07120860368013382
0.0 0.07120917737483978
0.0 0.07125154137611389
0.0 0.0713076964020729
0.0 0.0713169127702713
0.0 0.07168123871088028
0.0 0.07172323018312454
0.0 0.07174770534038544
0.0 0.07179094105958939
0.0 0.07196804136037827
0.0 0.0720062181353569
0.0 0.07213965803384781
0.0 0.07214593887329102
0.0 0.07221958786249161
0.0 0.07224180549383163
0.0 0.07229558378458023
0.0 0.0723489373922348
0.0 0.07238924503326416
0.0 0.07245779037475586
0.0 0.07260701805353165
0.0 0.07270220667123795
0.0 0.07279856503009796
0.0 0.07301460206508636
0.0 0.07311207801103592
0.0 0.07318365573883057
0.0 0.0732385516166687
0.0 0.07343494147062302
0.0 0.07346592098474503
0.0 0.07346899062395096
0.0 0.07355649024248123
0.0 0.07374823838472366
0.0 0.07374957948923111
0.0 0.07381410151720047
0.0 0.07386697828769684
0.0 0.07400575280189514
0.0 0.07420195639133453
0.0 0.07457802444696426
0.0 0.07467754185199738
0.0 0.07481873035430908
0.0 0.07486014813184738
0.0 0.0750095322728157
0.0 0.07514476776123047
0.0 0.07520417124032974
0.0 0.07535359263420105
0.0 0.0753917321562767
0.0 0.07540911436080933
0.0 0.07543186843395233
0.0 0.07543592900037766
0.0 0.07554364204406738
0.0 0.07559168338775635
0.0 0.07559452205896378
0.0 0.07560471445322037
0.0 0.07564402371644974
0.0 0.07570101320743561
0.0 0.07575716823339462
0.0 0.07577593624591827
0.0 0.07582268863916397
0.0 0.07588556408882141
0.0 0.07610476016998291
0.0 0.07647198438644409
0.0 0.07648047059774399
0.0 0.07648355513811111
0.0 0.07657953351736069
0.0 0.0767880231142044
0.0 0.07682200521230698
0.0 0.0768391340970993
0.0 0.07689839601516724
0.0 0.0770699754357338
0.0 0.0771087184548378
0.0 0.07712516188621521
0.0 0.07716413587331772
0.0 0.07727544754743576
0.0 0.07728936523199081
0.0 0.07731064409017563
0.0 0.07732078433036804
0.0 0.07739138603210449
0.0 0.077581487596035
0.0 0.07794202119112015
0.0 0.07803068310022354
0.0 0.07841656357049942
0.0 0.07847801595926285
0.0 0.07876802235841751
0.0 0.07878479361534119
0.0 0.07900918275117874
0.0 0.07901130616664886
0.0 0.0791427493095398
0.0 0.07919245958328247
0.0 0.07920746505260468
0.0 0.07923657447099686
0.0 0.07927979528903961
0.0 0.07967869937419891
0.0 0.07980138063430786
0.0 0.07992326468229294
0.0 0.07998590171337128
0.0 0.08016382902860641
0.0 0.08042153716087341
0.0 0.08047883957624435
0.0 0.08052344620227814
0.0 0.08054444938898087
0.0 0.08063974976539612
0.0 0.08071481436491013
0.0 0.08100099116563797
0.0 0.08129779249429703
0.0 0.08130253851413727
0.0 0.0814763531088829
0.0 0.081499382853508
0.0 0.08156841993331909
0.0 0.08168178796768188
0.0 0.08193796128034592
0.0 0.08195530623197556
0.0 0.08199047297239304
0.0 0.08224485069513321
0.0 0.0822484940290451
0.0 0.08227091282606125
0.0 0.08241549879312515
0.0 0.08241821825504303
0.0 0.08257406204938889
0.0 0.08275068551301956
0.0 0.08291207253932953
0.0 0.08296382427215576
0.0 0.08310606330633163
0.0 0.08312017470598221
0.0 0.0831676498055458
0.0 0.08319790661334991
0.0 0.08330999314785004
0.0 0.08353417366743088
0.0 0.08363298326730728
0.0 0.08401679992675781
0.0 0.08407314121723175
0.0 0.08408018201589584
0.0 0.08426328003406525
0.0 0.08458417654037476
0.0 0.08459683507680893
0.0 0.08485125005245209
0.0 0.0849386677145958
0.0 0.08503875881433487
0.0 0.08508635312318802
0.0 0.0850973129272461
0.0 0.08520323038101196
0.0 0.08556864410638809
0.0 0.08560378849506378
0.0 0.08586038649082184
0.0 0.08592832088470459
0.0 0.08595597743988037
0.0 0.08606783300638199
0.0 0.08632120490074158
0.0 0.08636873960494995
0.0 0.08654480427503586
0.0 0.08655062317848206
0.0 0.08663798123598099
0.0 0.08671482652425766
0.0 0.08687954396009445
0.0 0.08689560741186142
0.0 0.08690529316663742
0.0 0.08691714704036713
0.0 0.08693218976259232
0.0 0.08693324029445648
0.0 0.08731372654438019
0.0 0.08762533217668533
0.0 0.0876542329788208
0.0 0.08786629885435104
0.0 0.08824318647384644
0.0 0.08829254657030106
0.0 0.08829843252897263
0.0 0.08876530081033707
0.0 0.08884131908416748
0.0 0.08885084837675095
0.0 0.08885786682367325
0.0 0.08926812559366226
0.0 0.08941977471113205
0.0 0.0896417424082756
0.0 0.08978862315416336
0.0 0.08980508148670197
0.0 0.0899900272488594
0.0 0.09007462114095688
0.0 0.09009717404842377
0.0 0.09031430631875992
0.0 0.09054166078567505
0.0 0.09062648564577103
0.0 0.09075150638818741
0.0 0.09143475443124771
0.0 0.09160822629928589
0.0 0.09164521843194962
0.0 0.09184707701206207
0.0 0.09221459925174713
0.0 0.0923699289560318
0.0 0.09252302348613739
0.0 0.09253625571727753
0.0 0.09262516349554062
0.0 0.09264791756868362
0.0 0.09273495525121689
0.0 0.09280914813280106
0.0 0.09285438060760498
0.0 0.09306813031435013
0.0 0.0934653952717781
0.0 0.09347711503505707
0.0 0.09355487674474716
0.0 0.09445319324731827
0.0 0.09452752768993378
0.0 0.09474562853574753
0.0 0.09487654268741608
0.0 0.09537478536367416
0.0 0.09570389240980148
0.0 0.09624422341585159
0.0 0.09655841439962387
0.0 0.09798718988895416
0.0 0.09801609069108963
0.0 0.09817827492952347
0.0 0.09823817759752274
0.0 0.09831862896680832
0.0 0.09996026754379272
0.0 0.10090439021587372
0.0 0.10112255066633224
0.0 0.10141240060329437
0.0 0.10314715653657913
0.0 0.10376578569412231
0.0 0.10400404036045074
0.0 0.10514874011278152
0.0 0.10581856966018677
0.0 0.10597316175699234
0.0 0.10604267567396164
0.0 0.10721181333065033
0.0 0.10742748528718948
0.0 0.10794965922832489
0.0 0.1089581772685051
0.0 0.1091257855296135
0.0 0.10961160063743591
0.0 0.11100102961063385
0.0 0.11188439279794693
0.0 0.11303336173295975
0.0 0.11429038643836975
0.0 0.11612169444561005
0.0 0.12167999148368835
0.0 0.12573561072349548
0.0 0.12600383162498474
0.0 0.12852905690670013
0.0 0.1336800754070282
0.0 0.13464422523975372
0.0 0.1354765146970749
0.0 0.13648706674575806
0.0 0.14539942145347595
0.0 inf
