0.0 0.031197283416986465
0.0 0.03434062749147415
0.0 0.03487064689397812
0.0 0.03519885987043381
0.0 0.03724142536520958
0.0 0.038886815309524536
0.0 0.04042164236307144
0.0 0.040452517569065094
0.0 0.04096054285764694
0.0 0.04113194718956947
0.0 0.04140932485461235
0.0 0.041713982820510864
0.0 0.0419471450150013
0.0 0.042129941284656525
0.0 0.04213133454322815
0.0 0.04220537096261978
0.0 0.04220673441886902
0.0 0.04224896430969238
0.0 0.042274996638298035
0.0 0.04232776537537575
0.0 0.04275787994265556
0.0 0.04281455650925636
0.0 0.04286966845393181
0.0 0.04315812513232231
0.0 0.04361261799931526
0.0 0.04361705482006073
0.0 0.04367215931415558
0.0 0.0436745211482048
0.0 0.04372119903564453
0.0 0.04380125552415848
0.0 0.043901462107896805
0.0 0.04396802932024002
0.0 0.04398836940526962
0.0 0.04404867812991142
0.0 0.04410860687494278
0.0 0.04412307217717171
0.0 0.04418100416660309
0.0 0.04421486705541611
0.0 0.044250648468732834
0.0 0.04429775848984718
0.0 0.04452257230877876
0.0 0.04453735426068306
0.0 0.04459625110030174
0.0 0.044600993394851685
0.0 0.04487381502985954
0.0 0.04489941522479057
0.0 0.04493647441267967
0.0 0.04497199133038521
0.0 0.04497295245528221
0.0 0.045101698487997055
0.0 0.04532722011208534
0.0 0.045572128146886826
0.0 0.045575495809316635
0.0 0.045684464275836945
0.0 0.04576942324638367
0.0 0.045834917575120926
0.0 0.04595056548714638
0.0 0.04616715386509895
0.0 0.04626750200986862
0.0 0.046430062502622604
0.0 0.04650808870792389
0.0 0.04659556224942207
0.0 0.046705614775419235
0.0 0.0467468798160553
0.0 0.04689748212695122
0.0 0.04716489091515541
0.0 0.047187916934490204
0.0 0.04722212627530098
0.0 0.047335702925920486
0.0 0.04746853932738304
0.0 0.047481123358011246
0.0 0.047502920031547546
0.0 0.04753789305686951
0.0 0.04754453897476196
0.0 0.047572966665029526
0.0 0.047698915004730225
0.0 0.04773148149251938
0.0 0.04780566692352295
0.0 0.04798130691051483
0.0 0.04799601063132286
0.0 0.04818176478147507
0.0 0.04821205511689186
0.0 0.04839480295777321
0.0 0.04853115230798721
0.0 0.04873828589916229
0.0 0.04882882162928581
0.0 0.049012403935194016
0.0 0.04903997480869293
0.0 0.04904715716838837
0.0 0.04914000257849693
0.0 0.04916434362530708
0.0 0.049246758222579956
0.0 0.049340732395648956
0.0 0.04934578016400337
0.0 0.04938957095146179
0.0 0.049401987344026566
0.0 0.049423396587371826
0.0 0.04946732893586159
0.0 0.049541912972927094
0.0 0.049551188945770264
0.0 0.04965173080563545
0.0 0.04973425716161728
0.0 0.04989098012447357
0.0 0.04993969202041626
0.0 0.04998249560594559
0.0 0.050028245896101
0.0 0.05006815865635872
0.0 0.050093747675418854
0.0 0.05012596398591995
0.0 0.05014198273420334
0.0 0.05016091838479042
0.0 0.05024665221571922
0.0 0.05025533586740494
0.0 0.05027732625603676
0.0 0.05041535943746567
0.0 0.050417058169841766
0.0 0.05045967176556587
0.0 0.05070916935801506
0.0 0.050732921808958054
0.0 0.050757087767124176
0.0 0.05077986419200897
0.0 0.05082153156399727
0.0 0.05082506686449051
0.0 0.050914082676172256
0.0 0.050919413566589355
0.0 0.050950657576322556
0.0 0.051011793315410614
0.0 0.051097698509693146
0.0 0.0512070395052433
0.0 0.05140450969338417
0.0 0.051407165825366974
0.0 0.051439739763736725
0.0 0.051568396389484406
0.0 0.05160016566514969
0.0 0.05160854011774063
0.0 0.05161072313785553
0.0 0.051633477210998535
0.0 0.051771312952041626
0.0 0.05187101662158966
0.0 0.05213484168052673
0.0 0.052163634449243546
0.0 0.052259333431720734
0.0 0.052425626665353775
0.0 0.052455753087997437
0.0 0.05269264057278633
0.0 0.05278221145272255
0.0 0.05285166949033737
0.0 0.052927516400814056
0.0 0.052930183708667755
0.0 0.0529484860599041
0.0 0.05300884693861008
0.0 0.05304271727800369
0.0 0.053045909851789474
0.0 0.053061071783304214
0.0 0.05307335779070854
0.0 0.05323292687535286
0.0 0.05328863486647606
0.0 0.05339741334319115
0.0 0.05341796949505806
0.0 0.05346713587641716
0.0 0.053476665169000626
0.0 0.05355058237910271
0.0 0.05356429144740105
0.0 0.05361360311508179
0.0 0.05371073633432388
0.0 0.05384231358766556
0.0 0.053892359137535095
0.0 0.05389995500445366
0.0 0.054015181958675385
0.0 0.05415176972746849
0.0 0.0541580393910408
0.0 0.05425986275076866
0.0 0.05435526371002197
0.0 0.05446425452828407
0.0 0.054535768926143646
0.0 0.054594673216342926
0.0 0.0546211339533329
0.0 0.054684851318597794
0.0 0.05481155961751938
0.0 0.05492420867085457
0.0 0.05494182929396629
0.0 0.05498338118195534
0.0 0.05505330115556717
0.0 0.05514209344983101
0.0 0.05519869923591614
0.0 0.05534281209111214
0.0 0.055449649691581726
0.0 0.05552290380001068
0.0 0.05556242913007736
0.0 0.05558639392256737
0.0 0.05572284758090973
0.0 0.05582362040877342
0.0 0.055826470255851746
0.0 0.05593462288379669
0.0 0.05593949183821678
0.0 0.055954709649086
0.0 0.05595902353525162
0.0 0.05607854574918747
0.0 0.05611603707075119
0.0 0.0562615841627121
0.0 0.056296855211257935
0.0 0.05642281845211983
0.0 0.05654913932085037
0.0 0.05656471103429794
0.0 0.05662543326616287
0.0 0.05663370341062546
0.0 0.05664916709065437
0.0 0.05666119232773781
0.0 0.05667569860816002
0.0 0.05672283098101616
0.0 0.0569215752184391
0.0 0.0569496676325798
0.0 0.056967366486787796
0.0 0.05698423832654953
0.0 0.057083867490291595
0.0 0.05721624940633774
0.0 0.05721910297870636
0.0 0.05721922218799591
0.0 0.057253994047641754
0.0 0.05730278789997101
0.0 0.05731845647096634
0.0 0.05734541267156601
0.0 0.05735529586672783
0.0 0.05745752155780792
0.0 0.0575253888964653
0.0 0.05758775770664215
0.0 0.05762307345867157
0.0 0.05800487473607063
0.0 0.058152247220277786
0.0 0.05820179358124733
0.0 0.05824197828769684
0.0 0.058414608240127563
0.0 0.05845027044415474
0.0 0.058509331196546555
0.0 0.058648571372032166
0.0 0.058668673038482666
0.0 0.05881926789879799
0.0 0.05881944298744202
0.0 0.05884629487991333
0.0 0.05904364213347435
0.0 0.0590982623398304
0.0 0.05918002501130104
0.0 0.059196021407842636
0.0 0.059246718883514404
0.0 0.0592561699450016
0.0 0.05926421657204628
0.0 0.059280525892972946
0.0 0.05929142236709595
0.0 0.059291813522577286
0.0 0.05930005759000778
0.0 0.05940162390470505
0.0 0.05953269079327583
0.0 0.059551484882831573
0.0 0.059583280235528946
0.0 0.059615664184093475
0.0 0.05967554822564125
0.0 0.059722885489463806
0.0 0.05973837524652481
0.0 0.05974366515874863
0.0 0.05980050191283226
0.0 0.0598037913441658
0.0 0.05982373654842377
0.0 0.05989586561918259
0.0 0.059981800615787506
0.0 0.06003325805068016
0.0 0.060070376843214035
0.0 0.06014673039317131
0.0 0.06016629561781883
0.0 0.06035016104578972
0.0 0.0605037622153759
0.0 0.06051816791296005
0.0 0.0607609786093235
0.0 0.060791388154029846
0.0 0.060830194503068924
0.0 0.06091832369565964
0.0 0.061001285910606384
0.0 0.06101294234395027
0.0 0.06112342327833176
0.0 0.06115789711475372
0.0 0.06120498850941658
0.0 0.06122972071170807
0.0 0.06127570942044258
0.0 0.061302587389945984
0.0 0.06131262332201004
0.0 0.06136518344283104
0.0 0.061375636607408524
0.0 0.06148200109601021
0.0 0.061568308621644974
0.0 0.06163939833641052
0.0 0.06168555095791817
0.0 0.061823200434446335
0.0 0.06183403730392456
0.0 0.06194384768605232
0.0 0.062055252492427826
0.0 0.06205826997756958
0.0 0.06217946857213974
0.0 0.062196776270866394
0.0 0.06229554861783981
0.0 0.0623445138335228
0.0 0.062372930347919464
0.0 0.062422554939985275
0.0 0.06242569908499718
0.0 0.06243273988366127
0.0 0.06246699392795563
0.0 0.06258369237184525
0.0 0.06268002092838287
0.0 0.06268994510173798
0.0 0.0627216175198555
0.0 0.06283289194107056
0.0 0.06291181594133377
0.0 0.06291564553976059
0.0 0.06299597769975662
0.0 0.06300217658281326
0.0 0.06307975202798843
0.0 0.06312534213066101
0.0 0.06318630278110504
0.0 0.06321211904287338
0.0 0.06338392198085785
0.0 0.06353633105754852
0.0 0.06354711949825287
0.0 0.06370455026626587
0.0 0.06374195218086243
0.0 0.06375942379236221
0.0 0.0638602152466774
0.0 0.06392502784729004
0.0 0.06399929523468018
0.0 0.06400762498378754
0.0 0.06407132744789124
0.0 0.06428944319486618
0.0 0.06429349631071091
0.0 0.06430885940790176
0.0 0.0643305629491806
0.0 0.06434689462184906
0.0 0.06441296637058258
0.0 0.06444059312343597
0.0 0.06448476016521454
0.0 0.06449364870786667
0.0 0.06455228477716446
0.0 0.06460109353065491
0.0 0.06460541486740112
0.0 0.06467340141534805
0.0 0.06467967480421066
0.0 0.06468423455953598
0.0 0.06481178849935532
0.0 0.06483431160449982
0.0 0.06504561752080917
0.0 0.0651351734995842
0.0 0.0652712881565094
0.0 0.06528922915458679
0.0 0.06529422849416733
0.0 0.06539436429738998
0.0 0.06540565937757492
0.0 0.06545791774988174
0.0 0.06548012793064117
0.0 0.06556492298841476
0.0 0.06558666378259659
0.0 0.06560706347227097
0.0 0.06566359847784042
0.0 0.06573023647069931
0.0 0.06577762216329575
0.0 0.06583795696496964
0.0 0.06586813181638718
0.0 0.06586964428424835
0.0 0.06592809408903122
0.0 0.06598000228404999
0.0 0.06607522815465927
0.0 0.06613707542419434
0.0 0.06625940650701523
0.0 0.06637927144765854
0.0 0.06638232618570328
0.0 0.06645939499139786
0.0 0.06659743189811707
0.0 0.06659787893295288
0.0 0.06680439412593842
0.0 0.06699175387620926
0.0 0.06699427962303162
0.0 0.06703975051641464
0.0 0.06712229549884796
0.0 0.0671255886554718
0.0 0.06713242083787918
0.0 0.06716505438089371
0.0 0.06717249751091003
0.0 0.067203089594841
0.0 0.06725499778985977
0.0 0.06735789775848389
0.0 0.06746918708086014
0.0 0.06751447170972824
0.0 0.06754052639007568
0.0 0.0680479034781456
0.0 0.06817485392093658
0.0 0.06817980855703354
0.0 0.06823849678039551
0.0 0.06837543100118637
0.0 0.06839270144701004
0.0 0.06845828890800476
0.0 0.06850092858076096
0.0 0.06850803643465042
0.0 0.06856570392847061
0.0 0.06859908252954483
0.0 0.06876984238624573
0.0 0.0688135102391243
0.0 0.06893231719732285
0.0 0.0690077468752861
0.0 0.06904257088899612
0.0 0.06904663890600204
0.0 0.06908257305622101
0.0 0.06914252787828445
0.0 0.06932497769594193
0.0 0.06936150044202805
0.0 0.0693870559334755
0.0 0.06954539567232132
0.0 0.0696655884385109
0.0 0.06975976377725601
0.0 0.07003592699766159
0.0 0.07008642703294754
0.0 0.07018378376960754
0.0 0.07027200609445572
0.0 0.07064660638570786
0.0 0.0709528848528862
0.0 0.07100559771060944
0.0 0.07166247069835663
0.0 0.07166482508182526
0.0 0.07176581025123596
0.0 0.07193438708782196
0.0 0.07216978073120117
0.0 0.0724182277917862
0.0 0.0724499300122261
0.0 0.07249145209789276
0.0 0.07252504676580429
0.0 0.07273304462432861
0.0 0.07275474071502686
0.0 0.07278715074062347
0.0 0.07285164296627045
0.0 0.07289931178092957
0.0 0.07303808629512787
0.0 0.07316036522388458
0.0 0.07340095192193985
0.0 0.0734192356467247
0.0 0.07354921847581863
0.0 0.07361861318349838
0.0 0.07401586323976517
0.0 0.07402841001749039
0.0 0.07405497133731842
0.0 0.07405828684568405
0.0 0.07434306293725967
0.0 0.07441581785678864
0.0 0.07451140135526657
0.0 0.07471253722906113
0.0 0.07477179914712906
0.0 0.07507306337356567
0.0 0.07508964836597443
0.0 0.07515259832143784
0.0 0.0752011314034462
0.0 0.07526808977127075
0.0 0.0752858892083168
0.0 0.07547933608293533
0.0 0.07550942152738571
0.0 0.07568735629320145
0.0 0.07586947828531265
0.0 0.07633864879608154
0.0 0.07637378573417664
0.0 0.07641460746526718
0.0 0.07774638384580612
0.0 0.07774757593870163
0.0 0.0778261348605156
0.0 0.07794225960969925
0.0 0.07846653461456299
0.0 0.07849974185228348
0.0 0.07870225608348846
0.0 0.0787283182144165
0.0 0.07874210178852081
0.0 0.07885034382343292
0.0 0.07894652336835861
0.0 0.07944678515195847
0.0 0.07956207543611526
0.0 0.0797426626086235
0.0 0.0801161676645279
0.0 0.08079776912927628
0.0 0.08082199841737747
0.0 0.08107183873653412
0.0 0.08126334100961685
0.0 0.08131115138530731
0.0 0.08142451196908951
0.0 0.0816715881228447
0.0 0.08239631354808807
0.0 0.08267101645469666
0.0 0.08288682252168655
0.0 0.08301737904548645
0.0 0.08386624604463577
0.0 0.08421885222196579
0.0 0.08422031253576279
0.0 0.08478552103042603
0.0 0.08486373722553253
0.0 0.08523547649383545
0.0 0.0852363184094429
0.0 0.08534271270036697
0.0 0.08578972518444061
0.0 0.08604040741920471
0.0 0.08676047623157501
0.0 0.08747470378875732
0.0 0.08800222724676132
0.0 0.08828749507665634
0.0 0.0893988236784935
0.0 0.09023936092853546
0.0 0.0902847871184349
0.0 0.09306961297988892
0.0 0.0940188392996788
0.0 0.09948737174272537
0.0 0.1024676114320755
0.0 0.11434756219387054
0.0 0.11466808617115021
0.0 inf
