0.0 0.02697092294692993
0.0 0.02736753411591053
0.0 0.028046391904354095
0.0 0.02812279760837555
0.0 0.02856290712952614
0.0 0.028847867622971535
0.0 0.02925453521311283
0.0 0.029291579499840736
0.0 0.02950373664498329
0.0 0.029526622965931892
0.0 0.02996368333697319
0.0 0.03021487407386303
0.0 0.03043719381093979
0.0 0.030540831387043
0.0 0.03056946210563183
0.0 0.031201457604765892
0.0 0.031271401792764664
0.0 0.03136976435780525
0.0 0.03147323802113533
0.0 0.031685736030340195
0.0 0.03199368342757225
0.0 0.03214220702648163
0.0 0.03236152604222298
0.0 0.03240225464105606
0.0 0.03251853957772255
0.0 0.032524507492780685
0.0 0.03265242278575897
0.0 0.03267655894160271
0.0 0.03288035839796066
0.0 0.03296435996890068
0.0 0.03305262327194214
0.0 0.03310362249612808
0.0 0.03326624631881714
0.0 0.03328535333275795
0.0 0.03330077603459358
0.0 0.033362895250320435
0.0 0.03337850049138069
0.0 0.03338475152850151
0.0 0.03341139853000641
0.0 0.03342342749238014
0.0 0.033509958535432816
0.0 0.03353605046868324
0.0 0.03356456756591797
0.0 0.03357280418276787
0.0 0.033638954162597656
0.0 0.033695995807647705
0.0 0.03371764346957207
0.0 0.03374055027961731
0.0 0.03384869173169136
0.0 0.033923592418432236
0.0 0.033929336816072464
0.0 0.03395816683769226
0.0 0.03412037342786789
0.0 0.03417080268263817
0.0 0.03433610871434212
0.0 0.03435762971639633
0.0 0.034465353935956955
0.0 0.03446834906935692
0.0 0.03460967540740967
0.0 0.03487274423241615
0.0 0.035010866820812225
0.0 0.03505489602684975
0.0 0.03511899337172508
0.0 0.03514217212796211
0.0 0.03530385345220566
0.0 0.03542167320847511
0.0 0.035469524562358856
0.0 0.0354887992143631
0.0 0.0355277918279171
0.0 0.035649415105581284
0.0 0.03573910519480705
0.0 0.03582483157515526
0.0 0.03591176122426987
0.0 0.03591782599687576
0.0 0.03596934676170349
0.0 0.03600604832172394
0.0 0.03606238216161728
0.0 0.036133456975221634
0.0 0.03614441677927971
0.0 0.036210011690855026
0.0 0.0362289659678936
0.0 0.036338407546281815
0.0 0.03634322062134743
0.0 0.03640984743833542
0.0 0.03641027212142944
0.0 0.03644372522830963
0.0 0.03644951060414314
0.0 0.03661542758345604
0.0 0.03664751350879669
0.0 0.03668669983744621
0.0 0.03669782355427742
0.0 0.036713991314172745
0.0 0.03677115589380264
0.0 0.03683552145957947
0.0 0.03684202581644058
0.0 0.03691891208291054
0.0 0.03696338087320328
0.0 0.03703105449676514
0.0 0.03710537776350975
0.0 0.037133365869522095
0.0 0.03720350190997124
0.0 0.03721193969249725
0.0 0.03723405301570892
0.0 0.03729533031582832
0.0 0.03735699877142906
0.0 0.03737359121441841
0.0 0.037397682666778564
0.0 0.03741450607776642
0.0 0.03747479245066643
0.0 0.0375409759581089
0.0 0.0376032218337059
0.0 0.03761206567287445
0.0 0.03762929514050484
0.0 0.037630241364240646
0.0 0.03768298402428627
0.0 0.03770660236477852
0.0 0.037723373621702194
0.0 0.037733498960733414
0.0 0.03782188892364502
0.0 0.037892475724220276
0.0 0.03794924169778824
0.0 0.03802824020385742
0.0 0.03806011378765106
0.0 0.03808619827032089
0.0 0.03817404434084892
0.0 0.038196805864572525
0.0 0.03820241242647171
0.0 0.03826985880732536
0.0 0.03838953748345375
0.0 0.038422781974077225
0.0 0.03846590220928192
0.0 0.038484565913677216
0.0 0.03853960707783699
0.0 0.03861888498067856
0.0 0.038623958826065063
0.0 0.03863052278757095
0.0 0.0387306846678257
0.0 0.03880618140101433
0.0 0.03896419331431389
0.0 0.03913464397192001
0.0 0.03928167000412941
0.0 0.0392855741083622
0.0 0.03930284082889557
0.0 0.039329644292593
0.0 0.03937283530831337
0.0 0.039481036365032196
0.0 0.03950290009379387
0.0 0.039545297622680664
0.0 0.0395796075463295
0.0 0.039668481796979904
0.0 0.03970668837428093
0.0 0.03971366956830025
0.0 0.03985033556818962
0.0 0.039867985993623734
0.0 0.04010573774576187
0.0 0.04013754427433014
0.0 0.04015575721859932
0.0 0.04023953154683113
0.0 0.04024626687169075
0.0 0.0402703620493412
0.0 0.0402703694999218
0.0 0.04030204191803932
0.0 0.040388770401477814
0.0 0.04043079540133476
0.0 0.04047521948814392
0.0 0.04055681452155113
0.0 0.04056761786341667
0.0 0.04064347967505455
0.0 0.04067977890372276
0.0 0.04072918742895126
0.0 0.04083076864480972
0.0 0.04091065376996994
0.0 0.040989674627780914
0.0 0.04099050909280777
0.0 0.04110007733106613
0.0 0.04111136123538017
0.0 0.04117824509739876
0.0 0.041187964379787445
0.0 0.0413418747484684
0.0 0.04145487770438194
0.0 0.04150228202342987
0.0 0.041548825800418854
0.0 0.041594866663217545
0.0 0.0416213683784008
0.0 0.04162803664803505
0.0 0.04167507216334343
0.0 0.04171695187687874
0.0 0.04183215647935867
0.0 0.04184998944401741
0.0 0.04185077175498009
0.0 0.041867658495903015
0.0 0.041880976408720016
0.0 0.04190221056342125
0.0 0.04194321855902672
0.0 0.0419863723218441
0.0 0.04208812490105629
0.0 0.04210731387138367
0.0 0.042298004031181335
0.0 0.04231678694486618
0.0 0.04238913953304291
0.0 0.0423956997692585
0.0 0.04245748370885849
0.0 0.042527202516794205
0.0 0.042550817131996155
0.0 0.0425727479159832
0.0 0.04268302768468857
0.0 0.04285251349210739
0.0 0.042855601757764816
0.0 0.042912717908620834
0.0 0.04291471466422081
0.0 0.04293546453118324
0.0 0.04295141249895096
0.0 0.04300876706838608
0.0 0.043032363057136536
0.0 0.04311205819249153
0.0 0.04317549988627434
0.0 0.04319388419389725
0.0 0.043200694024562836
0.0 0.04322254657745361
0.0 0.04326561838388443
0.0 0.04330379143357277
0.0 0.04332445561885834
0.0 0.04340357705950737
0.0 0.04344771057367325
0.0 0.04349556192755699
0.0 0.04359523579478264
0.0 0.04360923171043396
0.0 0.043622054159641266
0.0 0.04367425665259361
0.0 0.04368174448609352
0.0 0.043881602585315704
0.0 0.04393410682678223
0.0 0.04394349455833435
0.0 0.04396592825651169
0.0 0.043966036289930344
0.0 0.04405045881867409
0.0 0.04410561919212341
0.0 0.04414995014667511
0.0 0.044214267283678055
0.0 0.04424010589718819
0.0 0.04424653202295303
0.0 0.04425569996237755
0.0 0.044273052364587784
0.0 0.04429326578974724
0.0 0.04433346912264824
0.0 0.044373586773872375
0.0 0.044398728758096695
0.0 0.044412195682525635
0.0 0.04453222081065178
0.0 0.044541459530591965
0.0 0.04458034411072731
0.0 0.04467448219656944
0.0 0.04468474164605141
0.0 0.04469486325979233
0.0 0.044794801622629166
0.0 0.044821739196777344
0.0 0.04490871727466583
0.0 0.04493270069360733
0.0 0.04498063772916794
0.0 0.04499198496341705
0.0 0.04500529542565346
0.0 0.04506237804889679
0.0 0.045123495161533356
0.0 0.04517323151230812
0.0 0.04524342343211174
0.0 0.045263055711984634
0.0 0.04535515606403351
0.0 0.04541901499032974
0.0 0.04546382650732994
0.0 0.045588765293359756
0.0 0.04559195414185524
0.0 0.045596569776535034
0.0 0.045702386647462845
0.0 0.04574364796280861
0.0 0.0457630529999733
0.0 0.045838117599487305
0.0 0.045861322432756424
0.0 0.04586919769644737
0.0 0.04592394828796387
0.0 0.04618813470005989
0.0 0.046200111508369446
0.0 0.04623255133628845
0.0 0.046283919364213943
0.0 0.046523239463567734
0.0 0.04662260785698891
0.0 0.046651747077703476
0.0 0.04665769636631012
0.0 0.04680726304650307
0.0 0.046814773231744766
0.0 0.04714478924870491
0.0 0.047146596014499664
0.0 0.04718368500471115
0.0 0.04729132726788521
0.0 0.04731554538011551
0.0 0.0474393256008625
0.0 0.04751206189393997
0.0 0.04768337309360504
0.0 0.04777521267533302
0.0 0.04781007021665573
0.0 0.047877147793769836
0.0 0.04788674786686897
0.0 0.04790032282471657
0.0 0.04792824760079384
0.0 0.048043496906757355
0.0 0.04807727038860321
0.0 0.048090651631355286
0.0 0.048144012689590454
0.0 0.04822468385100365
0.0 0.04824838787317276
0.0 0.04824938252568245
0.0 0.048263970762491226
0.0 0.04829360544681549
0.0 0.048364438116550446
0.0 0.048399049788713455
0.0 0.048429764807224274
0.0 0.04846764728426933
0.0 0.0484941303730011
0.0 0.048503778874874115
0.0 0.04852363467216492
0.0 0.048595745116472244
0.0 0.04865724593400955
0.0 0.04888765513896942
0.0 0.04893660545349121
0.0 0.04895082488656044
0.0 0.04903901740908623
0.0 0.04911124333739281
0.0 0.04925474897027016
0.0 0.049306973814964294
0.0 0.049347590655088425
0.0 0.04940101504325867
0.0 0.04958763346076012
0.0 0.049617648124694824
0.0 0.049689505249261856
0.0 0.049759797751903534
0.0 0.049804091453552246
0.0 0.0498216412961483
0.0 0.049887824803590775
0.0 0.050027765333652496
0.0 0.05003204569220543
0.0 0.05012873560190201
0.0 0.0501590222120285
0.0 0.050251808017492294
0.0 0.050351593643426895
0.0 0.05035306140780449
0.0 0.050435084849596024
0.0 0.050448089838027954
0.0 0.05053735896945
0.0 0.05056934058666229
0.0 0.05083170533180237
0.0 0.0509958490729332
0.0 0.05102504789829254
0.0 0.05107550695538521
0.0 0.05116763710975647
0.0 0.051262982189655304
0.0 0.051307857036590576
0.0 0.05141479894518852
0.0 0.05146370828151703
0.0 0.05149747431278229
0.0 0.051498837769031525
0.0 0.051502421498298645
0.0 0.05161045119166374
0.0 0.05161883682012558
0.0 0.05162544548511505
0.0 0.05174778774380684
0.0 0.05209590494632721
0.0 0.05217703804373741
0.0 0.05218255892395973
0.0 0.05223025381565094
0.0 0.05226569250226021
0.0 0.052291013300418854
0.0 0.05237400159239769
0.0 0.052393317222595215
0.0 0.05251789465546608
0.0 0.052628014236688614
0.0 0.052661437541246414
0.0 0.0527234822511673
0.0 0.05281578749418259
0.0 0.05287148430943489
0.0 0.05311235040426254
0.0 0.05322413891553879
0.0 0.05327289551496506
0.0 0.0532795712351799
0.0 0.05332508310675621
0.0 0.05345825105905533
0.0 0.053505998104810715
0.0 0.05350946635007858
0.0 0.05361149087548256
0.0 0.05362016707658768
0.0 0.05374033376574516
0.0 0.05379831790924072
0.0 0.05381530895829201
0.0 0.05382712557911873
0.0 0.05384019389748573
0.0 0.05409178510308266
0.0 0.05425775796175003
0.0 0.05431189388036728
0.0 0.05436718091368675
0.0 0.054513514041900635
0.0 0.054564960300922394
0.0 0.054604604840278625
0.0 0.05473693460226059
0.0 0.05474536493420601
0.0 0.054767269641160965
0.0 0.0548003725707531
0.0 0.054852910339832306
0.0 0.05491923913359642
0.0 0.05497988313436508
0.0 0.05503123998641968
0.0 0.05522996187210083
0.0 0.05526270344853401
0.0 0.05532563105225563
0.0 0.055437736213207245
0.0 0.0555458664894104
0.0 0.05564069002866745
0.0 0.05570126324892044
0.0 0.05571756511926651
0.0 0.05575050041079521
0.0 0.0557778999209404
0.0 0.05605794116854668
0.0 0.05610504746437073
0.0 0.056137166917324066
0.0 0.05614514276385307
0.0 0.056170541793107986
0.0 0.05633878707885742
0.0 0.056495148688554764
0.0 0.05649639293551445
0.0 0.05651567131280899
0.0 0.056566376239061356
0.0 0.056726641952991486
0.0 0.05672767758369446
0.0 0.05680839717388153
0.0 0.05724118649959564
0.0 0.05727394297719002
0.0 0.0573134645819664
0.0 0.05751345306634903
0.0 0.05751952528953552
0.0 0.057543329894542694
0.0 0.05836401879787445
0.0 0.058485716581344604
0.0 0.058603737503290176
0.0 0.05860579013824463
0.0 0.05922301113605499
0.0 0.05933608487248421
0.0 0.05945080518722534
0.0 0.05953375622630119
0.0 0.05964289978146553
0.0 0.05971348285675049
0.0 0.059891242533922195
0.0 0.05998190492391586
0.0 0.060203421860933304
0.0 0.06050727516412735
0.0 0.060777392238378525
0.0 0.061014678329229355
0.0 0.06107880547642708
0.0 0.06109379976987839
0.0 0.06110639497637749
0.0 0.06121714040637016
0.0 0.061217378824949265
0.0 0.061234042048454285
0.0 0.061479318886995316
0.0 0.06152497977018356
0.0 0.061999253928661346
0.0 0.06241229176521301
0.0 0.0625254288315773
0.0 0.06272081285715103
0.0 0.06305453926324844
0.0 0.06314201653003693
0.0 0.06334657222032547
0.0 0.0633680522441864
0.0 0.06340766698122025
0.0 0.06364373117685318
0.0 0.0637023001909256
0.0 0.06438498198986053
0.0 0.06448110938072205
0.0 0.06453081220388412
0.0 0.06456172466278076
0.0 0.06489347666501999
0.0 0.0650026872754097
0.0 0.06500951945781708
0.0 0.0650494247674942
0.0 0.06553716957569122
0.0 0.06571219116449356
0.0 0.0661177784204483
0.0 0.06619242578744888
0.0 0.06626671552658081
0.0 0.06670308858156204
0.0 0.06700830906629562
0.0 0.06751518696546555
0.0 0.06791119277477264
0.0 0.067949078977108
0.0 0.06932282447814941
0.0 0.07274628430604935
0.0 0.07316049188375473
0.0 0.07346885651350021
0.0 0.07427610456943512
0.0 0.07611545920372009
0.0 0.0772031843662262
0.0 0.07818419486284256
0.0 0.07863166928291321
0.0 0.08035559207201004
0.0 0.08220450580120087
0.0 0.08233502507209778
0.0 0.08264753222465515
0.0 0.082828588783741
0.0 0.08479046076536179
0.0 0.08548295497894287
0.0 0.08617503196001053
0.0 0.08868832886219025
0.0 0.09075064957141876
0.0 0.14616447687149048
0.0 0.1631205826997757
0.0 inf
