0.0 0.04586896672844887
0.0 0.049642324447631836
0.0 0.051190298050642014
0.0 0.05372397229075432
0.0 0.05406841263175011
0.0 0.05508503317832947
0.0 0.05559718608856201
0.0 0.05675322189927101
0.0 0.056847117841243744
0.0 0.05706500634551048
0.0 0.05808146297931671
0.0 0.05831819772720337
0.0 0.05919475480914116
0.0 0.05929763987660408
0.0 0.05952174961566925
0.0 0.06000543758273125
0.0 0.06004348397254944
0.0 0.06036287918686867
0.0 0.06087186560034752
0.0 0.06149996072053909
0.0 0.0617695078253746
0.0 0.06177233159542084
0.0 0.06226130202412605
0.0 0.06232236325740814
0.0 0.062386054545640945
0.0 0.06264825165271759
0.0 0.06266209483146667
0.0 0.06283034384250641
0.0 0.06288275867700577
0.0 0.06341058760881424
0.0 0.06347521394491196
0.0 0.06357549875974655
0.0 0.06392677128314972
0.0 0.06397838145494461
0.0 0.06404108554124832
0.0 0.0640517994761467
0.0 0.06409676373004913
0.0 0.06428950279951096
0.0 0.06446198374032974
0.0 0.06458019465208054
0.0 0.06488676369190216
0.0 0.06488696485757828
0.0 0.06504116207361221
0.0 0.06511270254850388
0.0 0.06548915803432465
0.0 0.06556105613708496
0.0 0.06558647751808167
0.0 0.06558943539857864
0.0 0.06563125550746918
0.0 0.0656389445066452
0.0 0.06566847115755081
0.0 0.06568856537342072
0.0 0.06569262593984604
0.0 0.06575296819210052
0.0 0.06588158011436462
0.0 0.06604930758476257
0.0 0.0660729855298996
0.0 0.06608464568853378
0.0 0.06625666469335556
0.0 0.06626555323600769
0.0 0.06652060151100159
0.0 0.06653153151273727
0.0 0.06656794995069504
0.0 0.06658642739057541
0.0 0.0667547732591629
0.0 0.06677048653364182
0.0 0.06684465706348419
0.0 0.06692460179328918
0.0 0.06693319976329803
0.0 0.06705029308795929
0.0 0.06713664531707764
0.0 0.06720264256000519
0.0 0.06722894310951233
0.0 0.06734953820705414
0.0 0.06738167256116867
0.0 0.06740177422761917
0.0 0.06746077537536621
0.0 0.06755822896957397
0.0 0.06769447028636932
0.0 0.06770119071006775
0.0 0.0677199587225914
0.0 0.06772149354219437
0.0 0.0677855908870697
0.0 0.06785435229539871
0.0 0.06786201894283295
0.0 0.06792816519737244
0.0 0.06792862713336945
0.0 0.0682143047451973
0.0 0.06828488409519196
0.0 0.06842902302742004
0.0 0.06843726336956024
0.0 0.06849974393844604
0.0 0.06871699541807175
0.0 0.06876325607299805
0.0 0.06884319335222244
0.0 0.06884866207838058
0.0 0.06901849806308746
0.0 0.06909274309873581
0.0 0.06937029212713242
0.0 0.06948822736740112
0.0 0.06958268582820892
0.0 0.06978202611207962
0.0 0.07000278681516647
0.0 0.07003451138734818
0.0 0.07004137337207794
0.0 0.07028429955244064
0.0 0.07045503705739975
0.0 0.07052747905254364
0.0 0.07052930444478989
0.0 0.07055381685495377
0.0 0.07079961150884628
0.0 0.0708267092704773
0.0 0.07092507928609848
0.0 0.07095792144536972
0.0 0.07100306451320648
0.0 0.07107456773519516
0.0 0.07115861773490906
0.0 0.07140917330980301
0.0 0.07142185419797897
0.0 0.07159720361232758
0.0 0.07165300101041794
0.0 0.07170361280441284
0.0 0.07170957326889038
0.0 0.07172489166259766
0.0 0.07185880094766617
0.0 0.07196605205535889
0.0 0.07198096066713333
0.0 0.0720047727227211
0.0 0.07203790545463562
0.0 0.07211922854185104
0.0 0.07220286130905151
0.0 0.07224588096141815
0.0 0.07228676229715347
0.0 0.07232055813074112
0.0 0.07238908857107162
0.0 0.07244143635034561
0.0 0.07245276868343353
0.0 0.07268890738487244
0.0 0.07298525422811508
0.0 0.07299691438674927
0.0 0.07302101701498032
0.0 0.07310128211975098
0.0 0.07319612801074982
0.0 0.07325117290019989
0.0 0.07336220890283585
0.0 0.07339371740818024
0.0 0.0735383927822113
0.0 0.07358688116073608
0.0 0.07358909398317337
0.0 0.07392646372318268
0.0 0.0739363357424736
0.0 0.07395093142986298
0.0 0.07398363947868347
0.0 0.07402852177619934
0.0 0.07404878735542297
0.0 0.07413627207279205
0.0 0.0742541179060936
0.0 0.07428828626871109
0.0 0.07435820251703262
0.0 0.07439599186182022
0.0 0.07453489303588867
0.0 0.0745515525341034
0.0 0.07466170191764832
0.0 0.0750073492527008
0.0 0.07506130635738373
0.0 0.07506285607814789
0.0 0.07509820908308029
0.0 0.07509870082139969
0.0 0.07517815381288528
0.0 0.0752410888671875
0.0 0.07525558769702911
0.0 0.07531009614467621
0.0 0.07533423602581024
0.0 0.07546036690473557
0.0 0.07547910511493683
0.0 0.07548277825117111
0.0 0.07558776438236237
0.0 0.07561556994915009
0.0 0.07591795176267624
0.0 0.07600608468055725
0.0 0.07600702345371246
0.0 0.07606810331344604
0.0 0.07606926560401917
0.0 0.07610443234443665
0.0 0.07611830532550812
0.0 0.0761951133608818
0.0 0.07622207701206207
0.0 0.07652661204338074
0.0 0.07653450220823288
0.0 0.07670550048351288
0.0 0.07674011588096619
0.0 0.07687430828809738
0.0 0.07689957320690155
0.0 0.07699359953403473
0.0 0.07699619978666306
0.0 0.07700304687023163
0.0 0.07702144235372543
0.0 0.07704983651638031
0.0 0.07708616554737091
0.0 0.07721579819917679
0.0 0.07730935513973236
0.0 0.0773329809308052
0.0 0.07735119014978409
0.0 0.07735145837068558
0.0 0.07742316275835037
0.0 0.0775185078382492
0.0 0.07756663858890533
0.0 0.07768078148365021
0.0 0.07783202081918716
0.0 0.0778474509716034
0.0 0.07784923166036606
0.0 0.07791232317686081
0.0 0.07805487513542175
0.0 0.07811154425144196
0.0 0.0781698003411293
0.0 0.07825876772403717
0.0 0.0782753974199295
0.0 0.07830868661403656
0.0 0.07834900170564651
0.0 0.07840145379304886
0.0 0.07868719100952148
0.0 0.078743115067482
0.0 0.07875050604343414
0.0 0.07875443994998932
0.0 0.07887006551027298
0.0 0.078949473798275
0.0 0.07897663861513138
0.0 0.0790739357471466
0.0 0.07921244949102402
0.0 0.0792834609746933
0.0 0.07940482348203659
0.0 0.0796828344464302
0.0 0.07986265420913696
0.0 0.07989442348480225
0.0 0.07991992682218552
0.0 0.07995446771383286
0.0 0.07995892316102982
0.0 0.07997474819421768
0.0 0.08014046400785446
0.0 0.08016576617956161
0.0 0.08018888533115387
0.0 0.08025554567575455
0.0 0.08034639805555344
0.0 0.08035080134868622
0.0 0.08063526451587677
0.0 0.08065924048423767
0.0 0.08071188628673553
0.0 0.0808241218328476
0.0 0.08103128522634506
0.0 0.08103922009468079
0.0 0.08104994148015976
0.0 0.08106925338506699
0.0 0.08106957376003265
0.0 0.08118971437215805
0.0 0.08125311136245728
0.0 0.08128882199525833
0.0 0.08131411671638489
0.0 0.08149009197950363
0.0 0.08149910718202591
0.0 0.08152739703655243
0.0 0.08167397230863571
0.0 0.08192300796508789
0.0 0.0819304957985878
0.0 0.08198592066764832
0.0 0.08220648765563965
0.0 0.08229011297225952
0.0 0.08257507532835007
0.0 0.08277059346437454
0.0 0.08279978483915329
0.0 0.0828424021601677
0.0 0.08284422755241394
0.0 0.08288624882698059
0.0 0.08289384096860886
0.0 0.08295341581106186
0.0 0.08306374400854111
0.0 0.08307009935379028
0.0 0.08334805816411972
0.0 0.08337244391441345
0.0 0.08342260122299194
0.0 0.08342982828617096
0.0 0.08345797657966614
0.0 0.08352918922901154
0.0 0.08355382084846497
0.0 0.08362280577421188
0.0 0.08366382122039795
0.0 0.0840609222650528
0.0 0.08409380912780762
0.0 0.0841502770781517
0.0 0.08428710699081421
0.0 0.08443591743707657
0.0 0.08449938893318176
0.0 0.08459891378879547
0.0 0.08470752090215683
0.0 0.08475950360298157
0.0 0.08480995148420334
0.0 0.08483794331550598
0.0 0.08522069454193115
0.0 0.08559238165616989
0.0 0.08563133329153061
0.0 0.0856340080499649
0.0 0.0856977179646492
0.0 0.0857025608420372
0.0 0.08575302362442017
0.0 0.08575642108917236
0.0 0.08584264665842056
0.0 0.08585880696773529
0.0 0.08593335002660751
0.0 0.08599288016557693
0.0 0.08606957644224167
0.0 0.08608897775411606
0.0 0.08630115538835526
0.0 0.08635310083627701
0.0 0.08637204021215439
0.0 0.08638659119606018
0.0 0.08638918399810791
0.0 0.08657122403383255
0.0 0.08657816797494888
0.0 0.0868639424443245
0.0 0.0869077518582344
0.0 0.08694172650575638
0.0 0.08696456998586655
0.0 0.08697101473808289
0.0 0.08698766678571701
0.0 0.08712060004472733
0.0 0.08717673271894455
0.0 0.08718152344226837
0.0 0.08720741420984268
0.0 0.0873914584517479
0.0 0.08754332363605499
0.0 0.08773001283407211
0.0 0.08788029849529266
0.0 0.08823548257350922
0.0 0.0882473886013031
0.0 0.08846916258335114
0.0 0.08851215988397598
0.0 0.08867143094539642
0.0 0.08873997628688812
0.0 0.08889823406934738
0.0 0.08891547471284866
0.0 0.08893314749002457
0.0 0.08917925506830215
0.0 0.08925188332796097
0.0 0.08934906870126724
0.0 0.089383065700531
0.0 0.08950802683830261
0.0 0.08997118473052979
0.0 0.0900922566652298
0.0 0.09018606692552567
0.0 0.09019584208726883
0.0 0.09029681980609894
0.0 0.0903017669916153
0.0 0.09056411683559418
0.0 0.09065542370080948
0.0 0.09098596125841141
0.0 0.09111882001161575
0.0 0.09118600189685822
0.0 0.09120474755764008
0.0 0.09124908596277237
0.0 0.0913451611995697
0.0 0.09147801250219345
0.0 0.0915643721818924
0.0 0.091566301882267
0.0 0.09165851771831512
0.0 0.09183339774608612
0.0 0.0919954925775528
0.0 0.09208127856254578
0.0 0.09222617000341415
0.0 0.0922330915927887
0.0 0.09228070825338364
0.0 0.0926039069890976
0.0 0.09260444343090057
0.0 0.09265559166669846
0.0 0.09270088374614716
0.0 0.092756487429142
0.0 0.09283443540334702
0.0 0.09290185570716858
0.0 0.09292680770158768
0.0 0.09299368411302567
0.0 0.09300851821899414
0.0 0.09300917387008667
0.0 0.09307877719402313
0.0 0.09327367693185806
0.0 0.09333336353302002
0.0 0.09334628283977509
0.0 0.09340568631887436
0.0 0.09345069527626038
0.0 0.09382574260234833
0.0 0.09389141947031021
0.0 0.09395850449800491
0.0 0.09414421766996384
0.0 0.09415765851736069
0.0 0.09426959604024887
0.0 0.09428424388170242
0.0 0.09438973665237427
0.0 0.09438980370759964
0.0 0.09445419162511826
0.0 0.09481113404035568
0.0 0.09491989761590958
0.0 0.09501903504133224
0.0 0.09508660435676575
0.0 0.09519615769386292
0.0 0.09522107988595963
0.0 0.095357745885849
0.0 0.09543778747320175
0.0 0.09552836418151855
0.0 0.0955294519662857
0.0 0.09557439386844635
0.0 0.09566006809473038
0.0 0.09566903114318848
0.0 0.09608208388090134
0.0 0.09616293013095856
0.0 0.09622414410114288
0.0 0.09641516953706741
0.0 0.09642906486988068
0.0 0.0964830219745636
0.0 0.09663083404302597
0.0 0.09686283022165298
0.0 0.09690898656845093
0.0 0.09695899486541748
0.0 0.09725674241781235
0.0 0.09743422269821167
0.0 0.09746748954057693
0.0 0.09749691188335419
0.0 0.09767374396324158
0.0 0.09777595102787018
0.0 0.09782090038061142
0.0 0.0980183333158493
0.0 0.09809767454862595
0.0 0.09812941402196884
0.0 0.09813591092824936
0.0 0.0982707068324089
0.0 0.09828555583953857
0.0 0.09851234406232834
0.0 0.09860288351774216
0.0 0.09867937117815018
0.0 0.09868314862251282
0.0 0.0988510400056839
0.0 0.09893893450498581
0.0 0.09894584119319916
0.0 0.0991881713271141
0.0 0.09925249218940735
0.0 0.09938589483499527
0.0 0.0995456650853157
0.0 0.09962913393974304
0.0 0.09963661432266235
0.0 0.0996483787894249
0.0 0.09966902434825897
0.0 0.09985131025314331
0.0 0.09986647963523865
0.0 0.09999382495880127
0.0 0.10029324889183044
0.0 0.10034272819757462
0.0 0.1005958542227745
0.0 0.1006164699792862
0.0 0.10071223229169846
0.0 0.10095130652189255
0.0 0.10110008716583252
0.0 0.10133420675992966
0.0 0.10144507884979248
0.0 0.10157352685928345
0.0 0.1019647866487503
0.0 0.10207352042198181
0.0 0.10232499241828918
0.0 0.10255987197160721
0.0 0.10301324725151062
0.0 0.10302307456731796
0.0 0.10407596081495285
0.0 0.10421311110258102
0.0 0.10469168424606323
0.0 0.10516110807657242
0.0 0.10546267777681351
0.0 0.10562363266944885
0.0 0.10573052614927292
0.0 0.1059158518910408
0.0 0.10597466677427292
0.0 0.10604961961507797
0.0 0.10670885443687439
0.0 0.10675940662622452
0.0 0.10683239251375198
0.0 0.10684323310852051
0.0 0.107033371925354
0.0 0.1072043627500534
0.0 0.10720726102590561
0.0 0.10728505253791809
0.0 0.10807911306619644
0.0 0.10808118432760239
0.0 0.10812205076217651
0.0 0.1094907894730568
0.0 0.10958947241306305
0.0 0.1098126545548439
0.0 0.10995297133922577
0.0 0.11107612401247025
0.0 0.11170182377099991
0.0 0.11177027225494385
0.0 0.1117749884724617
0.0 0.11267577111721039
0.0 0.1142071783542633
0.0 0.11480554938316345
0.0 0.11596278846263885
0.0 0.11725830286741257
0.0 0.1172923669219017
0.0 0.1194891557097435
0.0 0.1196960061788559
0.0 0.1203325167298317
0.0 0.12237600237131119
0.0 0.12507231533527374
0.0 0.12554454803466797
0.0 0.126094251871109
0.0 0.12616857886314392
0.0 0.12916211783885956
0.0 0.14864295721054077
0.0 inf
