0.0 0.038308534771203995
0.0 0.038607094436883926
0.0 0.038801103830337524
0.0 0.039428435266017914
0.0 0.0399460569024086
0.0 0.04051931947469711
0.0 0.0410938523709774
0.0 0.04159458354115486
0.0 0.042413607239723206
0.0 0.04290836676955223
0.0 0.0429755374789238
0.0 0.043090641498565674
0.0 0.043192971497774124
0.0 0.04341976344585419
0.0 0.043717723339796066
0.0 0.043758753687143326
0.0 0.04397214576601982
0.0 0.044071264564991
0.0 0.044415317475795746
0.0 0.045107465237379074
0.0 0.04549891874194145
0.0 0.045586369931697845
0.0 0.04568476229906082
0.0 0.04589834809303284
0.0 0.0459124855697155
0.0 0.04592739790678024
0.0 0.04594804719090462
0.0 0.04603945091366768
0.0 0.04607754573225975
0.0 0.0460936464369297
0.0 0.04612302407622337
0.0 0.04620884731411934
0.0 0.04633096978068352
0.0 0.04639768227934837
0.0 0.046493928879499435
0.0 0.046579524874687195
0.0 0.046606164425611496
0.0 0.04662643000483513
0.0 0.04663525149226189
0.0 0.04664286971092224
0.0 0.04668736830353737
0.0 0.04674074798822403
0.0 0.04681755602359772
0.0 0.04685579240322113
0.0 0.04713214561343193
0.0 0.047188688069581985
0.0 0.047302961349487305
0.0 0.04730577766895294
0.0 0.04738182947039604
0.0 0.04739389941096306
0.0 0.04745335876941681
0.0 0.04746329039335251
0.0 0.04760294407606125
0.0 0.04763089492917061
0.0 0.047705914825201035
0.0 0.04785977676510811
0.0 0.04790688678622246
0.0 0.04793551191687584
0.0 0.04819907993078232
0.0 0.04821936413645744
0.0 0.048330046236515045
0.0 0.04835103079676628
0.0 0.04837847873568535
0.0 0.048411495983600616
0.0 0.048424944281578064
0.0 0.048475347459316254
0.0 0.04851878061890602
0.0 0.04857008159160614
0.0 0.04857055842876434
0.0 0.048621952533721924
0.0 0.048626210540533066
0.0 0.048690713942050934
0.0 0.04881560802459717
0.0 0.04881756380200386
0.0 0.04884979501366615
0.0 0.0488617978990078
0.0 0.04887267202138901
0.0 0.04889005422592163
0.0 0.048928152769804
0.0 0.048931196331977844
0.0 0.048967260867357254
0.0 0.04897541552782059
0.0 0.049009718000888824
0.0 0.04906076192855835
0.0 0.0491449199616909
0.0 0.04928289353847504
0.0 0.04931943118572235
0.0 0.04938024282455444
0.0 0.04941070079803467
0.0 0.04944705590605736
0.0 0.04951480031013489
0.0 0.04951934888958931
0.0 0.049534641206264496
0.0 0.04954306781291962
0.0 0.04967821016907692
0.0 0.049721233546733856
0.0 0.049904029816389084
0.0 0.049947142601013184
0.0 0.049955256283283234
0.0 0.050051506608724594
0.0 0.050085242837667465
0.0 0.05012509971857071
0.0 0.05029863864183426
0.0 0.050298791378736496
0.0 0.0503094457089901
0.0 0.050313372164964676
0.0 0.050422899425029755
0.0 0.050465527921915054
0.0 0.05052497982978821
0.0 0.050597064197063446
0.0 0.05060602352023125
0.0 0.0511004775762558
0.0 0.05110358074307442
0.0 0.051130227744579315
0.0 0.05115194618701935
0.0 0.05116584524512291
0.0 0.051210589706897736
0.0 0.05124255269765854
0.0 0.051247160881757736
0.0 0.05124998837709427
0.0 0.051262807101011276
0.0 0.05136260390281677
0.0 0.05150529369711876
0.0 0.05153517425060272
0.0 0.051555171608924866
0.0 0.05160475894808769
0.0 0.05161906033754349
0.0 0.051673341542482376
0.0 0.05167366564273834
0.0 0.05173306539654732
0.0 0.051733095198869705
0.0 0.05193230137228966
0.0 0.05209776386618614
0.0 0.052124038338661194
0.0 0.05212780833244324
0.0 0.05220729485154152
0.0 0.05226049944758415
0.0 0.052345141768455505
0.0 0.0524744875729084
0.0 0.05255831778049469
0.0 0.05259747430682182
0.0 0.0526999793946743
0.0 0.052730072289705276
0.0 0.05274038016796112
0.0 0.05275611951947212
0.0 0.05287463590502739
0.0 0.0529281310737133
0.0 0.052931930869817734
0.0 0.053030163049697876
0.0 0.05311494320631027
0.0 0.05312321335077286
0.0 0.05325216427445412
0.0 0.05333053320646286
0.0 0.053362008184194565
0.0 0.053386662155389786
0.0 0.053441934287548065
0.0 0.053503334522247314
0.0 0.053510744124650955
0.0 0.05353536829352379
0.0 0.05359019711613655
0.0 0.053635597229003906
0.0 0.053679224103689194
0.0 0.053688254207372665
0.0 0.05376218631863594
0.0 0.05392938479781151
0.0 0.05393557250499725
0.0 0.05395779013633728
0.0 0.05398155003786087
0.0 0.0539976991713047
0.0 0.05400500446557999
0.0 0.05407191812992096
0.0 0.054074931889772415
0.0 0.05423813313245773
0.0 0.05423833057284355
0.0 0.05423937737941742
0.0 0.05424245819449425
0.0 0.054246705025434494
0.0 0.05425626039505005
0.0 0.054272837936878204
0.0 0.0543806292116642
0.0 0.05440688505768776
0.0 0.05453825742006302
0.0 0.05453839525580406
0.0 0.05460531637072563
0.0 0.05464096739888191
0.0 0.05469460040330887
0.0 0.05483413115143776
0.0 0.05487387254834175
0.0 0.05501053109765053
0.0 0.055185433477163315
0.0 0.055339835584163666
0.0 0.05545833334326744
0.0 0.05549051985144615
0.0 0.05549263581633568
0.0 0.05549609661102295
0.0 0.055535998195409775
0.0 0.05553854629397392
0.0 0.055562667548656464
0.0 0.05559585615992546
0.0 0.05575932189822197
0.0 0.05594756826758385
0.0 0.05604201927781105
0.0 0.056129902601242065
0.0 0.05617331340909004
0.0 0.05621795356273651
0.0 0.05624404922127724
0.0 0.056451216340065
0.0 0.05645681172609329
0.0 0.05656135827302933
0.0 0.056629542261362076
0.0 0.05669908598065376
0.0 0.056736525148153305
0.0 0.056744616478681564
0.0 0.056861184537410736
0.0 0.05694509297609329
0.0 0.05701811611652374
0.0 0.057077549397945404
0.0 0.05718535557389259
0.0 0.05731920152902603
0.0 0.05734243243932724
0.0 0.057353198528289795
0.0 0.05742157995700836
0.0 0.05751997232437134
0.0 0.057735223323106766
0.0 0.05778602138161659
0.0 0.058015331625938416
0.0 0.05808814987540245
0.0 0.058093857020139694
0.0 0.058164793998003006
0.0 0.058246515691280365
0.0 0.05826320871710777
0.0 0.0583113357424736
0.0 0.058410678058862686
0.0 0.058462560176849365
0.0 0.05847116559743881
0.0 0.05849650502204895
0.0 0.0586567185819149
0.0 0.05868254974484444
0.0 0.05869251862168312
0.0 0.058733709156513214
0.0 0.05882951244711876
0.0 0.0589061863720417
0.0 0.05901305004954338
0.0 0.059039030224084854
0.0 0.05906869098544121
0.0 0.059085745364427567
0.0 0.059185903519392014
0.0 0.05919382721185684
0.0 0.05922943353652954
0.0 0.05940241366624832
0.0 0.059436097741127014
0.0 0.05950732156634331
0.0 0.05955084040760994
0.0 0.059669140726327896
0.0 0.05974842235445976
0.0 0.05976957827806473
0.0 0.059886835515499115
0.0 0.06002374365925789
0.0 0.06005135923624039
0.0 0.06005844846367836
0.0 0.060070738196372986
0.0 0.0600794181227684
0.0 0.06010150536894798
0.0 0.06010197103023529
0.0 0.06019026041030884
0.0 0.06024116277694702
0.0 0.06028016284108162
0.0 0.06030682846903801
0.0 0.06032494083046913
0.0 0.060487523674964905
0.0 0.060518164187669754
0.0 0.06053807958960533
0.0 0.06059251353144646
0.0 0.06062168627977371
0.0 0.060644667595624924
0.0 0.060661230236291885
0.0 0.0607241652905941
0.0 0.060943104326725006
0.0 0.060978494584560394
0.0 0.061004869639873505
0.0 0.06115987151861191
0.0 0.061346739530563354
0.0 0.06141504645347595
0.0 0.061428509652614594
0.0 0.0614374577999115
0.0 0.06153291091322899
0.0 0.06155366823077202
0.0 0.061693280935287476
0.0 0.06171248108148575
0.0 0.06175078824162483
0.0 0.0617520809173584
0.0 0.061797190457582474
0.0 0.06189490482211113
0.0 0.061993323266506195
0.0 0.06202828884124756
0.0 0.062056783586740494
0.0 0.062099114060401917
0.0 0.06216062977910042
0.0 0.06221667304635048
0.0 0.062347277998924255
0.0 0.06234855577349663
0.0 0.062353089451789856
0.0 0.06244034692645073
0.0 0.06262156367301941
0.0 0.06266171485185623
0.0 0.06289151310920715
0.0 0.06290078908205032
0.0 0.06299658119678497
0.0 0.06305283308029175
0.0 0.06310737133026123
0.0 0.06320299953222275
0.0 0.06333554536104202
0.0 0.06347434222698212
0.0 0.06352891772985458
0.0 0.0636085569858551
0.0 0.06362711638212204
0.0 0.06371752917766571
0.0 0.06376245617866516
0.0 0.06377460062503815
0.0 0.06379712373018265
0.0 0.06382732838392258
0.0 0.06384757906198502
0.0 0.06394896656274796
0.0 0.06395182758569717
0.0 0.064005047082901
0.0 0.06404983997344971
0.0 0.06416400521993637
0.0 0.06429615616798401
0.0 0.06435785442590714
0.0 0.064482681453228
0.0 0.064511239528656
0.0 0.06456144154071808
0.0 0.06459018588066101
0.0 0.06466090679168701
0.0 0.06473708897829056
0.0 0.06490544229745865
0.0 0.0649288222193718
0.0 0.06493374705314636
0.0 0.06497219204902649
0.0 0.0650831013917923
0.0 0.06525177508592606
0.0 0.06535700708627701
0.0 0.06537280231714249
0.0 0.06537683308124542
0.0 0.06543221324682236
0.0 0.06558973342180252
0.0 0.06580576300621033
0.0 0.06581398844718933
0.0 0.06593984365463257
0.0 0.06639817357063293
0.0 0.06646440178155899
0.0 0.06662672013044357
0.0 0.06662926822900772
0.0 0.06664431095123291
0.0 0.06666997820138931
0.0 0.06667698174715042
0.0 0.06668081134557724
0.0 0.06680537760257721
0.0 0.06683218479156494
0.0 0.06691810488700867
0.0 0.06693115830421448
0.0 0.06695768982172012
0.0 0.06697393208742142
0.0 0.06697811186313629
0.0 0.06716037541627884
0.0 0.06727413833141327
0.0 0.06728609651327133
0.0 0.0673036053776741
0.0 0.06746344268321991
0.0 0.06754976511001587
0.0 0.0675845518708229
0.0 0.0676388069987297
0.0 0.06772927939891815
0.0 0.06812163442373276
0.0 0.0681733787059784
0.0 0.06817709654569626
0.0 0.06835445016622543
0.0 0.0683608204126358
0.0 0.0686449408531189
0.0 0.068721704185009
0.0 0.06873047351837158
0.0 0.06890584528446198
0.0 0.06894386559724808
0.0 0.0690997913479805
0.0 0.06911579519510269
0.0 0.0691569596529007
0.0 0.06930289417505264
0.0 0.06954783946275711
0.0 0.06958094984292984
0.0 0.06962186098098755
0.0 0.06975384801626205
0.0 0.06975618004798889
0.0 0.06978747993707657
0.0 0.06985105574131012
0.0 0.06985681504011154
0.0 0.07013337314128876
0.0 0.07021909207105637
0.0 0.07027803361415863
0.0 0.07038941234350204
0.0 0.07043084502220154
0.0 0.0705038383603096
0.0 0.07053081691265106
0.0 0.0706549659371376
0.0 0.07068416476249695
0.0 0.0707947164773941
0.0 0.07081029564142227
0.0 0.07088292390108109
0.0 0.07089928537607193
0.0 0.07098063081502914
0.0 0.07098808139562607
0.0 0.07100142538547516
0.0 0.07101770490407944
0.0 0.071054607629776
0.0 0.07107622921466827
0.0 0.07108412683010101
0.0 0.07126302272081375
0.0 0.07127954810857773
0.0 0.07129132002592087
0.0 0.07138307392597198
0.0 0.07141564041376114
0.0 0.07145567983388901
0.0 0.07178886234760284
0.0 0.07204311341047287
0.0 0.07216358184814453
0.0 0.07216650992631912
0.0 0.0721936821937561
0.0 0.07219579070806503
0.0 0.07222199440002441
0.0 0.07228951901197433
0.0 0.07236175984144211
0.0 0.07241742312908173
0.0 0.07294584065675735
0.0 0.07296790927648544
0.0 0.07297326624393463
0.0 0.07346738129854202
0.0 0.07394303381443024
0.0 0.07403494417667389
0.0 0.0740763247013092
0.0 0.07412906736135483
0.0 0.07428980618715286
0.0 0.07437647134065628
0.0 0.0744205042719841
0.0 0.07471063733100891
0.0 0.07473904639482498
0.0 0.07492461800575256
0.0 0.07498996704816818
0.0 0.07519617676734924
0.0 0.07526318728923798
0.0 0.07529070228338242
0.0 0.07536101341247559
0.0 0.07560109347105026
0.0 0.07581371814012527
0.0 0.07593144476413727
0.0 0.07611247152090073
0.0 0.0762929692864418
0.0 0.07657231390476227
0.0 0.07671081274747849
0.0 0.07673704624176025
0.0 0.076776422560215
0.0 0.077236108481884
0.0 0.07786479592323303
0.0 0.07804445922374725
0.0 0.0785331279039383
0.0 0.07865728437900543
0.0 0.07892943173646927
0.0 0.07895118743181229
0.0 0.07897282391786575
0.0 0.07932853698730469
0.0 0.07964595407247543
0.0 0.07968153059482574
0.0 0.08003377169370651
0.0 0.0806659385561943
0.0 0.08085989952087402
0.0 0.08124620467424393
0.0 0.08134809136390686
0.0 0.08159661293029785
0.0 0.08204606175422668
0.0 0.08225031942129135
0.0 0.08234059810638428
0.0 0.08235945552587509
0.0 0.08329951018095016
0.0 0.08344251662492752
0.0 0.08374714106321335
0.0 0.084123395383358
0.0 0.08434837311506271
0.0 0.08463884890079498
0.0 0.08493795990943909
0.0 0.08529303967952728
0.0 0.08595095574855804
0.0 0.08705880492925644
0.0 0.08709824085235596
0.0 0.08832179754972458
0.0 0.08927557617425919
0.0 0.08951478451490402
0.0 0.08962377905845642
0.0 0.09037025272846222
0.0 0.090830959379673
0.0 0.09191679954528809
0.0 0.09192989766597748
0.0 0.09195680171251297
0.0 0.09369240701198578
0.0 0.0944792702794075
0.0 0.0954582691192627
0.0 0.09635842591524124
0.0 0.09719999879598618
0.0 0.10025309026241302
0.0 0.10064921528100967
0.0 0.10123524814844131
0.0 0.10538849234580994
0.0 0.10932499170303345
0.0 0.11222965270280838
0.0 inf
