0.0 0.029583847150206566
0.0 0.03169511631131172
0.0 0.03290192782878876
0.0 0.03461678698658943
0.0 0.03515537828207016
0.0 0.035232312977313995
0.0 0.03539998456835747
0.0 0.03688177466392517
0.0 0.0371878445148468
0.0 0.03727230429649353
0.0 0.037295542657375336
0.0 0.03735683485865593
0.0 0.037450142204761505
0.0 0.03776339814066887
0.0 0.03783513605594635
0.0 0.03787878155708313
0.0 0.03788292780518532
0.0 0.038125280290842056
0.0 0.03824719786643982
0.0 0.03842376917600632
0.0 0.03865665942430496
0.0 0.03876550495624542
0.0 0.039015032351017
0.0 0.039216648787260056
0.0 0.03929224982857704
0.0 0.03947648033499718
0.0 0.039546553045511246
0.0 0.039709027856588364
0.0 0.03972363471984863
0.0 0.040009938180446625
0.0 0.04009716212749481
0.0 0.04034590721130371
0.0 0.04065534099936485
0.0 0.040659911930561066
0.0 0.040776029229164124
0.0 0.04081574082374573
0.0 0.040873583406209946
0.0 0.041054390370845795
0.0 0.04131542891263962
0.0 0.041473668068647385
0.0 0.04180160537362099
0.0 0.04181019961833954
0.0 0.041948795318603516
0.0 0.042038869112730026
0.0 0.04207722097635269
0.0 0.042157791554927826
0.0 0.04216096177697182
0.0 0.04219302535057068
0.0 0.04220176488161087
0.0 0.04225413128733635
0.0 0.04231072589755058
0.0 0.042408108711242676
0.0 0.04245162755250931
0.0 0.042486876249313354
0.0 0.04258785396814346
0.0 0.04261124134063721
0.0 0.04274549335241318
0.0 0.042809825390577316
0.0 0.04287552833557129
0.0 0.04291192442178726
0.0 0.042919982224702835
0.0 0.04292254522442818
0.0 0.04299083352088928
0.0 0.04304470866918564
0.0 0.04312099143862724
0.0 0.043236345052719116
0.0 0.04327036067843437
0.0 0.043420881032943726
0.0 0.043492887169122696
0.0 0.0435241162776947
0.0 0.043549563735723495
0.0 0.04362389072775841
0.0 0.0436447449028492
0.0 0.04367540776729584
0.0 0.043701011687517166
0.0 0.04375239834189415
0.0 0.04380512610077858
0.0 0.04383356496691704
0.0 0.04385771229863167
0.0 0.043865788727998734
0.0 0.043891649693250656
0.0 0.04392142966389656
0.0 0.04393602907657623
0.0 0.043968040496110916
0.0 0.04398437216877937
0.0 0.044011566787958145
0.0 0.04406258836388588
0.0 0.04407231882214546
0.0 0.044105030596256256
0.0 0.044131822884082794
0.0 0.04425395280122757
0.0 0.04426955431699753
0.0 0.04432624951004982
0.0 0.04433264210820198
0.0 0.04434308782219887
0.0 0.044429242610931396
0.0 0.04444912448525429
0.0 0.044464439153671265
0.0 0.044492870569229126
0.0 0.0446510836482048
0.0 0.044728271663188934
0.0 0.044766124337911606
0.0 0.04479421675205231
0.0 0.04484271630644798
0.0 0.04486558958888054
0.0 0.04493151605129242
0.0 0.04499690607190132
0.0 0.0450127087533474
0.0 0.045250892639160156
0.0 0.045254241675138474
0.0 0.045282188802957535
0.0 0.04531966894865036
0.0 0.0454307496547699
0.0 0.04544183984398842
0.0 0.04544249549508095
0.0 0.04544617980718613
0.0 0.04550836607813835
0.0 0.04553968459367752
0.0 0.04557531699538231
0.0 0.04561598598957062
0.0 0.04566679149866104
0.0 0.04572444409132004
0.0 0.04574146121740341
0.0 0.04582400619983673
0.0 0.04583057016134262
0.0 0.0458410307765007
0.0 0.04584791883826256
0.0 0.04586998373270035
0.0 0.045948468148708344
0.0 0.046011295169591904
0.0 0.04602606222033501
0.0 0.04605075344443321
0.0 0.04610766842961311
0.0 0.046163711696863174
0.0 0.04620034620165825
0.0 0.04621574655175209
0.0 0.04629351571202278
0.0 0.04635694995522499
0.0 0.0465124249458313
0.0 0.046548277139663696
0.0 0.046575818210840225
0.0 0.04658454656600952
0.0 0.04661053791642189
0.0 0.0466555617749691
0.0 0.046670541167259216
0.0 0.04668431729078293
0.0 0.046708546578884125
0.0 0.04684308543801308
0.0 0.04686279594898224
0.0 0.04687687009572983
0.0 0.04688803479075432
0.0 0.0469561442732811
0.0 0.047137487679719925
0.0 0.047170188277959824
0.0 0.047238789498806
0.0 0.04723934829235077
0.0 0.047240108251571655
0.0 0.047286827117204666
0.0 0.04732832685112953
0.0 0.04732959717512131
0.0 0.047336746007204056
0.0 0.047498490661382675
0.0 0.04751870781183243
0.0 0.047536857426166534
0.0 0.047609757632017136
0.0 0.04765550047159195
0.0 0.04767008125782013
0.0 0.04769425839185715
0.0 0.04769822210073471
0.0 0.047745026648044586
0.0 0.04775247350335121
0.0 0.04776502028107643
0.0 0.04779170826077461
0.0 0.04783192649483681
0.0 0.04784829169511795
0.0 0.047896482050418854
0.0 0.047901228070259094
0.0 0.04791238158941269
0.0 0.047960955649614334
0.0 0.04803045094013214
0.0 0.04804234951734543
0.0 0.04815194383263588
0.0 0.04817428067326546
0.0 0.048224739730358124
0.0 0.0482943132519722
0.0 0.04831894859671593
0.0 0.048326462507247925
0.0 0.048351533710956573
0.0 0.048488445580005646
0.0 0.04849950224161148
0.0 0.04855440557003021
0.0 0.04857660457491875
0.0 0.04860300570726395
0.0 0.04861701279878616
0.0 0.04867634177207947
0.0 0.048813093453645706
0.0 0.048834335058927536
0.0 0.04884238913655281
0.0 0.048858579248189926
0.0 0.04888497665524483
0.0 0.04891210049390793
0.0 0.04894595593214035
0.0 0.0489891842007637
0.0 0.04917343705892563
0.0 0.049194011837244034
0.0 0.049232348799705505
0.0 0.04924330115318298
0.0 0.04937109723687172
0.0 0.049554795026779175
0.0 0.04955834522843361
0.0 0.04957091435790062
0.0 0.0496046356856823
0.0 0.04961496591567993
0.0 0.049748267978429794
0.0 0.04975832626223564
0.0 0.0498168021440506
0.0 0.049877457320690155
0.0 0.049938611686229706
0.0 0.04998795688152313
0.0 0.049991291016340256
0.0 0.050010282546281815
0.0 0.050036899745464325
0.0 0.0500979907810688
0.0 0.05010855942964554
0.0 0.05015471950173378
0.0 0.05039539188146591
0.0 0.05041602998971939
0.0 0.050446923822164536
0.0 0.050448980182409286
0.0 0.050490062683820724
0.0 0.05050346627831459
0.0 0.050532370805740356
0.0 0.050634000450372696
0.0 0.050649650394916534
0.0 0.05065367370843887
0.0 0.050713811069726944
0.0 0.05078074708580971
0.0 0.050785984843969345
0.0 0.050839606672525406
0.0 0.05085315927863121
0.0 0.05088043957948685
0.0 0.050931237637996674
0.0 0.050931502133607864
0.0 0.05093242973089218
0.0 0.05095304176211357
0.0 0.05100911483168602
0.0 0.05104312673211098
0.0 0.05109093710780144
0.0 0.051113106310367584
0.0 0.051130060106515884
0.0 0.0512017123401165
0.0 0.05131252855062485
0.0 0.05133425444364548
0.0 0.05136644467711449
0.0 0.051384784281253815
0.0 0.051385506987571716
0.0 0.05139659717679024
0.0 0.05142979323863983
0.0 0.05147577449679375
0.0 0.05148159712553024
0.0 0.05148688703775406
0.0 0.051507122814655304
0.0 0.051822174340486526
0.0 0.05182506889104843
0.0 0.05182834714651108
0.0 0.05184623599052429
0.0 0.0518631711602211
0.0 0.05187993496656418
0.0 0.05188398063182831
0.0 0.05190806835889816
0.0 0.05193542316555977
0.0 0.05194316804409027
0.0 0.05194363370537758
0.0 0.05202332139015198
0.0 0.052043601870536804
0.0 0.05208537355065346
0.0 0.052221182733774185
0.0 0.05230286344885826
0.0 0.052341099828481674
0.0 0.05235797166824341
0.0 0.05236295610666275
0.0 0.05243682116270065
0.0 0.05250135064125061
0.0 0.0525178387761116
0.0 0.05252012982964516
0.0 0.052731145173311234
0.0 0.05274577438831329
0.0 0.05275394394993782
0.0 0.052764154970645905
0.0 0.052772246301174164
0.0 0.052888527512550354
0.0 0.05290032550692558
0.0 0.0529528483748436
0.0 0.052979595959186554
0.0 0.052994854748249054
0.0 0.0530216246843338
0.0 0.0530754029750824
0.0 0.05313699692487717
0.0 0.053151048719882965
0.0 0.053256623446941376
0.0 0.05327935889363289
0.0 0.05333187058568001
0.0 0.05335152521729469
0.0 0.05337017402052879
0.0 0.0534173808991909
0.0 0.05354960262775421
0.0 0.053597573190927505
0.0 0.053663261234760284
0.0 0.05367967113852501
0.0 0.05373977869749069
0.0 0.053765445947647095
0.0 0.053814847022295
0.0 0.0538177490234375
0.0 0.05384426191449165
0.0 0.05387979373335838
0.0 0.05393339693546295
0.0 0.054038651287555695
0.0 0.054050009697675705
0.0 0.05406360328197479
0.0 0.05406773090362549
0.0 0.05408456549048424
0.0 0.05409998074173927
0.0 0.0542810820043087
0.0 0.05431760475039482
0.0 0.054320670664310455
0.0 0.05432242900133133
0.0 0.05440274253487587
0.0 0.054555077105760574
0.0 0.054635897278785706
0.0 0.054639171808958054
0.0 0.05465558543801308
0.0 0.05466711148619652
0.0 0.05471818894147873
0.0 0.05472380295395851
0.0 0.054761968553066254
0.0 0.05477188527584076
0.0 0.05482342466711998
0.0 0.05486234277486801
0.0 0.054895464330911636
0.0 0.054916735738515854
0.0 0.05492769181728363
0.0 0.054983727633953094
0.0 0.05503953620791435
0.0 0.055069874972105026
0.0 0.055130720138549805
0.0 0.0552644282579422
0.0 0.05526542291045189
0.0 0.055320970714092255
0.0 0.0553569421172142
0.0 0.055455077439546585
0.0 0.0555349662899971
0.0 0.055563513189554214
0.0 0.05564079433679581
0.0 0.055701568722724915
0.0 0.05578617379069328
0.0 0.05585220828652382
0.0 0.055895090103149414
0.0 0.05614432692527771
0.0 0.05619899928569794
0.0 0.05627385899424553
0.0 0.05631014704704285
0.0 0.05633878707885742
0.0 0.056393805891275406
0.0 0.05640801042318344
0.0 0.056467294692993164
0.0 0.05647214502096176
0.0 0.056490663439035416
0.0 0.0565115362405777
0.0 0.05652104318141937
0.0 0.05658818781375885
0.0 0.05660884827375412
0.0 0.056719280779361725
0.0 0.0567319430410862
0.0 0.056745175272226334
0.0 0.05675248056650162
0.0 0.05681067332625389
0.0 0.05682511255145073
0.0 0.056904155761003494
0.0 0.056922730058431625
0.0 0.05692866072058678
0.0 0.05696766823530197
0.0 0.057003531605005264
0.0 0.057051725685596466
0.0 0.05705834925174713
0.0 0.05706147849559784
0.0 0.05715193971991539
0.0 0.0572846457362175
0.0 0.05734270438551903
0.0 0.05741402506828308
0.0 0.05762949213385582
0.0 0.05762983113527298
0.0 0.057684291154146194
0.0 0.0577753521502018
0.0 0.057814572006464005
0.0 0.057824645191431046
0.0 0.05785393342375755
0.0 0.057918623089790344
0.0 0.05797142535448074
0.0 0.0581580251455307
0.0 0.05819305405020714
0.0 0.05833221599459648
0.0 0.05851581692695618
0.0 0.05865471810102463
0.0 0.058672674000263214
0.0 0.0586896687746048
0.0 0.058748263865709305
0.0 0.05878196284174919
0.0 0.058802131563425064
0.0 0.058837201446294785
0.0 0.058881428092718124
0.0 0.05890378728508949
0.0 0.058975789695978165
0.0 0.058997489511966705
0.0 0.05903804674744606
0.0 0.059096481651067734
0.0 0.05911112204194069
0.0 0.05918736755847931
0.0 0.05920905992388725
0.0 0.05925562605261803
0.0 0.059298817068338394
0.0 0.05930495634675026
0.0 0.05932147800922394
0.0 0.05954941362142563
0.0 0.059611354023218155
0.0 0.05965499207377434
0.0 0.05966579541563988
0.0 0.059730615466833115
0.0 0.05973206087946892
0.0 0.05987253785133362
0.0 0.06025256589055061
0.0 0.060340069234371185
0.0 0.06044623628258705
0.0 0.060580719262361526
0.0 0.06058476120233536
0.0 0.06074836477637291
0.0 0.060789626091718674
0.0 0.06097690016031265
0.0 0.060983434319496155
0.0 0.06111777573823929
0.0 0.061245452612638474
0.0 0.06129533424973488
0.0 0.06130210682749748
0.0 0.061347827315330505
0.0 0.06134843826293945
0.0 0.061360858380794525
0.0 0.06138285622000694
0.0 0.0614553764462471
0.0 0.06167556717991829
0.0 0.06183807924389839
0.0 0.0618537962436676
0.0 0.061932582408189774
0.0 0.06200998276472092
0.0 0.06212868168950081
0.0 0.062232404947280884
0.0 0.06234213337302208
0.0 0.06264613568782806
0.0 0.06265765428543091
0.0 0.06292314827442169
0.0 0.06296555697917938
0.0 0.06298777461051941
0.0 0.06336124241352081
0.0 0.06346074491739273
0.0 0.06379040330648422
0.0 0.06382753700017929
0.0 0.06392160803079605
0.0 0.06409721821546555
0.0 0.06441812962293625
0.0 0.06463159620761871
0.0 0.06466759741306305
0.0 0.06496927887201309
0.0 0.06507479399442673
0.0 0.06510463356971741
0.0 0.06535278260707855
0.0 0.06544531136751175
0.0 0.06548043340444565
0.0 0.06554651260375977
0.0 0.06580772995948792
0.0 0.06584171950817108
0.0 0.06593678891658783
0.0 0.0660109594464302
0.0 0.0660119578242302
0.0 0.06621479243040085
0.0 0.06628862768411636
0.0 0.06638344377279282
0.0 0.06656315922737122
0.0 0.06672123819589615
0.0 0.06678318977355957
0.0 0.06717861443758011
0.0 0.06738021224737167
0.0 0.06782373040914536
0.0 0.06794621795415878
0.0 0.06816129386425018
0.0 0.06836704164743423
0.0 0.06845711171627045
0.0 0.0689576119184494
0.0 0.06957338750362396
0.0 0.06983019411563873
0.0 0.0698414221405983
0.0 0.06986924260854721
0.0 0.06990643590688705
0.0 0.07086127251386642
0.0 0.073814257979393
0.0 0.07493000477552414
0.0 0.07601907104253769
0.0 0.07799909263849258
0.0 0.07886684685945511
0.0 0.08042294532060623
0.0 0.08086131513118744
0.0 0.09013762325048447
0.0 0.09029512852430344
0.0 0.09339053928852081
0.0 inf
