0.0 0.040780339390039444
0.0 0.041338205337524414
0.0 0.04276246577501297
0.0 0.043649446219205856
0.0 0.043652333319187164
0.0 0.04377354308962822
0.0 0.04417219012975693
0.0 0.04422098025679588
0.0 0.045435044914484024
0.0 0.045612793415784836
0.0 0.0457107350230217
0.0 0.04618070647120476
0.0 0.04705674573779106
0.0 0.04794144257903099
0.0 0.04837198182940483
0.0 0.048610489815473557
0.0 0.04866150766611099
0.0 0.04892396926879883
0.0 0.04894176870584488
0.0 0.048996470868587494
0.0 0.04906648397445679
0.0 0.04989146068692207
0.0 0.050180334597826004
0.0 0.05026029422879219
0.0 0.050361163914203644
0.0 0.05052797868847847
0.0 0.050560932606458664
0.0 0.050844982266426086
0.0 0.051257096230983734
0.0 0.0512952022254467
0.0 0.05155013129115105
0.0 0.05189378559589386
0.0 0.051938239485025406
0.0 0.05204952135682106
0.0 0.052108749747276306
0.0 0.052131567150354385
0.0 0.052453525364398956
0.0 0.05246635153889656
0.0 0.052731793373823166
0.0 0.05293179675936699
0.0 0.053239673376083374
0.0 0.05345720052719116
0.0 0.05347447469830513
0.0 0.053842443972826004
0.0 0.05384686216711998
0.0 0.054126787930727005
0.0 0.05415577441453934
0.0 0.05428353324532509
0.0 0.0542927049100399
0.0 0.0545940101146698
0.0 0.05485539138317108
0.0 0.05497408285737038
0.0 0.055172163993120193
0.0 0.05532209575176239
0.0 0.055371854454278946
0.0 0.05543451011180878
0.0 0.0554577112197876
0.0 0.05547729879617691
0.0 0.055797796696424484
0.0 0.055874332785606384
0.0 0.05604048818349838
0.0 0.05628180503845215
0.0 0.056329138576984406
0.0 0.056363027542829514
0.0 0.05638609826564789
0.0 0.056532539427280426
0.0 0.05656909570097923
0.0 0.05665511265397072
0.0 0.05712128058075905
0.0 0.057136036455631256
0.0 0.05715379863977432
0.0 0.057154156267642975
0.0 0.057184796780347824
0.0 0.057216547429561615
0.0 0.057317353785037994
0.0 0.05732351914048195
0.0 0.05753299966454506
0.0 0.05756617337465286
0.0 0.0575917586684227
0.0 0.057616494596004486
0.0 0.057796865701675415
0.0 0.05781335383653641
0.0 0.05791005864739418
0.0 0.05792964622378349
0.0 0.05797182396054268
0.0 0.057994160801172256
0.0 0.05811725929379463
0.0 0.05826488137245178
0.0 0.05829533562064171
0.0 0.05848338454961777
0.0 0.05851483345031738
0.0 0.05867891013622284
0.0 0.05874831601977348
0.0 0.05889764800667763
0.0 0.05890730395913124
0.0 0.05895265191793442
0.0 0.05898922309279442
0.0 0.05909911170601845
0.0 0.059113986790180206
0.0 0.05932283774018288
0.0 0.059496376663446426
0.0 0.059735577553510666
0.0 0.05981038138270378
0.0 0.060221072286367416
0.0 0.06025843694806099
0.0 0.060313206166028976
0.0 0.06039973348379135
0.0 0.06045948341488838
0.0 0.06047936901450157
0.0 0.06057995930314064
0.0 0.06062951311469078
0.0 0.06070009991526604
0.0 0.06074708327651024
0.0 0.060747742652893066
0.0 0.060771644115448
0.0 0.0608249194920063
0.0 0.0609397366642952
0.0 0.060970935970544815
0.0 0.06098498776555061
0.0 0.061025191098451614
0.0 0.061029236763715744
0.0 0.06109867990016937
0.0 0.0611586757004261
0.0 0.06116718426346779
0.0 0.06121354550123215
0.0 0.061282817274332047
0.0 0.06132100149989128
0.0 0.061493389308452606
0.0 0.06149478629231453
0.0 0.06150757521390915
0.0 0.06155090034008026
0.0 0.061576325446367264
0.0 0.06158709153532982
0.0 0.061807744204998016
0.0 0.06187603250145912
0.0 0.06188179925084114
0.0 0.06189258024096489
0.0 0.061953816562891006
0.0 0.061985958367586136
0.0 0.06202872470021248
0.0 0.06208910420536995
0.0 0.0622091144323349
0.0 0.06221748888492584
0.0 0.062223438173532486
0.0 0.06231435760855675
0.0 0.0623597726225853
0.0 0.06239743158221245
0.0 0.06239956617355347
0.0 0.062469858676195145
0.0 0.06262902915477753
0.0 0.06265344470739365
0.0 0.06273196637630463
0.0 0.06274890154600143
0.0 0.06287434697151184
0.0 0.06298896670341492
0.0 0.06314507871866226
0.0 0.06318952888250351
0.0 0.06326494365930557
0.0 0.06328391283750534
0.0 0.06336724013090134
0.0 0.0634293183684349
0.0 0.06345434486865997
0.0 0.06352217495441437
0.0 0.06352676451206207
0.0 0.06357676535844803
0.0 0.06375595182180405
0.0 0.06379871070384979
0.0 0.0639733076095581
0.0 0.06399039924144745
0.0 0.06405865401029587
0.0 0.06425314396619797
0.0 0.06425943225622177
0.0 0.06436944752931595
0.0 0.06446118652820587
0.0 0.06460990011692047
0.0 0.06478011608123779
0.0 0.06481760740280151
0.0 0.06501036137342453
0.0 0.06510181725025177
0.0 0.06520096957683563
0.0 0.06524384021759033
0.0 0.06530289351940155
0.0 0.06532735377550125
0.0 0.06559017300605774
0.0 0.06561017781496048
0.0 0.06577090919017792
0.0 0.06578334420919418
0.0 0.06589951366186142
0.0 0.06617298722267151
0.0 0.06627306342124939
0.0 0.06638877838850021
0.0 0.06658574193716049
0.0 0.0666954517364502
0.0 0.06677888333797455
0.0 0.0667916014790535
0.0 0.06680435687303543
0.0 0.06682882457971573
0.0 0.06698200851678848
0.0 0.06704439222812653
0.0 0.06707274168729782
0.0 0.06707341223955154
0.0 0.06735096126794815
0.0 0.06737588346004486
0.0 0.06740060448646545
0.0 0.06746012717485428
0.0 0.06748665124177933
0.0 0.06751057505607605
0.0 0.06757359951734543
0.0 0.06763064861297607
0.0 0.06771553307771683
0.0 0.06774254143238068
0.0 0.06774445623159409
0.0 0.06781136244535446
0.0 0.06784070283174515
0.0 0.06784845888614655
0.0 0.06801144033670425
0.0 0.06801939010620117
0.0 0.06825368851423264
0.0 0.06847559660673141
0.0 0.06864944100379944
0.0 0.0686810314655304
0.0 0.06871330738067627
0.0 0.06875823438167572
0.0 0.06878527253866196
0.0 0.06878833472728729
0.0 0.06881788372993469
0.0 0.06889552623033524
0.0 0.06890293955802917
0.0 0.06896243989467621
0.0 0.06929879635572433
0.0 0.06934437155723572
0.0 0.06936942785978317
0.0 0.06939605623483658
0.0 0.06952472031116486
0.0 0.06957678496837616
0.0 0.0697527676820755
0.0 0.06975572556257248
0.0 0.06978411972522736
0.0 0.06981173902750015
0.0 0.06990807503461838
0.0 0.0699649378657341
0.0 0.07004576921463013
0.0 0.07011034339666367
0.0 0.07016000151634216
0.0 0.07016117125749588
0.0 0.07031282037496567
0.0 0.07033712416887283
0.0 0.0704144611954689
0.0 0.07051736116409302
0.0 0.07074441015720367
0.0 0.07090809941291809
0.0 0.07093087583780289
0.0 0.0709833949804306
0.0 0.07146952301263809
0.0 0.07166210561990738
0.0 0.07193173468112946
0.0 0.07208113372325897
0.0 0.07217097282409668
0.0 0.07228296250104904
0.0 0.07232923060655594
0.0 0.07234381884336472
0.0 0.07236743718385696
0.0 0.07238900661468506
0.0 0.0725254938006401
0.0 0.0725698173046112
0.0 0.07265704870223999
0.0 0.07272535562515259
0.0 0.07281041890382767
0.0 0.07290968298912048
0.0 0.07296480238437653
0.0 0.07298274338245392
0.0 0.07302012294530869
0.0 0.07323110848665237
0.0 0.07334979623556137
0.0 0.07335999608039856
0.0 0.073439821600914
0.0 0.07346878200769424
0.0 0.0736779049038887
0.0 0.07369358837604523
0.0 0.07371657341718674
0.0 0.07384275645017624
0.0 0.07388098537921906
0.0 0.0739232525229454
0.0 0.0739254429936409
0.0 0.07398006319999695
0.0 0.07400394231081009
0.0 0.07401351630687714
0.0 0.07402186095714569
0.0 0.07403496652841568
0.0 0.07413991540670395
0.0 0.07420770823955536
0.0 0.07438454031944275
0.0 0.07438776642084122
0.0 0.07448636740446091
0.0 0.07460253685712814
0.0 0.07478302717208862
0.0 0.07481104880571365
0.0 0.07491037249565125
0.0 0.07493700087070465
0.0 0.07511873543262482
0.0 0.07514582574367523
0.0 0.07532916963100433
0.0 0.07535425573587418
0.0 0.07538303732872009
0.0 0.0755641832947731
0.0 0.07559994608163834
0.0 0.07566926628351212
0.0 0.07567421346902847
0.0 0.07587284594774246
0.0 0.0759567990899086
0.0 0.07596775144338608
0.0 0.07597742974758148
0.0 0.07602152973413467
0.0 0.07605603337287903
0.0 0.07609996944665909
0.0 0.07611987739801407
0.0 0.07614116370677948
0.0 0.07621534168720245
0.0 0.07632389664649963
0.0 0.07637612521648407
0.0 0.07651731371879578
0.0 0.07652371376752853
0.0 0.07657402753829956
0.0 0.07658285647630692
0.0 0.07672319561243057
0.0 0.07713747024536133
0.0 0.0772625207901001
0.0 0.0774369016289711
0.0 0.0775006040930748
0.0 0.07754144817590714
0.0 0.07775373011827469
0.0 0.07775463908910751
0.0 0.07788509875535965
0.0 0.07789821922779083
0.0 0.07804093509912491
0.0 0.07808253914117813
0.0 0.0782240554690361
0.0 0.07853439450263977
0.0 0.07875276356935501
0.0 0.07881376892328262
0.0 0.0791039913892746
0.0 0.07924631983041763
0.0 0.07933563739061356
0.0 0.0794389396905899
0.0 0.07946447283029556
0.0 0.07976317405700684
0.0 0.08000073581933975
0.0 0.08012265712022781
0.0 0.08013281971216202
0.0 0.08054270595312119
0.0 0.08055216819047928
0.0 0.08066613227128983
0.0 0.08076789975166321
0.0 0.0808369368314743
0.0 0.08085273206233978
0.0 0.08099365234375
0.0 0.08103549480438232
0.0 0.08116675913333893
0.0 0.08123213797807693
0.0 0.08127133548259735
0.0 0.08127634227275848
0.0 0.08135080337524414
0.0 0.08144112676382065
0.0 0.08148058503866196
0.0 0.08150827884674072
0.0 0.08154886960983276
0.0 0.08156277984380722
0.0 0.08159829676151276
0.0 0.08192043006420135
0.0 0.08193991333246231
0.0 0.08198012411594391
0.0 0.08208439499139786
0.0 0.08252470940351486
0.0 0.08273538202047348
0.0 0.08296862989664078
0.0 0.08314001560211182
0.0 0.08324733376502991
0.0 0.08330841362476349
0.0 0.08364754170179367
0.0 0.08412302285432816
0.0 0.08416671305894852
0.0 0.08429568260908127
0.0 0.08446337282657623
0.0 0.08461053669452667
0.0 0.08495578914880753
0.0 0.08504713326692581
0.0 0.08555673062801361
0.0 0.08594749867916107
0.0 0.08616562187671661
0.0 0.08619621396064758
0.0 0.0862845703959465
0.0 0.08638529479503632
0.0 0.08662644028663635
0.0 0.08664330095052719
0.0 0.08668044954538345
0.0 0.08669449388980865
0.0 0.08689048886299133
0.0 0.0870499387383461
0.0 0.08712062984704971
0.0 0.08725814521312714
0.0 0.08736477792263031
0.0 0.08738892525434494
0.0 0.08749324083328247
0.0 0.08763260394334793
0.0 0.08779831975698471
0.0 0.08783993870019913
0.0 0.08807402849197388
0.0 0.08807823807001114
0.0 0.08810209482908249
0.0 0.08817747980356216
0.0 0.08825814723968506
0.0 0.08858447521924973
0.0 0.08889923989772797
0.0 0.0889081358909607
0.0 0.08905401825904846
0.0 0.0891038328409195
0.0 0.08930249512195587
0.0 0.0894094854593277
0.0 0.08946047723293304
0.0 0.08979657292366028
0.0 0.08985128253698349
0.0 0.08990306407213211
0.0 0.08995874226093292
0.0 0.09037253260612488
0.0 0.09103730320930481
0.0 0.09106114506721497
0.0 0.09121061116456985
0.0 0.09141593426465988
0.0 0.09149330109357834
0.0 0.0918460339307785
0.0 0.0921049639582634
0.0 0.09241390228271484
0.0 0.09242862462997437
0.0 0.0924534872174263
0.0 0.09264456480741501
0.0 0.09265104681253433
0.0 0.09267577528953552
0.0 0.09269983321428299
0.0 0.09278403222560883
0.0 0.09298516064882278
0.0 0.09298742562532425
0.0 0.09321432560682297
0.0 0.09366252273321152
0.0 0.09407032281160355
0.0 0.09414203464984894
0.0 0.09442233294248581
0.0 0.0945819839835167
0.0 0.09479548037052155
0.0 0.09494921565055847
0.0 0.09588907659053802
0.0 0.0960167720913887
0.0 0.09638911485671997
0.0 0.09641280025243759
0.0 0.09685728698968887
0.0 0.09749921411275864
0.0 0.09756246954202652
0.0 0.09890032559633255
0.0 0.09901624172925949
0.0 0.09922898560762405
0.0 0.1003415584564209
0.0 0.10057924687862396
0.0 0.10061588883399963
0.0 0.10065247118473053
0.0 0.10098206251859665
0.0 0.10101999342441559
0.0 0.10189567506313324
0.0 0.10190330445766449
0.0 0.10193070769309998
0.0 0.10201933979988098
0.0 0.10210153460502625
0.0 0.10232838988304138
0.0 0.10259638726711273
0.0 0.1026235818862915
0.0 0.10335387289524078
0.0 0.10367023199796677
0.0 0.10426100343465805
0.0 0.10433465987443924
0.0 0.10444918274879456
0.0 0.10460646450519562
0.0 0.10462908446788788
0.0 0.10476582497358322
0.0 0.1051749661564827
0.0 0.10520961880683899
0.0 0.10531441867351532
0.0 0.10557699203491211
0.0 0.10679613053798676
0.0 0.10753998905420303
0.0 0.1078374832868576
0.0 0.10858310759067535
0.0 0.10873834043741226
0.0 0.10987833887338638
0.0 0.11223647743463516
0.0 0.11238430440425873
0.0 0.11255708336830139
0.0 0.1129850447177887
0.0 0.11426074802875519
0.0 0.11478619277477264
0.0 0.11493252217769623
0.0 0.11522550135850906
0.0 0.11614672094583511
0.0 0.11640631407499313
0.0 0.11687781661748886
0.0 0.11735538393259048
0.0 0.1186031624674797
0.0 0.11957421153783798
0.0 0.12200823426246643
0.0 0.12296846508979797
0.0 0.12774646282196045
0.0 0.1352260708808899
0.0 0.1368015855550766
0.0 0.14262264966964722
0.0 inf
