0.0 0.021573344245553017
0.0 0.024268517270684242
0.0 0.025290461257100105
0.0 0.025491217151284218
0.0 0.025492915883660316
0.0 0.025599852204322815
0.0 0.02609236165881157
0.0 0.02638370543718338
0.0 0.02671339549124241
0.0 0.027044057846069336
0.0 0.027062388136982918
0.0 0.027065930888056755
0.0 0.027134960517287254
0.0 0.027828043326735497
0.0 0.027954718098044395
0.0 0.02813665196299553
0.0 0.028201283887028694
0.0 0.02832293137907982
0.0 0.028412461280822754
0.0 0.028562765568494797
0.0 0.028659475967288017
0.0 0.028742555528879166
0.0 0.028753235936164856
0.0 0.02881850302219391
0.0 0.028876183554530144
0.0 0.028912099078297615
0.0 0.029146708548069
0.0 0.029186690226197243
0.0 0.029342204332351685
0.0 0.029383882880210876
0.0 0.029547354206442833
0.0 0.02965274453163147
0.0 0.02968883328139782
0.0 0.029875950887799263
0.0 0.029881274327635765
0.0 0.029908113181591034
0.0 0.029949449002742767
0.0 0.030074285343289375
0.0 0.030162831768393517
0.0 0.03050624020397663
0.0 0.030527466908097267
0.0 0.030533699318766594
0.0 0.030676549300551414
0.0 0.0306993555277586
0.0 0.030708638951182365
0.0 0.03100765496492386
0.0 0.03103175386786461
0.0 0.031202225014567375
0.0 0.03122062236070633
0.0 0.031221145763993263
0.0 0.031286273151636124
0.0 0.03128671273589134
0.0 0.03129486367106438
0.0 0.03136017918586731
0.0 0.031386785209178925
0.0 0.031430840492248535
0.0 0.03147063031792641
0.0 0.0314808152616024
0.0 0.031526513397693634
0.0 0.0316784605383873
0.0 0.03172270581126213
0.0 0.03173124045133591
0.0 0.031733881682157516
0.0 0.031769201159477234
0.0 0.03182891383767128
0.0 0.03195140138268471
0.0 0.03196662664413452
0.0 0.032008275389671326
0.0 0.03207770735025406
0.0 0.032137949019670486
0.0 0.032177701592445374
0.0 0.032275184988975525
0.0 0.032395247370004654
0.0 0.03241134062409401
0.0 0.03244056552648544
0.0 0.03245874494314194
0.0 0.03246571123600006
0.0 0.032533299177885056
0.0 0.032548341900110245
0.0 0.032567355781793594
0.0 0.03263941407203674
0.0 0.03274935483932495
0.0 0.032865215092897415
0.0 0.03288114443421364
0.0 0.03296154364943504
0.0 0.03299565240740776
0.0 0.03299771249294281
0.0 0.0330137200653553
0.0 0.03302120044827461
0.0 0.03303803130984306
0.0 0.033098381012678146
0.0 0.03310022130608559
0.0 0.03316153585910797
0.0 0.03331422433257103
0.0 0.033317238092422485
0.0 0.03335106000304222
0.0 0.03335593640804291
0.0 0.03342793136835098
0.0 0.03347010537981987
0.0 0.03350474685430527
0.0 0.033525969833135605
0.0 0.03354275971651077
0.0 0.033578354865312576
0.0 0.033582769334316254
0.0 0.03364594653248787
0.0 0.033646367490291595
0.0 0.033668387681245804
0.0 0.033697400242090225
0.0 0.03371801599860191
0.0 0.033771369606256485
0.0 0.03378938511013985
0.0 0.033799342811107635
0.0 0.03388996422290802
0.0 0.03391451761126518
0.0 0.03395010530948639
0.0 0.03396765887737274
0.0 0.03398152068257332
0.0 0.03408721461892128
0.0 0.03411722183227539
0.0 0.03418433666229248
0.0 0.034243252128362656
0.0 0.03429657593369484
0.0 0.034297049045562744
0.0 0.03434941917657852
0.0 0.03437283635139465
0.0 0.03437688946723938
0.0 0.0344373919069767
0.0 0.03449469432234764
0.0 0.034589674323797226
0.0 0.0347260907292366
0.0 0.03479016572237015
0.0 0.03481760621070862
0.0 0.034857142716646194
0.0 0.03489871323108673
0.0 0.03493897616863251
0.0 0.03497058525681496
0.0 0.035037651658058167
0.0 0.03505542501807213
0.0 0.03505602106451988
0.0 0.03506273776292801
0.0 0.035095423460006714
0.0 0.03514954075217247
0.0 0.03531119227409363
0.0 0.03531978279352188
0.0 0.03532005846500397
0.0 0.03538227453827858
0.0 0.03539009764790535
0.0 0.03543458878993988
0.0 0.035440750420093536
0.0 0.035475946962833405
0.0 0.03549952432513237
0.0 0.03556353971362114
0.0 0.03564169257879257
0.0 0.035649221390485764
0.0 0.03566505387425423
0.0 0.0356854610145092
0.0 0.03570346161723137
0.0 0.035711877048015594
0.0 0.03574426844716072
0.0 0.0358126237988472
0.0 0.03581462800502777
0.0 0.03586265444755554
0.0 0.03586752340197563
0.0 0.035884108394384384
0.0 0.035939160734415054
0.0 0.035996533930301666
0.0 0.03600591793656349
0.0 0.036007072776556015
0.0 0.03602972254157066
0.0 0.0360797680914402
0.0 0.036277804523706436
0.0 0.036311108618974686
0.0 0.03632893040776253
0.0 0.036408837884664536
0.0 0.036410439759492874
0.0 0.03643958643078804
0.0 0.03646364435553551
0.0 0.03646453842520714
0.0 0.03669368103146553
0.0 0.03677894547581673
0.0 0.03684551641345024
0.0 0.036933477967977524
0.0 0.03703831881284714
0.0 0.0370614193379879
0.0 0.03706160932779312
0.0 0.03708735853433609
0.0 0.03717716410756111
0.0 0.03720467537641525
0.0 0.03737156465649605
0.0 0.03738684207201004
0.0 0.037433501332998276
0.0 0.03745061904191971
0.0 0.03745386004447937
0.0 0.0374758243560791
0.0 0.037515897303819656
0.0 0.037554845213890076
0.0 0.03755825757980347
0.0 0.03756961226463318
0.0 0.03762010484933853
0.0 0.03767876699566841
0.0 0.03772854059934616
0.0 0.037759896367788315
0.0 0.03780221939086914
0.0 0.03787878528237343
0.0 0.03805520385503769
0.0 0.0381181426346302
0.0 0.03818397969007492
0.0 0.03818938136100769
0.0 0.03821204975247383
0.0 0.03823411092162132
0.0 0.03826463967561722
0.0 0.038268059492111206
0.0 0.03830678015947342
0.0 0.03831285610795021
0.0 0.03832860291004181
0.0 0.038347043097019196
0.0 0.03839050978422165
0.0 0.038390807807445526
0.0 0.03843941539525986
0.0 0.03855988383293152
0.0 0.03858506307005882
0.0 0.038668833673000336
0.0 0.03871186450123787
0.0 0.038781292736530304
0.0 0.03879470378160477
0.0 0.03883475810289383
0.0 0.03887278586626053
0.0 0.038952767848968506
0.0 0.03910417854785919
0.0 0.03915846347808838
0.0 0.03923352435231209
0.0 0.03941504284739494
0.0 0.039428822696208954
0.0 0.03943426162004471
0.0 0.039481546729803085
0.0 0.03948233276605606
0.0 0.03952657803893089
0.0 0.03953070938587189
0.0 0.039531316608190536
0.0 0.03957737609744072
0.0 0.03964100778102875
0.0 0.039656683802604675
0.0 0.03975304961204529
0.0 0.03977971151471138
0.0 0.03986143320798874
0.0 0.03989221528172493
0.0 0.03989974409341812
0.0 0.039912715554237366
0.0 0.039939917623996735
0.0 0.039940670132637024
0.0 0.0399959571659565
0.0 0.040005575865507126
0.0 0.04000790789723396
0.0 0.04001805931329727
0.0 0.0400351956486702
0.0 0.04012098163366318
0.0 0.04016244038939476
0.0 0.04025232791900635
0.0 0.04026106372475624
0.0 0.040280986577272415
0.0 0.04028257727622986
0.0 0.04043278098106384
0.0 0.040454231202602386
0.0 0.040481846779584885
0.0 0.040558770298957825
0.0 0.04057497903704643
0.0 0.040597978979349136
0.0 0.04062027856707573
0.0 0.040694646537303925
0.0 0.040744900703430176
0.0 0.04086232930421829
0.0 0.040869276970624924
0.0 0.04088415578007698
0.0 0.04103667661547661
0.0 0.041038043797016144
0.0 0.04125609248876572
0.0 0.04138169065117836
0.0 0.04150036722421646
0.0 0.04151757061481476
0.0 0.0415789857506752
0.0 0.041611261665821075
0.0 0.0417223684489727
0.0 0.04179220274090767
0.0 0.041822582483291626
0.0 0.04188291355967522
0.0 0.041922952979803085
0.0 0.04205794259905815
0.0 0.04212649166584015
0.0 0.04213933274149895
0.0 0.04219450056552887
0.0 0.04220132157206535
0.0 0.04223039746284485
0.0 0.042273614555597305
0.0 0.04227868467569351
0.0 0.04233882203698158
0.0 0.042447395622730255
0.0 0.042461298406124115
0.0 0.042477868497371674
0.0 0.04248051717877388
0.0 0.04248698800802231
0.0 0.0424937829375267
0.0 0.04249748960137367
0.0 0.042507901787757874
0.0 0.042620949447155
0.0 0.04266401007771492
0.0 0.04269072413444519
0.0 0.042703766375780106
0.0 0.042710497975349426
0.0 0.04271840676665306
0.0 0.042759645730257034
0.0 0.04277070611715317
0.0 0.04284567013382912
0.0 0.04288843274116516
0.0 0.04289117828011513
0.0 0.043038658797740936
0.0 0.04304279014468193
0.0 0.04314333572983742
0.0 0.04322907701134682
0.0 0.043265942484140396
0.0 0.043320100754499435
0.0 0.043420251458883286
0.0 0.04345176741480827
0.0 0.043455444276332855
0.0 0.04354457929730415
0.0 0.04372360557317734
0.0 0.04374195262789726
0.0 0.0437442921102047
0.0 0.04376646503806114
0.0 0.04377735033631325
0.0 0.04381447285413742
0.0 0.043847180902957916
0.0 0.04387620836496353
0.0 0.043877679854631424
0.0 0.04391835629940033
0.0 0.043931107968091965
0.0 0.0441335067152977
0.0 0.04417353495955467
0.0 0.04418834298849106
0.0 0.0442279689013958
0.0 0.04433721303939819
0.0 0.044368304312229156
0.0 0.044437654316425323
0.0 0.04455136880278587
0.0 0.04455434903502464
0.0 0.04460756853222847
0.0 0.04462362080812454
0.0 0.04468732699751854
0.0 0.044807445257902145
0.0 0.04499899223446846
0.0 0.045065853744745255
0.0 0.0450926199555397
0.0 0.045118298381567
0.0 0.04514404013752937
0.0 0.04519893229007721
0.0 0.045255739241838455
0.0 0.04526162147521973
0.0 0.04531757906079292
0.0 0.0453435443341732
0.0 0.045393623411655426
0.0 0.045565102249383926
0.0 0.045773666352033615
0.0 0.04586661607027054
0.0 0.045950885862112045
0.0 0.04595297947525978
0.0 0.046027179807424545
0.0 0.04603247717022896
0.0 0.04618111252784729
0.0 0.04618209972977638
0.0 0.04632015898823738
0.0 0.04635119438171387
0.0 0.046416595578193665
0.0 0.04643487557768822
0.0 0.04643845185637474
0.0 0.04645206034183502
0.0 0.04652343690395355
0.0 0.04659480229020119
0.0 0.0466141514480114
0.0 0.0466582216322422
0.0 0.046703122556209564
0.0 0.04671113193035126
0.0 0.046723686158657074
0.0 0.04684727266430855
0.0 0.046848855912685394
0.0 0.04689084365963936
0.0 0.04707227647304535
0.0 0.04718548059463501
0.0 0.04730952903628349
0.0 0.04732469841837883
0.0 0.0475950688123703
0.0 0.04773459956049919
0.0 0.04782887175679207
0.0 0.04787850007414818
0.0 0.04792407527565956
0.0 0.04799799993634224
0.0 0.04804333671927452
0.0 0.04806458204984665
0.0 0.04823039099574089
0.0 0.04833080992102623
0.0 0.04841552674770355
0.0 0.04855303093791008
0.0 0.048555683344602585
0.0 0.04860614985227585
0.0 0.04864216223359108
0.0 0.04869703948497772
0.0 0.048754576593637466
0.0 0.04876940697431564
0.0 0.048776011914014816
0.0 0.048816077411174774
0.0 0.04886408522725105
0.0 0.049161408096551895
0.0 0.049277301877737045
0.0 0.049416426569223404
0.0 0.04951881244778633
0.0 0.049533355981111526
0.0 0.04967043548822403
0.0 0.0497005470097065
0.0 0.04970487579703331
0.0 0.04972101375460625
0.0 0.04990203306078911
0.0 0.049902964383363724
0.0 0.049995578825473785
0.0 0.05009809508919716
0.0 0.050121940672397614
0.0 0.050142981112003326
0.0 0.05015811324119568
0.0 0.05039214342832565
0.0 0.050425268709659576
0.0 0.05055618658661842
0.0 0.05061609670519829
0.0 0.050881121307611465
0.0 0.050940562039613724
0.0 0.05108620971441269
0.0 0.05131976678967476
0.0 0.051397278904914856
0.0 0.05184519663453102
0.0 0.0518849641084671
0.0 0.05211484059691429
0.0 0.05212615802884102
0.0 0.052372004836797714
0.0 0.052438974380493164
0.0 0.052525173872709274
0.0 0.05280584469437599
0.0 0.05305386707186699
0.0 0.05342741683125496
0.0 0.053518760949373245
0.0 0.053604334592819214
0.0 0.054447636008262634
0.0 0.05448126420378685
0.0 0.05485321581363678
0.0 0.05509711429476738
0.0 0.05512017756700516
0.0 0.05519065260887146
0.0 0.05585278198122978
0.0 0.05586019903421402
0.0 0.0558781661093235
0.0 0.055966537445783615
0.0 0.05599750205874443
0.0 0.05606745183467865
0.0 0.05612518638372421
0.0 0.056246351450681686
0.0 0.056470297276973724
0.0 0.05647836998105049
0.0 0.05648869276046753
0.0 0.056562334299087524
0.0 0.056804854422807693
0.0 0.057142384350299835
0.0 0.05714324116706848
0.0 0.057397954165935516
0.0 0.05790591612458229
0.0 0.05819501727819443
0.0 0.05829852819442749
0.0 0.05911210924386978
0.0 0.05929390341043472
0.0 0.05934279412031174
0.0 0.05945814400911331
0.0 0.05946091189980507
0.0 0.059912052005529404
0.0 0.059988588094711304
0.0 0.06033363565802574
0.0 0.060434214770793915
0.0 0.06051218509674072
0.0 0.060972779989242554
0.0 0.0610567182302475
0.0 0.061577267944812775
0.0 0.06170344352722168
0.0 0.061924491077661514
0.0 0.062008533626794815
0.0 0.062147874385118484
0.0 0.062364038079977036
0.0 0.06465175002813339
0.0 0.06508977711200714
0.0 0.0654991865158081
0.0 0.06595803052186966
0.0 0.06701000779867172
0.0 0.06752006709575653
0.0 0.0681324452161789
0.0 0.06854181736707687
0.0 0.06904172152280807
0.0 0.06970123946666718
0.0 0.07077167928218842
0.0 0.07117771357297897
0.0 0.07250688970088959
0.0 0.07285192608833313
0.0 0.07315324991941452
0.0 0.0735265240073204
0.0 0.0747770294547081
0.0 0.07503881305456161
0.0 0.0765090063214302
0.0 0.07745904475450516
0.0 0.08445172756910324
0.0 0.09247687458992004
0.0 inf
