0.0 0.03757353499531746
0.0 0.03977487236261368
0.0 0.04186652973294258
0.0 0.04411498084664345
0.0 0.04439261183142662
0.0 0.04471661150455475
0.0 0.04487001150846481
0.0 0.04521368816494942
0.0 0.04535391926765442
0.0 0.04543892294168472
0.0 0.045716945081949234
0.0 0.046064384281635284
0.0 0.04644078016281128
0.0 0.04647151380777359
0.0 0.04708331078290939
0.0 0.047369569540023804
0.0 0.04750871658325195
0.0 0.04756017401814461
0.0 0.0476338267326355
0.0 0.047931309789419174
0.0 0.04826744645833969
0.0 0.0493810772895813
0.0 0.04980394244194031
0.0 0.049978844821453094
0.0 0.050008706748485565
0.0 0.05002027750015259
0.0 0.05004267767071724
0.0 0.050165724009275436
0.0 0.050271835178136826
0.0 0.050354793667793274
0.0 0.05146842077374458
0.0 0.05181727185845375
0.0 0.05199876055121422
0.0 0.05201698839664459
0.0 0.05211929231882095
0.0 0.052568770945072174
0.0 0.05258199945092201
0.0 0.052652355283498764
0.0 0.05266015976667404
0.0 0.05271407589316368
0.0 0.05288701504468918
0.0 0.05295262485742569
0.0 0.05298152565956116
0.0 0.05303765833377838
0.0 0.05343706160783768
0.0 0.05349864810705185
0.0 0.0535813644528389
0.0 0.05360918864607811
0.0 0.053871940821409225
0.0 0.054080668836832047
0.0 0.054131194949150085
0.0 0.05428434908390045
0.0 0.05430193617939949
0.0 0.05432944372296333
0.0 0.05442260578274727
0.0 0.05442303046584129
0.0 0.05453218147158623
0.0 0.05468433350324631
0.0 0.05473477020859718
0.0 0.05476338043808937
0.0 0.05479999631643295
0.0 0.05489705875515938
0.0 0.05490934103727341
0.0 0.05491669476032257
0.0 0.0549902617931366
0.0 0.05507273226976395
0.0 0.05509813502430916
0.0 0.055160872638225555
0.0 0.05533713847398758
0.0 0.05556124448776245
0.0 0.05561855435371399
0.0 0.05569586157798767
0.0 0.05586317554116249
0.0 0.055897604674100876
0.0 0.05592368543148041
0.0 0.05596115067601204
0.0 0.05599675327539444
0.0 0.05605098977684975
0.0 0.056210022419691086
0.0 0.056245509535074234
0.0 0.056263625621795654
0.0 0.0563059039413929
0.0 0.0563354454934597
0.0 0.056342676281929016
0.0 0.0563708133995533
0.0 0.05651425942778587
0.0 0.05653413012623787
0.0 0.05664130672812462
0.0 0.05664251744747162
0.0 0.05666331574320793
0.0 0.05668225139379501
0.0 0.056717876344919205
0.0 0.056837428361177444
0.0 0.056870002299547195
0.0 0.056943561881780624
0.0 0.05697675049304962
0.0 0.05712328851222992
0.0 0.05719590187072754
0.0 0.0572260282933712
0.0 0.05740518867969513
0.0 0.057422589510679245
0.0 0.057505205273628235
0.0 0.05756190046668053
0.0 0.057767584919929504
0.0 0.0579947791993618
0.0 0.0581115297973156
0.0 0.05813492462038994
0.0 0.05821671336889267
0.0 0.058336611837148666
0.0 0.05840640142560005
0.0 0.05842100456357002
0.0 0.05849222466349602
0.0 0.05880961939692497
0.0 0.058847129344940186
0.0 0.058897465467453
0.0 0.05896477773785591
0.0 0.05905310809612274
0.0 0.05906538665294647
0.0 0.05907198414206505
0.0 0.05912700295448303
0.0 0.05913127586245537
0.0 0.0591849647462368
0.0 0.05924798175692558
0.0 0.05927911028265953
0.0 0.059350863099098206
0.0 0.05954324081540108
0.0 0.059568315744400024
0.0 0.05962812900543213
0.0 0.05974159017205238
0.0 0.05979429557919502
0.0 0.059839360415935516
0.0 0.05986328423023224
0.0 0.05991378054022789
0.0 0.059954460710287094
0.0 0.05999791622161865
0.0 0.060110293328762054
0.0 0.06014319509267807
0.0 0.06019248068332672
0.0 0.06019318103790283
0.0 0.06031052768230438
0.0 0.060344722121953964
0.0 0.06048920378088951
0.0 0.06054118648171425
0.0 0.06072540208697319
0.0 0.06075527146458626
0.0 0.06076368689537048
0.0 0.060826681554317474
0.0 0.060880064964294434
0.0 0.0608983039855957
0.0 0.061050985008478165
0.0 0.0610630065202713
0.0 0.06127198040485382
0.0 0.061357565224170685
0.0 0.06161287799477577
0.0 0.061618827283382416
0.0 0.06165468692779541
0.0 0.06175869330763817
0.0 0.061771124601364136
0.0 0.06180501729249954
0.0 0.06181865930557251
0.0 0.06183784827589989
0.0 0.06192484870553017
0.0 0.062044717371463776
0.0 0.06206628307700157
0.0 0.06210010126233101
0.0 0.06211123615503311
0.0 0.06217712536454201
0.0 0.06236482039093971
0.0 0.06241351738572121
0.0 0.06246010586619377
0.0 0.06256609410047531
0.0 0.06265884637832642
0.0 0.06267362087965012
0.0 0.06268636137247086
0.0 0.06270339339971542
0.0 0.06276237219572067
0.0 0.06278378516435623
0.0 0.06306729465723038
0.0 0.06315703690052032
0.0 0.06317818909883499
0.0 0.063181571662426
0.0 0.06321602314710617
0.0 0.06325507164001465
0.0 0.06333142518997192
0.0 0.06333278119564056
0.0 0.06337299942970276
0.0 0.0634293258190155
0.0 0.06356605887413025
0.0 0.06359252333641052
0.0 0.06373203545808792
0.0 0.06385326385498047
0.0 0.06386920064687729
0.0 0.06391441076993942
0.0 0.06394050270318985
0.0 0.06401301175355911
0.0 0.06402838975191116
0.0 0.06408164650201797
0.0 0.06408483535051346
0.0 0.06416884064674377
0.0 0.06419552862644196
0.0 0.06425528973340988
0.0 0.06428653001785278
0.0 0.06433755904436111
0.0 0.0644046738743782
0.0 0.06443242728710175
0.0 0.06446684151887894
0.0 0.06449439376592636
0.0 0.06454045325517654
0.0 0.06467067450284958
0.0 0.06476803123950958
0.0 0.06477761268615723
0.0 0.06479624658823013
0.0 0.0648190826177597
0.0 0.0648239329457283
0.0 0.0649128407239914
0.0 0.06493443250656128
0.0 0.06497624516487122
0.0 0.06498593091964722
0.0 0.0650278627872467
0.0 0.06512973457574844
0.0 0.06514311581850052
0.0 0.065204918384552
0.0 0.06525994092226028
0.0 0.06536507606506348
0.0 0.06539473682641983
0.0 0.06557482481002808
0.0 0.06559192389249802
0.0 0.0655960813164711
0.0 0.06580507755279541
0.0 0.06584390997886658
0.0 0.06587296724319458
0.0 0.0658772811293602
0.0 0.06606163084506989
0.0 0.06606446951627731
0.0 0.06612370163202286
0.0 0.06634476780891418
0.0 0.06635215133428574
0.0 0.06644909083843231
0.0 0.06650487333536148
0.0 0.06653117388486862
0.0 0.06654772162437439
0.0 0.06689438223838806
0.0 0.0669855922460556
0.0 0.0670614093542099
0.0 0.06708431243896484
0.0 0.06734444200992584
0.0 0.06735449284315109
0.0 0.06752810627222061
0.0 0.067586250603199
0.0 0.06769019365310669
0.0 0.06773355603218079
0.0 0.06774874031543732
0.0 0.06821779906749725
0.0 0.06825578957796097
0.0 0.06828155368566513
0.0 0.06833189725875854
0.0 0.06840723007917404
0.0 0.06844038516283035
0.0 0.06849105656147003
0.0 0.06858484447002411
0.0 0.06865427643060684
0.0 0.06872022151947021
0.0 0.06901475042104721
0.0 0.06920365989208221
0.0 0.06921602040529251
0.0 0.0693708136677742
0.0 0.06956607103347778
0.0 0.06962680071592331
0.0 0.06976937502622604
0.0 0.06979507952928543
0.0 0.07004787772893906
0.0 0.07006552070379257
0.0 0.07016493380069733
0.0 0.0702105239033699
0.0 0.07037750631570816
0.0 0.0705108791589737
0.0 0.0705852285027504
0.0 0.0707421526312828
0.0 0.07074587792158127
0.0 0.07091124355792999
0.0 0.07094946503639221
0.0 0.07098215818405151
0.0 0.07112574577331543
0.0 0.07114571332931519
0.0 0.07115312665700912
0.0 0.07122882455587387
0.0 0.07124254107475281
0.0 0.07124432921409607
0.0 0.07128871232271194
0.0 0.07134317606687546
0.0 0.07135814428329468
0.0 0.07140713185071945
0.0 0.07155460864305496
0.0 0.07158099859952927
0.0 0.07168607413768768
0.0 0.07171257585287094
0.0 0.07190334051847458
0.0 0.0719711035490036
0.0 0.07203823328018188
0.0 0.07206346839666367
0.0 0.07209771126508713
0.0 0.07211977243423462
0.0 0.07235588878393173
0.0 0.07237151265144348
0.0 0.07237683236598969
0.0 0.07249658554792404
0.0 0.07260409742593765
0.0 0.07269416004419327
0.0 0.07290804386138916
0.0 0.07302147150039673
0.0 0.07307291030883789
0.0 0.0731598436832428
0.0 0.07318645715713501
0.0 0.07335925847291946
0.0 0.07336347550153732
0.0 0.07336585223674774
0.0 0.07346980273723602
0.0 0.0735166072845459
0.0 0.07355184108018875
0.0 0.07377468794584274
0.0 0.07385308295488358
0.0 0.0738532766699791
0.0 0.07398106157779694
0.0 0.07402805238962173
0.0 0.07413095235824585
0.0 0.07418301701545715
0.0 0.07418479770421982
0.0 0.07442552596330643
0.0 0.07443749159574509
0.0 0.07460259646177292
0.0 0.07482843846082687
0.0 0.07494386285543442
0.0 0.07499673962593079
0.0 0.07502315193414688
0.0 0.07508055120706558
0.0 0.07509244978427887
0.0 0.07521849125623703
0.0 0.07522034645080566
0.0 0.0752401128411293
0.0 0.07530506700277328
0.0 0.07543929666280746
0.0 0.07557890564203262
0.0 0.07559023052453995
0.0 0.07559262961149216
0.0 0.07576008141040802
0.0 0.07580417394638062
0.0 0.07583121955394745
0.0 0.075935497879982
0.0 0.07596579194068909
0.0 0.07598508894443512
0.0 0.07601344585418701
0.0 0.07616914808750153
0.0 0.076328344643116
0.0 0.07644984871149063
0.0 0.076581209897995
0.0 0.07669235020875931
0.0 0.07677014917135239
0.0 0.07684475928544998
0.0 0.07688523083925247
0.0 0.07701649516820908
0.0 0.07709408551454544
0.0 0.07712876051664352
0.0 0.07728903740644455
0.0 0.07733235508203506
0.0 0.07736214995384216
0.0 0.07737404853105545
0.0 0.07737831026315689
0.0 0.07741185277700424
0.0 0.0775342658162117
0.0 0.07770563662052155
0.0 0.07771238684654236
0.0 0.07779557257890701
0.0 0.07794681191444397
0.0 0.07812745124101639
0.0 0.07816296070814133
0.0 0.07826241105794907
0.0 0.07828265428543091
0.0 0.07832340896129608
0.0 0.07836224138736725
0.0 0.07849656790494919
0.0 0.0785636305809021
0.0 0.0785810798406601
0.0 0.07858716696500778
0.0 0.07889469712972641
0.0 0.07893191277980804
0.0 0.07893772423267365
0.0 0.07906066626310349
0.0 0.0790749192237854
0.0 0.07911806553602219
0.0 0.07915330678224564
0.0 0.0793924555182457
0.0 0.07953035086393356
0.0 0.07960977405309677
0.0 0.07963089644908905
0.0 0.07964048534631729
0.0 0.07976025342941284
0.0 0.0797969400882721
0.0 0.07990627735853195
0.0 0.07990873605012894
0.0 0.07991806417703629
0.0 0.08006809651851654
0.0 0.08011527359485626
0.0 0.08016787469387054
0.0 0.08047283440828323
0.0 0.08050136268138885
0.0 0.08058474212884903
0.0 0.08059712499380112
0.0 0.08063794672489166
0.0 0.08079925924539566
0.0 0.08112697303295135
0.0 0.08114476501941681
0.0 0.08127766102552414
0.0 0.08129482716321945
0.0 0.08129764348268509
0.0 0.08164224028587341
0.0 0.08179410547018051
0.0 0.08180546760559082
0.0 0.08192280679941177
0.0 0.08195088058710098
0.0 0.08204100281000137
0.0 0.08213019371032715
0.0 0.0822930708527565
0.0 0.08236704021692276
0.0 0.08269371837377548
0.0 0.0827065035700798
0.0 0.08285902440547943
0.0 0.08298110961914062
0.0 0.08320696651935577
0.0 0.08321435749530792
0.0 0.08322595059871674
0.0 0.0834442675113678
0.0 0.08345544338226318
0.0 0.08346857875585556
0.0 0.08349298685789108
0.0 0.0835130587220192
0.0 0.0837482213973999
0.0 0.08405470848083496
0.0 0.08419635891914368
0.0 0.08427855372428894
0.0 0.08440733700990677
0.0 0.08444512635469437
0.0 0.08450684696435928
0.0 0.08451207727193832
0.0 0.08457872271537781
0.0 0.08463064581155777
0.0 0.08469239622354507
0.0 0.0847126767039299
0.0 0.0848509892821312
0.0 0.08493451029062271
0.0 0.08517836779356003
0.0 0.08521325141191483
0.0 0.08524069935083389
0.0 0.08534645289182663
0.0 0.08540119230747223
0.0 0.08573118597269058
0.0 0.0857824981212616
0.0 0.08599943667650223
0.0 0.08616554737091064
0.0 0.08631762117147446
0.0 0.08666381984949112
0.0 0.08669102936983109
0.0 0.08692081272602081
0.0 0.0871351808309555
0.0 0.08740922063589096
0.0 0.08751502633094788
0.0 0.0875447541475296
0.0 0.0876559466123581
0.0 0.08767033368349075
0.0 0.08803878724575043
0.0 0.08842582255601883
0.0 0.08877092599868774
0.0 0.08933283388614655
0.0 0.08975359052419662
0.0 0.0897931233048439
0.0 0.08987659960985184
0.0 0.0900554284453392
0.0 0.09011330455541611
0.0 0.09043177217245102
0.0 0.09045649319887161
0.0 0.09052649885416031
0.0 0.09088420122861862
0.0 0.091143399477005
0.0 0.09133660048246384
0.0 0.09200374782085419
0.0 0.09217951446771622
0.0 0.09231818467378616
0.0 0.0923582911491394
0.0 0.09238908439874649
0.0 0.09357472509145737
0.0 0.09403260052204132
0.0 0.09448261559009552
0.0 0.09471748024225235
0.0 0.09476986527442932
0.0 0.09521222114562988
0.0 0.09525339305400848
0.0 0.09541099518537521
0.0 0.09561877697706223
0.0 0.09597110003232956
0.0 0.09827299416065216
0.0 0.09895440936088562
0.0 0.09945915639400482
0.0 0.10133121907711029
0.0 0.10147655010223389
0.0 0.10156393051147461
0.0 0.10195724666118622
0.0 0.10275126993656158
0.0 0.10359689593315125
0.0 0.10426588356494904
0.0 0.10750707983970642
0.0 0.10872502624988556
0.0 0.1103728637099266
0.0 inf
