0.0 0.043370284140110016
0.0 0.0440494604408741
0.0 0.0505240261554718
0.0 0.05055079981684685
0.0 0.05213278904557228
0.0 0.05266571417450905
0.0 0.05279802903532982
0.0 0.052963923662900925
0.0 0.053016722202301025
0.0 0.05350254848599434
0.0 0.053766053169965744
0.0 0.05395269766449928
0.0 0.05409802868962288
0.0 0.0541531927883625
0.0 0.05478104203939438
0.0 0.05490012839436531
0.0 0.054952312260866165
0.0 0.05519428849220276
0.0 0.05525624752044678
0.0 0.05527583509683609
0.0 0.05529386177659035
0.0 0.055362582206726074
0.0 0.05537261441349983
0.0 0.05555958300828934
0.0 0.05557345226407051
0.0 0.055710066109895706
0.0 0.0558929368853569
0.0 0.056090597063302994
0.0 0.056160200387239456
0.0 0.05642717331647873
0.0 0.05644438788294792
0.0 0.05650999769568443
0.0 0.056803200393915176
0.0 0.056826215237379074
0.0 0.05693468824028969
0.0 0.05706639215350151
0.0 0.05744657665491104
0.0 0.05764017999172211
0.0 0.05771239846944809
0.0 0.05774736404418945
0.0 0.05777238309383392
0.0 0.05781364068388939
0.0 0.05791356787085533
0.0 0.05792843922972679
0.0 0.057929351925849915
0.0 0.05794604495167732
0.0 0.05798867344856262
0.0 0.058088891208171844
0.0 0.05810961499810219
0.0 0.05828409641981125
0.0 0.05851612240076065
0.0 0.05852270498871803
0.0 0.058756180107593536
0.0 0.05890979617834091
0.0 0.058957502245903015
0.0 0.058963850140571594
0.0 0.058976639062166214
0.0 0.05948677659034729
0.0 0.059554748237133026
0.0 0.059601474553346634
0.0 0.05961469188332558
0.0 0.059633638709783554
0.0 0.0596432164311409
0.0 0.05973917990922928
0.0 0.059743888676166534
0.0 0.05976665019989014
0.0 0.05994344502687454
0.0 0.059983182698488235
0.0 0.06005647033452988
0.0 0.06009073182940483
0.0 0.06013673543930054
0.0 0.06028136610984802
0.0 0.06033559888601303
0.0 0.06043713539838791
0.0 0.06061629205942154
0.0 0.06061876192688942
0.0 0.06083860620856285
0.0 0.06087742745876312
0.0 0.06098250299692154
0.0 0.061117611825466156
0.0 0.061195008456707
0.0 0.0613764151930809
0.0 0.06142137572169304
0.0 0.06150694191455841
0.0 0.06150952726602554
0.0 0.061554405838251114
0.0 0.06178520992398262
0.0 0.06193385645747185
0.0 0.06196802482008934
0.0 0.06196914240717888
0.0 0.06199832633137703
0.0 0.06203152984380722
0.0 0.0622168704867363
0.0 0.06239716336131096
0.0 0.06259871274232864
0.0 0.06266096234321594
0.0 0.06272048503160477
0.0 0.06273651868104935
0.0 0.06274782866239548
0.0 0.06287337839603424
0.0 0.06301148235797882
0.0 0.06304532289505005
0.0 0.06326982378959656
0.0 0.06327571719884872
0.0 0.0633915513753891
0.0 0.0634135901927948
0.0 0.06353539973497391
0.0 0.0636371374130249
0.0 0.06364528834819794
0.0 0.06384740769863129
0.0 0.06396650522947311
0.0 0.06406115740537643
0.0 0.06422176957130432
0.0 0.06430771201848984
0.0 0.0643610805273056
0.0 0.0645173192024231
0.0 0.06454043090343475
0.0 0.06463368237018585
0.0 0.06464135646820068
0.0 0.06471660733222961
0.0 0.06490122526884079
0.0 0.06490951776504517
0.0 0.06494709104299545
0.0 0.06502260267734528
0.0 0.06503229588270187
0.0 0.06503387540578842
0.0 0.06506436318159103
0.0 0.0652700737118721
0.0 0.06541181355714798
0.0 0.06543973833322525
0.0 0.06550571322441101
0.0 0.06555383652448654
0.0 0.06556668877601624
0.0 0.06578925251960754
0.0 0.06586282700300217
0.0 0.06602586060762405
0.0 0.06607498973608017
0.0 0.06625889986753464
0.0 0.06630212068557739
0.0 0.0663137212395668
0.0 0.06631887704133987
0.0 0.06635122746229172
0.0 0.06664522737264633
0.0 0.0668429359793663
0.0 0.06686044484376907
0.0 0.06708682328462601
0.0 0.06708881258964539
0.0 0.06711582839488983
0.0 0.0671689435839653
0.0 0.06720908731222153
0.0 0.06723065674304962
0.0 0.06723667681217194
0.0 0.0673685222864151
0.0 0.06750914454460144
0.0 0.0675920769572258
0.0 0.0676812157034874
0.0 0.06785906851291656
0.0 0.06788448989391327
0.0 0.06795835494995117
0.0 0.06796447932720184
0.0 0.06808117777109146
0.0 0.06811079382896423
0.0 0.068116195499897
0.0 0.0682925209403038
0.0 0.0683320015668869
0.0 0.06843608617782593
0.0 0.06848088651895523
0.0 0.06850872188806534
0.0 0.06859920918941498
0.0 0.06866858899593353
0.0 0.06874340772628784
0.0 0.06879629194736481
0.0 0.06880704313516617
0.0 0.06887691468000412
0.0 0.06889756768941879
0.0 0.06889861822128296
0.0 0.06900104880332947
0.0 0.06924667209386826
0.0 0.06938685476779938
0.0 0.06947674602270126
0.0 0.06949801743030548
0.0 0.06949910521507263
0.0 0.06952641904354095
0.0 0.06957434117794037
0.0 0.0696105882525444
0.0 0.06964075565338135
0.0 0.0697060227394104
0.0 0.06976955384016037
0.0 0.07011127471923828
0.0 0.07026875764131546
0.0 0.07031625509262085
0.0 0.07033945620059967
0.0 0.07041700929403305
0.0 0.07050224393606186
0.0 0.07063427567481995
0.0 0.07081697881221771
0.0 0.07095692306756973
0.0 0.07097727060317993
0.0 0.07105250656604767
0.0 0.07111357897520065
0.0 0.07113941013813019
0.0 0.07116072624921799
0.0 0.07142071425914764
0.0 0.07146308571100235
0.0 0.07161536067724228
0.0 0.07173915952444077
0.0 0.07197149842977524
0.0 0.07205930352210999
0.0 0.07206231355667114
0.0 0.0724000632762909
0.0 0.07261333614587784
0.0 0.0726906806230545
0.0 0.07299677282571793
0.0 0.07300760596990585
0.0 0.07302702963352203
0.0 0.07302716374397278
0.0 0.073052778840065
0.0 0.07307614386081696
0.0 0.0733189731836319
0.0 0.07337069511413574
0.0 0.07349006831645966
0.0 0.07350793480873108
0.0 0.07355785369873047
0.0 0.07362554967403412
0.0 0.07363059371709824
0.0 0.0737420842051506
0.0 0.07376442104578018
0.0 0.07381473481655121
0.0 0.07399384677410126
0.0 0.07419358938932419
0.0 0.07419388741254807
0.0 0.07422991096973419
0.0 0.07433056831359863
0.0 0.07435860484838486
0.0 0.07441198825836182
0.0 0.07442593574523926
0.0 0.07457450032234192
0.0 0.07464579492807388
0.0 0.07471774518489838
0.0 0.07479184120893478
0.0 0.07484813779592514
0.0 0.0749434307217598
0.0 0.07498054206371307
0.0 0.07505804300308228
0.0 0.07515880465507507
0.0 0.07517378032207489
0.0 0.07533182203769684
0.0 0.07536780834197998
0.0 0.07542768865823746
0.0 0.07543076574802399
0.0 0.07546962052583694
0.0 0.07547111809253693
0.0 0.07562123984098434
0.0 0.07588532567024231
0.0 0.075899638235569
0.0 0.07590566575527191
0.0 0.07591498643159866
0.0 0.07592228055000305
0.0 0.0761324092745781
0.0 0.07641903311014175
0.0 0.07646994292736053
0.0 0.07647208869457245
0.0 0.07663530856370926
0.0 0.07669311761856079
0.0 0.07688306272029877
0.0 0.07694626599550247
0.0 0.07730458676815033
0.0 0.07747749239206314
0.0 0.07764368504285812
0.0 0.07775358110666275
0.0 0.07777569442987442
0.0 0.07796773314476013
0.0 0.07799554616212845
0.0 0.0780072882771492
0.0 0.07803721725940704
0.0 0.07813400030136108
0.0 0.07813906669616699
0.0 0.07815152406692505
0.0 0.07817939668893814
0.0 0.07824784517288208
0.0 0.0784105658531189
0.0 0.07843661308288574
0.0 0.07846935838460922
0.0 0.07858932763338089
0.0 0.07861916720867157
0.0 0.07873201370239258
0.0 0.07905089110136032
0.0 0.07908326387405396
0.0 0.07925309985876083
0.0 0.0792631208896637
0.0 0.07930509746074677
0.0 0.07949381321668625
0.0 0.07954536378383636
0.0 0.07959527522325516
0.0 0.07982443273067474
0.0 0.07986152172088623
0.0 0.07997940480709076
0.0 0.08014894276857376
0.0 0.08029055595397949
0.0 0.08034563064575195
0.0 0.08036739379167557
0.0 0.08059043437242508
0.0 0.08062203973531723
0.0 0.08071400970220566
0.0 0.08085557818412781
0.0 0.08087071776390076
0.0 0.08087830990552902
0.0 0.08095825463533401
0.0 0.08104581385850906
0.0 0.08107567578554153
0.0 0.08108445256948471
0.0 0.08116888254880905
0.0 0.08128451555967331
0.0 0.0815993994474411
0.0 0.08161899447441101
0.0 0.08178555220365524
0.0 0.08195396512746811
0.0 0.08197522908449173
0.0 0.0819883719086647
0.0 0.08219342678785324
0.0 0.08285138010978699
0.0 0.08295542001724243
0.0 0.08312445133924484
0.0 0.08320074528455734
0.0 0.08328815549612045
0.0 0.08352253586053848
0.0 0.08364482969045639
0.0 0.08389052003622055
0.0 0.08391572535037994
0.0 0.08404988795518875
0.0 0.08414521813392639
0.0 0.08415396511554718
0.0 0.08427265286445618
0.0 0.08429639041423798
0.0 0.08440980315208435
0.0 0.08486300706863403
0.0 0.0850304588675499
0.0 0.08517671376466751
0.0 0.08521043509244919
0.0 0.08523056656122208
0.0 0.0852518156170845
0.0 0.08529156446456909
0.0 0.08532223105430603
0.0 0.08545254170894623
0.0 0.08551309257745743
0.0 0.08552069962024689
0.0 0.08555618673563004
0.0 0.08571449667215347
0.0 0.08580136299133301
0.0 0.08583885431289673
0.0 0.08605243265628815
0.0 0.08610307425260544
0.0 0.08646790683269501
0.0 0.0865413248538971
0.0 0.0865538939833641
0.0 0.08672582358121872
0.0 0.08676657825708389
0.0 0.08679090440273285
0.0 0.08692995458841324
0.0 0.08728393167257309
0.0 0.08736544847488403
0.0 0.08739972114562988
0.0 0.08754365891218185
0.0 0.08755068480968475
0.0 0.08767503499984741
0.0 0.0878719910979271
0.0 0.08802670240402222
0.0 0.08808290958404541
0.0 0.08822515606880188
0.0 0.08830467611551285
0.0 0.08831294625997543
0.0 0.08833982795476913
0.0 0.08854861557483673
0.0 0.08855286240577698
0.0 0.0886334702372551
0.0 0.08879687637090683
0.0 0.08881022036075592
0.0 0.08884306252002716
0.0 0.08908970654010773
0.0 0.08933419734239578
0.0 0.08942942321300507
0.0 0.0896078422665596
0.0 0.08967353403568268
0.0 0.08980400115251541
0.0 0.08988205343484879
0.0 0.09010390192270279
0.0 0.09015358984470367
0.0 0.09048008918762207
0.0 0.09055023640394211
0.0 0.09065467119216919
0.0 0.09077887237071991
0.0 0.09116847068071365
0.0 0.0913081169128418
0.0 0.09140552580356598
0.0 0.0916099101305008
0.0 0.09161534160375595
0.0 0.09162745624780655
0.0 0.09173355996608734
0.0 0.09177730977535248
0.0 0.09212678670883179
0.0 0.09219850599765778
0.0 0.09248509258031845
0.0 0.09249868988990784
0.0 0.09274210035800934
0.0 0.09280510991811752
0.0 0.09289237856864929
0.0 0.09294119477272034
0.0 0.09294399619102478
0.0 0.09311147779226303
0.0 0.09312271326780319
0.0 0.09324995428323746
0.0 0.09328821301460266
0.0 0.09332325309515
0.0 0.09365382045507431
0.0 0.0937352180480957
0.0 0.09379959106445312
0.0 0.09450627863407135
0.0 0.09452514350414276
0.0 0.09464573115110397
0.0 0.09467743337154388
0.0 0.09482071548700333
0.0 0.09502384811639786
0.0 0.0951276570558548
0.0 0.09516420215368271
0.0 0.09535074234008789
0.0 0.09538827836513519
0.0 0.09556939452886581
0.0 0.0961131677031517
0.0 0.09619459509849548
0.0 0.0964697003364563
0.0 0.0965530127286911
0.0 0.09665252268314362
0.0 0.09673164039850235
0.0 0.09674087911844254
0.0 0.09691594541072845
0.0 0.09692948311567307
0.0 0.09700678288936615
0.0 0.09705990552902222
0.0 0.09725691378116608
0.0 0.09734702855348587
0.0 0.09752556681632996
0.0 0.09760558605194092
0.0 0.09773576259613037
0.0 0.09810152649879456
0.0 0.09815102815628052
0.0 0.09833157807588577
0.0 0.09907038509845734
0.0 0.09952474385499954
0.0 0.10019342601299286
0.0 0.10020937025547028
0.0 0.10026225447654724
0.0 0.10085171461105347
0.0 0.1013178899884224
0.0 0.10150904208421707
0.0 0.10191605240106583
0.0 0.1021161749958992
0.0 0.10231003165245056
0.0 0.10241669416427612
0.0 0.10248621553182602
0.0 0.10301333665847778
0.0 0.10325904935598373
0.0 0.10334467142820358
0.0 0.10335282981395721
0.0 0.10437097400426865
0.0 0.10438583791255951
0.0 0.10442167520523071
0.0 0.10451560467481613
0.0 0.10460151731967926
0.0 0.10486999154090881
0.0 0.10569155961275101
0.0 0.106276735663414
0.0 0.10631681978702545
0.0 0.10650406777858734
0.0 0.10684769600629807
0.0 0.10691915452480316
0.0 0.10730725526809692
0.0 0.10753799974918365
0.0 0.10829402506351471
0.0 0.11034601181745529
0.0 0.11099834740161896
0.0 0.11108196526765823
0.0 0.11149969696998596
0.0 0.11185892671346664
0.0 0.11349273473024368
0.0 0.11497244238853455
0.0 0.11543656140565872
0.0 0.11680076271295547
0.0 0.11711858212947845
0.0 0.1177964136004448
0.0 0.11789264529943466
0.0 0.11797049641609192
0.0 0.11891763657331467
0.0 0.11920773983001709
0.0 0.11959448456764221
0.0 0.11965887248516083
0.0 0.12125292420387268
0.0 0.12234879285097122
0.0 0.12280288338661194
0.0 0.12466925382614136
0.0 0.12653617560863495
0.0 0.1272435337305069
0.0 0.1275942176580429
0.0 0.12822802364826202
0.0 0.12827908992767334
0.0 0.12889331579208374
0.0 0.1291145235300064
0.0 0.13227038085460663
0.0 0.1349620819091797
0.0 0.13923589885234833
0.0 0.14335253834724426
0.0 0.14565442502498627
0.0 inf
