0.0 0.024399686604738235
0.0 0.025974420830607414
0.0 0.027515117079019547
0.0 0.027655664831399918
0.0 0.027714593335986137
0.0 0.028685541823506355
0.0 0.02873920649290085
0.0 0.028753096237778664
0.0 0.029063722118735313
0.0 0.02941349521279335
0.0 0.029416237026453018
0.0 0.029806438833475113
0.0 0.029877932742238045
0.0 0.03065466322004795
0.0 0.03092842921614647
0.0 0.030973011627793312
0.0 0.031283188611269
0.0 0.031735025346279144
0.0 0.03173531964421272
0.0 0.03209620714187622
0.0 0.032132722437381744
0.0 0.032553210854530334
0.0 0.03255448117852211
0.0 0.03261381760239601
0.0 0.032716237008571625
0.0 0.032758112996816635
0.0 0.03290814161300659
0.0 0.03310765326023102
0.0 0.03314110264182091
0.0 0.03317840024828911
0.0 0.03331021964550018
0.0 0.03349844366312027
0.0 0.03352424129843712
0.0 0.033569496124982834
0.0 0.033614084124565125
0.0 0.03364328667521477
0.0 0.03367365524172783
0.0 0.033679209649562836
0.0 0.03382451832294464
0.0 0.033958401530981064
0.0 0.034035421907901764
0.0 0.03405752032995224
0.0 0.034129902720451355
0.0 0.034369438886642456
0.0 0.03441246598958969
0.0 0.03444654867053032
0.0 0.03475610539317131
0.0 0.03475739061832428
0.0 0.03494435176253319
0.0 0.03500760346651077
0.0 0.03508136793971062
0.0 0.035168200731277466
0.0 0.03518306463956833
0.0 0.035218577831983566
0.0 0.03527076169848442
0.0 0.03535764664411545
0.0 0.03538291156291962
0.0 0.03541375324130058
0.0 0.035469405353069305
0.0 0.03549573943018913
0.0 0.035615164786577225
0.0 0.03566650673747063
0.0 0.03569673374295235
0.0 0.03571676090359688
0.0 0.03572525084018707
0.0 0.035824451595544815
0.0 0.035825736820697784
0.0 0.03589487448334694
0.0 0.03604605048894882
0.0 0.03610020503401756
0.0 0.036134764552116394
0.0 0.03617768734693527
0.0 0.036276306957006454
0.0 0.03630167990922928
0.0 0.036349568516016006
0.0 0.03637415170669556
0.0 0.036374639719724655
0.0 0.03637712821364403
0.0 0.03638012707233429
0.0 0.03641168773174286
0.0 0.03644578531384468
0.0 0.03647799417376518
0.0 0.03651781380176544
0.0 0.036561623215675354
0.0 0.03661520406603813
0.0 0.03663117438554764
0.0 0.03673814237117767
0.0 0.03679299354553223
0.0 0.03684239834547043
0.0 0.03685254976153374
0.0 0.036923766136169434
0.0 0.036941830068826675
0.0 0.037004146724939346
0.0 0.03701390326023102
0.0 0.03706289082765579
0.0 0.037140049040317535
0.0 0.037187959998846054
0.0 0.03720339015126228
0.0 0.03720666840672493
0.0 0.037359509617090225
0.0 0.03747081384062767
0.0 0.03749478608369827
0.0 0.03753180056810379
0.0 0.037538252770900726
0.0 0.03754493594169617
0.0 0.037664011120796204
0.0 0.037665851414203644
0.0 0.037677764892578125
0.0 0.037693001329898834
0.0 0.03770848736166954
0.0 0.03780091181397438
0.0 0.03781205788254738
0.0 0.037968412041664124
0.0 0.037995364516973495
0.0 0.038029130548238754
0.0 0.03806465491652489
0.0 0.038113195449113846
0.0 0.03813241049647331
0.0 0.0382184237241745
0.0 0.03832022845745087
0.0 0.0383528470993042
0.0 0.038367658853530884
0.0 0.03838164359331131
0.0 0.038383666425943375
0.0 0.038400113582611084
0.0 0.03841538354754448
0.0 0.03841846063733101
0.0 0.03847087174654007
0.0 0.03848287835717201
0.0 0.038489703088998795
0.0 0.03854891657829285
0.0 0.03865829482674599
0.0 0.038707029074430466
0.0 0.03871406614780426
0.0 0.03874855116009712
0.0 0.038862038403749466
0.0 0.03887138143181801
0.0 0.0389440655708313
0.0 0.03896576911211014
0.0 0.039016544818878174
0.0 0.03905315697193146
0.0 0.03909393027424812
0.0 0.03911006078124046
0.0 0.039159681648015976
0.0 0.03916899114847183
0.0 0.03918766602873802
0.0 0.03919903561472893
0.0 0.03929583728313446
0.0 0.039300184696912766
0.0 0.03931638225913048
0.0 0.03935347497463226
0.0 0.039480675011873245
0.0 0.039492733776569366
0.0 0.03952200710773468
0.0 0.03955478593707085
0.0 0.03960419073700905
0.0 0.03971187770366669
0.0 0.039742011576890945
0.0 0.03982245549559593
0.0 0.03984232619404793
0.0 0.039850588887929916
0.0 0.03987627103924751
0.0 0.039910949766635895
0.0 0.039941247552633286
0.0 0.039942387491464615
0.0 0.03994808346033096
0.0 0.040003452450037
0.0 0.04003018140792847
0.0 0.04005888104438782
0.0 0.04009256884455681
0.0 0.040159132331609726
0.0 0.04016596078872681
0.0 0.04023369401693344
0.0 0.04024304077029228
0.0 0.04031546041369438
0.0 0.04043116793036461
0.0 0.04046463221311569
0.0 0.04047929868102074
0.0 0.040542952716350555
0.0 0.040564343333244324
0.0 0.040627025067806244
0.0 0.04064811021089554
0.0 0.04068196564912796
0.0 0.04068349301815033
0.0 0.040691573172807693
0.0 0.04069649800658226
0.0 0.04072839021682739
0.0 0.04079839959740639
0.0 0.040858808904886246
0.0 0.040894899517297745
0.0 0.04090933874249458
0.0 0.040913503617048264
0.0 0.04101239889860153
0.0 0.04105454683303833
0.0 0.04110254719853401
0.0 0.041250988841056824
0.0 0.04126324877142906
0.0 0.0412922240793705
0.0 0.04133397713303566
0.0 0.0413418747484684
0.0 0.041355255991220474
0.0 0.041372403502464294
0.0 0.041386306285858154
0.0 0.041411884129047394
0.0 0.04143946245312691
0.0 0.04145749658346176
0.0 0.041571538895368576
0.0 0.041573915630578995
0.0 0.04158143699169159
0.0 0.04162711650133133
0.0 0.04172520712018013
0.0 0.041727419942617416
0.0 0.041749220341444016
0.0 0.041838500648736954
0.0 0.04191577807068825
0.0 0.04196327552199364
0.0 0.04203604534268379
0.0 0.042052462697029114
0.0 0.04205484688282013
0.0 0.042059093713760376
0.0 0.04207717254757881
0.0 0.04214971885085106
0.0 0.04220510274171829
0.0 0.04228590801358223
0.0 0.04230879992246628
0.0 0.04231837019324303
0.0 0.04236218333244324
0.0 0.0424516387283802
0.0 0.042529888451099396
0.0 0.042539652436971664
0.0 0.04259433224797249
0.0 0.0426010824739933
0.0 0.042655427008867264
0.0 0.042693380266427994
0.0 0.042732372879981995
0.0 0.04278166964650154
0.0 0.0428733266890049
0.0 0.0428742915391922
0.0 0.0429060235619545
0.0 0.04294503107666969
0.0 0.04298221319913864
0.0 0.04300260916352272
0.0 0.04300889000296593
0.0 0.043017879128456116
0.0 0.04304187372326851
0.0 0.043054189532995224
0.0 0.04311468452215195
0.0 0.043116722255945206
0.0 0.04311738535761833
0.0 0.04312344640493393
0.0 0.04316139593720436
0.0 0.04316782206296921
0.0 0.04321646690368652
0.0 0.04324938729405403
0.0 0.043251413851976395
0.0 0.0433138832449913
0.0 0.04335809871554375
0.0 0.043382395058870316
0.0 0.04343671724200249
0.0 0.043443936854600906
0.0 0.04345063120126724
0.0 0.04356041178107262
0.0 0.04361091926693916
0.0 0.043632667511701584
0.0 0.043685007840394974
0.0 0.043721068650484085
0.0 0.04375592991709709
0.0 0.04376685991883278
0.0 0.04387122392654419
0.0 0.043946944177150726
0.0 0.0440002903342247
0.0 0.0440182201564312
0.0 0.04406945779919624
0.0 0.04406989365816116
0.0 0.044106625020504
0.0 0.04415351524949074
0.0 0.04415491595864296
0.0 0.04416987672448158
0.0 0.044184159487485886
0.0 0.044282179325819016
0.0 0.0443614237010479
0.0 0.04437278211116791
0.0 0.044470787048339844
0.0 0.04461365565657616
0.0 0.044657547026872635
0.0 0.04465819150209427
0.0 0.04471748322248459
0.0 0.0447651706635952
0.0 0.04479328915476799
0.0 0.044811807572841644
0.0 0.04482625052332878
0.0 0.044830042868852615
0.0 0.04489847645163536
0.0 0.04496196284890175
0.0 0.044963911175727844
0.0 0.044974446296691895
0.0 0.04501865804195404
0.0 0.04506382346153259
0.0 0.045159317553043365
0.0 0.04518556594848633
0.0 0.04524725675582886
0.0 0.045253220945596695
0.0 0.04534351825714111
0.0 0.04553620517253876
0.0 0.04557880386710167
0.0 0.045600470155477524
0.0 0.04569539800286293
0.0 0.04572165012359619
0.0 0.04574126750230789
0.0 0.04574958607554436
0.0 0.04580283910036087
0.0 0.04584875702857971
0.0 0.04585373401641846
0.0 0.04586120322346687
0.0 0.04599083960056305
0.0 0.0460805743932724
0.0 0.04611647501587868
0.0 0.04615787789225578
0.0 0.04616125673055649
0.0 0.046260956674814224
0.0 0.046383559703826904
0.0 0.04639424383640289
0.0 0.046453025192022324
0.0 0.04650212824344635
0.0 0.0466180257499218
0.0 0.04662669077515602
0.0 0.04664871469140053
0.0 0.04668070748448372
0.0 0.04673927649855614
0.0 0.04674629122018814
0.0 0.046761833131313324
0.0 0.04678484797477722
0.0 0.04679573327302933
0.0 0.046796515583992004
0.0 0.046802252531051636
0.0 0.046930648386478424
0.0 0.046947769820690155
0.0 0.047013167291879654
0.0 0.04705695062875748
0.0 0.04709078371524811
0.0 0.047153253108263016
0.0 0.04724666476249695
0.0 0.0473569892346859
0.0 0.04740790277719498
0.0 0.04779814928770065
0.0 0.047912634909152985
0.0 0.047949135303497314
0.0 0.04800667613744736
0.0 0.048044461756944656
0.0 0.04806006699800491
0.0 0.048078861087560654
0.0 0.04818924516439438
0.0 0.04823236167430878
0.0 0.04824896156787872
0.0 0.04833485186100006
0.0 0.048357635736465454
0.0 0.04841393977403641
0.0 0.0484715960919857
0.0 0.04848739504814148
0.0 0.048642195761203766
0.0 0.048669639974832535
0.0 0.04868489131331444
0.0 0.048690132796764374
0.0 0.04880008473992348
0.0 0.048801787197589874
0.0 0.048958469182252884
0.0 0.0489683672785759
0.0 0.04902854934334755
0.0 0.04907715693116188
0.0 0.04918484389781952
0.0 0.049197789281606674
0.0 0.04922415316104889
0.0 0.04927215352654457
0.0 0.04927344620227814
0.0 0.04930107295513153
0.0 0.04942098632454872
0.0 0.04943796619772911
0.0 0.04945709556341171
0.0 0.049499500542879105
0.0 0.049500029534101486
0.0 0.049540191888809204
0.0 0.049558207392692566
0.0 0.049682918936014175
0.0 0.04975604638457298
0.0 0.04979177564382553
0.0 0.04980628937482834
0.0 0.049904320389032364
0.0 0.04993202164769173
0.0 0.050029102712869644
0.0 0.05005211383104324
0.0 0.050085268914699554
0.0 0.050111956894397736
0.0 0.0501154363155365
0.0 0.05027331784367561
0.0 0.05032351613044739
0.0 0.050352297723293304
0.0 0.05046038702130318
0.0 0.050531648099422455
0.0 0.05067628249526024
0.0 0.050785575062036514
0.0 0.05079422891139984
0.0 0.0508338026702404
0.0 0.050946272909641266
0.0 0.050982266664505005
0.0 0.05115991458296776
0.0 0.05116037651896477
0.0 0.05131972208619118
0.0 0.05133923888206482
0.0 0.05142124369740486
0.0 0.051504332572221756
0.0 0.0515112541615963
0.0 0.05160694196820259
0.0 0.05162262171506882
0.0 0.05167117342352867
0.0 0.05174725875258446
0.0 0.05175093561410904
0.0 0.051813192665576935
0.0 0.051824264228343964
0.0 0.05186351388692856
0.0 0.051903996616601944
0.0 0.05195658281445503
0.0 0.05211818218231201
0.0 0.05222584679722786
0.0 0.05232194811105728
0.0 0.05243121087551117
0.0 0.05248056724667549
0.0 0.05249227583408356
0.0 0.05256599187850952
0.0 0.05258665233850479
0.0 0.052744489163160324
0.0 0.05295911431312561
0.0 0.05302552878856659
0.0 0.05320537090301514
0.0 0.053219184279441833
0.0 0.0533885732293129
0.0 0.053542811423540115
0.0 0.05356564372777939
0.0 0.053579073399305344
0.0 0.053677819669246674
0.0 0.053721942007541656
0.0 0.053785540163517
0.0 0.05407873913645744
0.0 0.05414891615509987
0.0 0.05414963886141777
0.0 0.05416418984532356
0.0 0.05417385324835777
0.0 0.054461169987916946
0.0 0.05459313094615936
0.0 0.05498151481151581
0.0 0.05514215677976608
0.0 0.055181991308927536
0.0 0.05520625039935112
0.0 0.055245429277420044
0.0 0.055268075317144394
0.0 0.05546450987458229
0.0 0.05567919462919235
0.0 0.055903539061546326
0.0 0.05596504732966423
0.0 0.056063152849674225
0.0 0.056177131831645966
0.0 0.05622585862874985
0.0 0.0562969371676445
0.0 0.05633394047617912
0.0 0.056428976356983185
0.0 0.05657554417848587
0.0 0.056627191603183746
0.0 0.05663498863577843
0.0 0.05669398233294487
0.0 0.05679360032081604
0.0 0.056805770844221115
0.0 0.05694444850087166
0.0 0.056971557438373566
0.0 0.05712063983082771
0.0 0.05714087933301926
0.0 0.05728187784552574
0.0 0.05747564136981964
0.0 0.05754874646663666
0.0 0.05762127414345741
0.0 0.057686299085617065
0.0 0.05805604159832001
0.0 0.058244142681360245
0.0 0.05850356072187424
0.0 0.05856223776936531
0.0 0.0590159110724926
0.0 0.059384845197200775
0.0 0.05940871313214302
0.0 0.05961380898952484
0.0 0.05978534370660782
0.0 0.05995408445596695
0.0 0.05995435640215874
0.0 0.060672152787446976
0.0 0.06114640086889267
0.0 0.061275631189346313
0.0 0.061954326927661896
0.0 0.06197626143693924
0.0 0.062103550881147385
0.0 0.06215817853808403
0.0 0.062232185155153275
0.0 0.06262668967247009
0.0 0.06288937479257584
0.0 0.06294763833284378
0.0 0.06326954066753387
0.0 0.0643698126077652
0.0 0.06461135298013687
0.0 0.06523105502128601
0.0 0.06547881662845612
0.0 0.065622977912426
0.0 0.06625711917877197
0.0 0.06723105907440186
0.0 0.06926091760396957
0.0 0.07550453394651413
0.0 inf
