0.0 0.03723631799221039
0.0 0.039258889853954315
0.0 0.04362010955810547
0.0 0.04483737051486969
0.0 0.04490853101015091
0.0 0.04514902085065842
0.0 0.04519807547330856
0.0 0.045698560774326324
0.0 0.04580797255039215
0.0 0.0459190271794796
0.0 0.0460047572851181
0.0 0.04639366641640663
0.0 0.04660135135054588
0.0 0.04674426093697548
0.0 0.046758055686950684
0.0 0.046765007078647614
0.0 0.046862389892339706
0.0 0.04686275124549866
0.0 0.04708985611796379
0.0 0.0476502999663353
0.0 0.04766026884317398
0.0 0.0477798655629158
0.0 0.047895051538944244
0.0 0.048008039593696594
0.0 0.04807579144835472
0.0 0.048096176236867905
0.0 0.04822855815291405
0.0 0.0482972152531147
0.0 0.0486445315182209
0.0 0.048667825758457184
0.0 0.0488787442445755
0.0 0.048941198736429214
0.0 0.04934868961572647
0.0 0.04957287758588791
0.0 0.04977511987090111
0.0 0.0499165840446949
0.0 0.04994755610823631
0.0 0.05021105334162712
0.0 0.0502229742705822
0.0 0.0503498874604702
0.0 0.05046086385846138
0.0 0.05050499364733696
0.0 0.05060409754514694
0.0 0.050681449472904205
0.0 0.050732068717479706
0.0 0.05084880068898201
0.0 0.05109694227576256
0.0 0.051148559898138046
0.0 0.051267359405756
0.0 0.05139767751097679
0.0 0.051459793001413345
0.0 0.05154528468847275
0.0 0.05155766010284424
0.0 0.051902253180742264
0.0 0.052426520735025406
0.0 0.052531708031892776
0.0 0.05254756659269333
0.0 0.05260508880019188
0.0 0.05266139656305313
0.0 0.052805908024311066
0.0 0.052819810807704926
0.0 0.05302305892109871
0.0 0.053209513425827026
0.0 0.05332362651824951
0.0 0.05344464257359505
0.0 0.05345607176423073
0.0 0.05355323106050491
0.0 0.05374656245112419
0.0 0.05377272143959999
0.0 0.053852520883083344
0.0 0.05405781418085098
0.0 0.054075200110673904
0.0 0.05420411750674248
0.0 0.054212216287851334
0.0 0.05433563143014908
0.0 0.054547060281038284
0.0 0.05468915030360222
0.0 0.0547136515378952
0.0 0.05471576750278473
0.0 0.05475493520498276
0.0 0.055019259452819824
0.0 0.055084966123104095
0.0 0.05526278540492058
0.0 0.05542812868952751
0.0 0.055447932332754135
0.0 0.05559365451335907
0.0 0.055615056306123734
0.0 0.055629655718803406
0.0 0.05567994341254234
0.0 0.05576581135392189
0.0 0.05587708204984665
0.0 0.055987924337387085
0.0 0.05600683391094208
0.0 0.056155405938625336
0.0 0.05626222491264343
0.0 0.05626239627599716
0.0 0.05634528771042824
0.0 0.05639474466443062
0.0 0.05646093934774399
0.0 0.05682527273893356
0.0 0.056861963123083115
0.0 0.05718891695141792
0.0 0.05728871002793312
0.0 0.0573267824947834
0.0 0.057341691106557846
0.0 0.057393595576286316
0.0 0.057409197092056274
0.0 0.05762521177530289
0.0 0.05767298489809036
0.0 0.057688675820827484
0.0 0.0577196329832077
0.0 0.0577276349067688
0.0 0.05777449533343315
0.0 0.05793459713459015
0.0 0.05796512961387634
0.0 0.058029405772686005
0.0 0.05816458910703659
0.0 0.058294862508773804
0.0 0.058472905308008194
0.0 0.058479636907577515
0.0 0.05859563872218132
0.0 0.058624982833862305
0.0 0.05864911526441574
0.0 0.05887233465909958
0.0 0.05888519436120987
0.0 0.058885764330625534
0.0 0.05888647213578224
0.0 0.05896858125925064
0.0 0.059109192341566086
0.0 0.0591752864420414
0.0 0.0593116320669651
0.0 0.05935202166438103
0.0 0.05938412621617317
0.0 0.05940067768096924
0.0 0.05947447195649147
0.0 0.05959927290678024
0.0 0.05960332602262497
0.0 0.05968812480568886
0.0 0.059747420251369476
0.0 0.05991270765662193
0.0 0.05993321165442467
0.0 0.059935711324214935
0.0 0.05997881293296814
0.0 0.06005188450217247
0.0 0.06014589965343475
0.0 0.060326091945171356
0.0 0.06053254380822182
0.0 0.06053308770060539
0.0 0.06061949580907822
0.0 0.06063060835003853
0.0 0.06065499782562256
0.0 0.06076684966683388
0.0 0.06079849228262901
0.0 0.06099711358547211
0.0 0.06105222553014755
0.0 0.061074886471033096
0.0 0.06113918870687485
0.0 0.0611811988055706
0.0 0.06144727021455765
0.0 0.06156952679157257
0.0 0.06164415925741196
0.0 0.06181441247463226
0.0 0.061937011778354645
0.0 0.06234481558203697
0.0 0.06249348074197769
0.0 0.0626005306839943
0.0 0.06265094876289368
0.0 0.06265532225370407
0.0 0.06270988285541534
0.0 0.06275352090597153
0.0 0.06280839443206787
0.0 0.06285546720027924
0.0 0.06287236511707306
0.0 0.06291667371988297
0.0 0.06308785080909729
0.0 0.06315018981695175
0.0 0.06316379457712173
0.0 0.06320060789585114
0.0 0.06339765340089798
0.0 0.06345175206661224
0.0 0.06355453282594681
0.0 0.06359805911779404
0.0 0.06366469711065292
0.0 0.063701331615448
0.0 0.06380276381969452
0.0 0.06387479603290558
0.0 0.0639684721827507
0.0 0.06397697329521179
0.0 0.06408984214067459
0.0 0.06411917507648468
0.0 0.06436856091022491
0.0 0.06437757611274719
0.0 0.06449027359485626
0.0 0.06454749405384064
0.0 0.06456901133060455
0.0 0.06458498537540436
0.0 0.0646599754691124
0.0 0.06466227024793625
0.0 0.06468454748392105
0.0 0.06478138267993927
0.0 0.0648750439286232
0.0 0.06490472704172134
0.0 0.06500867754220963
0.0 0.06503047794103622
0.0 0.06511527299880981
0.0 0.06518062204122543
0.0 0.06518666446208954
0.0 0.06519436836242676
0.0 0.06546627730131149
0.0 0.06548282504081726
0.0 0.0654953345656395
0.0 0.06551694124937057
0.0 0.06553861498832703
0.0 0.06555967032909393
0.0 0.06557437777519226
0.0 0.065586157143116
0.0 0.06560805439949036
0.0 0.06562741845846176
0.0 0.0658194050192833
0.0 0.0658205971121788
0.0 0.06611905992031097
0.0 0.0661453977227211
0.0 0.06622552126646042
0.0 0.06635414808988571
0.0 0.06637613475322723
0.0 0.06651310622692108
0.0 0.06659870594739914
0.0 0.06682343780994415
0.0 0.06691600382328033
0.0 0.06698605418205261
0.0 0.06720428913831711
0.0 0.06728480011224747
0.0 0.06729114800691605
0.0 0.06741110980510712
0.0 0.06741627305746078
0.0 0.06747063249349594
0.0 0.06749095767736435
0.0 0.06750869750976562
0.0 0.06766645610332489
0.0 0.06772362440824509
0.0 0.06778678297996521
0.0 0.06780838221311569
0.0 0.06784098595380783
0.0 0.06790314614772797
0.0 0.06795439124107361
0.0 0.06801028549671173
0.0 0.06816136091947556
0.0 0.06837082654237747
0.0 0.06840599328279495
0.0 0.0684998407959938
0.0 0.06862519681453705
0.0 0.0686400905251503
0.0 0.0686427503824234
0.0 0.0686713308095932
0.0 0.06868276745080948
0.0 0.06885246187448502
0.0 0.06890423595905304
0.0 0.06895340234041214
0.0 0.06910035759210587
0.0 0.06923553347587585
0.0 0.06924644112586975
0.0 0.06929916143417358
0.0 0.06935647875070572
0.0 0.06941596418619156
0.0 0.06961428374052048
0.0 0.06979308277368546
0.0 0.06991273164749146
0.0 0.06996878981590271
0.0 0.07001990079879761
0.0 0.0700477585196495
0.0 0.07013952732086182
0.0 0.07016073167324066
0.0 0.07019409537315369
0.0 0.0702199712395668
0.0 0.07022636383771896
0.0 0.07026103138923645
0.0 0.07026579231023788
0.0 0.07030250877141953
0.0 0.07031284272670746
0.0 0.07031337916851044
0.0 0.0703803300857544
0.0 0.0705675557255745
0.0 0.07061212509870529
0.0 0.07064798474311829
0.0 0.0708417221903801
0.0 0.07107362896203995
0.0 0.07117552310228348
0.0 0.07151976227760315
0.0 0.07154717296361923
0.0 0.07156915217638016
0.0 0.07163675129413605
0.0 0.07170955836772919
0.0 0.07184562087059021
0.0 0.0718943253159523
0.0 0.07192783057689667
0.0 0.07195567339658737
0.0 0.071958526968956
0.0 0.07202193886041641
0.0 0.0720692053437233
0.0 0.07210109382867813
0.0 0.07218194752931595
0.0 0.07222632318735123
0.0 0.07226929068565369
0.0 0.07231783121824265
0.0 0.0723305195569992
0.0 0.07235365360975266
0.0 0.07236890494823456
0.0 0.07243060320615768
0.0 0.07243648171424866
0.0 0.07245977967977524
0.0 0.07246516644954681
0.0 0.07248944789171219
0.0 0.07251676917076111
0.0 0.07253104448318481
0.0 0.07256204634904861
0.0 0.07264040410518646
0.0 0.0726976990699768
0.0 0.07280749827623367
0.0 0.0729319304227829
0.0 0.07308435440063477
0.0 0.07314589619636536
0.0 0.07322395592927933
0.0 0.0732724592089653
0.0 0.07330690324306488
0.0 0.07333836704492569
0.0 0.07342053204774857
0.0 0.07342691719532013
0.0 0.07346633076667786
0.0 0.0737837478518486
0.0 0.07381857186555862
0.0 0.07384482026100159
0.0 0.07386966049671173
0.0 0.07394823431968689
0.0 0.07404498010873795
0.0 0.07405554503202438
0.0 0.07409071922302246
0.0 0.07417040318250656
0.0 0.0742378905415535
0.0 0.07429128140211105
0.0 0.0745510682463646
0.0 0.07461384683847427
0.0 0.07473141700029373
0.0 0.07486949115991592
0.0 0.07487073540687561
0.0 0.07491066306829453
0.0 0.07506891340017319
0.0 0.07526341825723648
0.0 0.075284942984581
0.0 0.07535223662853241
0.0 0.07540911436080933
0.0 0.0754503384232521
0.0 0.07560740411281586
0.0 0.07564210891723633
0.0 0.07568317651748657
0.0 0.07584963738918304
0.0 0.0760045051574707
0.0 0.07616690546274185
0.0 0.07643743604421616
0.0 0.07644682377576828
0.0 0.0765097513794899
0.0 0.07664711028337479
0.0 0.07673870027065277
0.0 0.07675063610076904
0.0 0.0769238993525505
0.0 0.07718387991189957
0.0 0.0773029699921608
0.0 0.07735707610845566
0.0 0.07736452668905258
0.0 0.07742337137460709
0.0 0.07742971181869507
0.0 0.07754179835319519
0.0 0.07754351198673248
0.0 0.07778377830982208
0.0 0.07793021947145462
0.0 0.07798189669847488
0.0 0.07800103724002838
0.0 0.07808363437652588
0.0 0.07820668816566467
0.0 0.07831303030252457
0.0 0.07867803424596786
0.0 0.07882674783468246
0.0 0.07888087630271912
0.0 0.07913908362388611
0.0 0.07919561117887497
0.0 0.07954871654510498
0.0 0.0798317939043045
0.0 0.0801282599568367
0.0 0.08024068176746368
0.0 0.08052105456590652
0.0 0.0808163434267044
0.0 0.08093336969614029
0.0 0.08097366988658905
0.0 0.08121977001428604
0.0 0.08141972869634628
0.0 0.08145326375961304
0.0 0.08155103772878647
0.0 0.08155754208564758
0.0 0.08157701045274734
0.0 0.08161856979131699
0.0 0.08167853951454163
0.0 0.08168938755989075
0.0 0.08177880197763443
0.0 0.08179859071969986
0.0 0.08194336295127869
0.0 0.08208886533975601
0.0 0.08221785724163055
0.0 0.08236366510391235
0.0 0.08251311630010605
0.0 0.08257994055747986
0.0 0.08275977522134781
0.0 0.08299244195222855
0.0 0.08309133350849152
0.0 0.08311416208744049
0.0 0.08342314511537552
0.0 0.08349443227052689
0.0 0.08360076695680618
0.0 0.08366638422012329
0.0 0.08371171355247498
0.0 0.08378726989030838
0.0 0.08400758355855942
0.0 0.08403608202934265
0.0 0.08406639844179153
0.0 0.08407587558031082
0.0 0.0843091607093811
0.0 0.08503130823373795
0.0 0.08508512377738953
0.0 0.08518072217702866
0.0 0.08523248881101608
0.0 0.0853315144777298
0.0 0.08549126237630844
0.0 0.08552676439285278
0.0 0.08553966134786606
0.0 0.08575506508350372
0.0 0.08580615371465683
0.0 0.08590608090162277
0.0 0.08690135180950165
0.0 0.08696458488702774
0.0 0.08732327818870544
0.0 0.08748011291027069
0.0 0.08782363682985306
0.0 0.0882064625620842
0.0 0.08827397227287292
0.0 0.08853774517774582
0.0 0.08860216289758682
0.0 0.08867697417736053
0.0 0.08912274986505508
0.0 0.08913911879062653
0.0 0.0891495943069458
0.0 0.08938097208738327
0.0 0.08944553881883621
0.0 0.08948008716106415
0.0 0.09017188102006912
0.0 0.09075815975666046
0.0 0.09087328612804413
0.0 0.09117016196250916
0.0 0.09141092002391815
0.0 0.09149765968322754
0.0 0.09150750935077667
0.0 0.09177525341510773
0.0 0.09183497726917267
0.0 0.09212945401668549
0.0 0.0922912210226059
0.0 0.09290807694196701
0.0 0.09292196482419968
0.0 0.09329685568809509
0.0 0.093430295586586
0.0 0.09371815621852875
0.0 0.09473305195569992
0.0 0.0949130654335022
0.0 0.09509651362895966
0.0 0.09527593106031418
0.0 0.09527881443500519
0.0 0.09574902057647705
0.0 0.09581778198480606
0.0 0.09614042192697525
0.0 0.09729969501495361
0.0 0.09751927107572556
0.0 0.0979163646697998
0.0 0.09832115471363068
0.0 0.0984506756067276
0.0 0.09865859150886536
0.0 0.09919058531522751
0.0 0.09931767731904984
0.0 0.09936130046844482
0.0 0.09940692782402039
0.0 0.09953474253416061
0.0 0.0996992364525795
0.0 0.10083404183387756
0.0 0.10130927711725235
0.0 0.1017184853553772
0.0 0.1018400639295578
0.0 0.1020343229174614
0.0 0.10260366648435593
0.0 0.10279686003923416
0.0 0.10317373275756836
0.0 0.10401272028684616
0.0 0.10427451878786087
0.0 0.10477117449045181
0.0 0.10521998256444931
0.0 0.10549591481685638
0.0 0.10600831359624863
0.0 0.11193624883890152
0.0 0.11274128407239914
0.0 0.11406512558460236
0.0 0.11506307870149612
0.0 0.11531724780797958
0.0 0.11533856391906738
0.0 0.11784245818853378
0.0 0.12101414054632187
0.0 0.122661292552948
0.0 0.13815055787563324
0.0 inf
