0.0 0.026795784011483192
0.0 0.027187559753656387
0.0 0.029501212760806084
0.0 0.03091108798980713
0.0 0.03222201392054558
0.0 0.032982371747493744
0.0 0.03385380655527115
0.0 0.034072935581207275
0.0 0.03426485136151314
0.0 0.034770842641592026
0.0 0.03547051548957825
0.0 0.0354994460940361
0.0 0.03549983352422714
0.0 0.03585520014166832
0.0 0.03612108156085014
0.0 0.0361819751560688
0.0 0.03626098483800888
0.0 0.03635344281792641
0.0 0.036533210426568985
0.0 0.03665018826723099
0.0 0.03665827959775925
0.0 0.03670506551861763
0.0 0.03683526813983917
0.0 0.03684856742620468
0.0 0.03696204721927643
0.0 0.03717454895377159
0.0 0.037226080894470215
0.0 0.03722899407148361
0.0 0.037301067262887955
0.0 0.03732817992568016
0.0 0.0376158207654953
0.0 0.03771194443106651
0.0 0.037843987345695496
0.0 0.03789830580353737
0.0 0.03791279345750809
0.0 0.03802470117807388
0.0 0.03809148073196411
0.0 0.03813668340444565
0.0 0.0381937175989151
0.0 0.03828945755958557
0.0 0.038328640162944794
0.0 0.03845170885324478
0.0 0.038682594895362854
0.0 0.038687143474817276
0.0 0.039081890136003494
0.0 0.03921635076403618
0.0 0.03926924243569374
0.0 0.03929852694272995
0.0 0.039298947900533676
0.0 0.039307475090026855
0.0 0.039310310035943985
0.0 0.03931080177426338
0.0 0.039314981549978256
0.0 0.039315834641456604
0.0 0.039384301751852036
0.0 0.03946444392204285
0.0 0.03963307663798332
0.0 0.039698462933301926
0.0 0.039744410663843155
0.0 0.0397496335208416
0.0 0.03982129320502281
0.0 0.04020964726805687
0.0 0.04050728678703308
0.0 0.04071039706468582
0.0 0.0408024862408638
0.0 0.04080631211400032
0.0 0.040831297636032104
0.0 0.04084228351712227
0.0 0.040928516536951065
0.0 0.04098520800471306
0.0 0.04105042293667793
0.0 0.04114167019724846
0.0 0.041221197694540024
0.0 0.041245900094509125
0.0 0.04136180132627487
0.0 0.041389100253582
0.0 0.041436247527599335
0.0 0.04151691123843193
0.0 0.04160267487168312
0.0 0.04164744168519974
0.0 0.041700076311826706
0.0 0.04174122214317322
0.0 0.041896648705005646
0.0 0.04193119332194328
0.0 0.04193999245762825
0.0 0.041983362287282944
0.0 0.04198680445551872
0.0 0.04203817620873451
0.0 0.04204227030277252
0.0 0.04209783673286438
0.0 0.042233821004629135
0.0 0.04238293692469597
0.0 0.04242004081606865
0.0 0.042507901787757874
0.0 0.0425952672958374
0.0 0.042724572122097015
0.0 0.04276014491915703
0.0 0.042789068073034286
0.0 0.04294290766119957
0.0 0.043008510023355484
0.0 0.04303465411067009
0.0 0.0430639423429966
0.0 0.04308363422751427
0.0 0.04317300766706467
0.0 0.043179526925086975
0.0 0.043326012790203094
0.0 0.043349266052246094
0.0 0.04339592531323433
0.0 0.04343438148498535
0.0 0.04355987533926964
0.0 0.043563924729824066
0.0 0.04363403096795082
0.0 0.04365164786577225
0.0 0.043734196573495865
0.0 0.04373994097113609
0.0 0.043983813375234604
0.0 0.04411740228533745
0.0 0.044238243252038956
0.0 0.04430257901549339
0.0 0.04433668777346611
0.0 0.04434388130903244
0.0 0.04437894746661186
0.0 0.044399965554475784
0.0 0.04445492476224899
0.0 0.04446887597441673
0.0 0.04453475400805473
0.0 0.044718187302351
0.0 0.04477665573358536
0.0 0.044801488518714905
0.0 0.04487229138612747
0.0 0.04491047561168671
0.0 0.04494112357497215
0.0 0.04494641721248627
0.0 0.044963233172893524
0.0 0.04504859447479248
0.0 0.045246969908475876
0.0 0.04549552872776985
0.0 0.04553486406803131
0.0 0.045620232820510864
0.0 0.0456402450799942
0.0 0.04572274163365364
0.0 0.04574457183480263
0.0 0.04575781896710396
0.0 0.045815616846084595
0.0 0.04584619030356407
0.0 0.04589187726378441
0.0 0.04606568068265915
0.0 0.04625377804040909
0.0 0.04628584906458855
0.0 0.0462879054248333
0.0 0.04629605636000633
0.0 0.04637732356786728
0.0 0.046382926404476166
0.0 0.04639558121562004
0.0 0.04647244140505791
0.0 0.046479735523462296
0.0 0.04648386314511299
0.0 0.04650282859802246
0.0 0.046586450189352036
0.0 0.046610623598098755
0.0 0.046646859496831894
0.0 0.04665140435099602
0.0 0.046659328043460846
0.0 0.04674689471721649
0.0 0.04676511883735657
0.0 0.04676877334713936
0.0 0.046924542635679245
0.0 0.04694296792149544
0.0 0.0469653382897377
0.0 0.04707145318388939
0.0 0.047107961028814316
0.0 0.04714222252368927
0.0 0.047200895845890045
0.0 0.04722549393773079
0.0 0.0472438782453537
0.0 0.04728192090988159
0.0 0.04739168658852577
0.0 0.0474722720682621
0.0 0.04752325266599655
0.0 0.047543615102767944
0.0 0.04754453897476196
0.0 0.047662705183029175
0.0 0.04768795892596245
0.0 0.047760169953107834
0.0 0.0477868877351284
0.0 0.0478433258831501
0.0 0.04787370190024376
0.0 0.047901641577482224
0.0 0.04791807383298874
0.0 0.047918424010276794
0.0 0.04809137061238289
0.0 0.04821867495775223
0.0 0.04830600321292877
0.0 0.04833929240703583
0.0 0.048419106751680374
0.0 0.04845806956291199
0.0 0.04859798774123192
0.0 0.04860197752714157
0.0 0.04861060902476311
0.0 0.04869280755519867
0.0 0.04871828854084015
0.0 0.04872921481728554
0.0 0.04876632243394852
0.0 0.04877147078514099
0.0 0.04885604977607727
0.0 0.04892921447753906
0.0 0.04902854189276695
0.0 0.049214307218790054
0.0 0.0492292158305645
0.0 0.04931159317493439
0.0 0.049331389367580414
0.0 0.0493946373462677
0.0 0.04942928999662399
0.0 0.04964252933859825
0.0 0.049726452678442
0.0 0.04992537945508957
0.0 0.04995925351977348
0.0 0.04998445883393288
0.0 0.0500057078897953
0.0 0.050075091421604156
0.0 0.050144296139478683
0.0 0.05022549256682396
0.0 0.05026385188102722
0.0 0.050336919724941254
0.0 0.05036872997879982
0.0 0.05042966455221176
0.0 0.05046705901622772
0.0 0.05048346891999245
0.0 0.050599560141563416
0.0 0.050603412091732025
0.0 0.05060580372810364
0.0 0.050620876252651215
0.0 0.05072317272424698
0.0 0.05086095258593559
0.0 0.051040034741163254
0.0 0.05104080215096474
0.0 0.05122404918074608
0.0 0.05125816911458969
0.0 0.051267027854919434
0.0 0.05136668682098389
0.0 0.05141333118081093
0.0 0.051433585584163666
0.0 0.051562923938035965
0.0 0.05156971514225006
0.0 0.05161468684673309
0.0 0.05161838233470917
0.0 0.05171332135796547
0.0 0.0517781525850296
0.0 0.05183370038866997
0.0 0.05183820798993111
0.0 0.05191870406270027
0.0 0.051953792572021484
0.0 0.05196700245141983
0.0 0.051969125866889954
0.0 0.05197962000966072
0.0 0.052002690732479095
0.0 0.052014660090208054
0.0 0.05202801898121834
0.0 0.052157118916511536
0.0 0.052169982343912125
0.0 0.052216093987226486
0.0 0.05242206156253815
0.0 0.052692100405693054
0.0 0.05273452401161194
0.0 0.05287382751703262
0.0 0.05289032682776451
0.0 0.05297809839248657
0.0 0.05298978462815285
0.0 0.053041134029626846
0.0 0.05312849581241608
0.0 0.0532059445977211
0.0 0.05324554443359375
0.0 0.05367722734808922
0.0 0.05371614545583725
0.0 0.053865280002355576
0.0 0.053891971707344055
0.0 0.054013099521398544
0.0 0.05409467965364456
0.0 0.05411379411816597
0.0 0.05416037514805794
0.0 0.05417362228035927
0.0 0.054259005934000015
0.0 0.0542592890560627
0.0 0.05426674336194992
0.0 0.05437808483839035
0.0 0.05439053848385811
0.0 0.054460059851408005
0.0 0.05448184534907341
0.0 0.054542869329452515
0.0 0.054603513330221176
0.0 0.0546635240316391
0.0 0.05470023676753044
0.0 0.054775457829236984
0.0 0.054787833243608475
0.0 0.054928574711084366
0.0 0.054949499666690826
0.0 0.054977115243673325
0.0 0.055251918733119965
0.0 0.05527770146727562
0.0 0.05535155162215233
0.0 0.05545060336589813
0.0 0.05554332211613655
0.0 0.05566258355975151
0.0 0.055685047060251236
0.0 0.05572325736284256
0.0 0.05580248311161995
0.0 0.05586213991045952
0.0 0.05587727949023247
0.0 0.05591623857617378
0.0 0.05601714551448822
0.0 0.05614664405584335
0.0 0.05628207325935364
0.0 0.05653158947825432
0.0 0.05665554851293564
0.0 0.05674565210938454
0.0 0.056823015213012695
0.0 0.056833747774362564
0.0 0.05686306580901146
0.0 0.056907203048467636
0.0 0.056989628821611404
0.0 0.05701838433742523
0.0 0.05703655257821083
0.0 0.057219430804252625
0.0 0.057246651500463486
0.0 0.057366203516721725
0.0 0.05743829905986786
0.0 0.05758674442768097
0.0 0.05773600935935974
0.0 0.05779914930462837
0.0 0.057808101177215576
0.0 0.05781879276037216
0.0 0.05794110521674156
0.0 0.057954221963882446
0.0 0.05805862694978714
0.0 0.058058932423591614
0.0 0.058076247572898865
0.0 0.05807704105973244
0.0 0.0580831840634346
0.0 0.05845177546143532
0.0 0.05859803408384323
0.0 0.05861682444810867
0.0 0.058631863445043564
0.0 0.05864103510975838
0.0 0.05870158225297928
0.0 0.058845605701208115
0.0 0.058875154703855515
0.0 0.05922998487949371
0.0 0.05931013077497482
0.0 0.059443242847919464
0.0 0.05966488644480705
0.0 0.05986396223306656
0.0 0.0600150004029274
0.0 0.060137491673231125
0.0 0.06025701016187668
0.0 0.06027922034263611
0.0 0.06034861132502556
0.0 0.06036444753408432
0.0 0.06040358543395996
0.0 0.060649022459983826
0.0 0.060913801193237305
0.0 0.061033472418785095
0.0 0.061036452651023865
0.0 0.061069175601005554
0.0 0.061073001474142075
0.0 0.061258066445589066
0.0 0.061307698488235474
0.0 0.06135419011116028
0.0 0.06136156618595123
0.0 0.06140575557947159
0.0 0.06149030104279518
0.0 0.0617222860455513
0.0 0.06183386221528053
0.0 0.061863888055086136
0.0 0.06195055693387985
0.0 0.0619572214782238
0.0 0.062234897166490555
0.0 0.06225050985813141
0.0 0.06229383498430252
0.0 0.06232186034321785
0.0 0.06248292326927185
0.0 0.06258048862218857
0.0 0.06278985738754272
0.0 0.06285668909549713
0.0 0.06293939054012299
0.0 0.06294264644384384
0.0 0.06306000053882599
0.0 0.06317286938428879
0.0 0.06336741894483566
0.0 0.06338497996330261
0.0 0.06351150572299957
0.0 0.06375852972269058
0.0 0.06383314728736877
0.0 0.06388583034276962
0.0 0.06388895213603973
0.0 0.06407492607831955
0.0 0.06418521702289581
0.0 0.06423178315162659
0.0 0.06429857760667801
0.0 0.06431983411312103
0.0 0.06432845443487167
0.0 0.06447212398052216
0.0 0.06477812677621841
0.0 0.06480575352907181
0.0 0.06484277546405792
0.0 0.06491483747959137
0.0 0.06496767699718475
0.0 0.06538094580173492
0.0 0.06542257219552994
0.0 0.0655839815735817
0.0 0.06572490185499191
0.0 0.06596112996339798
0.0 0.06616682559251785
0.0 0.06630951911211014
0.0 0.06632798910140991
0.0 0.06635961681604385
0.0 0.06660214066505432
0.0 0.06670356541872025
0.0 0.06671106815338135
0.0 0.06674261391162872
0.0 0.06694203615188599
0.0 0.06710626929998398
0.0 0.06711938232183456
0.0 0.06717947125434875
0.0 0.06718040257692337
0.0 0.06718099117279053
0.0 0.06724070012569427
0.0 0.06728412955999374
0.0 0.06730049103498459
0.0 0.06745792925357819
0.0 0.06753065437078476
0.0 0.06777405738830566
0.0 0.06791900098323822
0.0 0.06807264685630798
0.0 0.06812276691198349
0.0 0.06825124472379684
0.0 0.06844953447580338
0.0 0.06850972771644592
0.0 0.06871706992387772
0.0 0.06879872828722
0.0 0.06882412731647491
0.0 0.06883293390274048
0.0 0.06894083321094513
0.0 0.06894810497760773
0.0 0.06925823539495468
0.0 0.06933750212192535
0.0 0.06938868016004562
0.0 0.06986816227436066
0.0 0.07034388929605484
0.0 0.070359006524086
0.0 0.07036174833774567
0.0 0.07078257948160172
0.0 0.07096639275550842
0.0 0.07100071758031845
0.0 0.07101784646511078
0.0 0.07147043198347092
0.0 0.07150521129369736
0.0 0.0715796947479248
0.0 0.07176387310028076
0.0 0.07177624106407166
0.0 0.07179749757051468
0.0 0.07189437747001648
0.0 0.07200239598751068
0.0 0.0720711499452591
0.0 0.07228754460811615
0.0 0.07249695807695389
0.0 0.07254631072282791
0.0 0.07257133722305298
0.0 0.07282864302396774
0.0 0.07347555458545685
0.0 0.07354298233985901
0.0 0.07360846549272537
0.0 0.07365137338638306
0.0 0.07376439869403839
0.0 0.07385598123073578
0.0 0.07394906133413315
0.0 0.07422594726085663
0.0 0.0742555633187294
0.0 0.07428374141454697
0.0 0.07432091981172562
0.0 0.07435391843318939
0.0 0.07482735067605972
0.0 0.07503987848758698
0.0 0.07507830858230591
0.0 0.07509313523769379
0.0 0.07557645440101624
0.0 0.07564447820186615
0.0 0.07578116655349731
0.0 0.0759352445602417
0.0 0.07673613727092743
0.0 0.07698192447423935
0.0 0.07707956433296204
0.0 0.07747466117143631
0.0 0.07806427776813507
0.0 0.07855422049760818
0.0 0.07864264398813248
0.0 0.07932350039482117
0.0 0.08102813363075256
0.0 0.08105441182851791
0.0 0.08113908022642136
0.0 0.08132772147655487
0.0 0.08134572952985764
0.0 0.08266240358352661
0.0 0.08795581012964249
0.0 0.09040006250143051
0.0 0.0910506546497345
0.0 0.09152546525001526
0.0 0.0940348356962204
0.0 0.0948299989104271
0.0 0.09644286334514618
0.0 0.10084221512079239
0.0 0.10411988943815231
0.0 inf
