0.0 0.04096337407827377
0.0 0.042330387979745865
0.0 0.04449012503027916
0.0 0.04575284197926521
0.0 0.04609579220414162
0.0 0.04714202135801315
0.0 0.04725848138332367
0.0 0.04730893671512604
0.0 0.048088256269693375
0.0 0.048368796706199646
0.0 0.04849642142653465
0.0 0.04958701878786087
0.0 0.05029977858066559
0.0 0.050323184579610825
0.0 0.05043676868081093
0.0 0.05065677687525749
0.0 0.050683774054050446
0.0 0.05074900761246681
0.0 0.05079357698559761
0.0 0.05090039223432541
0.0 0.05090923607349396
0.0 0.05111819505691528
0.0 0.051255274564027786
0.0 0.05130310356616974
0.0 0.05147048085927963
0.0 0.051548223942518234
0.0 0.05156462639570236
0.0 0.05190034583210945
0.0 0.05195952579379082
0.0 0.052048638463020325
0.0 0.05205795168876648
0.0 0.05209639295935631
0.0 0.05274003744125366
0.0 0.05296941474080086
0.0 0.05313042178750038
0.0 0.053264129906892776
0.0 0.05336710438132286
0.0 0.05357624590396881
0.0 0.053603947162628174
0.0 0.05379417538642883
0.0 0.05406041443347931
0.0 0.05414571240544319
0.0 0.05426420643925667
0.0 0.05446400120854378
0.0 0.05479443445801735
0.0 0.05500607192516327
0.0 0.0551900640130043
0.0 0.055342886596918106
0.0 0.05564726144075394
0.0 0.056077130138874054
0.0 0.05608654394745827
0.0 0.05622998997569084
0.0 0.05636676028370857
0.0 0.056463878601789474
0.0 0.05649774149060249
0.0 0.05680586025118828
0.0 0.05694935470819473
0.0 0.05700244754552841
0.0 0.05701856315135956
0.0 0.05751728639006615
0.0 0.05771182104945183
0.0 0.05774206295609474
0.0 0.0578308030962944
0.0 0.05785423889756203
0.0 0.05791569501161575
0.0 0.05793663114309311
0.0 0.057941220700740814
0.0 0.05804967135190964
0.0 0.058114856481552124
0.0 0.05826586112380028
0.0 0.05832194164395332
0.0 0.058331068605184555
0.0 0.058347299695014954
0.0 0.05839079990983009
0.0 0.05840836092829704
0.0 0.05852653458714485
0.0 0.05871402844786644
0.0 0.058842919766902924
0.0 0.05898546054959297
0.0 0.05898558348417282
0.0 0.059025924652814865
0.0 0.059030402451753616
0.0 0.059161510318517685
0.0 0.05919964611530304
0.0 0.05920819565653801
0.0 0.05921497568488121
0.0 0.05923023819923401
0.0 0.05928570777177811
0.0 0.059289172291755676
0.0 0.059365976601839066
0.0 0.059458572417497635
0.0 0.05952896922826767
0.0 0.059609122574329376
0.0 0.05974442884325981
0.0 0.059814728796482086
0.0 0.05984607711434364
0.0 0.05985647067427635
0.0 0.060036201030015945
0.0 0.06040983647108078
0.0 0.06053663790225983
0.0 0.060620229691267014
0.0 0.060667891055345535
0.0 0.060801878571510315
0.0 0.060890745371580124
0.0 0.060940131545066833
0.0 0.061274610459804535
0.0 0.06136245280504227
0.0 0.06146612763404846
0.0 0.061476126313209534
0.0 0.061491526663303375
0.0 0.061902955174446106
0.0 0.06195463612675667
0.0 0.062013931572437286
0.0 0.06204059347510338
0.0 0.06231152266263962
0.0 0.06240321323275566
0.0 0.06242193654179573
0.0 0.06247813627123833
0.0 0.062492191791534424
0.0 0.06252726167440414
0.0 0.06253717094659805
0.0 0.06254865229129791
0.0 0.06257384270429611
0.0 0.0626317486166954
0.0 0.06264026463031769
0.0 0.06272481381893158
0.0 0.062801294028759
0.0 0.06280314177274704
0.0 0.06282324343919754
0.0 0.06289414316415787
0.0 0.06296630948781967
0.0 0.06297674775123596
0.0 0.0630408301949501
0.0 0.06314975023269653
0.0 0.06316926330327988
0.0 0.06319613009691238
0.0 0.06322861462831497
0.0 0.0632627010345459
0.0 0.06329351663589478
0.0 0.06342502683401108
0.0 0.06344529241323471
0.0 0.06357032805681229
0.0 0.06361737847328186
0.0 0.06362313777208328
0.0 0.0636785700917244
0.0 0.06377711147069931
0.0 0.06379862874746323
0.0 0.0638047382235527
0.0 0.06395433843135834
0.0 0.06397223472595215
0.0 0.06410010159015656
0.0 0.06418531388044357
0.0 0.06441976130008698
0.0 0.06444326043128967
0.0 0.06455177068710327
0.0 0.06459333747625351
0.0 0.06467928737401962
0.0 0.06491883099079132
0.0 0.0649237334728241
0.0 0.06495607644319534
0.0 0.0650695264339447
0.0 0.06510035693645477
0.0 0.06520390510559082
0.0 0.06520485132932663
0.0 0.0652957335114479
0.0 0.06533273309469223
0.0 0.06534780561923981
0.0 0.0653594508767128
0.0 0.0653916746377945
0.0 0.06542713940143585
0.0 0.06547422707080841
0.0 0.06558949500322342
0.0 0.06565210223197937
0.0 0.06567449867725372
0.0 0.06567525118589401
0.0 0.06568246334791183
0.0 0.06570985913276672
0.0 0.06607955694198608
0.0 0.06619066745042801
0.0 0.06625248491764069
0.0 0.06637856364250183
0.0 0.06646447628736496
0.0 0.06657757610082626
0.0 0.0666130930185318
0.0 0.06664128601551056
0.0 0.06666380167007446
0.0 0.06676185876131058
0.0 0.06677671521902084
0.0 0.06688164174556732
0.0 0.06688814610242844
0.0 0.06691889464855194
0.0 0.0669611468911171
0.0 0.06700298190116882
0.0 0.0671221911907196
0.0 0.06718788295984268
0.0 0.06728952378034592
0.0 0.06730182468891144
0.0 0.06738198548555374
0.0 0.06745517998933792
0.0 0.0675605908036232
0.0 0.0675654411315918
0.0 0.06764140725135803
0.0 0.0676659420132637
0.0 0.06769236922264099
0.0 0.06772592663764954
0.0 0.06773462891578674
0.0 0.06774816662073135
0.0 0.06775913387537003
0.0 0.06785497069358826
0.0 0.06797759979963303
0.0 0.06807500869035721
0.0 0.0681876689195633
0.0 0.06836593896150589
0.0 0.06860002875328064
0.0 0.06883544474840164
0.0 0.06887774914503098
0.0 0.06891345977783203
0.0 0.06901606172323227
0.0 0.069058358669281
0.0 0.06910552829504013
0.0 0.06925035268068314
0.0 0.06937699764966965
0.0 0.06951523572206497
0.0 0.06968095898628235
0.0 0.06969011574983597
0.0 0.06980924308300018
0.0 0.0700906440615654
0.0 0.07012838125228882
0.0 0.07022852450609207
0.0 0.07047668099403381
0.0 0.07050052285194397
0.0 0.0705411359667778
0.0 0.07058387994766235
0.0 0.0706804171204567
0.0 0.07075855880975723
0.0 0.07078046351671219
0.0 0.0708906352519989
0.0 0.07090236991643906
0.0 0.07100862264633179
0.0 0.0712120532989502
0.0 0.07127705216407776
0.0 0.07146372646093369
0.0 0.07158269733190536
0.0 0.07163529098033905
0.0 0.07187891751527786
0.0 0.0720018669962883
0.0 0.07203686237335205
0.0 0.07205551117658615
0.0 0.07208122313022614
0.0 0.07208597660064697
0.0 0.07213679701089859
0.0 0.07222869992256165
0.0 0.07228199392557144
0.0 0.07230349630117416
0.0 0.07241395860910416
0.0 0.07246574014425278
0.0 0.07248406112194061
0.0 0.07257553935050964
0.0 0.07258428633213043
0.0 0.07262005656957626
0.0 0.07263857871294022
0.0 0.07267192751169205
0.0 0.07275557518005371
0.0 0.07285826653242111
0.0 0.07290409505367279
0.0 0.07291580736637115
0.0 0.0732279121875763
0.0 0.07330344617366791
0.0 0.07331930845975876
0.0 0.07332206517457962
0.0 0.0733431801199913
0.0 0.07354913651943207
0.0 0.07357718795537949
0.0 0.07362114638090134
0.0 0.07364294677972794
0.0 0.07367658615112305
0.0 0.07388044148683548
0.0 0.07390683889389038
0.0 0.07403089851140976
0.0 0.07418904453516006
0.0 0.07419303804636002
0.0 0.07426873594522476
0.0 0.07435811311006546
0.0 0.07450269907712936
0.0 0.07455696165561676
0.0 0.07457026094198227
0.0 0.07469742000102997
0.0 0.07474785298109055
0.0 0.07478073239326477
0.0 0.0748414471745491
0.0 0.07518449425697327
0.0 0.07519536465406418
0.0 0.07524210214614868
0.0 0.07573659718036652
0.0 0.07576318085193634
0.0 0.07588071376085281
0.0 0.0759216696023941
0.0 0.0761093869805336
0.0 0.07627320289611816
0.0 0.07629460096359253
0.0 0.07630908489227295
0.0 0.07647322863340378
0.0 0.07655361294746399
0.0 0.07688629627227783
0.0 0.07701984792947769
0.0 0.07707580924034119
0.0 0.07713858783245087
0.0 0.07730939984321594
0.0 0.07731284201145172
0.0 0.07741214334964752
0.0 0.07754691690206528
0.0 0.07757259160280228
0.0 0.07771466672420502
0.0 0.0778001919388771
0.0 0.07788792997598648
0.0 0.07796679437160492
0.0 0.07803524285554886
0.0 0.07811424881219864
0.0 0.07830532640218735
0.0 0.07832807302474976
0.0 0.0787629634141922
0.0 0.07914303988218307
0.0 0.0793803259730339
0.0 0.07950546592473984
0.0 0.07987654209136963
0.0 0.07990618795156479
0.0 0.08000702410936356
0.0 0.08021103590726852
0.0 0.08041424304246902
0.0 0.08067232370376587
0.0 0.08081123977899551
0.0 0.08095228672027588
0.0 0.08098602294921875
0.0 0.0811079740524292
0.0 0.08125507831573486
0.0 0.08126186579465866
0.0 0.08130048960447311
0.0 0.08135919272899628
0.0 0.08138039708137512
0.0 0.08140353858470917
0.0 0.0814690887928009
0.0 0.08153305947780609
0.0 0.08159878849983215
0.0 0.08166187256574631
0.0 0.08170853555202484
0.0 0.08173321932554245
0.0 0.08199115097522736
0.0 0.08203957974910736
0.0 0.08204115927219391
0.0 0.08236239850521088
0.0 0.08239893615245819
0.0 0.08259625732898712
0.0 0.08280564844608307
0.0 0.08334197103977203
0.0 0.08356370776891708
0.0 0.08389412611722946
0.0 0.0840369388461113
0.0 0.08409057557582855
0.0 0.08416454493999481
0.0 0.08425214886665344
0.0 0.08429253101348877
0.0 0.08441070467233658
0.0 0.08448296040296555
0.0 0.08468329906463623
0.0 0.08479674905538559
0.0 0.08482427895069122
0.0 0.08490662276744843
0.0 0.08492501080036163
0.0 0.08492550253868103
0.0 0.08497445285320282
0.0 0.08509918302297592
0.0 0.08527185022830963
0.0 0.08556567132472992
0.0 0.08563677966594696
0.0 0.08584485203027725
0.0 0.0860016867518425
0.0 0.08615459501743317
0.0 0.08657354861497879
0.0 0.08669856935739517
0.0 0.08677203208208084
0.0 0.08677549660205841
0.0 0.08715717494487762
0.0 0.08737510442733765
0.0 0.08752574026584625
0.0 0.08753509819507599
0.0 0.08756725490093231
0.0 0.08775022625923157
0.0 0.08796285092830658
0.0 0.08808249980211258
0.0 0.08826065808534622
0.0 0.08829819411039352
0.0 0.08831416070461273
0.0 0.08834171295166016
0.0 0.0886148065328598
0.0 0.0888720154762268
0.0 0.08942226320505142
0.0 0.08944246172904968
0.0 0.08963622152805328
0.0 0.08981277048587799
0.0 0.0898372232913971
0.0 0.09001240134239197
0.0 0.0900924950838089
0.0 0.0902857705950737
0.0 0.09037074446678162
0.0 0.09037936478853226
0.0 0.09038739651441574
0.0 0.09060423076152802
0.0 0.09063992649316788
0.0 0.0907287448644638
0.0 0.09081586450338364
0.0 0.09091846644878387
0.0 0.09144602715969086
0.0 0.09150578081607819
0.0 0.09171885997056961
0.0 0.09193111956119537
0.0 0.09210649132728577
0.0 0.09231854975223541
0.0 0.09232804924249649
0.0 0.09240981191396713
0.0 0.09244939684867859
0.0 0.09255094826221466
0.0 0.09265848249197006
0.0 0.09268591552972794
0.0 0.09302694350481033
0.0 0.09320433437824249
0.0 0.09321203827857971
0.0 0.09368638694286346
0.0 0.09381171315908432
0.0 0.09384343028068542
0.0 0.09389819204807281
0.0 0.09394224733114243
0.0 0.09395217895507812
0.0 0.0940111055970192
0.0 0.09429138153791428
0.0 0.094361312687397
0.0 0.09437477588653564
0.0 0.09447173029184341
0.0 0.09472421556711197
0.0 0.09498132765293121
0.0 0.09503363817930222
0.0 0.09505576640367508
0.0 0.09530588984489441
0.0 0.09543217718601227
0.0 0.09567855298519135
0.0 0.09576766192913055
0.0 0.09598002582788467
0.0 0.09602119028568268
0.0 0.09617233276367188
0.0 0.09617450088262558
0.0 0.09632169455289841
0.0 0.09642130136489868
0.0 0.09659016877412796
0.0 0.09681804478168488
0.0 0.09699663519859314
0.0 0.09733007103204727
0.0 0.09774496406316757
0.0 0.09774985164403915
0.0 0.0979035496711731
0.0 0.0980905070900917
0.0 0.09828653186559677
0.0 0.09829673171043396
0.0 0.09877713769674301
0.0 0.09878910332918167
0.0 0.09938249737024307
0.0 0.09939593076705933
0.0 0.09960087388753891
0.0 0.10017504543066025
0.0 0.10027743130922318
0.0 0.10028748214244843
0.0 0.10154858976602554
0.0 0.10208244621753693
0.0 0.10208644717931747
0.0 0.10222269594669342
0.0 0.10395165532827377
0.0 0.10425115376710892
0.0 0.10428428649902344
0.0 0.10506408661603928
0.0 0.10575060546398163
0.0 0.10593986511230469
0.0 0.10701260715723038
0.0 0.10706087946891785
0.0 0.10732414573431015
0.0 0.10916285216808319
0.0 0.10932902991771698
0.0 0.10945288836956024
0.0 0.10984283685684204
0.0 0.10997749119997025
0.0 0.11090495437383652
0.0 0.11132023483514786
0.0 0.11139950156211853
0.0 0.11191451549530029
0.0 0.11205089837312698
0.0 0.1128024160861969
0.0 0.11418034136295319
0.0 0.11471471935510635
0.0 0.11691776663064957
0.0 0.11739154905080795
0.0 0.11955039203166962
0.0 0.11969465017318726
0.0 0.11985625326633453
0.0 0.12000132352113724
0.0 0.12086068093776703
0.0 0.12122628092765808
0.0 0.1246711015701294
0.0 0.12476182729005814
0.0 0.12570220232009888
0.0 0.125996932387352
0.0 0.12765292823314667
0.0 0.1279372274875641
0.0 0.12962917983531952
0.0 0.13589604198932648
0.0 inf
