0.0 0.014649122953414917
0.0 0.015213804319500923
0.0 0.016580775380134583
0.0 0.01692887209355831
0.0 0.01702737994492054
0.0 0.017123179510235786
0.0 0.01713705249130726
0.0 0.017268333584070206
0.0 0.01736060343682766
0.0 0.017445899546146393
0.0 0.017527351155877113
0.0 0.017669448629021645
0.0 0.01786007545888424
0.0 0.018074335530400276
0.0 0.018074853345751762
0.0 0.018136683851480484
0.0 0.018170030787587166
0.0 0.018213223665952682
0.0 0.01822574809193611
0.0 0.018253087997436523
0.0 0.018302904441952705
0.0 0.01839158870279789
0.0 0.018456589430570602
0.0 0.01849442720413208
0.0 0.018499936908483505
0.0 0.0187339186668396
0.0 0.018796956166625023
0.0 0.018819278106093407
0.0 0.018907424062490463
0.0 0.018967723473906517
0.0 0.0189936812967062
0.0 0.01902834139764309
0.0 0.019127588719129562
0.0 0.01914658397436142
0.0 0.019159987568855286
0.0 0.019168363884091377
0.0 0.01922130584716797
0.0 0.019221730530261993
0.0 0.01924261637032032
0.0 0.0193390604108572
0.0 0.019349683076143265
0.0 0.01935453899204731
0.0 0.019362039864063263
0.0 0.019368216395378113
0.0 0.019450539723038673
0.0 0.019550900906324387
0.0 0.019569657742977142
0.0 0.019576946273446083
0.0 0.019620824605226517
0.0 0.01971162110567093
0.0 0.019825298339128494
0.0 0.01985372230410576
0.0 0.019861320033669472
0.0 0.020013215020298958
0.0 0.02011037990450859
0.0 0.02017241343855858
0.0 0.02017402835190296
0.0 0.020185360684990883
0.0 0.020209066569805145
0.0 0.02023358829319477
0.0 0.020238732919096947
0.0 0.020353704690933228
0.0 0.020394807681441307
0.0 0.020420460030436516
0.0 0.020469803363084793
0.0 0.020476406440138817
0.0 0.02050437033176422
0.0 0.0205510463565588
0.0 0.020646970719099045
0.0 0.020680682733654976
0.0 0.020712347701191902
0.0 0.020721979439258575
0.0 0.020727237686514854
0.0 0.020776288583874702
0.0 0.020837850868701935
0.0 0.020883142948150635
0.0 0.020894452929496765
0.0 0.020922472700476646
0.0 0.020929651334881783
0.0 0.020971136167645454
0.0 0.0210095401853323
0.0 0.021038658916950226
0.0 0.021103370934724808
0.0 0.021108044311404228
0.0 0.021108070388436317
0.0 0.02112269587814808
0.0 0.02118038944900036
0.0 0.021224595606327057
0.0 0.02124696597456932
0.0 0.02125547081232071
0.0 0.021257149055600166
0.0 0.02130233310163021
0.0 0.02134181559085846
0.0 0.021347492933273315
0.0 0.021367164328694344
0.0 0.021368324756622314
0.0 0.021476777270436287
0.0 0.0215412937104702
0.0 0.02156716398894787
0.0 0.02158067747950554
0.0 0.02164868451654911
0.0 0.02166159078478813
0.0 0.021675312891602516
0.0 0.021679842844605446
0.0 0.021688956767320633
0.0 0.021712493151426315
0.0 0.021722381934523582
0.0 0.021725859493017197
0.0 0.021759552881121635
0.0 0.021790659055113792
0.0 0.02180568128824234
0.0 0.021834522485733032
0.0 0.021850714460015297
0.0 0.021858099848031998
0.0 0.02185909077525139
0.0 0.02192545495927334
0.0 0.021935056895017624
0.0 0.02195686288177967
0.0 0.02196657843887806
0.0 0.021995723247528076
0.0 0.022001564502716064
0.0 0.022040998563170433
0.0 0.022059466689825058
0.0 0.022096486762166023
0.0 0.02210952155292034
0.0 0.022124169394373894
0.0 0.022135058417916298
0.0 0.022144455462694168
0.0 0.022153250873088837
0.0 0.02216520346701145
0.0 0.022190872579813004
0.0 0.022209297865629196
0.0 0.022247878834605217
0.0 0.02225547656416893
0.0 0.022329339757561684
0.0 0.022375453263521194
0.0 0.022399352863430977
0.0 0.02240380458533764
0.0 0.02243972010910511
0.0 0.022495513781905174
0.0 0.02250010520219803
0.0 0.022501399740576744
0.0 0.022608259692788124
0.0 0.02263229340314865
0.0 0.02264428697526455
0.0 0.02265387773513794
0.0 0.02271583490073681
0.0 0.022719798609614372
0.0 0.02273995615541935
0.0 0.022748814895749092
0.0 0.02275168150663376
0.0 0.022789619863033295
0.0 0.02287156693637371
0.0 0.022872403264045715
0.0 0.022886237129569054
0.0 0.022932706400752068
0.0 0.0229558814316988
0.0 0.022992808371782303
0.0 0.022997716441750526
0.0 0.02301873452961445
0.0 0.023029422387480736
0.0 0.02304883487522602
0.0 0.02305804006755352
0.0 0.023060329258441925
0.0 0.02308105304837227
0.0 0.023094505071640015
0.0 0.023114558309316635
0.0 0.023139910772442818
0.0 0.023188594728708267
0.0 0.023281900212168694
0.0 0.02330568991601467
0.0 0.023403873667120934
0.0 0.023446710780262947
0.0 0.023450106382369995
0.0 0.023494740948081017
0.0 0.023500418290495872
0.0 0.023615853860974312
0.0 0.023649996146559715
0.0 0.023676369339227676
0.0 0.02372060716152191
0.0 0.023726392537355423
0.0 0.02377774938941002
0.0 0.023802833631634712
0.0 0.023843863978981972
0.0 0.023843994364142418
0.0 0.023853585124015808
0.0 0.023904940113425255
0.0 0.023933209478855133
0.0 0.02394864149391651
0.0 0.023976042866706848
0.0 0.02407807856798172
0.0 0.02408725768327713
0.0 0.024116704240441322
0.0 0.024117715656757355
0.0 0.024118950590491295
0.0 0.024152860045433044
0.0 0.024155449122190475
0.0 0.024162346497178078
0.0 0.024181852117180824
0.0 0.024231746792793274
0.0 0.02424774318933487
0.0 0.02425357513129711
0.0 0.02427641674876213
0.0 0.024287687614560127
0.0 0.024297870695590973
0.0 0.024300988763570786
0.0 0.02430710941553116
0.0 0.024334842339158058
0.0 0.024339111521840096
0.0 0.024362852796912193
0.0 0.02437426894903183
0.0 0.024384502321481705
0.0 0.0244122426956892
0.0 0.024455521255731583
0.0 0.024503067135810852
0.0 0.024534642696380615
0.0 0.024553626775741577
0.0 0.02456035651266575
0.0 0.024632183834910393
0.0 0.02471492998301983
0.0 0.024743683636188507
0.0 0.024748126044869423
0.0 0.024800164625048637
0.0 0.024820292368531227
0.0 0.024826105684041977
0.0 0.02483120933175087
0.0 0.02485281601548195
0.0 0.024904955178499222
0.0 0.02499319612979889
0.0 0.02503415383398533
0.0 0.025037622079253197
0.0 0.025101976469159126
0.0 0.02510313130915165
0.0 0.025105373933911324
0.0 0.025135913863778114
0.0 0.025136351585388184
0.0 0.025155557319521904
0.0 0.025226246565580368
0.0 0.025288140401244164
0.0 0.025307632982730865
0.0 0.025316689163446426
0.0 0.025371624156832695
0.0 0.025397399440407753
0.0 0.02540983445942402
0.0 0.02543576993048191
0.0 0.025436392053961754
0.0 0.02549406886100769
0.0 0.025514474138617516
0.0 0.02555887959897518
0.0 0.025589998811483383
0.0 0.02560090459883213
0.0 0.025619840249419212
0.0 0.025677647441625595
0.0 0.025687867775559425
0.0 0.02569488435983658
0.0 0.025735370814800262
0.0 0.025742825120687485
0.0 0.025764157995581627
0.0 0.025775540620088577
0.0 0.025844497606158257
0.0 0.02586541324853897
0.0 0.025939928367733955
0.0 0.025950025767087936
0.0 0.02596006914973259
0.0 0.025983557105064392
0.0 0.02605324797332287
0.0 0.026112215593457222
0.0 0.026125101372599602
0.0 0.026131849735975266
0.0 0.026173695921897888
0.0 0.02620321325957775
0.0 0.026230499148368835
0.0 0.026261158287525177
0.0 0.026263417676091194
0.0 0.026269080117344856
0.0 0.026359738782048225
0.0 0.0264099333435297
0.0 0.02643057145178318
0.0 0.026456115767359734
0.0 0.026462526991963387
0.0 0.02646438404917717
0.0 0.0264807790517807
0.0 0.026532666757702827
0.0 0.02653508260846138
0.0 0.02656521648168564
0.0 0.026625925675034523
0.0 0.026641875505447388
0.0 0.026686586439609528
0.0 0.02674785442650318
0.0 0.026766350492835045
0.0 0.026804812252521515
0.0 0.026808707043528557
0.0 0.02683035470545292
0.0 0.026854246854782104
0.0 0.02686687745153904
0.0 0.026875874027609825
0.0 0.026876918971538544
0.0 0.0269254669547081
0.0 0.026960354298353195
0.0 0.02705063484609127
0.0 0.027105920016765594
0.0 0.027108147740364075
0.0 0.027145786210894585
0.0 0.027201469987630844
0.0 0.02723456360399723
0.0 0.02726285718381405
0.0 0.027313709259033203
0.0 0.02746472880244255
0.0 0.027501406148076057
0.0 0.02750585786998272
0.0 0.027508443221449852
0.0 0.027510719373822212
0.0 0.02758319117128849
0.0 0.02767219766974449
0.0 0.02770755998790264
0.0 0.027729587629437447
0.0 0.02773439884185791
0.0 0.027746327221393585
0.0 0.027758629992604256
0.0 0.027763227000832558
0.0 0.027933306992053986
0.0 0.027955088764429092
0.0 0.027978038415312767
0.0 0.027982449159026146
0.0 0.028020955622196198
0.0 0.02802738919854164
0.0 0.028066486120224
0.0 0.02807854488492012
0.0 0.02815459482371807
0.0 0.028197001665830612
0.0 0.028342323377728462
0.0 0.02834630385041237
0.0 0.02835194580256939
0.0 0.028389394283294678
0.0 0.02841082029044628
0.0 0.02849818579852581
0.0 0.02855958417057991
0.0 0.02872227318584919
0.0 0.02875986509025097
0.0 0.028776710852980614
0.0 0.02878453955054283
0.0 0.028807345777750015
0.0 0.028811348602175713
0.0 0.02887558564543724
0.0 0.028881462290883064
0.0 0.02890625037252903
0.0 0.028909772634506226
0.0 0.02893054112792015
0.0 0.029083888977766037
0.0 0.029085896909236908
0.0 0.029256323352456093
0.0 0.029331032186746597
0.0 0.029335327446460724
0.0 0.029410064220428467
0.0 0.029429925605654716
0.0 0.029431847855448723
0.0 0.029513845220208168
0.0 0.029604541137814522
0.0 0.029722556471824646
0.0 0.02982443757355213
0.0 0.029892150312662125
0.0 0.029909823089838028
0.0 0.03013024665415287
0.0 0.030153626576066017
0.0 0.03017018735408783
0.0 0.030229736119508743
0.0 0.030332552269101143
0.0 0.030333876609802246
0.0 0.030417870730161667
0.0 0.030431991443037987
0.0 0.030437150970101357
0.0 0.030474092811346054
0.0 0.030522724613547325
0.0 0.03056376613676548
0.0 0.03057725541293621
0.0 0.030593406409025192
0.0 0.030766010284423828
0.0 0.03082212619483471
0.0 0.030894093215465546
0.0 0.03092159703373909
0.0 0.03093198500573635
0.0 0.030950820073485374
0.0 0.031059809029102325
0.0 0.031179510056972504
0.0 0.03136245161294937
0.0 0.03141554817557335
0.0 0.031438592821359634
0.0 0.03158897906541824
0.0 0.03160058334469795
0.0 0.03163155913352966
0.0 0.03165087848901749
0.0 0.031731490045785904
0.0 0.03174305334687233
0.0 0.03174564987421036
0.0 0.03180583193898201
0.0 0.031873203814029694
0.0 0.03193826228380203
0.0 0.03197077661752701
0.0 0.031982265412807465
0.0 0.03222407028079033
0.0 0.03228059411048889
0.0 0.03229221701622009
0.0 0.0323045440018177
0.0 0.032338958233594894
0.0 0.03234894946217537
0.0 0.032368239015340805
0.0 0.03237590193748474
0.0 0.032432921230793
0.0 0.032585509121418
0.0 0.03263019770383835
0.0 0.032649945467710495
0.0 0.03273750841617584
0.0 0.032753802835941315
0.0 0.032954197376966476
0.0 0.03303273394703865
0.0 0.03307206183671951
0.0 0.03317669406533241
0.0 0.033266812562942505
0.0 0.03335262089967728
0.0 0.033529240638017654
0.0 0.03359783813357353
0.0 0.03360895439982414
0.0 0.03362714871764183
0.0 0.033742278814315796
0.0 0.033746201545000076
0.0 0.0339280366897583
0.0 0.033966705203056335
0.0 0.03421139344573021
0.0 0.03437064215540886
0.0 0.034482017159461975
0.0 0.034529753029346466
0.0 0.03455423563718796
0.0 0.0347403921186924
0.0 0.03482203185558319
0.0 0.03494836762547493
0.0 0.03501330316066742
0.0 0.035031531006097794
0.0 0.035091374069452286
0.0 0.03523438051342964
0.0 0.03531573712825775
0.0 0.03533531352877617
0.0 0.03545771911740303
0.0 0.03547173738479614
0.0 0.035494111478328705
0.0 0.03555944189429283
0.0 0.03558238595724106
0.0 0.0355893112719059
0.0 0.03562455251812935
0.0 0.035674240440130234
0.0 0.035937339067459106
0.0 0.036201536655426025
0.0 0.0364207848906517
0.0 0.03648785874247551
0.0 0.03652311488986015
0.0 0.03655244782567024
0.0 0.03688538819551468
0.0 0.03702884539961815
0.0 0.03704707697033882
0.0 0.037076640874147415
0.0 0.037100449204444885
0.0 0.0371282659471035
0.0 0.0371469184756279
0.0 0.03721773996949196
0.0 0.037277717143297195
0.0 0.03736984729766846
0.0 0.03748985752463341
0.0 0.03763509541749954
0.0 0.03773115947842598
0.0 0.037746645510196686
0.0 0.037875864654779434
0.0 0.03795670345425606
0.0 0.038973864167928696
0.0 0.03905390948057175
0.0 0.039434682577848434
0.0 0.039713550359010696
0.0 0.039789680391550064
0.0 0.04060794785618782
0.0 0.040666259825229645
0.0 0.040675412863492966
0.0 0.04127110168337822
0.0 0.041286956518888474
0.0 0.041389402002096176
0.0 0.04185773804783821
0.0 0.04187629371881485
0.0 0.042008738964796066
0.0 0.042094551026821136
0.0 0.04209699109196663
0.0 0.042154230177402496
0.0 0.04242269694805145
0.0 0.04250752553343773
0.0 0.04254057630896568
0.0 0.043212465941905975
0.0 0.043350670486688614
0.0 0.04371607303619385
0.0 0.044374167919158936
0.0 0.04444720223546028
0.0 0.044917650520801544
0.0 0.04498637095093727
0.0 0.04619880020618439
0.0 0.04638059064745903
0.0 0.046454694122076035
0.0 0.04695892706513405
0.0 0.0482819527387619
0.0 0.0484154149889946
0.0 0.049040112644433975
0.0 0.04941726475954056
0.0 0.05057849735021591
0.0 0.05314086005091667
0.0 0.06035502254962921
0.0 0.06200892850756645
0.0 0.0644170418381691
0.0 inf
