0.0 0.03495161607861519
0.0 0.03815915435552597
0.0 0.0403047576546669
0.0 0.04085448384284973
0.0 0.041319698095321655
0.0 0.04145541042089462
0.0 0.04146607592701912
0.0 0.041538871824741364
0.0 0.04165950417518616
0.0 0.0423709861934185
0.0 0.042403046041727066
0.0 0.04276029393076897
0.0 0.042999591678380966
0.0 0.043133802711963654
0.0 0.04314415901899338
0.0 0.04323290288448334
0.0 0.043297987431287766
0.0 0.043382756412029266
0.0 0.04354067146778107
0.0 0.043567925691604614
0.0 0.04374938830733299
0.0 0.04401117190718651
0.0 0.04420061036944389
0.0 0.04421459883451462
0.0 0.04424387589097023
0.0 0.044388145208358765
0.0 0.04456891864538193
0.0 0.04468492791056633
0.0 0.04471430554986
0.0 0.0447404608130455
0.0 0.045175664126873016
0.0 0.04523436725139618
0.0 0.04553030803799629
0.0 0.045563239604234695
0.0 0.045592594891786575
0.0 0.04568425938487053
0.0 0.04569527506828308
0.0 0.04588724672794342
0.0 0.04609490558505058
0.0 0.04611080512404442
0.0 0.04614049196243286
0.0 0.04627925902605057
0.0 0.04629771411418915
0.0 0.046365488320589066
0.0 0.04657977446913719
0.0 0.04662129655480385
0.0 0.04679308086633682
0.0 0.047143399715423584
0.0 0.04722447693347931
0.0 0.04731088504195213
0.0 0.047549083828926086
0.0 0.04759478196501732
0.0 0.04786411672830582
0.0 0.0480198860168457
0.0 0.04824807122349739
0.0 0.04834265261888504
0.0 0.048443753272295
0.0 0.04848514497280121
0.0 0.04855136200785637
0.0 0.04878152906894684
0.0 0.04878261312842369
0.0 0.04878776893019676
0.0 0.04880493879318237
0.0 0.04892415180802345
0.0 0.048938266932964325
0.0 0.04904679208993912
0.0 0.049096766859292984
0.0 0.0490986704826355
0.0 0.04917532578110695
0.0 0.04919524863362312
0.0 0.049323491752147675
0.0 0.04954647645354271
0.0 0.049655452370643616
0.0 0.04971117898821831
0.0 0.05000172555446625
0.0 0.05005751550197601
0.0 0.0500619076192379
0.0 0.050166789442300797
0.0 0.05019258335232735
0.0 0.05019448697566986
0.0 0.05024556443095207
0.0 0.050331130623817444
0.0 0.050496906042099
0.0 0.05055120214819908
0.0 0.05081390216946602
0.0 0.05103122442960739
0.0 0.05110196769237518
0.0 0.05110810324549675
0.0 0.05115167796611786
0.0 0.05129177123308182
0.0 0.05130525305867195
0.0 0.05132719874382019
0.0 0.05141540616750717
0.0 0.05143585056066513
0.0 0.05157315358519554
0.0 0.05158482864499092
0.0 0.05159936100244522
0.0 0.051611337810754776
0.0 0.05163569748401642
0.0 0.05166911706328392
0.0 0.05181293934583664
0.0 0.0518663115799427
0.0 0.05188119411468506
0.0 0.05207078158855438
0.0 0.052148833870887756
0.0 0.0521613284945488
0.0 0.052273355424404144
0.0 0.052274782210588455
0.0 0.0522792749106884
0.0 0.05238182842731476
0.0 0.052447229623794556
0.0 0.05245860666036606
0.0 0.05255517363548279
0.0 0.052559372037649155
0.0 0.05278117582201958
0.0 0.052798740565776825
0.0 0.05280366912484169
0.0 0.052913714200258255
0.0 0.05317262187600136
0.0 0.05320802703499794
0.0 0.05322544276714325
0.0 0.05326154828071594
0.0 0.053264226764440536
0.0 0.05331595242023468
0.0 0.05333608761429787
0.0 0.053337424993515015
0.0 0.053417500108480453
0.0 0.05344536155462265
0.0 0.05347064882516861
0.0 0.05349070206284523
0.0 0.053568821400403976
0.0 0.05357483774423599
0.0 0.05367245897650719
0.0 0.05371316894888878
0.0 0.05375312268733978
0.0 0.05394119396805763
0.0 0.05416121333837509
0.0 0.0542251281440258
0.0 0.054254647344350815
0.0 0.05433284863829613
0.0 0.05452410876750946
0.0 0.05452749878168106
0.0 0.05457451567053795
0.0 0.05462689697742462
0.0 0.05468762665987015
0.0 0.054718129336833954
0.0 0.05473104119300842
0.0 0.05478987470269203
0.0 0.0548148937523365
0.0 0.05483121797442436
0.0 0.05485381931066513
0.0 0.05486881732940674
0.0 0.05488177388906479
0.0 0.05492784455418587
0.0 0.054929375648498535
0.0 0.05498681217432022
0.0 0.055195074528455734
0.0 0.05531064420938492
0.0 0.05535734444856644
0.0 0.05541118606925011
0.0 0.05551980435848236
0.0 0.055569540709257126
0.0 0.055615972727537155
0.0 0.055629096925258636
0.0 0.05566239356994629
0.0 0.05566652491688728
0.0 0.05569606274366379
0.0 0.05571120232343674
0.0 0.05576848238706589
0.0 0.055785007774829865
0.0 0.055788617581129074
0.0 0.05590163916349411
0.0 0.0559271015226841
0.0 0.055945128202438354
0.0 0.05598580092191696
0.0 0.056200213730335236
0.0 0.05628139153122902
0.0 0.056298237293958664
0.0 0.05630192160606384
0.0 0.056349046528339386
0.0 0.05647221580147743
0.0 0.05652032792568207
0.0 0.05659651756286621
0.0 0.05663317069411278
0.0 0.05671688914299011
0.0 0.05675866827368736
0.0 0.05681808292865753
0.0 0.05691409111022949
0.0 0.05699683353304863
0.0 0.057003453373909
0.0 0.05701785907149315
0.0 0.05703773349523544
0.0 0.0570807121694088
0.0 0.0573035404086113
0.0 0.05730811879038811
0.0 0.057406917214393616
0.0 0.05756935477256775
0.0 0.057655587792396545
0.0 0.0578223392367363
0.0 0.05785845220088959
0.0 0.05788322165608406
0.0 0.05788707733154297
0.0 0.05788861960172653
0.0 0.0581071600317955
0.0 0.05814230069518089
0.0 0.05823173001408577
0.0 0.058498069643974304
0.0 0.05853601172566414
0.0 0.058607690036296844
0.0 0.058633267879486084
0.0 0.05870591104030609
0.0 0.05871617794036865
0.0 0.058813583105802536
0.0 0.05883354693651199
0.0 0.05885658785700798
0.0 0.0589526928961277
0.0 0.059009063988924026
0.0 0.05901743844151497
0.0 0.059147339314222336
0.0 0.05918093025684357
0.0 0.05921771749854088
0.0 0.05926014855504036
0.0 0.05930538848042488
0.0 0.059364769607782364
0.0 0.05939653515815735
0.0 0.059456270188093185
0.0 0.05946844071149826
0.0 0.05946898087859154
0.0 0.059797175228595734
0.0 0.05983343720436096
0.0 0.0599370039999485
0.0 0.05999720096588135
0.0 0.06003335118293762
0.0 0.06012353301048279
0.0 0.060134049504995346
0.0 0.060190919786691666
0.0 0.06023259460926056
0.0 0.060294780880212784
0.0 0.06036243960261345
0.0 0.060415565967559814
0.0 0.06046665832400322
0.0 0.06058793142437935
0.0 0.06067883223295212
0.0 0.06083967909216881
0.0 0.06087622046470642
0.0 0.060889843851327896
0.0 0.06121232733130455
0.0 0.06121548265218735
0.0 0.06121993809938431
0.0 0.061240196228027344
0.0 0.0612909160554409
0.0 0.06135338544845581
0.0 0.06155907362699509
0.0 0.06171172484755516
0.0 0.061959873884916306
0.0 0.06209757179021835
0.0 0.062133144587278366
0.0 0.062139611691236496
0.0 0.062165334820747375
0.0 0.062218282371759415
0.0 0.06230619549751282
0.0 0.06233648955821991
0.0 0.06236032396554947
0.0 0.06238843873143196
0.0 0.062431588768959045
0.0 0.06263289600610733
0.0 0.06277748942375183
0.0 0.06290969252586365
0.0 0.06291830539703369
0.0 0.06293465197086334
0.0 0.06306613236665726
0.0 0.0632593035697937
0.0 0.06332575529813766
0.0 0.06338615715503693
0.0 0.0634184256196022
0.0 0.06345786899328232
0.0 0.06346064060926437
0.0 0.06346336752176285
0.0 0.06346745789051056
0.0 0.06355704367160797
0.0 0.06365853548049927
0.0 0.0637122243642807
0.0 0.06373894214630127
0.0 0.06378398835659027
0.0 0.06390651315450668
0.0 0.06399429589509964
0.0 0.06411923468112946
0.0 0.06418538093566895
0.0 0.06425666064023972
0.0 0.06440728902816772
0.0 0.0644562840461731
0.0 0.06448972225189209
0.0 0.06450223922729492
0.0 0.06452876329421997
0.0 0.06460060179233551
0.0 0.06471462547779083
0.0 0.06476166099309921
0.0 0.06486987322568893
0.0 0.06498198956251144
0.0 0.06522157788276672
0.0 0.0652373880147934
0.0 0.06537460535764694
0.0 0.06552731990814209
0.0 0.06578385829925537
0.0 0.06605598330497742
0.0 0.06612654775381088
0.0 0.0661337822675705
0.0 0.06617963314056396
0.0 0.0662553459405899
0.0 0.06628580391407013
0.0 0.06630051881074905
0.0 0.06634870916604996
0.0 0.06641915440559387
0.0 0.06643805652856827
0.0 0.06647580862045288
0.0 0.06655044108629227
0.0 0.06655409187078476
0.0 0.06655935198068619
0.0 0.06667108833789825
0.0 0.06671947240829468
0.0 0.06675320863723755
0.0 0.0667647123336792
0.0 0.06695066392421722
0.0 0.06696032732725143
0.0 0.06702052801847458
0.0 0.06714264303445816
0.0 0.06730711460113525
0.0 0.06739993393421173
0.0 0.06741395592689514
0.0 0.06752759218215942
0.0 0.06768951565027237
0.0 0.06804415583610535
0.0 0.06807370483875275
0.0 0.06809038668870926
0.0 0.06832814961671829
0.0 0.06840234249830246
0.0 0.06867264211177826
0.0 0.06873439997434616
0.0 0.06873786449432373
0.0 0.06879261881113052
0.0 0.06880748271942139
0.0 0.06881893426179886
0.0 0.06887136399745941
0.0 0.06888437271118164
0.0 0.06894100457429886
0.0 0.06899753212928772
0.0 0.06905479729175568
0.0 0.06915207952260971
0.0 0.06938508152961731
0.0 0.06963302940130234
0.0 0.06971092522144318
0.0 0.06998064368963242
0.0 0.07011189311742783
0.0 0.07011495530605316
0.0 0.07037463784217834
0.0 0.07053286582231522
0.0 0.07059789448976517
0.0 0.07062139362096786
0.0 0.07082474231719971
0.0 0.07089574635028839
0.0 0.07090098410844803
0.0 0.07094112783670425
0.0 0.07102014124393463
0.0 0.07103914767503738
0.0 0.07109682261943817
0.0 0.0712643563747406
0.0 0.07134709507226944
0.0 0.07139012962579727
0.0 0.07154344022274017
0.0 0.0715782642364502
0.0 0.07165339589118958
0.0 0.07166431099176407
0.0 0.07175312936306
0.0 0.07184088230133057
0.0 0.07185947895050049
0.0 0.07207107543945312
0.0 0.07210184633731842
0.0 0.07223458588123322
0.0 0.07225926220417023
0.0 0.07233982533216476
0.0 0.07234667986631393
0.0 0.07243288308382034
0.0 0.07254671305418015
0.0 0.0726490169763565
0.0 0.07267814874649048
0.0 0.07268956303596497
0.0 0.07271316647529602
0.0 0.07285083830356598
0.0 0.07291664928197861
0.0 0.07292279601097107
0.0 0.07299067080020905
0.0 0.07300777733325958
0.0 0.07304263114929199
0.0 0.07322420179843903
0.0 0.07350538671016693
0.0 0.07359100133180618
0.0 0.07395341247320175
0.0 0.07400879263877869
0.0 0.0740947425365448
0.0 0.07417234778404236
0.0 0.07423178106546402
0.0 0.07439415901899338
0.0 0.07458023726940155
0.0 0.07475990802049637
0.0 0.07553688436746597
0.0 0.07557244598865509
0.0 0.07558026909828186
0.0 0.0756719559431076
0.0 0.07584699243307114
0.0 0.07592463493347168
0.0 0.07604058086872101
0.0 0.0760478675365448
0.0 0.07609902322292328
0.0 0.07610855996608734
0.0 0.07614022493362427
0.0 0.07615025341510773
0.0 0.07617300748825073
0.0 0.07635176926851273
0.0 0.07636625319719315
0.0 0.07639507204294205
0.0 0.07648660987615585
0.0 0.07662663608789444
0.0 0.07665131241083145
0.0 0.07762719690799713
0.0 0.07777224481105804
0.0 0.07779597491025925
0.0 0.07867762446403503
0.0 0.07880700379610062
0.0 0.07896088063716888
0.0 0.07905250042676926
0.0 0.07917436212301254
0.0 0.07921150326728821
0.0 0.07924113422632217
0.0 0.07929369807243347
0.0 0.07936665415763855
0.0 0.07937521487474442
0.0 0.07939229905605316
0.0 0.0794496014714241
0.0 0.07985585927963257
0.0 0.08011872321367264
0.0 0.08035764843225479
0.0 0.08050049841403961
0.0 0.0805697962641716
0.0 0.08063644170761108
0.0 0.08096159994602203
0.0 0.08119511604309082
0.0 0.08144605904817581
0.0 0.08153103291988373
0.0 0.08173056691884995
0.0 0.0817779079079628
0.0 0.08182977139949799
0.0 0.08217614144086838
0.0 0.08290611207485199
0.0 0.08291392028331757
0.0 0.08325272798538208
0.0 0.08349889516830444
0.0 0.08362184464931488
0.0 0.08364838361740112
0.0 0.08369791507720947
0.0 0.08384488523006439
0.0 0.08412646502256393
0.0 0.08439809083938599
0.0 0.084435373544693
0.0 0.08476115763187408
0.0 0.08533148467540741
0.0 0.08580026775598526
0.0 0.08603697270154953
0.0 0.08636825531721115
0.0 0.08648253232240677
0.0 0.08651326596736908
0.0 0.08663876354694366
0.0 0.08705145120620728
0.0 0.08723793178796768
0.0 0.0873008593916893
0.0 0.08746282756328583
0.0 0.08756329119205475
0.0 0.08760824054479599
0.0 0.08785384893417358
0.0 0.08796427398920059
0.0 0.08800093829631805
0.0 0.08905969560146332
0.0 0.08925669640302658
0.0 0.08974478393793106
0.0 0.08993547409772873
0.0 0.0903247594833374
0.0 0.0912882387638092
0.0 0.09136053919792175
0.0 0.09163720905780792
0.0 0.09195251762866974
0.0 0.09219494462013245
0.0 0.09335385262966156
0.0 0.09347440302371979
0.0 0.09444233030080795
0.0 0.09504209458827972
0.0 0.0950610563158989
0.0 0.09564831852912903
0.0 0.09650471806526184
0.0 0.09677421301603317
0.0 0.09903865307569504
0.0 0.0991026908159256
0.0 0.09925597161054611
0.0 0.10435168445110321
0.0 0.10484065860509872
0.0 0.10516919940710068
0.0 0.10683617740869522
0.0 0.10824123024940491
0.0 0.10852545499801636
0.0 0.1110372245311737
0.0 0.11258964240550995
0.0 0.12428980320692062
0.0 0.13139082491397858
0.0 inf
