0.0 0.03894105553627014
0.0 0.042861200869083405
0.0 0.04394199326634407
0.0 0.04409230872988701
0.0 0.04467964172363281
0.0 0.045852407813072205
0.0 0.0459148995578289
0.0 0.04616529867053032
0.0 0.046649642288684845
0.0 0.046736884862184525
0.0 0.04786841943860054
0.0 0.047923438251018524
0.0 0.04808654263615608
0.0 0.04818583279848099
0.0 0.04843442142009735
0.0 0.048440128564834595
0.0 0.048507727682590485
0.0 0.04872538894414902
0.0 0.048797786235809326
0.0 0.04913574457168579
0.0 0.04938295856118202
0.0 0.049512576311826706
0.0 0.04978635907173157
0.0 0.049936458468437195
0.0 0.049948837608098984
0.0 0.04997442290186882
0.0 0.05012598633766174
0.0 0.05015380308032036
0.0 0.05021648108959198
0.0 0.05044156312942505
0.0 0.0506344698369503
0.0 0.050976116210222244
0.0 0.05106973648071289
0.0 0.05109650641679764
0.0 0.0512942299246788
0.0 0.051337454468011856
0.0 0.05138683319091797
0.0 0.05154312774538994
0.0 0.0516740046441555
0.0 0.05186842754483223
0.0 0.051933225244283676
0.0 0.052130602300167084
0.0 0.052223850041627884
0.0 0.05240811035037041
0.0 0.05247144028544426
0.0 0.05250108614563942
0.0 0.0527210459113121
0.0 0.05287855118513107
0.0 0.05295508727431297
0.0 0.052999578416347504
0.0 0.053128041326999664
0.0 0.05315320938825607
0.0 0.053356196731328964
0.0 0.053581248968839645
0.0 0.05359887331724167
0.0 0.05377110466361046
0.0 0.053898707032203674
0.0 0.05395914241671562
0.0 0.05411363020539284
0.0 0.0542253777384758
0.0 0.054266370832920074
0.0 0.05442465841770172
0.0 0.05444665998220444
0.0 0.054469991475343704
0.0 0.0545116625726223
0.0 0.05451226606965065
0.0 0.05455489829182625
0.0 0.05465684086084366
0.0 0.054666515439748764
0.0 0.05468815192580223
0.0 0.05475480854511261
0.0 0.054794955998659134
0.0 0.05482902750372887
0.0 0.05495030805468559
0.0 0.05514494329690933
0.0 0.05522490665316582
0.0 0.055247094482183456
0.0 0.05537177249789238
0.0 0.055382560938596725
0.0 0.055407337844371796
0.0 0.05545824021100998
0.0 0.0554666705429554
0.0 0.05552152916789055
0.0 0.05553370714187622
0.0 0.05559420585632324
0.0 0.05561813712120056
0.0 0.05573359876871109
0.0 0.055746205151081085
0.0 0.05574643984436989
0.0 0.055795375257730484
0.0 0.05581916496157646
0.0 0.05591357871890068
0.0 0.05610480532050133
0.0 0.05612627789378166
0.0 0.05616067349910736
0.0 0.05629287287592888
0.0 0.056433238089084625
0.0 0.05656652897596359
0.0 0.056856587529182434
0.0 0.056916650384664536
0.0 0.056984689086675644
0.0 0.05699548497796059
0.0 0.057004258036613464
0.0 0.05708376690745354
0.0 0.05709046870470047
0.0 0.05711649730801582
0.0 0.05714941769838333
0.0 0.05731108784675598
0.0 0.057341694831848145
0.0 0.05744118615984917
0.0 0.05749380961060524
0.0 0.05751318484544754
0.0 0.05756859481334686
0.0 0.057623475790023804
0.0 0.05771196261048317
0.0 0.05781404301524162
0.0 0.05783281475305557
0.0 0.05786071717739105
0.0 0.05788232386112213
0.0 0.05793587863445282
0.0 0.058066271245479584
0.0 0.05814163759350777
0.0 0.0581817701458931
0.0 0.05820080265402794
0.0 0.05821474269032478
0.0 0.05824381858110428
0.0 0.058351773768663406
0.0 0.05843045935034752
0.0 0.058452457189559937
0.0 0.05849839746952057
0.0 0.05854688212275505
0.0 0.058592624962329865
0.0 0.05866396427154541
0.0 0.05867529287934303
0.0 0.05871729180216789
0.0 0.058857519179582596
0.0 0.058982934802770615
0.0 0.05900396779179573
0.0 0.059008486568927765
0.0 0.05912521481513977
0.0 0.05913957953453064
0.0 0.05917691811919212
0.0 0.05933522805571556
0.0 0.059392284601926804
0.0 0.05939741060137749
0.0 0.05954606831073761
0.0 0.05954938754439354
0.0 0.05956847220659256
0.0 0.059575404971838
0.0 0.05960454046726227
0.0 0.059627268463373184
0.0 0.05977697670459747
0.0 0.05979504436254501
0.0 0.0599205456674099
0.0 0.05999431014060974
0.0 0.06002027168869972
0.0 0.06004999577999115
0.0 0.06009834632277489
0.0 0.06011590361595154
0.0 0.06027664244174957
0.0 0.060420066118240356
0.0 0.060446083545684814
0.0 0.06045079231262207
0.0 0.060464248061180115
0.0 0.06050476059317589
0.0 0.06057305261492729
0.0 0.06067119911313057
0.0 0.06068212538957596
0.0 0.060776349157094955
0.0 0.060821533203125
0.0 0.06082531437277794
0.0 0.06085298955440521
0.0 0.060864951461553574
0.0 0.061057526618242264
0.0 0.06113656610250473
0.0 0.06116793677210808
0.0 0.0611693374812603
0.0 0.06128612905740738
0.0 0.061295170336961746
0.0 0.061295390129089355
0.0 0.0614900067448616
0.0 0.06152155250310898
0.0 0.0615370012819767
0.0 0.06168616935610771
0.0 0.06172710284590721
0.0 0.06176463142037392
0.0 0.06188024580478668
0.0 0.06198553368449211
0.0 0.062055058777332306
0.0 0.062073007225990295
0.0 0.0620974563062191
0.0 0.06221191957592964
0.0 0.06237398460507393
0.0 0.06238936260342598
0.0 0.06240231171250343
0.0 0.062443315982818604
0.0 0.06260567158460617
0.0 0.06265771389007568
0.0 0.06265909969806671
0.0 0.06276499480009079
0.0 0.06290353089570999
0.0 0.0630268082022667
0.0 0.06309431046247482
0.0 0.06326578557491302
0.0 0.06330867111682892
0.0 0.06332863867282867
0.0 0.06338813900947571
0.0 0.06341797113418579
0.0 0.06352604180574417
0.0 0.0635799914598465
0.0 0.0637584701180458
0.0 0.06397013366222382
0.0 0.06436295807361603
0.0 0.06461939215660095
0.0 0.06465563923120499
0.0 0.06472217291593552
0.0 0.0647885873913765
0.0 0.06479886174201965
0.0 0.06481106579303741
0.0 0.06490101665258408
0.0 0.06493820995092392
0.0 0.06512108445167542
0.0 0.06529261916875839
0.0 0.06532041728496552
0.0 0.06559814512729645
0.0 0.06583222001791
0.0 0.06592313945293427
0.0 0.06595632433891296
0.0 0.06599479168653488
0.0 0.06603489071130753
0.0 0.06621786206960678
0.0 0.06624260544776917
0.0 0.06630295515060425
0.0 0.06632720679044724
0.0 0.06692518293857574
0.0 0.06694263964891434
0.0 0.06694354861974716
0.0 0.06705024838447571
0.0 0.06709185242652893
0.0 0.06725919246673584
0.0 0.06731704622507095
0.0 0.06740467250347137
0.0 0.06745277345180511
0.0 0.06777295470237732
0.0 0.0677913948893547
0.0 0.06779979914426804
0.0 0.06786491721868515
0.0 0.06798088550567627
0.0 0.06809142976999283
0.0 0.06810866296291351
0.0 0.06826575845479965
0.0 0.06828243285417557
0.0 0.06842430680990219
0.0 0.06861800700426102
0.0 0.06864172965288162
0.0 0.06864264607429504
0.0 0.06869371235370636
0.0 0.06881535053253174
0.0 0.06894194334745407
0.0 0.06894247978925705
0.0 0.06896309554576874
0.0 0.06901154667139053
0.0 0.06912226974964142
0.0 0.06917056441307068
0.0 0.06920048594474792
0.0 0.06927455216646194
0.0 0.06929245591163635
0.0 0.0693574920296669
0.0 0.06943391263484955
0.0 0.06960766017436981
0.0 0.06966925412416458
0.0 0.06972518563270569
0.0 0.06998458504676819
0.0 0.06998918950557709
0.0 0.07013751566410065
0.0 0.07017626613378525
0.0 0.07024256885051727
0.0 0.07028849422931671
0.0 0.07035531848669052
0.0 0.07043660432100296
0.0 0.07074713706970215
0.0 0.07077356427907944
0.0 0.07088223844766617
0.0 0.07092790305614471
0.0 0.07099031656980515
0.0 0.07099135220050812
0.0 0.07114942371845245
0.0 0.07126563787460327
0.0 0.07131172716617584
0.0 0.07136203348636627
0.0 0.07143083214759827
0.0 0.07147853821516037
0.0 0.0716618075966835
0.0 0.07176697254180908
0.0 0.07177941501140594
0.0 0.07205002009868622
0.0 0.07206670939922333
0.0 0.0723600834608078
0.0 0.07241702824831009
0.0 0.07244674116373062
0.0 0.072529137134552
0.0 0.0727073922753334
0.0 0.07278446108102798
0.0 0.07282821834087372
0.0 0.07288965582847595
0.0 0.07296508550643921
0.0 0.07297316193580627
0.0 0.07298773527145386
0.0 0.07299336791038513
0.0 0.0730241984128952
0.0 0.07302851229906082
0.0 0.07308457791805267
0.0 0.07326272875070572
0.0 0.07344286143779755
0.0 0.07352207601070404
0.0 0.07353366166353226
0.0 0.07357063889503479
0.0 0.07365201413631439
0.0 0.07393573224544525
0.0 0.07402975112199783
0.0 0.07420044392347336
0.0 0.07428943365812302
0.0 0.07436642795801163
0.0 0.07451693713665009
0.0 0.07456136494874954
0.0 0.07458318769931793
0.0 0.07459872961044312
0.0 0.07469028979539871
0.0 0.07470392435789108
0.0 0.0747610405087471
0.0 0.07490138709545135
0.0 0.07493019849061966
0.0 0.07493940740823746
0.0 0.07501132786273956
0.0 0.0750681608915329
0.0 0.07515351474285126
0.0 0.07520343363285065
0.0 0.07524634152650833
0.0 0.07542195171117783
0.0 0.07572081685066223
0.0 0.07578280568122864
0.0 0.07582253962755203
0.0 0.07608834654092789
0.0 0.0760941281914711
0.0 0.07631810009479523
0.0 0.07631875574588776
0.0 0.07638494670391083
0.0 0.07647896558046341
0.0 0.07653569430112839
0.0 0.07666651904582977
0.0 0.07674360275268555
0.0 0.07684539258480072
0.0 0.07686848193407059
0.0 0.07701025158166885
0.0 0.07711337506771088
0.0 0.07717885822057724
0.0 0.07764315605163574
0.0 0.07769359648227692
0.0 0.07773447781801224
0.0 0.07778571546077728
0.0 0.077809639275074
0.0 0.07788114249706268
0.0 0.07793864607810974
0.0 0.07796896994113922
0.0 0.07810503244400024
0.0 0.07828731089830399
0.0 0.07853472977876663
0.0 0.07854855805635452
0.0 0.07862208783626556
0.0 0.07913993299007416
0.0 0.07914020121097565
0.0 0.07933560013771057
0.0 0.07947845757007599
0.0 0.07960689067840576
0.0 0.07964994013309479
0.0 0.07992792129516602
0.0 0.08000662922859192
0.0 0.08008579164743423
0.0 0.08037372678518295
0.0 0.08076396584510803
0.0 0.08085265010595322
0.0 0.08092252910137177
0.0 0.08092702925205231
0.0 0.081000916659832
0.0 0.08111914247274399
0.0 0.08114182949066162
0.0 0.08155202865600586
0.0 0.08170663565397263
0.0 0.08186803013086319
0.0 0.081967294216156
0.0 0.0820310115814209
0.0 0.08205041289329529
0.0 0.08206763118505478
0.0 0.0822257325053215
0.0 0.0823165774345398
0.0 0.08247240632772446
0.0 0.08255212008953094
0.0 0.08262577652931213
0.0 0.08271445333957672
0.0 0.08274434506893158
0.0 0.082748644053936
0.0 0.08276743441820145
0.0 0.0830027386546135
0.0 0.08301912248134613
0.0 0.08302269130945206
0.0 0.08311568200588226
0.0 0.08314695209264755
0.0 0.08330617845058441
0.0 0.08332674950361252
0.0 0.08337362855672836
0.0 0.08341512829065323
0.0 0.0835336223244667
0.0 0.08367908000946045
0.0 0.08369138091802597
0.0 0.08379770070314407
0.0 0.08425430953502655
0.0 0.08425536006689072
0.0 0.08432254195213318
0.0 0.08438123017549515
0.0 0.08450808376073837
0.0 0.08462583273649216
0.0 0.08463353663682938
0.0 0.08468908816576004
0.0 0.08510275185108185
0.0 0.08518611639738083
0.0 0.08539928495883942
0.0 0.08557108044624329
0.0 0.08565885573625565
0.0 0.08590714633464813
0.0 0.08617189526557922
0.0 0.08622491359710693
0.0 0.08623549342155457
0.0 0.08625694364309311
0.0 0.08635254204273224
0.0 0.0864730030298233
0.0 0.0864793062210083
0.0 0.08654005825519562
0.0 0.0866236537694931
0.0 0.086686871945858
0.0 0.08676012605428696
0.0 0.0868198350071907
0.0 0.0868256464600563
0.0 0.08692677319049835
0.0 0.0869545266032219
0.0 0.08723592758178711
0.0 0.08743120729923248
0.0 0.08758172392845154
0.0 0.08761095255613327
0.0 0.08790967613458633
0.0 0.08829347044229507
0.0 0.08836165070533752
0.0 0.08854713290929794
0.0 0.0885564461350441
0.0 0.08875642716884613
0.0 0.08887449651956558
0.0 0.08890131115913391
0.0 0.08916845917701721
0.0 0.08917034417390823
0.0 0.0893625020980835
0.0 0.08954153954982758
0.0 0.08981983363628387
0.0 0.08985018730163574
0.0 0.0898769274353981
0.0 0.0899641364812851
0.0 0.09002255648374557
0.0 0.09017068892717361
0.0 0.09036657959222794
0.0 0.09051834791898727
0.0 0.09058891236782074
0.0 0.09097733348608017
0.0 0.09122998267412186
0.0 0.09164121001958847
0.0 0.09175122529268265
0.0 0.09175312519073486
0.0 0.09175457805395126
0.0 0.09184470027685165
0.0 0.09192921221256256
0.0 0.09233149886131287
0.0 0.09272702783346176
0.0 0.09301277250051498
0.0 0.09342481940984726
0.0 0.0938304215669632
0.0 0.09384298324584961
0.0 0.09414955228567123
0.0 0.09448114782571793
0.0 0.09484011679887772
0.0 0.09488871693611145
0.0 0.09522305428981781
0.0 0.09574323147535324
0.0 0.09643079340457916
0.0 0.09671597182750702
0.0 0.09700953215360641
0.0 0.09765615314245224
0.0 0.09875352680683136
0.0 0.09909230470657349
0.0 0.10011619329452515
0.0 0.10214338451623917
0.0 0.10252350568771362
0.0 0.10408411175012589
0.0 0.10469381511211395
0.0 0.10624950379133224
0.0 0.1067553386092186
0.0 0.10682667791843414
0.0 0.10790065675973892
0.0 0.10940414667129517
0.0 0.11028831452131271
0.0 0.11444627493619919
0.0 0.11721472442150116
0.0 0.11902853101491928
0.0 0.12828965485095978
0.0 0.1290837526321411
0.0 inf
