0.0 0.04517616331577301
0.0 0.045445263385772705
0.0 0.04609842225909233
0.0 0.04743749648332596
0.0 0.04748772084712982
0.0 0.048731882125139236
0.0 0.04896816983819008
0.0 0.049065619707107544
0.0 0.049186382442712784
0.0 0.049428053200244904
0.0 0.04972867667675018
0.0 0.04977962002158165
0.0 0.05012364313006401
0.0 0.051319558173418045
0.0 0.05195154994726181
0.0 0.05205307900905609
0.0 0.052320707589387894
0.0 0.05233972892165184
0.0 0.052795588970184326
0.0 0.05294516310095787
0.0 0.05309692770242691
0.0 0.05339056998491287
0.0 0.053570400923490524
0.0 0.05377237871289253
0.0 0.05394165962934494
0.0 0.05426076054573059
0.0 0.0544806569814682
0.0 0.05468400940299034
0.0 0.054888855665922165
0.0 0.054932232946157455
0.0 0.054982926696538925
0.0 0.05522681027650833
0.0 0.055437762290239334
0.0 0.055482376366853714
0.0 0.055671196430921555
0.0 0.0558774508535862
0.0 0.056078169494867325
0.0 0.0561353825032711
0.0 0.05615852773189545
0.0 0.05615919828414917
0.0 0.05620672553777695
0.0 0.056334201246500015
0.0 0.05638271942734718
0.0 0.0564691498875618
0.0 0.05661871284246445
0.0 0.05667295679450035
0.0 0.05683279410004616
0.0 0.056852031499147415
0.0 0.05710144340991974
0.0 0.057310886681079865
0.0 0.057349491864442825
0.0 0.05739005282521248
0.0 0.05763202905654907
0.0 0.05768368020653725
0.0 0.05833902582526207
0.0 0.05834810063242912
0.0 0.05855415016412735
0.0 0.05859937146306038
0.0 0.05864355340600014
0.0 0.05872751399874687
0.0 0.05877344310283661
0.0 0.058885615319013596
0.0 0.059040043503046036
0.0 0.05908744037151337
0.0 0.059089843183755875
0.0 0.059141676872968674
0.0 0.05914374440908432
0.0 0.05923479050397873
0.0 0.059236880391836166
0.0 0.05946535989642143
0.0 0.05957905203104019
0.0 0.05958108976483345
0.0 0.05960477143526077
0.0 0.059817101806402206
0.0 0.05986306816339493
0.0 0.05995086953043938
0.0 0.0599539689719677
0.0 0.06008144095540047
0.0 0.06017011031508446
0.0 0.06017732247710228
0.0 0.0602249912917614
0.0 0.060275446623563766
0.0 0.06030669063329697
0.0 0.060376882553100586
0.0 0.060474541038274765
0.0 0.06051516905426979
0.0 0.060549620538949966
0.0 0.060649171471595764
0.0 0.06069888919591904
0.0 0.06084970384836197
0.0 0.06088070571422577
0.0 0.060944847762584686
0.0 0.06104089319705963
0.0 0.06108918413519859
0.0 0.061323121190071106
0.0 0.06135580316185951
0.0 0.061369556933641434
0.0 0.06139569357037544
0.0 0.06144953519105911
0.0 0.061454325914382935
0.0 0.06152021139860153
0.0 0.06156653165817261
0.0 0.06187085434794426
0.0 0.061875879764556885
0.0 0.0618891566991806
0.0 0.06189153343439102
0.0 0.06191382557153702
0.0 0.06207158789038658
0.0 0.06207394227385521
0.0 0.06216433271765709
0.0 0.06220252439379692
0.0 0.06229231879115105
0.0 0.06246721372008324
0.0 0.06251995265483856
0.0 0.062567338347435
0.0 0.06262484937906265
0.0 0.06269079446792603
0.0 0.06274370104074478
0.0 0.06291209161281586
0.0 0.06292847543954849
0.0 0.06297378242015839
0.0 0.06298991292715073
0.0 0.06304331123828888
0.0 0.06305858492851257
0.0 0.06312323361635208
0.0 0.06323571503162384
0.0 0.06329309195280075
0.0 0.06341329962015152
0.0 0.06344830244779587
0.0 0.06351035833358765
0.0 0.06352575123310089
0.0 0.06361128389835358
0.0 0.06377347558736801
0.0 0.06389216333627701
0.0 0.06391765177249908
0.0 0.06393328309059143
0.0 0.0641026496887207
0.0 0.06413854658603668
0.0 0.06416279077529907
0.0 0.06417644023895264
0.0 0.06423933058977127
0.0 0.06430664658546448
0.0 0.06435742229223251
0.0 0.064418725669384
0.0 0.0644630566239357
0.0 0.0644894540309906
0.0 0.06450099498033524
0.0 0.06450609117746353
0.0 0.06454618275165558
0.0 0.06456705182790756
0.0 0.06472945958375931
0.0 0.06475435942411423
0.0 0.06484191119670868
0.0 0.06485078483819962
0.0 0.06486079096794128
0.0 0.06489330530166626
0.0 0.06494902819395065
0.0 0.06501849740743637
0.0 0.06504030525684357
0.0 0.06507420539855957
0.0 0.06515581160783768
0.0 0.06533564627170563
0.0 0.0654122456908226
0.0 0.06541891396045685
0.0 0.06543350219726562
0.0 0.06547214090824127
0.0 0.06558003276586533
0.0 0.06563889235258102
0.0 0.06566021591424942
0.0 0.06585042923688889
0.0 0.06601584702730179
0.0 0.06603681296110153
0.0 0.06608210504055023
0.0 0.06612809002399445
0.0 0.0663192868232727
0.0 0.06633520871400833
0.0 0.06633622944355011
0.0 0.06646127998828888
0.0 0.06654702872037888
0.0 0.06663571298122406
0.0 0.06665822118520737
0.0 0.06670308113098145
0.0 0.06681074947118759
0.0 0.06690508127212524
0.0 0.06704101711511612
0.0 0.06704796105623245
0.0 0.06707009673118591
0.0 0.06712407618761063
0.0 0.06722865998744965
0.0 0.06723002344369888
0.0 0.06723816692829132
0.0 0.06726059317588806
0.0 0.06733785569667816
0.0 0.06739398837089539
0.0 0.06745785474777222
0.0 0.0677342563867569
0.0 0.06779144704341888
0.0 0.06779712438583374
0.0 0.06791941076517105
0.0 0.06799927353858948
0.0 0.06801021099090576
0.0 0.06810212135314941
0.0 0.06811225414276123
0.0 0.06816995143890381
0.0 0.06822037696838379
0.0 0.06825484335422516
0.0 0.06826555728912354
0.0 0.068305604159832
0.0 0.06840940564870834
0.0 0.06858029216527939
0.0 0.06862564384937286
0.0 0.06864453852176666
0.0 0.06870141625404358
0.0 0.06906864047050476
0.0 0.0691322460770607
0.0 0.06916265934705734
0.0 0.06925532966852188
0.0 0.06930624693632126
0.0 0.06934098899364471
0.0 0.069404736161232
0.0 0.0694451704621315
0.0 0.06963574886322021
0.0 0.0696992501616478
0.0 0.06975282728672028
0.0 0.06981568783521652
0.0 0.06983878463506699
0.0 0.06999915093183517
0.0 0.070029616355896
0.0 0.07008147984743118
0.0 0.07008546590805054
0.0 0.07025263458490372
0.0 0.07028274983167648
0.0 0.07036828249692917
0.0 0.07040755450725555
0.0 0.0704772025346756
0.0 0.07047722488641739
0.0 0.07049784064292908
0.0 0.07062409073114395
0.0 0.07088546454906464
0.0 0.07094157487154007
0.0 0.0711572989821434
0.0 0.07118929922580719
0.0 0.07124131172895432
0.0 0.07126475870609283
0.0 0.07129956781864166
0.0 0.07133065164089203
0.0 0.07138670980930328
0.0 0.07151846587657928
0.0 0.0715821385383606
0.0 0.07163114845752716
0.0 0.07165195047855377
0.0 0.07170484215021133
0.0 0.07186179608106613
0.0 0.07197157293558121
0.0 0.07211867719888687
0.0 0.07226253300905228
0.0 0.07227203994989395
0.0 0.07235521823167801
0.0 0.07237748056650162
0.0 0.0725690945982933
0.0 0.07258225232362747
0.0 0.0727403536438942
0.0 0.07276955246925354
0.0 0.0727877989411354
0.0 0.07284323126077652
0.0 0.0728883370757103
0.0 0.07289916276931763
0.0 0.07290931791067123
0.0 0.0730137899518013
0.0 0.0730186328291893
0.0 0.0730443000793457
0.0 0.07310447841882706
0.0 0.07318104803562164
0.0 0.07335604727268219
0.0 0.07343078404664993
0.0 0.07360818982124329
0.0 0.07360940426588058
0.0 0.07367821037769318
0.0 0.07368208467960358
0.0 0.07373635470867157
0.0 0.07387863844633102
0.0 0.07397302985191345
0.0 0.07405643910169601
0.0 0.07410144805908203
0.0 0.0741172581911087
0.0 0.07420734316110611
0.0 0.07423251867294312
0.0 0.07436327636241913
0.0 0.0744137242436409
0.0 0.07460776716470718
0.0 0.07467476278543472
0.0 0.07484012842178345
0.0 0.07492681592702866
0.0 0.07516875118017197
0.0 0.075221948325634
0.0 0.07550098747015
0.0 0.0755605548620224
0.0 0.07572223991155624
0.0 0.07574018836021423
0.0 0.075749970972538
0.0 0.07590430229902267
0.0 0.07591993361711502
0.0 0.07592197507619858
0.0 0.07594097405672073
0.0 0.0760037824511528
0.0 0.07613293081521988
0.0 0.07628994435071945
0.0 0.07653612643480301
0.0 0.07674456387758255
0.0 0.07675588130950928
0.0 0.07685478031635284
0.0 0.07691904157400131
0.0 0.07693617045879364
0.0 0.0770779401063919
0.0 0.0771947130560875
0.0 0.0774436742067337
0.0 0.07751104980707169
0.0 0.07758104801177979
0.0 0.0779903456568718
0.0 0.07803009450435638
0.0 0.07804977148771286
0.0 0.07811204344034195
0.0 0.07817506045103073
0.0 0.07829748094081879
0.0 0.07860559225082397
0.0 0.07865411788225174
0.0 0.0791175365447998
0.0 0.07912325859069824
0.0 0.07921572774648666
0.0 0.07923605293035507
0.0 0.07941589504480362
0.0 0.07965584099292755
0.0 0.07969487458467484
0.0 0.07972824573516846
0.0 0.08030251413583755
0.0 0.08034691959619522
0.0 0.08036080747842789
0.0 0.08050775527954102
0.0 0.08055821806192398
0.0 0.08057909458875656
0.0 0.08065974712371826
0.0 0.08069264143705368
0.0 0.08075525611639023
0.0 0.08080270141363144
0.0 0.08087702840566635
0.0 0.08097009360790253
0.0 0.08102352172136307
0.0 0.0812743678689003
0.0 0.08138260245323181
0.0 0.08145666867494583
0.0 0.08148359507322311
0.0 0.08157680928707123
0.0 0.0816609114408493
0.0 0.08181445300579071
0.0 0.08183777332305908
0.0 0.08191455900669098
0.0 0.08193022757768631
0.0 0.08203842490911484
0.0 0.08253590762615204
0.0 0.08262336999177933
0.0 0.0827379822731018
0.0 0.08285737037658691
0.0 0.08310646563768387
0.0 0.08324063569307327
0.0 0.08345851302146912
0.0 0.08360300958156586
0.0 0.08366847038269043
0.0 0.08377611637115479
0.0 0.08393846452236176
0.0 0.08408866822719574
0.0 0.08413802087306976
0.0 0.0843583345413208
0.0 0.08485304564237595
0.0 0.08485822379589081
0.0 0.08487492054700851
0.0 0.08488412946462631
0.0 0.08495622873306274
0.0 0.08496914803981781
0.0 0.08503276854753494
0.0 0.08512763679027557
0.0 0.0851719006896019
0.0 0.08553282916545868
0.0 0.08564421534538269
0.0 0.08565559983253479
0.0 0.0860108733177185
0.0 0.0860648974776268
0.0 0.08616612106561661
0.0 0.08630982786417007
0.0 0.086464524269104
0.0 0.08652357012033463
0.0 0.08661842346191406
0.0 0.08662932366132736
0.0 0.08666414767503738
0.0 0.08667934685945511
0.0 0.08670631796121597
0.0 0.08713693171739578
0.0 0.0872742310166359
0.0 0.08728354424238205
0.0 0.0872945487499237
0.0 0.08744965493679047
0.0 0.08745353668928146
0.0 0.08771423995494843
0.0 0.08772102743387222
0.0 0.08776797354221344
0.0 0.08785653859376907
0.0 0.08801577240228653
0.0 0.08801869302988052
0.0 0.08841729164123535
0.0 0.0885276049375534
0.0 0.08854129910469055
0.0 0.08857371658086777
0.0 0.08865486830472946
0.0 0.08869294822216034
0.0 0.08879324048757553
0.0 0.08882888406515121
0.0 0.08885055035352707
0.0 0.08908753842115402
0.0 0.08911634236574173
0.0 0.08916912227869034
0.0 0.08928199857473373
0.0 0.08934462070465088
0.0 0.08936000615358353
0.0 0.08960229903459549
0.0 0.09000641852617264
0.0 0.09020666033029556
0.0 0.09039007872343063
0.0 0.0905003473162651
0.0 0.0909087285399437
0.0 0.09100005775690079
0.0 0.09122671186923981
0.0 0.09124176949262619
0.0 0.09132079780101776
0.0 0.09155536442995071
0.0 0.09164492040872574
0.0 0.09180300682783127
0.0 0.0919693261384964
0.0 0.09211506694555283
0.0 0.09237112104892731
0.0 0.09270935505628586
0.0 0.09385352581739426
0.0 0.09398745000362396
0.0 0.09433150291442871
0.0 0.09435203671455383
0.0 0.09437371045351028
0.0 0.0944923460483551
0.0 0.09457162022590637
0.0 0.09484951943159103
0.0 0.09505537897348404
0.0 0.09508946537971497
0.0 0.09521148353815079
0.0 0.09538890421390533
0.0 0.09545188397169113
0.0 0.09576661139726639
0.0 0.0961349755525589
0.0 0.09623786807060242
0.0 0.09640073776245117
0.0 0.09676729887723923
0.0 0.09765157848596573
0.0 0.09783898293972015
0.0 0.09787361323833466
0.0 0.09795577824115753
0.0 0.09809897840023041
0.0 0.09813688695430756
0.0 0.09845608472824097
0.0 0.09875191003084183
0.0 0.09881379455327988
0.0 0.09970948845148087
0.0 0.10085868835449219
0.0 0.10108036547899246
0.0 0.10158032178878784
0.0 0.10248620063066483
0.0 0.10285266488790512
0.0 0.10292582958936691
0.0 0.10336263477802277
0.0 0.10390366613864899
0.0 0.10439597070217133
0.0 0.10475005954504013
0.0 0.10491899400949478
0.0 0.10511967539787292
0.0 0.10559313744306564
0.0 0.10594075173139572
0.0 0.10638676583766937
0.0 0.1065298467874527
0.0 0.10667432844638824
0.0 0.10667993128299713
0.0 0.10794633626937866
0.0 0.10795607417821884
0.0 0.1082945391535759
0.0 0.10869508981704712
0.0 0.10995185375213623
0.0 0.11049214005470276
0.0 0.11189071089029312
0.0 0.11225379258394241
0.0 0.11259204894304276
0.0 0.1129550039768219
0.0 0.11334313452243805
0.0 0.11339589208364487
0.0 0.1136084720492363
0.0 0.11431218683719635
0.0 0.11543232202529907
0.0 0.11617305129766464
0.0 0.11866403371095657
0.0 0.1189558357000351
0.0 0.12010320276021957
0.0 0.12234240770339966
0.0 0.12397307902574539
0.0 0.1244993731379509
0.0 0.13082757592201233
0.0 0.1319461613893509
0.0 0.14018842577934265
0.0 0.14348745346069336
0.0 inf
