0.0 0.03224512189626694
0.0 0.03350825607776642
0.0 0.03381772339344025
0.0 0.03394441306591034
0.0 0.034612834453582764
0.0 0.036805108189582825
0.0 0.0368586964905262
0.0 0.03690311312675476
0.0 0.03706054016947746
0.0 0.03734913468360901
0.0 0.037442971020936966
0.0 0.03761895373463631
0.0 0.03870050981640816
0.0 0.03876548632979393
0.0 0.03877227008342743
0.0 0.0388132706284523
0.0 0.0388532429933548
0.0 0.03890891373157501
0.0 0.03899041935801506
0.0 0.03917842358350754
0.0 0.03922944515943527
0.0 0.03926187381148338
0.0 0.039541393518447876
0.0 0.039865732192993164
0.0 0.03987919166684151
0.0 0.040031127631664276
0.0 0.04007657989859581
0.0 0.04018152877688408
0.0 0.040252022445201874
0.0 0.04041953757405281
0.0 0.04061909392476082
0.0 0.04069279134273529
0.0 0.040869224816560745
0.0 0.040900539606809616
0.0 0.04103658348321915
0.0 0.041061412543058395
0.0 0.04116469994187355
0.0 0.04122668877243996
0.0 0.041291505098342896
0.0 0.041345659643411636
0.0 0.041407354176044464
0.0 0.04204264655709267
0.0 0.042085200548172
0.0 0.04241633042693138
0.0 0.042507871985435486
0.0 0.04278552904725075
0.0 0.04290686920285225
0.0 0.04307205229997635
0.0 0.043292488902807236
0.0 0.04329502955079079
0.0 0.043349601328372955
0.0 0.043421074748039246
0.0 0.04347175359725952
0.0 0.04350621625781059
0.0 0.043892886489629745
0.0 0.044089216738939285
0.0 0.04427507147192955
0.0 0.0443357490003109
0.0 0.04440222680568695
0.0 0.044430602341890335
0.0 0.04448103532195091
0.0 0.044483643025159836
0.0 0.0445035956799984
0.0 0.04465724527835846
0.0 0.044903866946697235
0.0 0.04496056213974953
0.0 0.04514686018228531
0.0 0.04518982023000717
0.0 0.04526127129793167
0.0 0.04527362808585167
0.0 0.04536447301506996
0.0 0.0453924834728241
0.0 0.04547034204006195
0.0 0.04561242461204529
0.0 0.045668043196201324
0.0 0.04572249576449394
0.0 0.045727528631687164
0.0 0.045792173594236374
0.0 0.045799124985933304
0.0 0.04586231708526611
0.0 0.04589927941560745
0.0 0.04595346748828888
0.0 0.04599044844508171
0.0 0.04615749791264534
0.0 0.046208471059799194
0.0 0.046213313937187195
0.0 0.04624471440911293
0.0 0.046251632273197174
0.0 0.046317897737026215
0.0 0.04653921723365784
0.0 0.04655066505074501
0.0 0.046643588691949844
0.0 0.04668319970369339
0.0 0.04668387770652771
0.0 0.04668844863772392
0.0 0.04670438915491104
0.0 0.04675405099987984
0.0 0.046840060502290726
0.0 0.04686904698610306
0.0 0.0468839555978775
0.0 0.04696159064769745
0.0 0.04704941809177399
0.0 0.04723144322633743
0.0 0.04725290834903717
0.0 0.047271478921175
0.0 0.04736071825027466
0.0 0.047446414828300476
0.0 0.04752538353204727
0.0 0.04753885418176651
0.0 0.04759309068322182
0.0 0.04766632616519928
0.0 0.047712620347738266
0.0 0.04771758243441582
0.0 0.04772008955478668
0.0 0.04779455438256264
0.0 0.0478484146296978
0.0 0.047894466668367386
0.0 0.047913726419210434
0.0 0.047939762473106384
0.0 0.04798111692070961
0.0 0.04806317761540413
0.0 0.04813782870769501
0.0 0.048144787549972534
0.0 0.048176977783441544
0.0 0.04818786680698395
0.0 0.04819420352578163
0.0 0.04825255274772644
0.0 0.04827886074781418
0.0 0.04837490990757942
0.0 0.048385005444288254
0.0 0.04839521273970604
0.0 0.04844696447253227
0.0 0.04853960871696472
0.0 0.048590999096632004
0.0 0.048733655363321304
0.0 0.04873591288924217
0.0 0.048751071095466614
0.0 0.0488162636756897
0.0 0.048985615372657776
0.0 0.04905751347541809
0.0 0.04907778277993202
0.0 0.04911874979734421
0.0 0.04913127422332764
0.0 0.04916432499885559
0.0 0.049302805215120316
0.0 0.04932611808180809
0.0 0.04932987689971924
0.0 0.049379486590623856
0.0 0.04939540848135948
0.0 0.04939870536327362
0.0 0.04942289739847183
0.0 0.04942498356103897
0.0 0.049538467079401016
0.0 0.04955795779824257
0.0 0.04979337751865387
0.0 0.04980669915676117
0.0 0.04981107637286186
0.0 0.04996619373559952
0.0 0.050081465393304825
0.0 0.050188273191452026
0.0 0.050201088190078735
0.0 0.0503280907869339
0.0 0.05040162056684494
0.0 0.050501011312007904
0.0 0.05051065981388092
0.0 0.05057106912136078
0.0 0.05075601115822792
0.0 0.05077718198299408
0.0 0.05078588053584099
0.0 0.05079621449112892
0.0 0.05079909414052963
0.0 0.05080939084291458
0.0 0.050897885113954544
0.0 0.05111738294363022
0.0 0.05117481201887131
0.0 0.051219794899225235
0.0 0.05124349892139435
0.0 0.05128873512148857
0.0 0.05130964517593384
0.0 0.05136260390281677
0.0 0.05146254226565361
0.0 0.05149955675005913
0.0 0.05153217166662216
0.0 0.051691070199012756
0.0 0.05169709771871567
0.0 0.05174925550818443
0.0 0.051751598715782166
0.0 0.05181906372308731
0.0 0.05185375735163689
0.0 0.051893748342990875
0.0 0.05214964970946312
0.0 0.05225832387804985
0.0 0.052299387753009796
0.0 0.05237240716814995
0.0 0.05245395749807358
0.0 0.05249101296067238
0.0 0.052556589245796204
0.0 0.05259210243821144
0.0 0.052598435431718826
0.0 0.05261915177106857
0.0 0.052640315145254135
0.0 0.05266448110342026
0.0 0.05271991714835167
0.0 0.052727680653333664
0.0 0.05287288874387741
0.0 0.05287850275635719
0.0 0.05298800393939018
0.0 0.05302713066339493
0.0 0.053041551262140274
0.0 0.05308350548148155
0.0 0.05332919955253601
0.0 0.05333840847015381
0.0 0.05336558818817139
0.0 0.053446121513843536
0.0 0.05348025634884834
0.0 0.05350972339510918
0.0 0.053582191467285156
0.0 0.05363157019019127
0.0 0.05364978313446045
0.0 0.053777482360601425
0.0 0.0538160614669323
0.0 0.05387839302420616
0.0 0.0538911297917366
0.0 0.053942203521728516
0.0 0.053958844393491745
0.0 0.05408817157149315
0.0 0.054093506187200546
0.0 0.05414678528904915
0.0 0.054169658571481705
0.0 0.05431336537003517
0.0 0.054460540413856506
0.0 0.0545448362827301
0.0 0.0545601025223732
0.0 0.05462971702218056
0.0 0.05471714958548546
0.0 0.05473867803812027
0.0 0.054800987243652344
0.0 0.05484933406114578
0.0 0.05500718206167221
0.0 0.0551970936357975
0.0 0.055224090814590454
0.0 0.055231012403964996
0.0 0.05524444207549095
0.0 0.05525447055697441
0.0 0.05535316839814186
0.0 0.05541866645216942
0.0 0.055438313633203506
0.0 0.055506668984889984
0.0 0.055559176951646805
0.0 0.05569259077310562
0.0 0.055886730551719666
0.0 0.05591357871890068
0.0 0.056004997342824936
0.0 0.05601993575692177
0.0 0.05603313818573952
0.0 0.056079499423503876
0.0 0.05615098401904106
0.0 0.05615304410457611
0.0 0.056317202746868134
0.0 0.05638427287340164
0.0 0.056393127888441086
0.0 0.056418173015117645
0.0 0.0564226396381855
0.0 0.05642341077327728
0.0 0.056512266397476196
0.0 0.05656341835856438
0.0 0.05666128545999527
0.0 0.05680294707417488
0.0 0.05691321939229965
0.0 0.05701690539717674
0.0 0.057117775082588196
0.0 0.057204000651836395
0.0 0.05723182111978531
0.0 0.05725951865315437
0.0 0.05726614221930504
0.0 0.05737856775522232
0.0 0.05743487924337387
0.0 0.05744034796953201
0.0 0.057629864662885666
0.0 0.05785756930708885
0.0 0.057920005172491074
0.0 0.05794058367609978
0.0 0.05812067538499832
0.0 0.058280277997255325
0.0 0.05838484317064285
0.0 0.05841166526079178
0.0 0.05859539285302162
0.0 0.058611344546079636
0.0 0.05869350582361221
0.0 0.05872522294521332
0.0 0.05874359980225563
0.0 0.058824941515922546
0.0 0.05885893851518631
0.0 0.05895725637674332
0.0 0.059036776423454285
0.0 0.05905364453792572
0.0 0.05910993367433548
0.0 0.059198830276727676
0.0 0.059231095016002655
0.0 0.05928125977516174
0.0 0.05931809917092323
0.0 0.05936400964856148
0.0 0.059465568512678146
0.0 0.05948653817176819
0.0 0.0595523826777935
0.0 0.05956518277525902
0.0 0.05959208682179451
0.0 0.0596386194229126
0.0 0.059780750423669815
0.0 0.05978226661682129
0.0 0.05978447571396828
0.0 0.05982378497719765
0.0 0.05987441912293434
0.0 0.05993598699569702
0.0 0.05993746221065521
0.0 0.060160499066114426
0.0 0.060271576046943665
0.0 0.060289137065410614
0.0 0.060468025505542755
0.0 0.06047363951802254
0.0 0.060492780059576035
0.0 0.06050712242722511
0.0 0.060603681951761246
0.0 0.060719702392816544
0.0 0.06077885627746582
0.0 0.06081167981028557
0.0 0.060841795057058334
0.0 0.06084318831562996
0.0 0.06086204573512077
0.0 0.06100169196724892
0.0 0.06105128675699234
0.0 0.0613449364900589
0.0 0.06139503791928291
0.0 0.06142495572566986
0.0 0.06150441989302635
0.0 0.061526183038949966
0.0 0.061532214283943176
0.0 0.0615573450922966
0.0 0.06164602190256119
0.0 0.06168519705533981
0.0 0.06172702834010124
0.0 0.06186795234680176
0.0 0.061882227659225464
0.0 0.061976008117198944
0.0 0.062100283801555634
0.0 0.06226137652993202
0.0 0.06231187283992767
0.0 0.06237182393670082
0.0 0.0624527707695961
0.0 0.062489695847034454
0.0 0.06249462813138962
0.0 0.06268512457609177
0.0 0.06284645944833755
0.0 0.06287070363759995
0.0 0.06290610879659653
0.0 0.06293381005525589
0.0 0.06295124441385269
0.0 0.06307625025510788
0.0 0.06309764832258224
0.0 0.06325966864824295
0.0 0.06327390670776367
0.0 0.06341266632080078
0.0 0.06344440579414368
0.0 0.06346883624792099
0.0 0.06369277089834213
0.0 0.0637054294347763
0.0 0.06371203809976578
0.0 0.06378669291734695
0.0 0.06388607621192932
0.0 0.06394685059785843
0.0 0.06395050883293152
0.0 0.06400302797555923
0.0 0.06403414160013199
0.0 0.06404298543930054
0.0 0.0642988383769989
0.0 0.06442897021770477
0.0 0.06448838859796524
0.0 0.06451181322336197
0.0 0.06469222158193588
0.0 0.06479322910308838
0.0 0.06487137824296951
0.0 0.06491026282310486
0.0 0.06491103768348694
0.0 0.06495174765586853
0.0 0.06495631486177444
0.0 0.06504542380571365
0.0 0.06507186591625214
0.0 0.06507384032011032
0.0 0.06516367197036743
0.0 0.06518489122390747
0.0 0.06532090157270432
0.0 0.06559844315052032
0.0 0.06562099605798721
0.0 0.06567884236574173
0.0 0.06574350595474243
0.0 0.06598255783319473
0.0 0.06639662384986877
0.0 0.06664358824491501
0.0 0.06664995849132538
0.0 0.06678535789251328
0.0 0.06691933423280716
0.0 0.06700414419174194
0.0 0.06715169548988342
0.0 0.06751515716314316
0.0 0.06755656749010086
0.0 0.0675678700208664
0.0 0.06779394298791885
0.0 0.06790228188037872
0.0 0.06798716634511948
0.0 0.06831652671098709
0.0 0.06846216320991516
0.0 0.06852409988641739
0.0 0.06856076419353485
0.0 0.06901005655527115
0.0 0.06913051754236221
0.0 0.06955189257860184
0.0 0.06955485045909882
0.0 0.06961259990930557
0.0 0.0696277767419815
0.0 0.06991806626319885
0.0 0.0700998455286026
0.0 0.07020309567451477
0.0 0.07027560472488403
0.0 0.07028856128454208
0.0 0.07033627480268478
0.0 0.07064538449048996
0.0 0.07065524160861969
0.0 0.07072785496711731
0.0 0.07075800001621246
0.0 0.07100152969360352
0.0 0.07102029770612717
0.0 0.07109639048576355
0.0 0.07123146951198578
0.0 0.07147161662578583
0.0 0.07149352133274078
0.0 0.07161039859056473
0.0 0.07167698442935944
0.0 0.07232791930437088
0.0 0.07240411639213562
0.0 0.072566919028759
0.0 0.07257897406816483
0.0 0.07274916023015976
0.0 0.07301882654428482
0.0 0.07345619797706604
0.0 0.07366329431533813
0.0 0.07389036566019058
0.0 0.07390764355659485
0.0 0.07559075206518173
0.0 0.07572990655899048
0.0 0.07577823102474213
0.0 0.07599225640296936
0.0 0.0761384516954422
0.0 0.0768098458647728
0.0 0.07795527577400208
0.0 0.07802581787109375
0.0 0.0781000405550003
0.0 0.07847848534584045
0.0 0.07848560810089111
0.0 0.07853637635707855
0.0 0.07878697663545609
0.0 0.07887260615825653
0.0 0.07900092750787735
0.0 0.07930270582437515
0.0 0.07946386188268661
0.0 0.07959786057472229
0.0 0.0796305313706398
0.0 0.07966064661741257
0.0 0.07966228574514389
0.0 0.0797676369547844
0.0 0.08018516004085541
0.0 0.08035479485988617
0.0 0.08077343553304672
0.0 0.08086732029914856
0.0 0.08148424327373505
0.0 0.08201809227466583
0.0 0.082278311252594
0.0 0.08230555057525635
0.0 0.08299466222524643
0.0 0.0831167995929718
0.0 0.0831642895936966
0.0 0.0834566205739975
0.0 0.08371565490961075
0.0 0.08432784676551819
0.0 0.08434460312128067
0.0 0.0846131294965744
0.0 0.08540040999650955
0.0 0.08565844595432281
0.0 0.08757496625185013
0.0 0.08871909230947495
0.0 0.08968501538038254
0.0 0.08968686312437057
0.0 0.09063531458377838
0.0 0.0906488224864006
0.0 0.0914364904165268
0.0 0.0914633721113205
0.0 0.09178478270769119
0.0 0.09291590750217438
0.0 0.09338880330324173
0.0 0.09405291825532913
0.0 0.0941050574183464
0.0 0.09566127508878708
0.0 0.09624224901199341
0.0 0.09808839112520218
0.0 0.09992107003927231
0.0 0.10036579519510269
0.0 0.10094784945249557
0.0 0.10306265205144882
0.0 0.11207673698663712
0.0 0.11499135941267014
0.0 0.11972841620445251
0.0 0.12327579408884048
0.0 inf
