0.0 0.01260143518447876
0.0 0.013666260056197643
0.0 0.01454631332308054
0.0 0.015153039246797562
0.0 0.015186132863163948
0.0 0.015576766803860664
0.0 0.015683934092521667
0.0 0.015692902728915215
0.0 0.016076497733592987
0.0 0.016361569985747337
0.0 0.016744263470172882
0.0 0.016908511519432068
0.0 0.017055252566933632
0.0 0.017110377550125122
0.0 0.01730308122932911
0.0 0.017758894711732864
0.0 0.017833231016993523
0.0 0.01784941926598549
0.0 0.018000232055783272
0.0 0.018052387982606888
0.0 0.0181654654443264
0.0 0.018670160323381424
0.0 0.018711769953370094
0.0 0.01888006553053856
0.0 0.01909797452390194
0.0 0.019188031554222107
0.0 0.019223712384700775
0.0 0.019322635605931282
0.0 0.019347568973898888
0.0 0.01935253106057644
0.0 0.019380953162908554
0.0 0.019558273255825043
0.0 0.019635962322354317
0.0 0.019649263471364975
0.0 0.01968328468501568
0.0 0.019743189215660095
0.0 0.019854623824357986
0.0 0.01986895315349102
0.0 0.019869880750775337
0.0 0.019882287830114365
0.0 0.01992853358387947
0.0 0.01993829570710659
0.0 0.019998367875814438
0.0 0.020045513287186623
0.0 0.020054172724485397
0.0 0.020064178854227066
0.0 0.02008087746798992
0.0 0.02009040117263794
0.0 0.020115196704864502
0.0 0.020146483555436134
0.0 0.020185699686408043
0.0 0.020216310396790504
0.0 0.02031572349369526
0.0 0.020320255309343338
0.0 0.02033345028758049
0.0 0.02034016326069832
0.0 0.020393941551446915
0.0 0.020491238683462143
0.0 0.020532025024294853
0.0 0.020713504403829575
0.0 0.02072327397763729
0.0 0.020727630704641342
0.0 0.020767100155353546
0.0 0.020786169916391373
0.0 0.020807387307286263
0.0 0.020825814455747604
0.0 0.020883627235889435
0.0 0.020884541794657707
0.0 0.02089739590883255
0.0 0.02094610594213009
0.0 0.020978286862373352
0.0 0.020996592938899994
0.0 0.02107589691877365
0.0 0.021087465807795525
0.0 0.02114817500114441
0.0 0.021172698587179184
0.0 0.021226372569799423
0.0 0.02124541811645031
0.0 0.021269312128424644
0.0 0.02127653732895851
0.0 0.02127956971526146
0.0 0.021307053044438362
0.0 0.021350689232349396
0.0 0.021354196593165398
0.0 0.02138018235564232
0.0 0.02142399735748768
0.0 0.021499311551451683
0.0 0.021531768143177032
0.0 0.021553095430135727
0.0 0.021601829677820206
0.0 0.021661782637238503
0.0 0.021720116958022118
0.0 0.02181951329112053
0.0 0.02182881534099579
0.0 0.021848643198609352
0.0 0.02185984142124653
0.0 0.021912461146712303
0.0 0.021937914192676544
0.0 0.021952368319034576
0.0 0.02196137048304081
0.0 0.021977921947836876
0.0 0.021998735144734383
0.0 0.02204739861190319
0.0 0.022069036960601807
0.0 0.022099796682596207
0.0 0.022105680778622627
0.0 0.022126708179712296
0.0 0.02215767279267311
0.0 0.022174755111336708
0.0 0.02219596691429615
0.0 0.022211233153939247
0.0 0.022276677191257477
0.0 0.022279229015111923
0.0 0.022289523854851723
0.0 0.02229093760251999
0.0 0.02229168824851513
0.0 0.02229800820350647
0.0 0.022423168644309044
0.0 0.022441165521740913
0.0 0.022470420226454735
0.0 0.02250693552196026
0.0 0.02252298779785633
0.0 0.022527674213051796
0.0 0.02252798154950142
0.0 0.022549036890268326
0.0 0.022569920867681503
0.0 0.022573906928300858
0.0 0.022647690027952194
0.0 0.02264772169291973
0.0 0.02266155183315277
0.0 0.02268199808895588
0.0 0.022704744711518288
0.0 0.022715941071510315
0.0 0.022742165252566338
0.0 0.02275906503200531
0.0 0.02283247373998165
0.0 0.02285522222518921
0.0 0.022873874753713608
0.0 0.022898944094777107
0.0 0.022929413244128227
0.0 0.022960301488637924
0.0 0.02297103777527809
0.0 0.023008035495877266
0.0 0.023052340373396873
0.0 0.023057429119944572
0.0 0.023144375532865524
0.0 0.023155655711889267
0.0 0.02321762591600418
0.0 0.023218240588903427
0.0 0.023218804970383644
0.0 0.02322212979197502
0.0 0.023224154487252235
0.0 0.023239025846123695
0.0 0.023262862116098404
0.0 0.023359593003988266
0.0 0.023365775123238564
0.0 0.02338121272623539
0.0 0.023426689207553864
0.0 0.02346895821392536
0.0 0.023479601368308067
0.0 0.023482197895646095
0.0 0.023522410541772842
0.0 0.023549620062112808
0.0 0.0235760360956192
0.0 0.023576125502586365
0.0 0.023616118356585503
0.0 0.023691736161708832
0.0 0.023739371448755264
0.0 0.023742172867059708
0.0 0.023768354207277298
0.0 0.02377491071820259
0.0 0.023808840662240982
0.0 0.023828109726309776
0.0 0.02387731522321701
0.0 0.023901334032416344
0.0 0.023924101144075394
0.0 0.023928049951791763
0.0 0.023966867476701736
0.0 0.024000095203518867
0.0 0.02400822751224041
0.0 0.024052545428276062
0.0 0.024052828550338745
0.0 0.024070758372545242
0.0 0.0241444930434227
0.0 0.02415311336517334
0.0 0.024160733446478844
0.0 0.02416256256401539
0.0 0.024245647713541985
0.0 0.02428879216313362
0.0 0.02429366111755371
0.0 0.0242942962795496
0.0 0.024328945204615593
0.0 0.024342922493815422
0.0 0.02442001737654209
0.0 0.024448174983263016
0.0 0.024449698626995087
0.0 0.02447013556957245
0.0 0.02448085881769657
0.0 0.0244903601706028
0.0 0.024501867592334747
0.0 0.024506306275725365
0.0 0.024518581107258797
0.0 0.024591146036982536
0.0 0.02463664673268795
0.0 0.024676505476236343
0.0 0.024719009175896645
0.0 0.02477085217833519
0.0 0.024776030331850052
0.0 0.024822114035487175
0.0 0.024872953072190285
0.0 0.02488650754094124
0.0 0.024913370609283447
0.0 0.024919310584664345
0.0 0.024927644059062004
0.0 0.024953806772828102
0.0 0.024966184049844742
0.0 0.02502491883933544
0.0 0.025056790560483932
0.0 0.02508058398962021
0.0 0.025180496275424957
0.0 0.025404922664165497
0.0 0.02541341446340084
0.0 0.025448601692914963
0.0 0.025469018146395683
0.0 0.02555837668478489
0.0 0.025585541501641273
0.0 0.02567092888057232
0.0 0.025699656456708908
0.0 0.025719452649354935
0.0 0.02578599750995636
0.0 0.025881486013531685
0.0 0.02588782273232937
0.0 0.025892114266753197
0.0 0.02590293623507023
0.0 0.025963036343455315
0.0 0.025969235226511955
0.0 0.02598506025969982
0.0 0.02599390223622322
0.0 0.026013527065515518
0.0 0.026013940572738647
0.0 0.0260752122849226
0.0 0.02612803690135479
0.0 0.026164622977375984
0.0 0.0262028556317091
0.0 0.026221109554171562
0.0 0.026239020749926567
0.0 0.026259474456310272
0.0 0.026366740465164185
0.0 0.026391491293907166
0.0 0.026393763720989227
0.0 0.02643384411931038
0.0 0.026486443355679512
0.0 0.02656158246099949
0.0 0.026642628014087677
0.0 0.02667306177318096
0.0 0.026703914627432823
0.0 0.02672708034515381
0.0 0.026735100895166397
0.0 0.026773791760206223
0.0 0.026816541329026222
0.0 0.02683212235569954
0.0 0.026837628334760666
0.0 0.026838919147849083
0.0 0.026887968182563782
0.0 0.026909278705716133
0.0 0.026922408491373062
0.0 0.02693065255880356
0.0 0.02693992853164673
0.0 0.026964107528328896
0.0 0.026966828852891922
0.0 0.026971930637955666
0.0 0.02698867954313755
0.0 0.026990432292222977
0.0 0.026995142921805382
0.0 0.026997877284884453
0.0 0.02702236734330654
0.0 0.027029354125261307
0.0 0.027060426771640778
0.0 0.027093971148133278
0.0 0.027105174958705902
0.0 0.027121176943182945
0.0 0.027134930714964867
0.0 0.027137992903590202
0.0 0.027214281260967255
0.0 0.027252918109297752
0.0 0.027272088453173637
0.0 0.02731497585773468
0.0 0.027327649295330048
0.0 0.027363769710063934
0.0 0.02738742157816887
0.0 0.027402445673942566
0.0 0.027434078976511955
0.0 0.0274908859282732
0.0 0.027499979361891747
0.0 0.027510501444339752
0.0 0.027515217661857605
0.0 0.02755727991461754
0.0 0.027589071542024612
0.0 0.027593258768320084
0.0 0.027672553434967995
0.0 0.027686528861522675
0.0 0.027704773470759392
0.0 0.02772999368607998
0.0 0.027756085619330406
0.0 0.02784385345876217
0.0 0.027877202257514
0.0 0.02789747156202793
0.0 0.02794545516371727
0.0 0.027974124997854233
0.0 0.02797628752887249
0.0 0.02799280174076557
0.0 0.02808428555727005
0.0 0.028086883947253227
0.0 0.028087999671697617
0.0 0.02810622751712799
0.0 0.028110047802329063
0.0 0.028123915195465088
0.0 0.028263229876756668
0.0 0.028272993862628937
0.0 0.02827400527894497
0.0 0.02829475700855255
0.0 0.02832765504717827
0.0 0.02842412143945694
0.0 0.028440527617931366
0.0 0.028487810865044594
0.0 0.028503455221652985
0.0 0.028514772653579712
0.0 0.028516879305243492
0.0 0.028562622144818306
0.0 0.028563357889652252
0.0 0.02856411039829254
0.0 0.028579747304320335
0.0 0.028615130111575127
0.0 0.02861606329679489
0.0 0.028626978397369385
0.0 0.02870107628405094
0.0 0.028911110013723373
0.0 0.02892123907804489
0.0 0.02903079241514206
0.0 0.029031353071331978
0.0 0.02903849445283413
0.0 0.02905461937189102
0.0 0.02908400259912014
0.0 0.029118182137608528
0.0 0.02918253280222416
0.0 0.029287593439221382
0.0 0.029293477535247803
0.0 0.02935042977333069
0.0 0.029371047392487526
0.0 0.029460621997714043
0.0 0.02955268882215023
0.0 0.029606567695736885
0.0 0.02962884120643139
0.0 0.029644697904586792
0.0 0.029675299301743507
0.0 0.029725207015872
0.0 0.029729586094617844
0.0 0.02974511869251728
0.0 0.029784534126520157
0.0 0.029837068170309067
0.0 0.02992699295282364
0.0 0.029940247535705566
0.0 0.029973449185490608
0.0 0.030029552057385445
0.0 0.03007698245346546
0.0 0.030110515654087067
0.0 0.030121484771370888
0.0 0.03012707084417343
0.0 0.03020692616701126
0.0 0.03021254576742649
0.0 0.03028453141450882
0.0 0.03032529354095459
0.0 0.03040345571935177
0.0 0.030408581718802452
0.0 0.030416589230298996
0.0 0.030422579497098923
0.0 0.030429936945438385
0.0 0.030438395217061043
0.0 0.030476389452815056
0.0 0.03049761988222599
0.0 0.03057141602039337
0.0 0.030651981011033058
0.0 0.030753908678889275
0.0 0.03078918717801571
0.0 0.030798371881246567
0.0 0.03081456944346428
0.0 0.030853524804115295
0.0 0.030931899324059486
0.0 0.030961325392127037
0.0 0.03100292570888996
0.0 0.03102111630141735
0.0 0.03108975850045681
0.0 0.031123748049139977
0.0 0.03113163821399212
0.0 0.031155364587903023
0.0 0.031175484880805016
0.0 0.03120502643287182
0.0 0.031208164989948273
0.0 0.031217489391565323
0.0 0.03128991648554802
0.0 0.031290795654058456
0.0 0.03144710510969162
0.0 0.03148505464196205
0.0 0.03161817789077759
0.0 0.03163823485374451
0.0 0.03172290697693825
0.0 0.03179990500211716
0.0 0.03189795836806297
0.0 0.031903862953186035
0.0 0.031934261322021484
0.0 0.0319385789334774
0.0 0.03197631984949112
0.0 0.03206861764192581
0.0 0.03210660070180893
0.0 0.03215920552611351
0.0 0.03220130130648613
0.0 0.03227000683546066
0.0 0.032278988510370255
0.0 0.03241705894470215
0.0 0.03244258463382721
0.0 0.03246888518333435
0.0 0.032484814524650574
0.0 0.03274916857481003
0.0 0.03278335556387901
0.0 0.032826147973537445
0.0 0.032906416803598404
0.0 0.03293143957853317
0.0 0.03303989768028259
0.0 0.03305821493268013
0.0 0.03315218165516853
0.0 0.033162448555231094
0.0 0.033255431801080704
0.0 0.03326505050063133
0.0 0.03351808339357376
0.0 0.03366664797067642
0.0 0.033746007829904556
0.0 0.03381219878792763
0.0 0.033830199390649796
0.0 0.03400258347392082
0.0 0.03400663658976555
0.0 0.034068793058395386
0.0 0.03410758078098297
0.0 0.034123871475458145
0.0 0.03412793204188347
0.0 0.03433319553732872
0.0 0.03434496745467186
0.0 0.03435078263282776
0.0 0.03435094654560089
0.0 0.03464898467063904
0.0 0.034798718988895416
0.0 0.034900885075330734
0.0 0.03493191674351692
0.0 0.034978605806827545
0.0 0.03513241931796074
0.0 0.03526502847671509
0.0 0.03547829017043114
0.0 0.03553180396556854
0.0 0.03560763970017433
0.0 0.035630472004413605
0.0 0.035656772553920746
0.0 0.03581714257597923
0.0 0.035950567573308945
0.0 0.03599431365728378
0.0 0.03603034466505051
0.0 0.03603694587945938
0.0 0.03633171692490578
0.0 0.03634456917643547
0.0 0.03640928491950035
0.0 0.036591753363609314
0.0 0.03672318533062935
0.0 0.03677624836564064
0.0 0.03702068701386452
0.0 0.03707157447934151
0.0 0.037159815430641174
0.0 0.03721469268202782
0.0 0.03805253282189369
0.0 0.038327816873788834
0.0 0.03871220722794533
0.0 0.03872935473918915
0.0 0.03900427371263504
0.0 0.039255913347005844
0.0 0.03940776735544205
0.0 0.03955065459012985
0.0 0.03977392241358757
0.0 0.03995700925588608
0.0 0.04011616110801697
0.0 0.040208227932453156
0.0 0.04030846804380417
0.0 0.040804021060466766
0.0 0.04084315523505211
0.0 0.04137500748038292
0.0 0.041539862751960754
0.0 0.04161150008440018
0.0 0.0422503761947155
0.0 0.04231289029121399
0.0 0.042763881385326385
0.0 0.043599072843790054
0.0 0.04364742338657379
0.0 0.04387135058641434
0.0 0.04417286068201065
0.0 0.04435911029577255
0.0 0.04446268454194069
0.0 0.04510466009378433
0.0 0.0451161228120327
0.0 0.045247308909893036
0.0 0.04606910049915314
0.0 0.04730129987001419
0.0 0.04733309894800186
0.0 0.04818940907716751
0.0 0.048958901315927505
0.0 0.06806109100580215
0.0 inf
