0.0 0.04251011833548546
0.0 0.04354354366660118
0.0 0.04369954764842987
0.0 0.04572116956114769
0.0 0.04573424160480499
0.0 0.045786209404468536
0.0 0.04582946375012398
0.0 0.045867305248975754
0.0 0.0463048592209816
0.0 0.0464400090277195
0.0 0.04652448371052742
0.0 0.04657808318734169
0.0 0.04681386798620224
0.0 0.046976812183856964
0.0 0.047098804265260696
0.0 0.047250814735889435
0.0 0.047997716814279556
0.0 0.04844820499420166
0.0 0.049343619495630264
0.0 0.049396976828575134
0.0 0.049653712660074234
0.0 0.049918051809072495
0.0 0.05014824494719505
0.0 0.0502358004450798
0.0 0.05049370974302292
0.0 0.05076096951961517
0.0 0.05091936141252518
0.0 0.05115441605448723
0.0 0.05120597034692764
0.0 0.051213715225458145
0.0 0.05183039978146553
0.0 0.05194137245416641
0.0 0.052086241543293
0.0 0.05220595747232437
0.0 0.05224146321415901
0.0 0.0523836649954319
0.0 0.05242631584405899
0.0 0.052480604499578476
0.0 0.05255044251680374
0.0 0.052597206085920334
0.0 0.052876368165016174
0.0 0.053185295313596725
0.0 0.05323544889688492
0.0 0.053238194435834885
0.0 0.053275760263204575
0.0 0.05349874868988991
0.0 0.053544167429208755
0.0 0.05361774563789368
0.0 0.05377629026770592
0.0 0.05391624569892883
0.0 0.05409529432654381
0.0 0.05411586910486221
0.0 0.054121486842632294
0.0 0.05414465069770813
0.0 0.05429257079958916
0.0 0.05434552952647209
0.0 0.054435886442661285
0.0 0.05457778647542
0.0 0.05463321879506111
0.0 0.05518748611211777
0.0 0.05523369833827019
0.0 0.055430684238672256
0.0 0.055506087839603424
0.0 0.055574700236320496
0.0 0.05567280948162079
0.0 0.05575413629412651
0.0 0.055758483707904816
0.0 0.05579756572842598
0.0 0.055856551975011826
0.0 0.05601176992058754
0.0 0.056084778159856796
0.0 0.05612282082438469
0.0 0.0561271570622921
0.0 0.0561370775103569
0.0 0.056266769766807556
0.0 0.056454647332429886
0.0 0.056468717753887177
0.0 0.056487686932086945
0.0 0.05679353326559067
0.0 0.05683354660868645
0.0 0.056940458714962006
0.0 0.05696474015712738
0.0 0.05699612572789192
0.0 0.05701030045747757
0.0 0.05715150386095047
0.0 0.05720461905002594
0.0 0.0573418103158474
0.0 0.057401690632104874
0.0 0.057572487741708755
0.0 0.05757991597056389
0.0 0.057705532759428024
0.0 0.05775121599435806
0.0 0.05777053162455559
0.0 0.057870831340551376
0.0 0.05793020874261856
0.0 0.058140262961387634
0.0 0.05817655846476555
0.0 0.05818336457014084
0.0 0.05821821093559265
0.0 0.05822381749749184
0.0 0.05827871337532997
0.0 0.05834222584962845
0.0 0.0584096759557724
0.0 0.05846826732158661
0.0 0.05860466510057449
0.0 0.05877576395869255
0.0 0.05882762372493744
0.0 0.05901565030217171
0.0 0.05901647359132767
0.0 0.05905551463365555
0.0 0.059167101979255676
0.0 0.05929633602499962
0.0 0.05929730087518692
0.0 0.05931692197918892
0.0 0.059331901371479034
0.0 0.0594325065612793
0.0 0.05945954471826553
0.0 0.059555813670158386
0.0 0.05957270413637161
0.0 0.05983196198940277
0.0 0.059849563986063004
0.0 0.05985698848962784
0.0 0.05990120768547058
0.0 0.06002107262611389
0.0 0.06003227084875107
0.0 0.06005718931555748
0.0 0.06011750176548958
0.0 0.06014038249850273
0.0 0.06016475334763527
0.0 0.060190312564373016
0.0 0.060195956379175186
0.0 0.06043684482574463
0.0 0.06045844405889511
0.0 0.06049681082367897
0.0 0.060673464089632034
0.0 0.0609290674328804
0.0 0.060982588678598404
0.0 0.06119154393672943
0.0 0.06139142066240311
0.0 0.06144342198967934
0.0 0.061561353504657745
0.0 0.061655838042497635
0.0 0.061710719019174576
0.0 0.06177094951272011
0.0 0.061773836612701416
0.0 0.06209453567862511
0.0 0.062108416110277176
0.0 0.062256984412670135
0.0 0.06240663304924965
0.0 0.062411531805992126
0.0 0.06253228336572647
0.0 0.06253805011510849
0.0 0.06263741850852966
0.0 0.06273315846920013
0.0 0.06281473487615585
0.0 0.06283684074878693
0.0 0.06287574023008347
0.0 0.06307882070541382
0.0 0.06314878910779953
0.0 0.06324222683906555
0.0 0.06332191079854965
0.0 0.06346695125102997
0.0 0.06359463185071945
0.0 0.06360466033220291
0.0 0.06361690908670425
0.0 0.06368841230869293
0.0 0.06376031041145325
0.0 0.06390845030546188
0.0 0.06399960070848465
0.0 0.06432430446147919
0.0 0.06442290544509888
0.0 0.06442618370056152
0.0 0.06451620906591415
0.0 0.06454414129257202
0.0 0.06462007761001587
0.0 0.06466417759656906
0.0 0.064692422747612
0.0 0.06473614275455475
0.0 0.06483317911624908
0.0 0.06487567722797394
0.0 0.06496759504079819
0.0 0.06533821672201157
0.0 0.06545183807611465
0.0 0.06554131954908371
0.0 0.06556094437837601
0.0 0.06558773666620255
0.0 0.06563757359981537
0.0 0.06565359234809875
0.0 0.06567651033401489
0.0 0.06569069623947144
0.0 0.06575895100831985
0.0 0.06576074659824371
0.0 0.06579405814409256
0.0 0.06592346727848053
0.0 0.06595249474048615
0.0 0.06605453044176102
0.0 0.06624744832515717
0.0 0.06625617295503616
0.0 0.06626181304454803
0.0 0.06627149879932404
0.0 0.06632469594478607
0.0 0.06650855392217636
0.0 0.06663890182971954
0.0 0.06668644398450851
0.0 0.06672117859125137
0.0 0.06686656922101974
0.0 0.06697981059551239
0.0 0.06707780063152313
0.0 0.06717552244663239
0.0 0.06723658740520477
0.0 0.06724654138088226
0.0 0.06729325652122498
0.0 0.06735516339540482
0.0 0.06735940277576447
0.0 0.06739780306816101
0.0 0.06758666783571243
0.0 0.06763214617967606
0.0 0.06765662878751755
0.0 0.06778044998645782
0.0 0.06791838258504868
0.0 0.06802301108837128
0.0 0.06805339455604553
0.0 0.0682649314403534
0.0 0.06826971471309662
0.0 0.06847190856933594
0.0 0.06850344687700272
0.0 0.06850360333919525
0.0 0.06860297173261642
0.0 0.06879954040050507
0.0 0.06889098882675171
0.0 0.06894844770431519
0.0 0.06896885484457016
0.0 0.06904436647891998
0.0 0.06912348419427872
0.0 0.06928849220275879
0.0 0.06928927451372147
0.0 0.06931494176387787
0.0 0.06934551149606705
0.0 0.06944023072719574
0.0 0.06958524882793427
0.0 0.06959230452775955
0.0 0.06967266649007797
0.0 0.06977543234825134
0.0 0.06994651257991791
0.0 0.06995122879743576
0.0 0.06996326148509979
0.0 0.0700012668967247
0.0 0.07005716860294342
0.0 0.07022277265787125
0.0 0.07027760148048401
0.0 0.07033035904169083
0.0 0.07048710435628891
0.0 0.07060855627059937
0.0 0.07066864520311356
0.0 0.07082831114530563
0.0 0.07083168625831604
0.0 0.07086184620857239
0.0 0.07095175981521606
0.0 0.07099217921495438
0.0 0.07114577293395996
0.0 0.07116742432117462
0.0 0.07126086950302124
0.0 0.07133171707391739
0.0 0.07143034040927887
0.0 0.07143250852823257
0.0 0.07151010632514954
0.0 0.07154981046915054
0.0 0.07166120409965515
0.0 0.07170303910970688
0.0 0.07180733978748322
0.0 0.07193481177091599
0.0 0.07197172939777374
0.0 0.07200029492378235
0.0 0.07219137251377106
0.0 0.07243327051401138
0.0 0.07248539477586746
0.0 0.07259145379066467
0.0 0.07273779809474945
0.0 0.07276242226362228
0.0 0.07280457019805908
0.0 0.07285478711128235
0.0 0.07313220202922821
0.0 0.07318253070116043
0.0 0.07329722493886948
0.0 0.07344359159469604
0.0 0.07359520345926285
0.0 0.07360471040010452
0.0 0.07366675138473511
0.0 0.0738314539194107
0.0 0.07384056597948074
0.0 0.07391755282878876
0.0 0.07394779473543167
0.0 0.07400806993246078
0.0 0.07406388968229294
0.0 0.07406847923994064
0.0 0.07421258836984634
0.0 0.07445575296878815
0.0 0.07464557886123657
0.0 0.07465751469135284
0.0 0.07477808743715286
0.0 0.07483284175395966
0.0 0.0750337541103363
0.0 0.07506066560745239
0.0 0.07506121695041656
0.0 0.07507184892892838
0.0 0.07521729916334152
0.0 0.07522018253803253
0.0 0.07531622052192688
0.0 0.0753442719578743
0.0 0.07546250522136688
0.0 0.07551639527082443
0.0 0.07551942765712738
0.0 0.07558184117078781
0.0 0.0756097137928009
0.0 0.07575085759162903
0.0 0.07593562453985214
0.0 0.07616745680570602
0.0 0.07630302757024765
0.0 0.07643120735883713
0.0 0.07644718885421753
0.0 0.07651463150978088
0.0 0.07651777565479279
0.0 0.07675112038850784
0.0 0.07676491141319275
0.0 0.07709377259016037
0.0 0.07721076160669327
0.0 0.07726015150547028
0.0 0.0773094967007637
0.0 0.07733753323554993
0.0 0.07736852765083313
0.0 0.07748419791460037
0.0 0.07751090079545975
0.0 0.07756773382425308
0.0 0.07758396118879318
0.0 0.0776979848742485
0.0 0.07779218256473541
0.0 0.07794355601072311
0.0 0.07805231213569641
0.0 0.07813405245542526
0.0 0.07817642390727997
0.0 0.07827210426330566
0.0 0.07827731221914291
0.0 0.07839340716600418
0.0 0.07853266596794128
0.0 0.07855334132909775
0.0 0.07870323210954666
0.0 0.07888277620077133
0.0 0.07889897376298904
0.0 0.07891277223825455
0.0 0.07913292199373245
0.0 0.07934977114200592
0.0 0.07957837730646133
0.0 0.07961773872375488
0.0 0.07974701374769211
0.0 0.07976370304822922
0.0 0.07986672967672348
0.0 0.07995258271694183
0.0 0.08007831126451492
0.0 0.08031684160232544
0.0 0.08040564507246017
0.0 0.08057422935962677
0.0 0.08057910203933716
0.0 0.08067309856414795
0.0 0.08082965016365051
0.0 0.08085482567548752
0.0 0.08087973296642303
0.0 0.08114567399024963
0.0 0.08140426874160767
0.0 0.08173811435699463
0.0 0.08181190490722656
0.0 0.08197562396526337
0.0 0.0821710005402565
0.0 0.08223309367895126
0.0 0.08237630873918533
0.0 0.082477867603302
0.0 0.0825561061501503
0.0 0.08300428092479706
0.0 0.0830441415309906
0.0 0.08307186514139175
0.0 0.08307205140590668
0.0 0.0831243097782135
0.0 0.08317375183105469
0.0 0.08329948782920837
0.0 0.08341480046510696
0.0 0.08347079157829285
0.0 0.0835106298327446
0.0 0.08351747691631317
0.0 0.08355717360973358
0.0 0.08373340219259262
0.0 0.08390582352876663
0.0 0.08402252197265625
0.0 0.08406976610422134
0.0 0.08423605561256409
0.0 0.08463449776172638
0.0 0.0846414715051651
0.0 0.08473009616136551
0.0 0.0850503072142601
0.0 0.08509062230587006
0.0 0.08536803722381592
0.0 0.0854964628815651
0.0 0.08579042553901672
0.0 0.08580676466226578
0.0 0.08583609759807587
0.0 0.08632857352495193
0.0 0.08652439713478088
0.0 0.08657443523406982
0.0 0.08657913655042648
0.0 0.08659562468528748
0.0 0.08669933676719666
0.0 0.08674411475658417
0.0 0.08674422651529312
0.0 0.08697837591171265
0.0 0.087064228951931
0.0 0.08711519092321396
0.0 0.08711669594049454
0.0 0.08736415207386017
0.0 0.08754462748765945
0.0 0.08797838538885117
0.0 0.08806395530700684
0.0 0.08807503432035446
0.0 0.08822205662727356
0.0 0.08822933584451675
0.0 0.08840619027614594
0.0 0.08841077983379364
0.0 0.08847180753946304
0.0 0.08852894604206085
0.0 0.08856086432933807
0.0 0.08888185024261475
0.0 0.08910068869590759
0.0 0.08911707997322083
0.0 0.0892980620265007
0.0 0.08935163915157318
0.0 0.08945979177951813
0.0 0.08964581787586212
0.0 0.0896654725074768
0.0 0.08974287658929825
0.0 0.09013060480356216
0.0 0.09039627015590668
0.0 0.09043920040130615
0.0 0.0905844122171402
0.0 0.09083051979541779
0.0 0.09090489894151688
0.0 0.0913655012845993
0.0 0.09247855097055435
0.0 0.0925365462899208
0.0 0.09265010058879852
0.0 0.092667356133461
0.0 0.09268606454133987
0.0 0.09269877523183823
0.0 0.09330841153860092
0.0 0.09347938746213913
0.0 0.09352391213178635
0.0 0.09353099763393402
0.0 0.094623863697052
0.0 0.09478721022605896
0.0 0.09566015750169754
0.0 0.095823273062706
0.0 0.09590615332126617
0.0 0.09606510400772095
0.0 0.09618633985519409
0.0 0.09623275697231293
0.0 0.0965842455625534
0.0 0.09661778807640076
0.0 0.09729011356830597
0.0 0.09733078628778458
0.0 0.09837060421705246
0.0 0.0991058275103569
0.0 0.0991414338350296
0.0 0.0998375341296196
0.0 0.10041480511426926
0.0 0.10071457922458649
0.0 0.1009475365281105
0.0 0.10120969265699387
0.0 0.10142043977975845
0.0 0.10150367766618729
0.0 0.10156566649675369
0.0 0.10197360068559647
0.0 0.10197681188583374
0.0 0.10203705728054047
0.0 0.1020645722746849
0.0 0.10224086046218872
0.0 0.10312005132436752
0.0 0.1035950556397438
0.0 0.10382511466741562
0.0 0.10393442958593369
0.0 0.1046956405043602
0.0 0.10527637600898743
0.0 0.10603784769773483
0.0 0.10649524629116058
0.0 0.10667075216770172
0.0 0.10695626586675644
0.0 0.1074904128909111
0.0 0.10913270711898804
0.0 0.10946249961853027
0.0 0.10974074900150299
0.0 0.10981985181570053
0.0 0.11053278297185898
0.0 0.11210555583238602
0.0 0.11218051612377167
0.0 0.11259198188781738
0.0 0.11789324879646301
0.0 0.11858077347278595
0.0 0.1202472373843193
0.0 0.1209949180483818
0.0 0.12106266617774963
0.0 0.12196347117424011
0.0 0.12221790850162506
0.0 0.13543744385242462
0.0 0.14154790341854095
0.0 0.14179541170597076
0.0 0.14675359427928925
0.0 inf
