0.0 0.031385600566864014
0.0 0.03142638877034187
0.0 0.03290854021906853
0.0 0.034242235124111176
0.0 0.034939464181661606
0.0 0.035085149109363556
0.0 0.03538203611969948
0.0 0.035723455250263214
0.0 0.036033980548381805
0.0 0.03610248118638992
0.0 0.03614988550543785
0.0 0.03658604249358177
0.0 0.036688048392534256
0.0 0.037255387753248215
0.0 0.03835280239582062
0.0 0.03877202421426773
0.0 0.038901444524526596
0.0 0.039057835936546326
0.0 0.03963193669915199
0.0 0.039847396314144135
0.0 0.0400504507124424
0.0 0.040102872997522354
0.0 0.04012494906783104
0.0 0.040429603308439255
0.0 0.040697406977415085
0.0 0.040822554379701614
0.0 0.04097318276762962
0.0 0.04120391234755516
0.0 0.04129312187433243
0.0 0.04146188870072365
0.0 0.04157872870564461
0.0 0.041703011840581894
0.0 0.04182837903499603
0.0 0.041855525225400925
0.0 0.04209808260202408
0.0 0.04222714155912399
0.0 0.042289912700653076
0.0 0.04243709519505501
0.0 0.042512912303209305
0.0 0.04287737235426903
0.0 0.043009426444768906
0.0 0.04302447661757469
0.0 0.043111201375722885
0.0 0.04313481226563454
0.0 0.043221861124038696
0.0 0.0435250960290432
0.0 0.04355183243751526
0.0 0.04361356794834137
0.0 0.04368068650364876
0.0 0.043750058859586716
0.0 0.043815381824970245
0.0 0.04394856095314026
0.0 0.04396158829331398
0.0 0.04430835694074631
0.0 0.044332753866910934
0.0 0.04453953355550766
0.0 0.04454953223466873
0.0 0.04460965842008591
0.0 0.044678106904029846
0.0 0.044876787811517715
0.0 0.04498796910047531
0.0 0.04505779221653938
0.0 0.04507439211010933
0.0 0.04512014985084534
0.0 0.04513059929013252
0.0 0.04543464258313179
0.0 0.04545684903860092
0.0 0.04545716196298599
0.0 0.04546865075826645
0.0 0.04550740122795105
0.0 0.04553825035691261
0.0 0.04555389657616615
0.0 0.04560723528265953
0.0 0.04583299905061722
0.0 0.04591723158955574
0.0 0.045957308262586594
0.0 0.04601938650012016
0.0 0.0461907833814621
0.0 0.046207670122385025
0.0 0.04627356678247452
0.0 0.04633879289031029
0.0 0.0463949479162693
0.0 0.04642457142472267
0.0 0.0464276522397995
0.0 0.04647381231188774
0.0 0.04662427678704262
0.0 0.04665960371494293
0.0 0.04666526988148689
0.0 0.04672393575310707
0.0 0.04682447388768196
0.0 0.04687070846557617
0.0 0.04693673551082611
0.0 0.04693983495235443
0.0 0.04696407541632652
0.0 0.04697302356362343
0.0 0.04715987294912338
0.0 0.047185108065605164
0.0 0.047217708081007004
0.0 0.04721955209970474
0.0 0.047296807169914246
0.0 0.04737144708633423
0.0 0.04737222194671631
0.0 0.04746630787849426
0.0 0.04750366508960724
0.0 0.047545310109853745
0.0 0.04754732921719551
0.0 0.04755178466439247
0.0 0.04758618026971817
0.0 0.04766451194882393
0.0 0.047689951956272125
0.0 0.047754641622304916
0.0 0.04779135063290596
0.0 0.047811359167099
0.0 0.047857705503702164
0.0 0.04789639264345169
0.0 0.04796961322426796
0.0 0.04799835756421089
0.0 0.048038747161626816
0.0 0.048055145889520645
0.0 0.04820648953318596
0.0 0.04820925369858742
0.0 0.04823918640613556
0.0 0.04830938205122948
0.0 0.04833472520112991
0.0 0.048337358981370926
0.0 0.04835965484380722
0.0 0.04836991801857948
0.0 0.04840116575360298
0.0 0.04841144382953644
0.0 0.048413775861263275
0.0 0.048417869955301285
0.0 0.048448946326971054
0.0 0.048545628786087036
0.0 0.048567287623882294
0.0 0.04861300066113472
0.0 0.048685986548662186
0.0 0.04868699610233307
0.0 0.0486932210624218
0.0 0.04869580268859863
0.0 0.04884122684597969
0.0 0.048888374119997025
0.0 0.04904162138700485
0.0 0.04905889183282852
0.0 0.04908361658453941
0.0 0.04909864068031311
0.0 0.0491018071770668
0.0 0.04911930486559868
0.0 0.04919510334730148
0.0 0.049289360642433167
0.0 0.049295295029878616
0.0 0.049301907420158386
0.0 0.04932897165417671
0.0 0.049365267157554626
0.0 0.04936755448579788
0.0 0.04938473924994469
0.0 0.04943821579217911
0.0 0.04946501925587654
0.0 0.04946792498230934
0.0 0.04951312765479088
0.0 0.04952065274119377
0.0 0.04952153563499451
0.0 0.04956633225083351
0.0 0.04956771805882454
0.0 0.04957398772239685
0.0 0.04960594326257706
0.0 0.04964495822787285
0.0 0.04972319304943085
0.0 0.04972989112138748
0.0 0.04987747222185135
0.0 0.050082799047231674
0.0 0.05011790245771408
0.0 0.05013910308480263
0.0 0.050257887691259384
0.0 0.05026765540242195
0.0 0.050364091992378235
0.0 0.050483617931604385
0.0 0.0504942424595356
0.0 0.0505429282784462
0.0 0.05059298500418663
0.0 0.05063500255346298
0.0 0.050697822123765945
0.0 0.05080192908644676
0.0 0.05080598592758179
0.0 0.05084126815199852
0.0 0.05090697109699249
0.0 0.05099643021821976
0.0 0.051003098487854004
0.0 0.05110105872154236
0.0 0.051212672144174576
0.0 0.051320940256118774
0.0 0.05132260173559189
0.0 0.05132943019270897
0.0 0.051354821771383286
0.0 0.05144936591386795
0.0 0.051453690975904465
0.0 0.05147708207368851
0.0 0.05156341567635536
0.0 0.051605306565761566
0.0 0.05161029100418091
0.0 0.05181019380688667
0.0 0.05187811702489853
0.0 0.051880571991205215
0.0 0.051893141120672226
0.0 0.05198010802268982
0.0 0.05198833718895912
0.0 0.05200616642832756
0.0 0.052019402384757996
0.0 0.05209952965378761
0.0 0.05209961533546448
0.0 0.05212051793932915
0.0 0.052279695868492126
0.0 0.05252636969089508
0.0 0.05254628509283066
0.0 0.05269375443458557
0.0 0.0527731254696846
0.0 0.05282512307167053
0.0 0.0528605617582798
0.0 0.05289284884929657
0.0 0.052894603461027145
0.0 0.05289493501186371
0.0 0.05305162072181702
0.0 0.05307549983263016
0.0 0.053182415664196014
0.0 0.05320408195257187
0.0 0.053344402462244034
0.0 0.0533464178442955
0.0 0.053488265722990036
0.0 0.05353697016835213
0.0 0.05354055389761925
0.0 0.05361076816916466
0.0 0.05362279340624809
0.0 0.0537557452917099
0.0 0.05382511019706726
0.0 0.05382532626390457
0.0 0.053874507546424866
0.0 0.05392388626933098
0.0 0.053997691720724106
0.0 0.05402198061347008
0.0 0.05409426614642143
0.0 0.05410969257354736
0.0 0.054221201688051224
0.0 0.05425623059272766
0.0 0.054259657859802246
0.0 0.05432090535759926
0.0 0.054337482899427414
0.0 0.05436380207538605
0.0 0.054419297724962234
0.0 0.054428450763225555
0.0 0.054470889270305634
0.0 0.054718535393476486
0.0 0.05475806072354317
0.0 0.05478696525096893
0.0 0.05498433858156204
0.0 0.05510951951146126
0.0 0.05511391907930374
0.0 0.05511828884482384
0.0 0.05517683923244476
0.0 0.055198024958372116
0.0 0.05526125431060791
0.0 0.055284589529037476
0.0 0.055343661457300186
0.0 0.055389322340488434
0.0 0.055434681475162506
0.0 0.055478569120168686
0.0 0.05550622195005417
0.0 0.05563999339938164
0.0 0.055719777941703796
0.0 0.055787209421396255
0.0 0.05587133392691612
0.0 0.055882979184389114
0.0 0.05590906739234924
0.0 0.05594007670879364
0.0 0.05599209666252136
0.0 0.05606074258685112
0.0 0.056128621101379395
0.0 0.05631071701645851
0.0 0.05635872110724449
0.0 0.05639829486608505
0.0 0.05645828694105148
0.0 0.05652923882007599
0.0 0.05653107538819313
0.0 0.05656081438064575
0.0 0.056585509330034256
0.0 0.056775111705064774
0.0 0.05677971616387367
0.0 0.0567801259458065
0.0 0.05686657875776291
0.0 0.05691966786980629
0.0 0.05697602406144142
0.0 0.05697685107588768
0.0 0.0569816529750824
0.0 0.05710247531533241
0.0 0.05713064968585968
0.0 0.057412050664424896
0.0 0.05745262652635574
0.0 0.057503506541252136
0.0 0.057512011379003525
0.0 0.057561930269002914
0.0 0.05761822313070297
0.0 0.057687729597091675
0.0 0.05770585313439369
0.0 0.05784420669078827
0.0 0.057852599769830704
0.0 0.0579349510371685
0.0 0.058143917471170425
0.0 0.058300428092479706
0.0 0.05836112052202225
0.0 0.05846912041306496
0.0 0.058537326753139496
0.0 0.05857197195291519
0.0 0.058624736964702606
0.0 0.0587625652551651
0.0 0.058767545968294144
0.0 0.05889656022191048
0.0 0.0588972233235836
0.0 0.05897894874215126
0.0 0.05897900462150574
0.0 0.05903024598956108
0.0 0.059101007878780365
0.0 0.05911168083548546
0.0 0.05920404940843582
0.0 0.05921236798167229
0.0 0.059281449764966965
0.0 0.05933185666799545
0.0 0.05943143367767334
0.0 0.05950907617807388
0.0 0.059537358582019806
0.0 0.05964726582169533
0.0 0.05977913737297058
0.0 0.059917233884334564
0.0 0.06002802029252052
0.0 0.06005670875310898
0.0 0.060104284435510635
0.0 0.060113441199064255
0.0 0.060118552297353745
0.0 0.06022849678993225
0.0 0.06034637615084648
0.0 0.06036049872636795
0.0 0.06037312373518944
0.0 0.060460396111011505
0.0 0.06071789562702179
0.0 0.0607658289372921
0.0 0.060828689485788345
0.0 0.06084926798939705
0.0 0.060851722955703735
0.0 0.060859035700559616
0.0 0.06086698919534683
0.0 0.06092541292309761
0.0 0.061064764857292175
0.0 0.06107284128665924
0.0 0.061111487448215485
0.0 0.06119266524910927
0.0 0.06119939684867859
0.0 0.061268482357263565
0.0 0.0612863264977932
0.0 0.06129572540521622
0.0 0.061320483684539795
0.0 0.06140127778053284
0.0 0.06149117276072502
0.0 0.06150805577635765
0.0 0.06166085973381996
0.0 0.06188599765300751
0.0 0.061942681670188904
0.0 0.06197074428200722
0.0 0.061971500515937805
0.0 0.06201811879873276
0.0 0.06202508881688118
0.0 0.062063753604888916
0.0 0.06206517294049263
0.0 0.0620669424533844
0.0 0.06216484680771828
0.0 0.06222090870141983
0.0 0.06228380277752876
0.0 0.06235475093126297
0.0 0.06241970509290695
0.0 0.06255421787500381
0.0 0.0626097097992897
0.0 0.0627124235033989
0.0 0.06272631883621216
0.0 0.06272917240858078
0.0 0.06275801360607147
0.0 0.06276778876781464
0.0 0.06285447627305984
0.0 0.06289668381214142
0.0 0.06309954822063446
0.0 0.06314385682344437
0.0 0.0632585659623146
0.0 0.06327321380376816
0.0 0.06331577152013779
0.0 0.06337562203407288
0.0 0.06343697756528854
0.0 0.06360693275928497
0.0 0.0637749508023262
0.0 0.0638803243637085
0.0 0.06388641148805618
0.0 0.06401653587818146
0.0 0.06412699818611145
0.0 0.06429421156644821
0.0 0.06443892419338226
0.0 0.06446447223424911
0.0 0.0647238940000534
0.0 0.06476977467536926
0.0 0.06482484191656113
0.0 0.06485431641340256
0.0 0.06495749950408936
0.0 0.06509964168071747
0.0 0.06509988754987717
0.0 0.06513895094394684
0.0 0.06524300575256348
0.0 0.06532079726457596
0.0 0.06551020592451096
0.0 0.06566751003265381
0.0 0.06568796932697296
0.0 0.06570101529359818
0.0 0.0657125860452652
0.0 0.06583422422409058
0.0 0.06585751473903656
0.0 0.06586289405822754
0.0 0.06602359563112259
0.0 0.06615619361400604
0.0 0.06623301655054092
0.0 0.066258504986763
0.0 0.06628669053316116
0.0 0.06646863371133804
0.0 0.06670545786619186
0.0 0.0668441653251648
0.0 0.06685302406549454
0.0 0.0669698417186737
0.0 0.06701071560382843
0.0 0.06767408549785614
0.0 0.06792698800563812
0.0 0.06797385960817337
0.0 0.06842685490846634
0.0 0.06849591434001923
0.0 0.06871262192726135
0.0 0.0689316838979721
0.0 0.06912903487682343
0.0 0.0691305622458458
0.0 0.06948204338550568
0.0 0.06949463486671448
0.0 0.06970540434122086
0.0 0.06985875219106674
0.0 0.0699811726808548
0.0 0.07005234807729721
0.0 0.07040193676948547
0.0 0.07043527066707611
0.0 0.07061921060085297
0.0 0.0707259550690651
0.0 0.07094144821166992
0.0 0.07095388323068619
0.0 0.07101976871490479
0.0 0.07119543105363846
0.0 0.07126636058092117
0.0 0.07160801440477371
0.0 0.07181134819984436
0.0 0.07226000726222992
0.0 0.072270967066288
0.0 0.07232555001974106
0.0 0.0725693330168724
0.0 0.07260700315237045
0.0 0.07268200069665909
0.0 0.07311729341745377
0.0 0.07320436835289001
0.0 0.07344208657741547
0.0 0.07355111092329025
0.0 0.07365965098142624
0.0 0.07384780049324036
0.0 0.07426472008228302
0.0 0.07430800795555115
0.0 0.07452627271413803
0.0 0.074675552546978
0.0 0.07536261528730392
0.0 0.07552304863929749
0.0 0.07638140022754669
0.0 0.07650779187679291
0.0 0.07702221721410751
0.0 0.07732436060905457
0.0 0.07797776162624359
0.0 0.07798226177692413
0.0 0.07830167561769485
0.0 0.07838472723960876
0.0 0.07914748787879944
0.0 0.08009001612663269
0.0 0.08047816902399063
0.0 0.08065944910049438
0.0 0.08232898265123367
0.0 0.08397463709115982
0.0 0.0841137021780014
0.0 0.08695679157972336
0.0 0.087144635617733
0.0 0.08888375759124756
0.0 0.09501252323389053
0.0 0.0960930585861206
0.0 0.0991191640496254
0.0 0.10055150836706161
0.0 0.10590808838605881
0.0 0.10936347395181656
0.0 0.11004802584648132
0.0 0.11214299499988556
0.0 0.11379697173833847
0.0 0.11672215908765793
0.0 0.11701756715774536
0.0 0.11728783696889877
0.0 0.11866588890552521
0.0 0.1192711740732193
0.0 0.12290061265230179
0.0 0.12326870858669281
0.0 0.1313699632883072
0.0 0.13945844769477844
0.0 0.14017856121063232
0.0 0.15438176691532135
0.0 inf
