0.0 0.042592499405145645
0.0 0.044674452394247055
0.0 0.048122912645339966
0.0 0.04838883504271507
0.0 0.04858214780688286
0.0 0.05010632798075676
0.0 0.052056193351745605
0.0 0.05207308754324913
0.0 0.05298237502574921
0.0 0.05385095998644829
0.0 0.05425657704472542
0.0 0.054896168410778046
0.0 0.055355802178382874
0.0 0.05538049712777138
0.0 0.055505603551864624
0.0 0.05551714077591896
0.0 0.05616849288344383
0.0 0.05618820711970329
0.0 0.05633341148495674
0.0 0.056982580572366714
0.0 0.057026516646146774
0.0 0.057520732283592224
0.0 0.05763695389032364
0.0 0.05780939757823944
0.0 0.05783792585134506
0.0 0.05787372961640358
0.0 0.058044228702783585
0.0 0.058113597333431244
0.0 0.058249540627002716
0.0 0.05843445286154747
0.0 0.05865679681301117
0.0 0.05869162827730179
0.0 0.0588972307741642
0.0 0.05895358696579933
0.0 0.05904224142432213
0.0 0.059110376983881
0.0 0.06003829464316368
0.0 0.060369182378053665
0.0 0.060439519584178925
0.0 0.060666635632514954
0.0 0.060781922191381454
0.0 0.060919515788555145
0.0 0.06093334034085274
0.0 0.060944829136133194
0.0 0.0609990619122982
0.0 0.06121382489800453
0.0 0.06135326251387596
0.0 0.061395421624183655
0.0 0.06152321398258209
0.0 0.06203581392765045
0.0 0.062239810824394226
0.0 0.062351927161216736
0.0 0.06243184581398964
0.0 0.06243877485394478
0.0 0.06249634176492691
0.0 0.06263993680477142
0.0 0.06266562640666962
0.0 0.06277833133935928
0.0 0.06301740556955338
0.0 0.06306368112564087
0.0 0.06315234303474426
0.0 0.06326653808355331
0.0 0.0633384957909584
0.0 0.06337415426969528
0.0 0.0634036585688591
0.0 0.06345990300178528
0.0 0.06363710016012192
0.0 0.06367135792970657
0.0 0.06371024996042252
0.0 0.06372211873531342
0.0 0.06374414265155792
0.0 0.06384695321321487
0.0 0.06392712891101837
0.0 0.0639854446053505
0.0 0.06411372870206833
0.0 0.0641847625374794
0.0 0.06425847858190536
0.0 0.064272440969944
0.0 0.0643826574087143
0.0 0.06449530273675919
0.0 0.06454018503427505
0.0 0.06454510986804962
0.0 0.06457361578941345
0.0 0.06461076438426971
0.0 0.06464266031980515
0.0 0.06472403556108475
0.0 0.06474695354700089
0.0 0.06474972516298294
0.0 0.06476708501577377
0.0 0.06481090933084488
0.0 0.06481859087944031
0.0 0.06486042588949203
0.0 0.06491199135780334
0.0 0.06495102494955063
0.0 0.06506767123937607
0.0 0.06516605615615845
0.0 0.0652218610048294
0.0 0.06547416746616364
0.0 0.06576084345579147
0.0 0.06582336872816086
0.0 0.06586849689483643
0.0 0.06593246012926102
0.0 0.06594335287809372
0.0 0.06599307805299759
0.0 0.06626147776842117
0.0 0.06627275794744492
0.0 0.06628312170505524
0.0 0.06629106402397156
0.0 0.0664052814245224
0.0 0.06644575297832489
0.0 0.06657809019088745
0.0 0.06678283214569092
0.0 0.06681259721517563
0.0 0.06688930094242096
0.0 0.06691401451826096
0.0 0.0669938176870346
0.0 0.06706938147544861
0.0 0.0671585202217102
0.0 0.0672653466463089
0.0 0.06740398705005646
0.0 0.06767730414867401
0.0 0.06772695481777191
0.0 0.0678173154592514
0.0 0.06795646250247955
0.0 0.06801734119653702
0.0 0.06809794157743454
0.0 0.06817525625228882
0.0 0.06833042949438095
0.0 0.06850645691156387
0.0 0.06851021200418472
0.0 0.06853117048740387
0.0 0.06878028810024261
0.0 0.0688997358083725
0.0 0.06895516067743301
0.0 0.06905920803546906
0.0 0.06910084933042526
0.0 0.06913001835346222
0.0 0.0691571831703186
0.0 0.06920777261257172
0.0 0.0692124143242836
0.0 0.06923945993185043
0.0 0.06929167360067368
0.0 0.06942792236804962
0.0 0.06943653523921967
0.0 0.06972426921129227
0.0 0.06988294422626495
0.0 0.0699823722243309
0.0 0.07003472745418549
0.0 0.07009850442409515
0.0 0.07013066112995148
0.0 0.07013419270515442
0.0 0.07033661752939224
0.0 0.07034734636545181
0.0 0.0704115778207779
0.0 0.07055062055587769
0.0 0.0706307590007782
0.0 0.07063228636980057
0.0 0.07066026329994202
0.0 0.07067044079303741
0.0 0.07098064571619034
0.0 0.07105562090873718
0.0 0.07111825048923492
0.0 0.0711434856057167
0.0 0.07121525704860687
0.0 0.07135006785392761
0.0 0.0713760256767273
0.0 0.07143311947584152
0.0 0.07144184410572052
0.0 0.07158663123846054
0.0 0.07161587476730347
0.0 0.07170313596725464
0.0 0.07181663811206818
0.0 0.0718342587351799
0.0 0.07183744013309479
0.0 0.07199625670909882
0.0 0.07200594246387482
0.0 0.07201635092496872
0.0 0.07210366427898407
0.0 0.07213474810123444
0.0 0.072219118475914
0.0 0.07222219556570053
0.0 0.07223020493984222
0.0 0.0723477303981781
0.0 0.07238178700208664
0.0 0.07251463830471039
0.0 0.07259512692689896
0.0 0.07260606437921524
0.0 0.0726117491722107
0.0 0.07269937545061111
0.0 0.07273361086845398
0.0 0.07275096327066422
0.0 0.0728454440832138
0.0 0.07286008447408676
0.0 0.07288888096809387
0.0 0.07314558327198029
0.0 0.07314705848693848
0.0 0.0731484591960907
0.0 0.07315003126859665
0.0 0.07326678186655045
0.0 0.07328234612941742
0.0 0.07330607622861862
0.0 0.07340899854898453
0.0 0.07350844889879227
0.0 0.07364536821842194
0.0 0.07371558248996735
0.0 0.07384492456912994
0.0 0.07395259290933609
0.0 0.07397980242967606
0.0 0.07408459484577179
0.0 0.07416266947984695
0.0 0.07416968047618866
0.0 0.07422981411218643
0.0 0.07424843311309814
0.0 0.074254609644413
0.0 0.07426249980926514
0.0 0.07429923862218857
0.0 0.07435880601406097
0.0 0.07439027726650238
0.0 0.07452050596475601
0.0 0.07460156828165054
0.0 0.07464180886745453
0.0 0.074657142162323
0.0 0.07469633966684341
0.0 0.07472503930330276
0.0 0.07475082576274872
0.0 0.07476983219385147
0.0 0.0747869610786438
0.0 0.07479028403759003
0.0 0.07480509579181671
0.0 0.07480594515800476
0.0 0.07491030544042587
0.0 0.07502595335245132
0.0 0.07508346438407898
0.0 0.07509519904851913
0.0 0.07524323463439941
0.0 0.0755000114440918
0.0 0.0756111666560173
0.0 0.0756162703037262
0.0 0.07566439360380173
0.0 0.07566836476325989
0.0 0.07575467973947525
0.0 0.07580184936523438
0.0 0.07586595416069031
0.0 0.0758724957704544
0.0 0.07602106034755707
0.0 0.07606802880764008
0.0 0.07623793929815292
0.0 0.07630950212478638
0.0 0.07642389088869095
0.0 0.07652905583381653
0.0 0.07653944939374924
0.0 0.07662184536457062
0.0 0.07672126591205597
0.0 0.07678727805614471
0.0 0.076799176633358
0.0 0.07693597674369812
0.0 0.07703636586666107
0.0 0.07722073048353195
0.0 0.07738273590803146
0.0 0.07741309702396393
0.0 0.07754164189100266
0.0 0.07776399701833725
0.0 0.07776719331741333
0.0 0.07796268165111542
0.0 0.0781526044011116
0.0 0.07816141098737717
0.0 0.07820047438144684
0.0 0.07821336388587952
0.0 0.07824930548667908
0.0 0.07827934622764587
0.0 0.07831720262765884
0.0 0.07834936678409576
0.0 0.07842642813920975
0.0 0.07852045446634293
0.0 0.07869673520326614
0.0 0.07873708754777908
0.0 0.07877989113330841
0.0 0.07883551716804504
0.0 0.07896513491868973
0.0 0.0789879560470581
0.0 0.07946072518825531
0.0 0.07951100170612335
0.0 0.07952249050140381
0.0 0.0797370970249176
0.0 0.07976788282394409
0.0 0.07977926731109619
0.0 0.08011843264102936
0.0 0.08013787865638733
0.0 0.08027339726686478
0.0 0.08038725703954697
0.0 0.08059098571538925
0.0 0.08060809969902039
0.0 0.08069077879190445
0.0 0.0807604119181633
0.0 0.08078145980834961
0.0 0.08078808337450027
0.0 0.08082663267850876
0.0 0.08084065467119217
0.0 0.08091109991073608
0.0 0.08111853152513504
0.0 0.08112617582082748
0.0 0.08119726181030273
0.0 0.08128837496042252
0.0 0.08130967617034912
0.0 0.08141358196735382
0.0 0.08153562992811203
0.0 0.08162198215723038
0.0 0.08183024078607559
0.0 0.08191059529781342
0.0 0.08196943998336792
0.0 0.08210120350122452
0.0 0.08212405443191528
0.0 0.08215680718421936
0.0 0.08219736814498901
0.0 0.08228043466806412
0.0 0.08241143077611923
0.0 0.08248183876276016
0.0 0.0825708881020546
0.0 0.0826280489563942
0.0 0.08270565420389175
0.0 0.08276689797639847
0.0 0.08285833150148392
0.0 0.08287156373262405
0.0 0.08290566504001617
0.0 0.08309175819158554
0.0 0.08314543962478638
0.0 0.0834791362285614
0.0 0.08352521061897278
0.0 0.08365035802125931
0.0 0.0836922824382782
0.0 0.08371864259243011
0.0 0.08387687057256699
0.0 0.08391006290912628
0.0 0.08423761278390884
0.0 0.08447600156068802
0.0 0.08456029742956161
0.0 0.08459077030420303
0.0 0.08482255786657333
0.0 0.08482711762189865
0.0 0.0848906859755516
0.0 0.08490744233131409
0.0 0.08493480831384659
0.0 0.08506010472774506
0.0 0.0851016715168953
0.0 0.08510717004537582
0.0 0.08521366864442825
0.0 0.08532370626926422
0.0 0.0853368416428566
0.0 0.08558228611946106
0.0 0.0856449156999588
0.0 0.08567407727241516
0.0 0.08574067056179047
0.0 0.08579966425895691
0.0 0.0858151912689209
0.0 0.08603891730308533
0.0 0.08617272973060608
0.0 0.08636916428804398
0.0 0.08641671389341354
0.0 0.08643775433301926
0.0 0.08646851778030396
0.0 0.0865035355091095
0.0 0.08656042069196701
0.0 0.08668969571590424
0.0 0.08676130324602127
0.0 0.08699405938386917
0.0 0.08713196218013763
0.0 0.08738888800144196
0.0 0.08739403635263443
0.0 0.08741279691457748
0.0 0.08747050166130066
0.0 0.087559774518013
0.0 0.0877680554986
0.0 0.08777960389852524
0.0 0.08779705315828323
0.0 0.08780630677938461
0.0 0.08791055530309677
0.0 0.08791230618953705
0.0 0.08795782178640366
0.0 0.08804070204496384
0.0 0.08805077522993088
0.0 0.08809018135070801
0.0 0.08809331804513931
0.0 0.08838692307472229
0.0 0.08870477974414825
0.0 0.08894521743059158
0.0 0.0889522060751915
0.0 0.0889904648065567
0.0 0.0890420600771904
0.0 0.0890769213438034
0.0 0.08930478990077972
0.0 0.08957387506961823
0.0 0.089942567050457
0.0 0.0899529978632927
0.0 0.08999020606279373
0.0 0.09011809527873993
0.0 0.09012360870838165
0.0 0.09018165618181229
0.0 0.09023585170507431
0.0 0.09045353531837463
0.0 0.09070296585559845
0.0 0.0908019170165062
0.0 0.09083837270736694
0.0 0.09086080640554428
0.0 0.09151330590248108
0.0 0.09164324402809143
0.0 0.09185343980789185
0.0 0.09230896085500717
0.0 0.09236224740743637
0.0 0.09245478361845016
0.0 0.09281451255083084
0.0 0.09293854236602783
0.0 0.09309190511703491
0.0 0.09315207600593567
0.0 0.09323783963918686
0.0 0.09328699111938477
0.0 0.09333009272813797
0.0 0.0933549553155899
0.0 0.09339125454425812
0.0 0.09344564378261566
0.0 0.09350354224443436
0.0 0.09355689585208893
0.0 0.0937352105975151
0.0 0.09415261447429657
0.0 0.09426766633987427
0.0 0.09441603720188141
0.0 0.09453722089529037
0.0 0.0945727527141571
0.0 0.09482152760028839
0.0 0.09533131867647171
0.0 0.09556567668914795
0.0 0.0956980288028717
0.0 0.09583159536123276
0.0 0.0959743857383728
0.0 0.09604504704475403
0.0 0.09658177196979523
0.0 0.09739211946725845
0.0 0.09748920053243637
0.0 0.097646065056324
0.0 0.09784183651208878
0.0 0.09792867302894592
0.0 0.09829998761415482
0.0 0.0983368456363678
0.0 0.09836136549711227
0.0 0.09850520640611649
0.0 0.09854207187891006
0.0 0.09871965646743774
0.0 0.09926418960094452
0.0 0.09936428815126419
0.0 0.09966956824064255
0.0 0.10005650669336319
0.0 0.1001291573047638
0.0 0.10015270859003067
0.0 0.10016459226608276
0.0 0.10041343420743942
0.0 0.10081576555967331
0.0 0.1008424237370491
0.0 0.10116051137447357
0.0 0.10168051719665527
0.0 0.10200543701648712
0.0 0.10218057781457901
0.0 0.1022176444530487
0.0 0.10251633077859879
0.0 0.10291896760463715
0.0 0.1029265969991684
0.0 0.10346470028162003
0.0 0.10378854721784592
0.0 0.10424450784921646
0.0 0.10441862046718597
0.0 0.10454265773296356
0.0 0.10474961251020432
0.0 0.10505892336368561
0.0 0.10518660396337509
0.0 0.10535333305597305
0.0 0.1053955927491188
0.0 0.1063394770026207
0.0 0.10634798556566238
0.0 0.10664276033639908
0.0 0.10778763145208359
0.0 0.10783874243497849
0.0 0.10833901911973953
0.0 0.10849890112876892
0.0 0.10861162096261978
0.0 0.10869297385215759
0.0 0.1091151013970375
0.0 0.10919434577226639
0.0 0.10961908847093582
0.0 0.11009912192821503
0.0 0.11041607707738876
0.0 0.11072716861963272
0.0 0.11086540669202805
0.0 0.11149473488330841
0.0 0.11203546077013016
0.0 0.1120658591389656
0.0 0.112734854221344
0.0 0.1129293143749237
0.0 0.11306611448526382
0.0 0.1142120212316513
0.0 0.11484383791685104
0.0 0.11511553823947906
0.0 0.11543312668800354
0.0 0.11604129523038864
0.0 0.11653918772935867
0.0 0.11749579757452011
0.0 0.11790933459997177
0.0 0.12198339402675629
0.0 0.12391475588083267
0.0 0.12538199126720428
0.0 0.12550269067287445
0.0 0.12662942707538605
0.0 0.13117715716362
0.0 0.13725125789642334
0.0 inf
