0.0 0.018958812579512596
0.0 0.020115312188863754
0.0 0.022966451942920685
0.0 0.023040467873215675
0.0 0.024357320740818977
0.0 0.024607541039586067
0.0 0.024615339934825897
0.0 0.025207458063960075
0.0 0.026267388835549355
0.0 0.026579435914754868
0.0 0.02715902216732502
0.0 0.027636762708425522
0.0 0.027804261073470116
0.0 0.027829378843307495
0.0 0.028089849278330803
0.0 0.028501635417342186
0.0 0.028804978355765343
0.0 0.029039232060313225
0.0 0.029043586924672127
0.0 0.029158351942896843
0.0 0.029187235981225967
0.0 0.02921367436647415
0.0 0.029373852536082268
0.0 0.02945174276828766
0.0 0.029492007568478584
0.0 0.029497789219021797
0.0 0.02967521920800209
0.0 0.03003576397895813
0.0 0.03011307865381241
0.0 0.030163398012518883
0.0 0.030271388590335846
0.0 0.030466314405202866
0.0 0.030467431992292404
0.0 0.030488472431898117
0.0 0.030514797195792198
0.0 0.030584076419472694
0.0 0.030665503814816475
0.0 0.03079325705766678
0.0 0.031096801161766052
0.0 0.03111208975315094
0.0 0.031123008579015732
0.0 0.031191537156701088
0.0 0.03122788295149803
0.0 0.031279306858778
0.0 0.03137759491801262
0.0 0.03145492449402809
0.0 0.031575534492731094
0.0 0.0316031351685524
0.0 0.031616806983947754
0.0 0.031672634184360504
0.0 0.031705837696790695
0.0 0.03181985765695572
0.0 0.03183106705546379
0.0 0.03184035047888756
0.0 0.031875140964984894
0.0 0.031909212470054626
0.0 0.03194397687911987
0.0 0.031986985355615616
0.0 0.03201223909854889
0.0 0.03206738829612732
0.0 0.032082561403512955
0.0 0.03208488970994949
0.0 0.03214992955327034
0.0 0.03222392499446869
0.0 0.03230660781264305
0.0 0.03239285573363304
0.0 0.0324472114443779
0.0 0.03245090693235397
0.0 0.03249729424715042
0.0 0.03251884505152702
0.0 0.03253239020705223
0.0 0.032630208879709244
0.0 0.03269968181848526
0.0 0.032730650156736374
0.0 0.03280923515558243
0.0 0.0328386053442955
0.0 0.03285765275359154
0.0 0.033002253621816635
0.0 0.033090680837631226
0.0 0.03313661366701126
0.0 0.03317877650260925
0.0 0.0332222618162632
0.0 0.03323332592844963
0.0 0.03324083983898163
0.0 0.033247921615839005
0.0 0.03326048702001572
0.0 0.03330807760357857
0.0 0.033336374908685684
0.0 0.033569686114788055
0.0 0.03370046988129616
0.0 0.033724527806043625
0.0 0.033735014498233795
0.0 0.0338185578584671
0.0 0.03384939953684807
0.0 0.03384969010949135
0.0 0.03390232101082802
0.0 0.033936746418476105
0.0 0.03396341949701309
0.0 0.03402090445160866
0.0 0.03402429446578026
0.0 0.03402865678071976
0.0 0.03407623991370201
0.0 0.034138113260269165
0.0 0.034142278134822845
0.0 0.03422165662050247
0.0 0.034468039870262146
0.0 0.03463810309767723
0.0 0.034668970853090286
0.0 0.034669484943151474
0.0 0.03468870744109154
0.0 0.034704260528087616
0.0 0.03474580869078636
0.0 0.03477151319384575
0.0 0.034798331558704376
0.0 0.03484688326716423
0.0 0.03492673859000206
0.0 0.03492806479334831
0.0 0.03498445823788643
0.0 0.0349963903427124
0.0 0.0350060760974884
0.0 0.03501672297716141
0.0 0.03502411022782326
0.0 0.03505294770002365
0.0 0.03514633700251579
0.0 0.03523663431406021
0.0 0.03532133251428604
0.0 0.03534161299467087
0.0 0.03547658771276474
0.0 0.03549268841743469
0.0 0.03550359234213829
0.0 0.03551025316119194
0.0 0.035531170666217804
0.0 0.03554162010550499
0.0 0.035574961453676224
0.0 0.035632818937301636
0.0 0.035666000097990036
0.0 0.03572391718626022
0.0 0.03578413650393486
0.0 0.03585364297032356
0.0 0.03590657562017441
0.0 0.03590737655758858
0.0 0.03600607067346573
0.0 0.03601561859250069
0.0 0.03602156415581703
0.0 0.036053162068128586
0.0 0.036055322736501694
0.0 0.03610288351774216
0.0 0.03610822930932045
0.0 0.03613365441560745
0.0 0.03614214062690735
0.0 0.03614949434995651
0.0 0.03616062551736832
0.0 0.03617807850241661
0.0 0.03621016442775726
0.0 0.036240484565496445
0.0 0.036280978471040726
0.0 0.036299701780080795
0.0 0.03635309264063835
0.0 0.036367252469062805
0.0 0.036379531025886536
0.0 0.03642171621322632
0.0 0.0364508181810379
0.0 0.036461662501096725
0.0 0.03646405041217804
0.0 0.03647609055042267
0.0 0.036483585834503174
0.0 0.036506760865449905
0.0 0.03653765842318535
0.0 0.036598484963178635
0.0 0.036599528044462204
0.0 0.03661007806658745
0.0 0.03661918640136719
0.0 0.03662211820483208
0.0 0.03668053820729256
0.0 0.03671320527791977
0.0 0.0367133803665638
0.0 0.03676286339759827
0.0 0.03678577020764351
0.0 0.03679898753762245
0.0 0.03682984784245491
0.0 0.036900606006383896
0.0 0.03694166988134384
0.0 0.036999668926000595
0.0 0.03701372444629669
0.0 0.03703298419713974
0.0 0.037061527371406555
0.0 0.037061676383018494
0.0 0.03709635138511658
0.0 0.03714266046881676
0.0 0.03719184547662735
0.0 0.03723858669400215
0.0 0.03729986026883125
0.0 0.03733910620212555
0.0 0.0375061109662056
0.0 0.0375627838075161
0.0 0.037640318274497986
0.0 0.037745825946331024
0.0 0.03778884559869766
0.0 0.03780458867549896
0.0 0.03782431781291962
0.0 0.03783680498600006
0.0 0.03786198049783707
0.0 0.03788021579384804
0.0 0.037978317588567734
0.0 0.038075629621744156
0.0 0.0381288081407547
0.0 0.03815922141075134
0.0 0.03834538906812668
0.0 0.03835510089993477
0.0 0.038394249975681305
0.0 0.03839555010199547
0.0 0.038395967334508896
0.0 0.03845923766493797
0.0 0.03851864114403725
0.0 0.03852540999650955
0.0 0.03867282345890999
0.0 0.038674890995025635
0.0 0.03870300576090813
0.0 0.03871605917811394
0.0 0.03881634771823883
0.0 0.03889918699860573
0.0 0.03890569880604744
0.0 0.03891485184431076
0.0 0.038948722183704376
0.0 0.039077263325452805
0.0 0.03908907249569893
0.0 0.03909146040678024
0.0 0.03911120817065239
0.0 0.03920776769518852
0.0 0.03921325132250786
0.0 0.03923630714416504
0.0 0.03925134241580963
0.0 0.03925689309835434
0.0 0.039525486528873444
0.0 0.03956279903650284
0.0 0.03956468030810356
0.0 0.03957436606287956
0.0 0.039577241986989975
0.0 0.03962458297610283
0.0 0.03973209112882614
0.0 0.039806023240089417
0.0 0.039843734353780746
0.0 0.040018849074840546
0.0 0.04014887288212776
0.0 0.040226083248853683
0.0 0.0402359701693058
0.0 0.040265895426273346
0.0 0.0403221920132637
0.0 0.04034620150923729
0.0 0.040504034608602524
0.0 0.04054897278547287
0.0 0.04057001695036888
0.0 0.040641047060489655
0.0 0.040649790316820145
0.0 0.04072465002536774
0.0 0.040739648044109344
0.0 0.04094509407877922
0.0 0.04098048433661461
0.0 0.041019782423973083
0.0 0.041068367660045624
0.0 0.04109117016196251
0.0 0.04121239483356476
0.0 0.04127057269215584
0.0 0.04128555580973625
0.0 0.041287098079919815
0.0 0.041294630616903305
0.0 0.041346363723278046
0.0 0.04134848713874817
0.0 0.0413631871342659
0.0 0.04136990010738373
0.0 0.0414181686937809
0.0 0.04142462834715843
0.0 0.04164581000804901
0.0 0.04166291654109955
0.0 0.04169005528092384
0.0 0.041694216430187225
0.0 0.04177028685808182
0.0 0.04177452623844147
0.0 0.04178151488304138
0.0 0.041798513382673264
0.0 0.041869793087244034
0.0 0.04195450618863106
0.0 0.041968878358602524
0.0 0.041977040469646454
0.0 0.042009852826595306
0.0 0.042084820568561554
0.0 0.04208626598119736
0.0 0.042118385434150696
0.0 0.04214780032634735
0.0 0.042198847979307175
0.0 0.0422157421708107
0.0 0.042270079255104065
0.0 0.042340196669101715
0.0 0.04234081134200096
0.0 0.042363204061985016
0.0 0.04238945618271828
0.0 0.04251036420464516
0.0 0.04259303957223892
0.0 0.0426093190908432
0.0 0.04278963431715965
0.0 0.04281654581427574
0.0 0.04287391155958176
0.0 0.04292411357164383
0.0 0.04294687137007713
0.0 0.04295138269662857
0.0 0.043003641068935394
0.0 0.04300805926322937
0.0 0.04305366799235344
0.0 0.043121419847011566
0.0 0.043126340955495834
0.0 0.04315485805273056
0.0 0.04319212585687637
0.0 0.0432235449552536
0.0 0.043244618922472
0.0 0.04331961274147034
0.0 0.04334593191742897
0.0 0.04335926100611687
0.0 0.043384429067373276
0.0 0.043464772403240204
0.0 0.04346708208322525
0.0 0.04353167861700058
0.0 0.0435660146176815
0.0 0.0435761921107769
0.0 0.04361940920352936
0.0 0.043621744960546494
0.0 0.04363149404525757
0.0 0.04368489608168602
0.0 0.04368678480386734
0.0 0.043748702853918076
0.0 0.043762560933828354
0.0 0.04378734529018402
0.0 0.04390142858028412
0.0 0.04391239956021309
0.0 0.04396859556436539
0.0 0.043993256986141205
0.0 0.04403975233435631
0.0 0.044061046093702316
0.0 0.044093839824199677
0.0 0.044147878885269165
0.0 0.04415763542056084
0.0 0.04417193681001663
0.0 0.044186752289533615
0.0 0.04420318827033043
0.0 0.04423011094331741
0.0 0.044329799711704254
0.0 0.044330332428216934
0.0 0.04441598802804947
0.0 0.04447196051478386
0.0 0.044582054018974304
0.0 0.044653743505477905
0.0 0.04465524107217789
0.0 0.044704895466566086
0.0 0.044712428003549576
0.0 0.04482341930270195
0.0 0.0448341965675354
0.0 0.044844191521406174
0.0 0.044847991317510605
0.0 0.04491511359810829
0.0 0.04492872208356857
0.0 0.044988133013248444
0.0 0.04501980543136597
0.0 0.04512984678149223
0.0 0.045130807906389236
0.0 0.045182544738054276
0.0 0.04532133787870407
0.0 0.0453273244202137
0.0 0.0453488789498806
0.0 0.04537306725978851
0.0 0.04548623040318489
0.0 0.04548824951052666
0.0 0.04555423930287361
0.0 0.04557449743151665
0.0 0.045626718550920486
0.0 0.045626793056726456
0.0 0.04566226899623871
0.0 0.04585573449730873
0.0 0.04592939466238022
0.0 0.045953962951898575
0.0 0.04601933807134628
0.0 0.04622276872396469
0.0 0.04627525806427002
0.0 0.046304851770401
0.0 0.046450771391391754
0.0 0.04651305451989174
0.0 0.04660295322537422
0.0 0.046696677803993225
0.0 0.04676258563995361
0.0 0.046802859753370285
0.0 0.04687118902802467
0.0 0.046977099031209946
0.0 0.04713861271739006
0.0 0.04714655131101608
0.0 0.047197647392749786
0.0 0.04723142832517624
0.0 0.04731249064207077
0.0 0.04735025390982628
0.0 0.047362420707941055
0.0 0.04741247370839119
0.0 0.047683991491794586
0.0 0.04778246209025383
0.0 0.04778841882944107
0.0 0.04801338538527489
0.0 0.04808512330055237
0.0 0.048101261258125305
0.0 0.04811554402112961
0.0 0.0481300875544548
0.0 0.048213306814432144
0.0 0.04825246334075928
0.0 0.0483459010720253
0.0 0.04834640398621559
0.0 0.0484793558716774
0.0 0.04871774837374687
0.0 0.048731330782175064
0.0 0.04885624721646309
0.0 0.04900838062167168
0.0 0.0496455654501915
0.0 0.049713488668203354
0.0 0.04971468076109886
0.0 0.04976385459303856
0.0 0.04986996576189995
0.0 0.05021738260984421
0.0 0.0502457432448864
0.0 0.05026111379265785
0.0 0.05045071989297867
0.0 0.05049378424882889
0.0 0.05049874261021614
0.0 0.05055832862854004
0.0 0.05061740428209305
0.0 0.05070941522717476
0.0 0.050827521830797195
0.0 0.05094278231263161
0.0 0.05096599832177162
0.0 0.050981469452381134
0.0 0.051010143011808395
0.0 0.05103451758623123
0.0 0.05106208473443985
0.0 0.05145074054598808
0.0 0.05167476832866669
0.0 0.051960576325654984
0.0 0.05200335755944252
0.0 0.0520743690431118
0.0 0.052267979830503464
0.0 0.05248905345797539
0.0 0.05258385092020035
0.0 0.052794672548770905
0.0 0.05307629331946373
0.0 0.05318991839885712
0.0 0.053242068737745285
0.0 0.053340114653110504
0.0 0.053377486765384674
0.0 0.05378206446766853
0.0 0.05380699411034584
0.0 0.05383216217160225
0.0 0.0539386048913002
0.0 0.05410599336028099
0.0 0.05415355786681175
0.0 0.05469323694705963
0.0 0.05485999584197998
0.0 0.05500335618853569
0.0 0.0557234026491642
0.0 0.05578227713704109
0.0 0.05580366030335426
0.0 0.05586452782154083
0.0 0.05604294314980507
0.0 0.056156545877456665
0.0 0.05668846517801285
0.0 0.05759795382618904
0.0 0.05796963721513748
0.0 0.058232441544532776
0.0 0.05865661799907684
0.0 0.05877181887626648
0.0 0.058866750448942184
0.0 0.05921075493097305
0.0 0.05930881202220917
0.0 0.05936012789607048
0.0 0.059371381998062134
0.0 0.059414077550172806
0.0 0.059537630528211594
0.0 0.059674400836229324
0.0 0.05991167202591896
0.0 0.06031215563416481
0.0 0.06059987097978592
0.0 0.06065107882022858
0.0 0.060798075050115585
0.0 0.06099068373441696
0.0 0.06135011836886406
0.0 0.06149136275053024
0.0 0.06194106861948967
0.0 0.062055740505456924
0.0 0.06207104027271271
0.0 0.0621405653655529
0.0 0.06338299065828323
0.0 0.06415116041898727
0.0 0.06454524397850037
0.0 0.06565800309181213
0.0 0.06611500680446625
0.0 0.06687483936548233
0.0 0.06699126213788986
0.0 0.0677793100476265
0.0 0.06803667545318604
0.0 0.06859403848648071
0.0 0.06883508712053299
0.0 0.07081615179777145
0.0 0.07206742465496063
0.0 0.0788789615035057
0.0 0.07893292605876923
0.0 0.08307196944952011
0.0 0.08472514152526855
0.0 0.09348015487194061
0.0 0.11345197260379791
0.0 0.12498647719621658
0.0 inf
