0.0 0.02851749025285244
0.0 0.029619956389069557
0.0 0.02972659468650818
0.0 0.030942464247345924
0.0 0.03319944813847542
0.0 0.03385801613330841
0.0 0.033893223851919174
0.0 0.03436705097556114
0.0 0.03454229235649109
0.0 0.03475937992334366
0.0 0.03490527346730232
0.0 0.03495931997895241
0.0 0.03520004451274872
0.0 0.03520466759800911
0.0 0.03563687205314636
0.0 0.03568687662482262
0.0 0.035847485065460205
0.0 0.03625747188925743
0.0 0.036293305456638336
0.0 0.03659580275416374
0.0 0.036762237548828125
0.0 0.03683699667453766
0.0 0.03704173117876053
0.0 0.037393804639577866
0.0 0.03743302449584007
0.0 0.03756171464920044
0.0 0.03761879727244377
0.0 0.03765755519270897
0.0 0.03779462352395058
0.0 0.03793924301862717
0.0 0.03795890882611275
0.0 0.038076434284448624
0.0 0.03818833827972412
0.0 0.038239486515522
0.0 0.03834930434823036
0.0 0.03840906545519829
0.0 0.03850604221224785
0.0 0.038530051708221436
0.0 0.03863716870546341
0.0 0.038844216614961624
0.0 0.03900063410401344
0.0 0.03900500386953354
0.0 0.03934507444500923
0.0 0.039365123957395554
0.0 0.03937629610300064
0.0 0.039380211383104324
0.0 0.03941286355257034
0.0 0.03942733630537987
0.0 0.039432093501091
0.0 0.039552733302116394
0.0 0.03962097316980362
0.0 0.03977901116013527
0.0 0.039780985563993454
0.0 0.04002413526177406
0.0 0.040028247982263565
0.0 0.04003053158521652
0.0 0.04003971815109253
0.0 0.040102336555719376
0.0 0.04017648473381996
0.0 0.04017958417534828
0.0 0.040265899151563644
0.0 0.040318381041288376
0.0 0.04032210260629654
0.0 0.040340498089790344
0.0 0.04036567732691765
0.0 0.040440674871206284
0.0 0.040505848824977875
0.0 0.04052257537841797
0.0 0.040583450347185135
0.0 0.040610700845718384
0.0 0.040611833333969116
0.0 0.04064084216952324
0.0 0.040731918066740036
0.0 0.04094357416033745
0.0 0.040946975350379944
0.0 0.04096801206469536
0.0 0.04099288955330849
0.0 0.041039902716875076
0.0 0.04123461991548538
0.0 0.04124996438622475
0.0 0.04130476713180542
0.0 0.04133369028568268
0.0 0.041363462805747986
0.0 0.04137979820370674
0.0 0.041424866765737534
0.0 0.04153501242399216
0.0 0.041574232280254364
0.0 0.04169544577598572
0.0 0.041780024766922
0.0 0.041870128363370895
0.0 0.041876420378685
0.0 0.041879698634147644
0.0 0.04193111136555672
0.0 0.04204535484313965
0.0 0.04208553209900856
0.0 0.04210249334573746
0.0 0.04221934825181961
0.0 0.0422213152050972
0.0 0.04223554581403732
0.0 0.04225596413016319
0.0 0.04235279560089111
0.0 0.04236409813165665
0.0 0.042517900466918945
0.0 0.04259828105568886
0.0 0.04267819970846176
0.0 0.042704369872808456
0.0 0.04271836578845978
0.0 0.042750101536512375
0.0 0.04277675598859787
0.0 0.04291176423430443
0.0 0.04293757677078247
0.0 0.04299772158265114
0.0 0.04306165128946304
0.0 0.04306228458881378
0.0 0.043129678815603256
0.0 0.0431702546775341
0.0 0.04325513541698456
0.0 0.04330238699913025
0.0 0.04333733022212982
0.0 0.04336700960993767
0.0 0.043444469571113586
0.0 0.04353649541735649
0.0 0.043556250631809235
0.0 0.04355772212147713
0.0 0.04359852522611618
0.0 0.04368752986192703
0.0 0.04372905567288399
0.0 0.043787769973278046
0.0 0.04388668015599251
0.0 0.04396980255842209
0.0 0.04399332404136658
0.0 0.04403525963425636
0.0 0.04418875277042389
0.0 0.044211383908987045
0.0 0.04429726302623749
0.0 0.04443765804171562
0.0 0.04446704313158989
0.0 0.04446977749466896
0.0 0.04463270306587219
0.0 0.04465359449386597
0.0 0.0446966327726841
0.0 0.04476834833621979
0.0 0.04477890208363533
0.0 0.04487944766879082
0.0 0.0449499785900116
0.0 0.04503345489501953
0.0 0.045115020126104355
0.0 0.045258697122335434
0.0 0.04533980041742325
0.0 0.045344118028879166
0.0 0.045403044670820236
0.0 0.045410215854644775
0.0 0.04547642916440964
0.0 0.045509811490774155
0.0 0.0455305278301239
0.0 0.04559232294559479
0.0 0.04566891863942146
0.0 0.04568913206458092
0.0 0.045828621834516525
0.0 0.04583415761590004
0.0 0.04593093320727348
0.0 0.04595468193292618
0.0 0.04604080319404602
0.0 0.04613814130425453
0.0 0.04623858630657196
0.0 0.04629907384514809
0.0 0.04637198522686958
0.0 0.04639708623290062
0.0 0.046452902257442474
0.0 0.04652363434433937
0.0 0.04654407501220703
0.0 0.04654417559504509
0.0 0.046552062034606934
0.0 0.04655492678284645
0.0 0.04656635597348213
0.0 0.0465732105076313
0.0 0.04662815108895302
0.0 0.04664110392332077
0.0 0.046728916466236115
0.0 0.04673292487859726
0.0 0.04677409306168556
0.0 0.04681510478258133
0.0 0.047099996358156204
0.0 0.04710501432418823
0.0 0.04713881015777588
0.0 0.04718131199479103
0.0 0.04728087782859802
0.0 0.04732785373926163
0.0 0.04733860865235329
0.0 0.04735226556658745
0.0 0.047570813447237015
0.0 0.047606389969587326
0.0 0.047648973762989044
0.0 0.04772963002324104
0.0 0.047758761793375015
0.0 0.04779471084475517
0.0 0.048085685819387436
0.0 0.04810776561498642
0.0 0.048112526535987854
0.0 0.04816148802638054
0.0 0.04845840483903885
0.0 0.04849774390459061
0.0 0.04851508140563965
0.0 0.04853598028421402
0.0 0.04860579967498779
0.0 0.048606451600790024
0.0 0.04863299801945686
0.0 0.04865005239844322
0.0 0.04889917001128197
0.0 0.048932213336229324
0.0 0.04895557835698128
0.0 0.04898020625114441
0.0 0.04906780645251274
0.0 0.04910474270582199
0.0 0.049107473343610764
0.0 0.04937145859003067
0.0 0.049670618027448654
0.0 0.04969869554042816
0.0 0.04974754899740219
0.0 0.04975885525345802
0.0 0.049871258437633514
0.0 0.04988180845975876
0.0 0.05002399533987045
0.0 0.050027500838041306
0.0 0.050039902329444885
0.0 0.05011750012636185
0.0 0.05034417286515236
0.0 0.05035984143614769
0.0 0.050430573523044586
0.0 0.05061200261116028
0.0 0.05063657462596893
0.0 0.05072174593806267
0.0 0.050733111798763275
0.0 0.050869349390268326
0.0 0.05100878328084946
0.0 0.05103571340441704
0.0 0.051089148968458176
0.0 0.05111335217952728
0.0 0.05112365633249283
0.0 0.05116143077611923
0.0 0.05133305490016937
0.0 0.05136356130242348
0.0 0.051403362303972244
0.0 0.05142075568437576
0.0 0.05156858637928963
0.0 0.05166857689619064
0.0 0.05169443041086197
0.0 0.05169731751084328
0.0 0.0517512671649456
0.0 0.051888078451156616
0.0 0.05188864842057228
0.0 0.05194048583507538
0.0 0.05196956917643547
0.0 0.05200757086277008
0.0 0.052038874477148056
0.0 0.05214168503880501
0.0 0.05216822028160095
0.0 0.052222441881895065
0.0 0.052244387567043304
0.0 0.052378978580236435
0.0 0.05260373279452324
0.0 0.052620794624090195
0.0 0.05278703197836876
0.0 0.05286414176225662
0.0 0.05295683071017265
0.0 0.05298067629337311
0.0 0.053023677319288254
0.0 0.053023915737867355
0.0 0.053061772137880325
0.0 0.05306675657629967
0.0 0.0531376376748085
0.0 0.053142402321100235
0.0 0.05319042503833771
0.0 0.05322437733411789
0.0 0.05326453596353531
0.0 0.05330303683876991
0.0 0.053307197988033295
0.0 0.053326964378356934
0.0 0.05336785316467285
0.0 0.053499769419431686
0.0 0.0535152442753315
0.0 0.053590018302202225
0.0 0.05362323671579361
0.0 0.0536264032125473
0.0 0.05367814004421234
0.0 0.05370049551129341
0.0 0.053737614303827286
0.0 0.05376949533820152
0.0 0.05389051139354706
0.0 0.05389409139752388
0.0 0.05392829328775406
0.0 0.05400311201810837
0.0 0.05400630086660385
0.0 0.054011303931474686
0.0 0.054233092814683914
0.0 0.05424157902598381
0.0 0.05424593761563301
0.0 0.05435078218579292
0.0 0.05440569296479225
0.0 0.05447067320346832
0.0 0.054640963673591614
0.0 0.05482685938477516
0.0 0.05487401410937309
0.0 0.05492330342531204
0.0 0.05494268238544464
0.0 0.05529886111617088
0.0 0.0553857758641243
0.0 0.055442143231630325
0.0 0.055455971509218216
0.0 0.055634547024965286
0.0 0.05576449632644653
0.0 0.05602521821856499
0.0 0.05603374168276787
0.0 0.05610284581780434
0.0 0.05616890639066696
0.0 0.05620035156607628
0.0 0.05624315142631531
0.0 0.05625440552830696
0.0 0.056306757032871246
0.0 0.05656152218580246
0.0 0.056678835302591324
0.0 0.05696820467710495
0.0 0.05704590678215027
0.0 0.057131681591272354
0.0 0.057191383093595505
0.0 0.057212743908166885
0.0 0.05728786811232567
0.0 0.057301219552755356
0.0 0.057509612292051315
0.0 0.05764620006084442
0.0 0.05779831483960152
0.0 0.057949863374233246
0.0 0.05819699913263321
0.0 0.058402013033628464
0.0 0.05861607939004898
0.0 0.0586412213742733
0.0 0.058714963495731354
0.0 0.05872903764247894
0.0 0.05873780697584152
0.0 0.05887226760387421
0.0 0.0589931346476078
0.0 0.05903323367238045
0.0 0.05903478339314461
0.0 0.05922912061214447
0.0 0.05936412513256073
0.0 0.059638891369104385
0.0 0.059656232595443726
0.0 0.0596957728266716
0.0 0.0597563311457634
0.0 0.059782978147268295
0.0 0.05992523953318596
0.0 0.05996617302298546
0.0 0.059996433556079865
0.0 0.060125160962343216
0.0 0.06017567962408066
0.0 0.0603223592042923
0.0 0.06064596027135849
0.0 0.06067950278520584
0.0 0.06073923408985138
0.0 0.0608394630253315
0.0 0.060857418924570084
0.0 0.061084676533937454
0.0 0.0612085722386837
0.0 0.06120893731713295
0.0 0.0612504780292511
0.0 0.06142229586839676
0.0 0.06150205805897713
0.0 0.06159873679280281
0.0 0.06161043792963028
0.0 0.061627089977264404
0.0 0.06183746084570885
0.0 0.06194412335753441
0.0 0.06206589192152023
0.0 0.062160931527614594
0.0 0.06220531091094017
0.0 0.06223582103848457
0.0 0.06234073266386986
0.0 0.062393322587013245
0.0 0.06244335323572159
0.0 0.06253762543201447
0.0 0.06261678040027618
0.0 0.06261990964412689
0.0 0.06285740435123444
0.0 0.06288904696702957
0.0 0.06290026009082794
0.0 0.06294091045856476
0.0 0.06307277828454971
0.0 0.06307398527860641
0.0 0.06307606399059296
0.0 0.06307759135961533
0.0 0.06308231502771378
0.0 0.0631944015622139
0.0 0.0634767934679985
0.0 0.06365373730659485
0.0 0.06393666565418243
0.0 0.06398654729127884
0.0 0.06403759866952896
0.0 0.06429513543844223
0.0 0.06446371227502823
0.0 0.06463529169559479
0.0 0.06488043814897537
0.0 0.0649263933300972
0.0 0.0649680495262146
0.0 0.06505931913852692
0.0 0.06552865356206894
0.0 0.06554852426052094
0.0 0.06581460684537888
0.0 0.06598867475986481
0.0 0.06602016091346741
0.0 0.06606774032115936
0.0 0.06614302843809128
0.0 0.06616109609603882
0.0 0.06616214662790298
0.0 0.06639426201581955
0.0 0.06649478524923325
0.0 0.06654942780733109
0.0 0.06660854071378708
0.0 0.06664826720952988
0.0 0.06670195609331131
0.0 0.06677661836147308
0.0 0.06694352626800537
0.0 0.06703683733940125
0.0 0.06704777479171753
0.0 0.06714638322591782
0.0 0.06738419085741043
0.0 0.06740689277648926
0.0 0.06747137755155563
0.0 0.06788112968206406
0.0 0.06806248426437378
0.0 0.06811559200286865
0.0 0.06860631704330444
0.0 0.06872432678937912
0.0 0.0689767524600029
0.0 0.0689895749092102
0.0 0.06900478154420853
0.0 0.06918177008628845
0.0 0.0694589614868164
0.0 0.06953984498977661
0.0 0.06978597491979599
0.0 0.06980109959840775
0.0 0.06986933946609497
0.0 0.07035480439662933
0.0 0.07036629319190979
0.0 0.07042959332466125
0.0 0.07050910592079163
0.0 0.07074035704135895
0.0 0.07080651819705963
0.0 0.07081995904445648
0.0 0.07084480673074722
0.0 0.07138152420520782
0.0 0.07144242525100708
0.0 0.07145673781633377
0.0 0.0714588314294815
0.0 0.07148963958024979
0.0 0.07150711119174957
0.0 0.07151772826910019
0.0 0.07177171111106873
0.0 0.07186096161603928
0.0 0.07203270494937897
0.0 0.07206328958272934
0.0 0.07216545194387436
0.0 0.07216545939445496
0.0 0.07248374819755554
0.0 0.07250835746526718
0.0 0.07252144813537598
0.0 0.07269749045372009
0.0 0.0727282240986824
0.0 0.07296112924814224
0.0 0.07313703745603561
0.0 0.0746612399816513
0.0 0.07510208338499069
0.0 0.07525559514760971
0.0 0.07527750730514526
0.0 0.07549963146448135
0.0 0.07563980668783188
0.0 0.07602711021900177
0.0 0.07664388418197632
0.0 0.07704158127307892
0.0 0.07720478624105453
0.0 0.07761353999376297
0.0 0.07782527804374695
0.0 0.07851392775774002
0.0 0.07890359312295914
0.0 0.0791158378124237
0.0 0.0795741155743599
0.0 0.08060630410909653
0.0 0.08075933158397675
0.0 0.08104539662599564
0.0 0.08104889839887619
0.0 0.08144640922546387
0.0 0.0822979211807251
0.0 0.08273699134588242
0.0 0.08292710781097412
0.0 0.08333030343055725
0.0 0.08372937887907028
0.0 0.08381493389606476
0.0 0.08417962491512299
0.0 0.08457381278276443
0.0 0.08497732877731323
0.0 0.08529412001371384
0.0 0.08579222112894058
0.0 0.08702563494443893
0.0 0.08732780069112778
0.0 0.08740437030792236
0.0 0.08845152705907822
0.0 0.08971560746431351
0.0 0.09289280325174332
0.0 0.09307749569416046
0.0 0.10086999088525772
0.0 0.12429095804691315
0.0 0.19038955867290497
0.0 inf
