0.0 0.031585633754730225
0.0 0.03231622651219368
0.0 0.032579079270362854
0.0 0.032747287303209305
0.0 0.03331829607486725
0.0 0.03369557484984398
0.0 0.0339340977370739
0.0 0.03450506925582886
0.0 0.034512318670749664
0.0 0.034815508872270584
0.0 0.03498036414384842
0.0 0.03527259826660156
0.0 0.03528488054871559
0.0 0.035316456109285355
0.0 0.03564981371164322
0.0 0.03582954406738281
0.0 0.03603281453251839
0.0 0.03606978431344032
0.0 0.03611129894852638
0.0 0.036209333688020706
0.0 0.03621372580528259
0.0 0.036238353699445724
0.0 0.03630957007408142
0.0 0.03640725463628769
0.0 0.03641267493367195
0.0 0.036431316286325455
0.0 0.03649751842021942
0.0 0.03652510046958923
0.0 0.036576591432094574
0.0 0.03665716573596001
0.0 0.036787670105695724
0.0 0.03684503957629204
0.0 0.036876268684864044
0.0 0.036980099976062775
0.0 0.03716697916388512
0.0 0.03718789294362068
0.0 0.03735494986176491
0.0 0.037404607981443405
0.0 0.03750205412507057
0.0 0.0375237837433815
0.0 0.037598930299282074
0.0 0.03764013200998306
0.0 0.037727802991867065
0.0 0.0377827025949955
0.0 0.037945639342069626
0.0 0.03799029439687729
0.0 0.03799593076109886
0.0 0.038000449538230896
0.0 0.03802872076630592
0.0 0.03819556534290314
0.0 0.03828028589487076
0.0 0.038376063108444214
0.0 0.038478899747133255
0.0 0.0385042242705822
0.0 0.038522180169820786
0.0 0.03860482946038246
0.0 0.03860758990049362
0.0 0.03865230828523636
0.0 0.03873926401138306
0.0 0.03884100168943405
0.0 0.038977693766355515
0.0 0.03904907405376434
0.0 0.03913571313023567
0.0 0.03916290029883385
0.0 0.03920423239469528
0.0 0.03920545428991318
0.0 0.03929319977760315
0.0 0.03941788896918297
0.0 0.03944060951471329
0.0 0.03947035223245621
0.0 0.03976135700941086
0.0 0.0397648960351944
0.0 0.04003738611936569
0.0 0.040125664323568344
0.0 0.04014987498521805
0.0 0.040292367339134216
0.0 0.040314558893442154
0.0 0.04046083614230156
0.0 0.04052012786269188
0.0 0.04052090644836426
0.0 0.04058018699288368
0.0 0.04059422388672829
0.0 0.04075953736901283
0.0 0.04085709527134895
0.0 0.04086422175168991
0.0 0.04086510092020035
0.0 0.04087888076901436
0.0 0.04089899733662605
0.0 0.04093308374285698
0.0 0.040945157408714294
0.0 0.04097972437739372
0.0 0.04099809750914574
0.0 0.04103145748376846
0.0 0.04105573520064354
0.0 0.04113079980015755
0.0 0.04120462387800217
0.0 0.04122084751725197
0.0 0.04127904400229454
0.0 0.041365329176187515
0.0 0.0415254645049572
0.0 0.04154534637928009
0.0 0.04167407006025314
0.0 0.041728489100933075
0.0 0.04174400120973587
0.0 0.04178500175476074
0.0 0.04191669076681137
0.0 0.04200097545981407
0.0 0.042087070643901825
0.0 0.04212407395243645
0.0 0.042250316590070724
0.0 0.042341846972703934
0.0 0.04235018044710159
0.0 0.04240897670388222
0.0 0.04247152805328369
0.0 0.04256130009889603
0.0 0.042623575776815414
0.0 0.0426366962492466
0.0 0.04263971000909805
0.0 0.04264770448207855
0.0 0.042863111943006516
0.0 0.04294997826218605
0.0 0.04305223748087883
0.0 0.04309167340397835
0.0 0.043150778859853745
0.0 0.04317677393555641
0.0 0.0431862510740757
0.0 0.04322158917784691
0.0 0.043458398431539536
0.0 0.04350128769874573
0.0 0.04363260790705681
0.0 0.043644119054079056
0.0 0.04373573884367943
0.0 0.043753765523433685
0.0 0.04379189759492874
0.0 0.043812043964862823
0.0 0.043837547302246094
0.0 0.043893963098526
0.0 0.04390861093997955
0.0 0.04396716132760048
0.0 0.04407314211130142
0.0 0.04414758086204529
0.0 0.0442909337580204
0.0 0.044460054486989975
0.0 0.04446064308285713
0.0 0.04454880207777023
0.0 0.04463183134794235
0.0 0.044806107878685
0.0 0.044823501259088516
0.0 0.04495466500520706
0.0 0.04497314617037773
0.0 0.04498656839132309
0.0 0.04524889588356018
0.0 0.04526887834072113
0.0 0.045308392494916916
0.0 0.04536847770214081
0.0 0.045487839728593826
0.0 0.04552773758769035
0.0 0.0455513522028923
0.0 0.04557300731539726
0.0 0.04557500779628754
0.0 0.04562213271856308
0.0 0.04568050801753998
0.0 0.04572245106101036
0.0 0.04579976946115494
0.0 0.04580684006214142
0.0 0.045816998928785324
0.0 0.046010393649339676
0.0 0.046024758368730545
0.0 0.04614110291004181
0.0 0.04621486738324165
0.0 0.046243179589509964
0.0 0.04636606574058533
0.0 0.04637184739112854
0.0 0.04641883447766304
0.0 0.04646243155002594
0.0 0.046465177088975906
0.0 0.04647233709692955
0.0 0.04647337272763252
0.0 0.04648251086473465
0.0 0.046510960906744
0.0 0.04663488268852234
0.0 0.04668716713786125
0.0 0.046716682612895966
0.0 0.0467178151011467
0.0 0.04672255367040634
0.0 0.046726420521736145
0.0 0.04678276181221008
0.0 0.0468628853559494
0.0 0.046870116144418716
0.0 0.04687737673521042
0.0 0.04692937433719635
0.0 0.04695236310362816
0.0 0.046986568719148636
0.0 0.04698658734560013
0.0 0.047008007764816284
0.0 0.047057539224624634
0.0 0.04708552360534668
0.0 0.047088220715522766
0.0 0.0471273735165596
0.0 0.04715161770582199
0.0 0.047220051288604736
0.0 0.04722322151064873
0.0 0.047341302037239075
0.0 0.04734783619642258
0.0 0.0473673976957798
0.0 0.047457899898290634
0.0 0.047479890286922455
0.0 0.04752717912197113
0.0 0.047536808997392654
0.0 0.047539159655570984
0.0 0.04756109416484833
0.0 0.047571100294589996
0.0 0.04757610708475113
0.0 0.04758178070187569
0.0 0.04771117866039276
0.0 0.047746844589710236
0.0 0.047797929495573044
0.0 0.04788244888186455
0.0 0.04791279137134552
0.0 0.04793603718280792
0.0 0.047974731773138046
0.0 0.04799064248800278
0.0 0.04805115610361099
0.0 0.04806698486208916
0.0 0.048072490841150284
0.0 0.04811752960085869
0.0 0.048148754984140396
0.0 0.048240333795547485
0.0 0.04828866198658943
0.0 0.048289913684129715
0.0 0.04831346869468689
0.0 0.048320215195417404
0.0 0.04845680296421051
0.0 0.04856650531291962
0.0 0.04858792945742607
0.0 0.04878195747733116
0.0 0.04878693446516991
0.0 0.048795636743307114
0.0 0.048829976469278336
0.0 0.04886291176080704
0.0 0.04889097437262535
0.0 0.04889841005206108
0.0 0.048910416662693024
0.0 0.048933643847703934
0.0 0.04896678030490875
0.0 0.048979371786117554
0.0 0.049025263637304306
0.0 0.04905395954847336
0.0 0.049057506024837494
0.0 0.04906919598579407
0.0 0.04910307750105858
0.0 0.0491039976477623
0.0 0.04911823943257332
0.0 0.04914432018995285
0.0 0.04920327663421631
0.0 0.0492197684943676
0.0 0.0492406040430069
0.0 0.049304235726594925
0.0 0.049368005245923996
0.0 0.049376342445611954
0.0 0.04938967525959015
0.0 0.049420904368162155
0.0 0.0494375005364418
0.0 0.049478136003017426
0.0 0.04954243451356888
0.0 0.04956618323922157
0.0 0.049577705562114716
0.0 0.049586690962314606
0.0 0.04958810284733772
0.0 0.04962269961833954
0.0 0.0496293380856514
0.0 0.04968254640698433
0.0 0.049709826707839966
0.0 0.04973902925848961
0.0 0.04975191503763199
0.0 0.049816299229860306
0.0 0.04981916770339012
0.0 0.04982311278581619
0.0 0.049834657460451126
0.0 0.049897536635398865
0.0 0.04992712289094925
0.0 0.0499405562877655
0.0 0.049996934831142426
0.0 0.05006394162774086
0.0 0.05007646232843399
0.0 0.05007747933268547
0.0 0.050125852227211
0.0 0.05014708265662193
0.0 0.0501476414501667
0.0 0.050171252340078354
0.0 0.05022037401795387
0.0 0.05024521425366402
0.0 0.050273846834897995
0.0 0.05031581595540047
0.0 0.05034350976347923
0.0 0.050371378660202026
0.0 0.050474051386117935
0.0 0.05053494870662689
0.0 0.05054733157157898
0.0 0.05060157552361488
0.0 0.05071595683693886
0.0 0.05075714364647865
0.0 0.05080079287290573
0.0 0.05080457776784897
0.0 0.05081360042095184
0.0 0.05087657645344734
0.0 0.05088692158460617
0.0 0.05089005455374718
0.0 0.05092400312423706
0.0 0.05094033107161522
0.0 0.050989847630262375
0.0 0.05099403113126755
0.0 0.05099821463227272
0.0 0.051015861332416534
0.0 0.05102705955505371
0.0 0.05110687389969826
0.0 0.05112230032682419
0.0 0.051218677312135696
0.0 0.05121904984116554
0.0 0.05144365876913071
0.0 0.05145428329706192
0.0 0.051478300243616104
0.0 0.05152731388807297
0.0 0.05152932181954384
0.0 0.0515853613615036
0.0 0.05162181332707405
0.0 0.05162286385893822
0.0 0.051731739193201065
0.0 0.05175452306866646
0.0 0.05177800729870796
0.0 0.05178849771618843
0.0 0.0518331453204155
0.0 0.0519646480679512
0.0 0.05197055637836456
0.0 0.052010904997587204
0.0 0.05201971158385277
0.0 0.05209844559431076
0.0 0.05231422185897827
0.0 0.052442945539951324
0.0 0.05244305729866028
0.0 0.05247041955590248
0.0 0.052532125264406204
0.0 0.052697040140628815
0.0 0.05270110070705414
0.0 0.052701227366924286
0.0 0.052724502980709076
0.0 0.05275217071175575
0.0 0.052814919501543045
0.0 0.05287418141961098
0.0 0.052874818444252014
0.0 0.05296170711517334
0.0 0.05298857018351555
0.0 0.053031932562589645
0.0 0.053293582051992416
0.0 0.05332643538713455
0.0 0.053434744477272034
0.0 0.053465355187654495
0.0 0.053467363119125366
0.0 0.05349089205265045
0.0 0.053574059158563614
0.0 0.05364084616303444
0.0 0.053670767694711685
0.0 0.05371011421084404
0.0 0.05371316149830818
0.0 0.05373886600136757
0.0 0.05374910682439804
0.0 0.05376419425010681
0.0 0.05377041921019554
0.0 0.053781893104314804
0.0 0.05382876098155975
0.0 0.05389274284243584
0.0 0.05390353873372078
0.0 0.054024334996938705
0.0 0.05403443053364754
0.0 0.054044418036937714
0.0 0.0540652833878994
0.0 0.054071467369794846
0.0 0.054178137332201004
0.0 0.05426454916596413
0.0 0.05433328077197075
0.0 0.05435079708695412
0.0 0.0543869286775589
0.0 0.05439317598938942
0.0 0.05454728752374649
0.0 0.05456072837114334
0.0 0.05462746322154999
0.0 0.05468818172812462
0.0 0.05476319417357445
0.0 0.054834943264722824
0.0 0.05486108362674713
0.0 0.05488017201423645
0.0 0.054937493056058884
0.0 0.05496441200375557
0.0 0.05496973544359207
0.0 0.05499737709760666
0.0 0.05504181608557701
0.0 0.055134374648332596
0.0 0.05517995357513428
0.0 0.05523593723773956
0.0 0.05535285174846649
0.0 0.0554087832570076
0.0 0.05554711073637009
0.0 0.05555727705359459
0.0 0.05561560019850731
0.0 0.055619511753320694
0.0 0.055687062442302704
0.0 0.055704355239868164
0.0 0.05585676059126854
0.0 0.05587102845311165
0.0 0.05589183419942856
0.0 0.05590476840734482
0.0 0.05594388023018837
0.0 0.05600188300013542
0.0 0.05605187639594078
0.0 0.05611167475581169
0.0 0.05626126006245613
0.0 0.05637884512543678
0.0 0.05637999251484871
0.0 0.05656720697879791
0.0 0.05658858269453049
0.0 0.05660001561045647
0.0 0.05663064122200012
0.0 0.056740958243608475
0.0 0.056787021458148956
0.0 0.056801892817020416
0.0 0.05687074735760689
0.0 0.056915584951639175
0.0 0.056935496628284454
0.0 0.0571167878806591
0.0 0.0572078637778759
0.0 0.05721130967140198
0.0 0.05727877467870712
0.0 0.05733341723680496
0.0 0.05733847618103027
0.0 0.05753283202648163
0.0 0.05753955990076065
0.0 0.05762721225619316
0.0 0.05811753496527672
0.0 0.058179229497909546
0.0 0.058228909969329834
0.0 0.0583011619746685
0.0 0.05852845311164856
0.0 0.05859296768903732
0.0 0.05859658122062683
0.0 0.05864402651786804
0.0 0.05871313437819481
0.0 0.05873603746294975
0.0 0.0587909035384655
0.0 0.05880683287978172
0.0 0.059023767709732056
0.0 0.05921892449259758
0.0 0.059339217841625214
0.0 0.0596131905913353
0.0 0.05971042439341545
0.0 0.05971353128552437
0.0 0.0599052868783474
0.0 0.060025885701179504
0.0 0.060032665729522705
0.0 0.06016054376959801
0.0 0.06023792922496796
0.0 0.060256075114011765
0.0 0.06048016622662544
0.0 0.06048518046736717
0.0 0.060511309653520584
0.0 0.06066222861409187
0.0 0.06099626049399376
0.0 0.06099961698055267
0.0 0.061168137937784195
0.0 0.06120956689119339
0.0 0.061408914625644684
0.0 0.06154436245560646
0.0 0.06176251918077469
0.0 0.06188938766717911
0.0 0.06218956038355827
0.0 0.06226210668683052
0.0 0.06233939900994301
0.0 0.062369782477617264
0.0 0.06237638741731644
0.0 0.06238643825054169
0.0 0.06248486787080765
0.0 0.06279941648244858
0.0 0.06289158016443253
0.0 0.06295431405305862
0.0 0.06341467797756195
0.0 0.0634741559624672
0.0 0.06352753937244415
0.0 0.0635819360613823
0.0 0.06403601169586182
0.0 0.06426579505205154
0.0 0.06436748802661896
0.0 0.06453914940357208
0.0 0.06462288647890091
0.0 0.06544478982686996
0.0 0.06552064418792725
0.0 0.06554372608661652
0.0 0.06621503084897995
0.0 0.06647609919309616
0.0 0.0667877346277237
0.0 0.06797616928815842
0.0 0.06804623454809189
0.0 0.0689164251089096
0.0 0.06959883123636246
0.0 0.07002004981040955
0.0 0.0710771381855011
0.0 0.07144778966903687
0.0 0.07240097224712372
0.0 0.07286020368337631
0.0 0.07423246651887894
0.0 0.0749896764755249
0.0 0.0767647922039032
0.0 0.08662275969982147
0.0 inf
