0.0 0.036718569695949554
0.0 0.03958353400230408
0.0 0.040330883115530014
0.0 0.0404394194483757
0.0 0.041433874517679214
0.0 0.04187745600938797
0.0 0.04342959448695183
0.0 0.0434596911072731
0.0 0.043681737035512924
0.0 0.04510057717561722
0.0 0.04597031697630882
0.0 0.04617663845419884
0.0 0.04643039032816887
0.0 0.04676716774702072
0.0 0.04681570455431938
0.0 0.04719123616814613
0.0 0.04737738147377968
0.0 0.047764603048563004
0.0 0.04802476242184639
0.0 0.04834504798054695
0.0 0.04845133423805237
0.0 0.04892222210764885
0.0 0.04908462241292
0.0 0.04953952506184578
0.0 0.049705870449543
0.0 0.04985522851347923
0.0 0.04988904669880867
0.0 0.050018683075904846
0.0 0.05006590113043785
0.0 0.05018409714102745
0.0 0.050231728702783585
0.0 0.0502697192132473
0.0 0.05028713867068291
0.0 0.05031555891036987
0.0 0.05034427344799042
0.0 0.05046887695789337
0.0 0.05054934322834015
0.0 0.05069797486066818
0.0 0.050851307809352875
0.0 0.05088382214307785
0.0 0.050981808453798294
0.0 0.051001694053411484
0.0 0.05122208967804909
0.0 0.051250629127025604
0.0 0.051316019147634506
0.0 0.05194466561079025
0.0 0.052077341824769974
0.0 0.05220123752951622
0.0 0.052247028797864914
0.0 0.05228877440094948
0.0 0.0523238442838192
0.0 0.05233881622552872
0.0 0.052408285439014435
0.0 0.05247870832681656
0.0 0.05249747633934021
0.0 0.052504248917102814
0.0 0.052645377814769745
0.0 0.05264946445822716
0.0 0.05279550701379776
0.0 0.05281165987253189
0.0 0.05293039232492447
0.0 0.05303405225276947
0.0 0.05316093564033508
0.0 0.05329611897468567
0.0 0.053337741643190384
0.0 0.053473636507987976
0.0 0.053475186228752136
0.0 0.05358146131038666
0.0 0.05360829457640648
0.0 0.05370628088712692
0.0 0.053779762238264084
0.0 0.05390511453151703
0.0 0.053910184651613235
0.0 0.053944289684295654
0.0 0.05403237044811249
0.0 0.05410602688789368
0.0 0.054155874997377396
0.0 0.05426180362701416
0.0 0.05426210165023804
0.0 0.054305825382471085
0.0 0.05434020608663559
0.0 0.05440319702029228
0.0 0.05445726960897446
0.0 0.054470550268888474
0.0 0.054535094648599625
0.0 0.054603882133960724
0.0 0.05475461483001709
0.0 0.05492632836103439
0.0 0.05492765083909035
0.0 0.054946623742580414
0.0 0.054954592138528824
0.0 0.05499895662069321
0.0 0.055051159113645554
0.0 0.055148329585790634
0.0 0.05522777885198593
0.0 0.05532198026776314
0.0 0.05532335862517357
0.0 0.0553552471101284
0.0 0.055358510464429855
0.0 0.05535852536559105
0.0 0.05536266788840294
0.0 0.05540205538272858
0.0 0.05549968034029007
0.0 0.0555720180273056
0.0 0.05558288097381592
0.0 0.05572100356221199
0.0 0.055757470428943634
0.0 0.05576327443122864
0.0 0.0557934008538723
0.0 0.05579476058483124
0.0 0.055809300392866135
0.0 0.05581768974661827
0.0 0.055971067398786545
0.0 0.055976249277591705
0.0 0.05600321665406227
0.0 0.05606219172477722
0.0 0.056099437177181244
0.0 0.05609998106956482
0.0 0.0561726838350296
0.0 0.05658624693751335
0.0 0.05659139156341553
0.0 0.056607358157634735
0.0 0.056724127382040024
0.0 0.05674651637673378
0.0 0.05675843730568886
0.0 0.05687876418232918
0.0 0.05691315606236458
0.0 0.057052891701459885
0.0 0.05706329271197319
0.0 0.0571470744907856
0.0 0.0572238527238369
0.0 0.05731424689292908
0.0 0.057318314909935
0.0 0.05742759630084038
0.0 0.05746820196509361
0.0 0.057686250656843185
0.0 0.05798918381333351
0.0 0.05805589631199837
0.0 0.058080535382032394
0.0 0.058100033551454544
0.0 0.05815669894218445
0.0 0.0582069456577301
0.0 0.05823160707950592
0.0 0.05824452266097069
0.0 0.058271653950214386
0.0 0.058281172066926956
0.0 0.05830935016274452
0.0 0.05843748897314072
0.0 0.058493439108133316
0.0 0.05853734165430069
0.0 0.05859111249446869
0.0 0.058618444949388504
0.0 0.05866389349102974
0.0 0.05870560556650162
0.0 0.058785174041986465
0.0 0.0588807687163353
0.0 0.058922454714775085
0.0 0.058965157717466354
0.0 0.0589793398976326
0.0 0.05900968983769417
0.0 0.05901189520955086
0.0 0.05903235822916031
0.0 0.05915345251560211
0.0 0.05918392539024353
0.0 0.05927526205778122
0.0 0.05930754542350769
0.0 0.05931854248046875
0.0 0.059621330350637436
0.0 0.059622421860694885
0.0 0.059653960168361664
0.0 0.059783607721328735
0.0 0.05979112908244133
0.0 0.0598054938018322
0.0 0.059829626232385635
0.0 0.05994149297475815
0.0 0.05995302274823189
0.0 0.06002521887421608
0.0 0.060146793723106384
0.0 0.06017846614122391
0.0 0.060179658234119415
0.0 0.06029083952307701
0.0 0.06042463332414627
0.0 0.060440853238105774
0.0 0.060447387397289276
0.0 0.060508422553539276
0.0 0.060521095991134644
0.0 0.0605594627559185
0.0 0.060582127422094345
0.0 0.060591138899326324
0.0 0.06063290312886238
0.0 0.06078522279858589
0.0 0.06083518639206886
0.0 0.06084829568862915
0.0 0.060970503836870193
0.0 0.061019327491521835
0.0 0.06103942170739174
0.0 0.06112228333950043
0.0 0.06119241192936897
0.0 0.06132552772760391
0.0 0.06145189329981804
0.0 0.061507415026426315
0.0 0.061702556908130646
0.0 0.0617038756608963
0.0 0.06179144233465195
0.0 0.061857614666223526
0.0 0.06186508759856224
0.0 0.06186862662434578
0.0 0.061901431530714035
0.0 0.061992477625608444
0.0 0.062088724225759506
0.0 0.06210288032889366
0.0 0.06210571527481079
0.0 0.06212424486875534
0.0 0.062170498073101044
0.0 0.06226271390914917
0.0 0.06234010308980942
0.0 0.062365468591451645
0.0 0.06243640184402466
0.0 0.06252545118331909
0.0 0.06256537139415741
0.0 0.06258133053779602
0.0 0.06258493661880493
0.0 0.06273788958787918
0.0 0.06274919211864471
0.0 0.06284767389297485
0.0 0.06295253336429596
0.0 0.0630422905087471
0.0 0.06304968148469925
0.0 0.06311207264661789
0.0 0.06327828764915466
0.0 0.06330998241901398
0.0 0.0633409321308136
0.0 0.06334687024354935
0.0 0.06346482038497925
0.0 0.06348299980163574
0.0 0.06365934759378433
0.0 0.06370289623737335
0.0 0.06371839344501495
0.0 0.06375677138566971
0.0 0.06396238505840302
0.0 0.06399674713611603
0.0 0.06405488401651382
0.0 0.06419002264738083
0.0 0.06425581127405167
0.0 0.06426462531089783
0.0 0.06427019834518433
0.0 0.06434963643550873
0.0 0.0643736869096756
0.0 0.06439022719860077
0.0 0.06441150605678558
0.0 0.06441967189311981
0.0 0.06443355232477188
0.0 0.06448766589164734
0.0 0.06449878960847855
0.0 0.06456375867128372
0.0 0.06460389494895935
0.0 0.06461760401725769
0.0 0.0646352544426918
0.0 0.06472522765398026
0.0 0.06479263305664062
0.0 0.06480662524700165
0.0 0.06485722959041595
0.0 0.06491808593273163
0.0 0.06504252552986145
0.0 0.06511296331882477
0.0 0.06511307507753372
0.0 0.06515192240476608
0.0 0.06515638530254364
0.0 0.0651760920882225
0.0 0.06526597589254379
0.0 0.0652838796377182
0.0 0.06534682214260101
0.0 0.06540978699922562
0.0 0.06543829292058945
0.0 0.06551587581634521
0.0 0.06562966108322144
0.0 0.06580426543951035
0.0 0.06588336080312729
0.0 0.06590556353330612
0.0 0.06592044234275818
0.0 0.06610959023237228
0.0 0.06621746718883514
0.0 0.06623578816652298
0.0 0.06639987975358963
0.0 0.06644448637962341
0.0 0.06648612767457962
0.0 0.06678028404712677
0.0 0.06686465442180634
0.0 0.06692319363355637
0.0 0.06694687902927399
0.0 0.0669550895690918
0.0 0.06697282940149307
0.0 0.0669846460223198
0.0 0.06698516756296158
0.0 0.06706191599369049
0.0 0.06709263473749161
0.0 0.0674520805478096
0.0 0.06750012189149857
0.0 0.06757376343011856
0.0 0.06767190247774124
0.0 0.06770887225866318
0.0 0.06773097068071365
0.0 0.06775175780057907
0.0 0.0677880197763443
0.0 0.06787171959877014
0.0 0.06795647740364075
0.0 0.06797995418310165
0.0 0.06802453845739365
0.0 0.06823946535587311
0.0 0.0682457759976387
0.0 0.06828469783067703
0.0 0.06830710172653198
0.0 0.06842959672212601
0.0 0.06855232268571854
0.0 0.06861317157745361
0.0 0.0686824694275856
0.0 0.06870550662279129
0.0 0.06892211735248566
0.0 0.06920897215604782
0.0 0.06923789530992508
0.0 0.06936196237802505
0.0 0.06943260878324509
0.0 0.06953099370002747
0.0 0.06954117119312286
0.0 0.0697120875120163
0.0 0.06981316208839417
0.0 0.06982999294996262
0.0 0.0700153186917305
0.0 0.07002750784158707
0.0 0.07003729045391083
0.0 0.07008573412895203
0.0 0.07013382762670517
0.0 0.07014698535203934
0.0 0.07018590718507767
0.0 0.07027599960565567
0.0 0.07037259638309479
0.0 0.07040499150753021
0.0 0.07041198760271072
0.0 0.07045674324035645
0.0 0.07048486918210983
0.0 0.07049330323934555
0.0 0.0705169066786766
0.0 0.07055044174194336
0.0 0.07056479901075363
0.0 0.07065792381763458
0.0 0.07066701352596283
0.0 0.0707477480173111
0.0 0.07089734077453613
0.0 0.07104633748531342
0.0 0.07115131616592407
0.0 0.07124687731266022
0.0 0.0712873786687851
0.0 0.07130786031484604
0.0 0.07142259925603867
0.0 0.0715816468000412
0.0 0.07164911925792694
0.0 0.07193412631750107
0.0 0.07199881970882416
0.0 0.0720769613981247
0.0 0.07223085314035416
0.0 0.0722690001130104
0.0 0.07237224280834198
0.0 0.07257087528705597
0.0 0.07285069674253464
0.0 0.07288199663162231
0.0 0.07296871393918991
0.0 0.07306128740310669
0.0 0.07319863140583038
0.0 0.07325507700443268
0.0 0.07326121628284454
0.0 0.073395736515522
0.0 0.07340925186872482
0.0 0.07344243675470352
0.0 0.07345198094844818
0.0 0.07346408814191818
0.0 0.07363632321357727
0.0 0.0736541599035263
0.0 0.07375897467136383
0.0 0.07383833080530167
0.0 0.07393453270196915
0.0 0.07396616041660309
0.0 0.07407347112894058
0.0 0.07409112900495529
0.0 0.0741364061832428
0.0 0.0741736888885498
0.0 0.07418426126241684
0.0 0.07424777001142502
0.0 0.07459576427936554
0.0 0.07460246235132217
0.0 0.0746336430311203
0.0 0.07469028234481812
0.0 0.07480566203594208
0.0 0.0748123824596405
0.0 0.07494474202394485
0.0 0.07513359934091568
0.0 0.07541164755821228
0.0 0.07547223567962646
0.0 0.07552608847618103
0.0 0.07579491287469864
0.0 0.07597668468952179
0.0 0.07600166648626328
0.0 0.07609502226114273
0.0 0.07619737088680267
0.0 0.07637112587690353
0.0 0.07638585567474365
0.0 0.07651869207620621
0.0 0.07656265050172806
0.0 0.07709426432847977
0.0 0.0771377831697464
0.0 0.07744400203227997
0.0 0.07755211740732193
0.0 0.07784826308488846
0.0 0.07790672034025192
0.0 0.07827615737915039
0.0 0.07842398434877396
0.0 0.07843828946352005
0.0 0.07844997942447662
0.0 0.07855220884084702
0.0 0.07865121960639954
0.0 0.07880377024412155
0.0 0.07925162464380264
0.0 0.07925570011138916
0.0 0.07927177101373672
0.0 0.07939787954092026
0.0 0.0794147476553917
0.0 0.07973761856555939
0.0 0.08021260052919388
0.0 0.08021342754364014
0.0 0.08024299889802933
0.0 0.08064860105514526
0.0 0.0808342695236206
0.0 0.08087485283613205
0.0 0.08122354745864868
0.0 0.08132891356945038
0.0 0.08175971359014511
0.0 0.08192739635705948
0.0 0.08217918127775192
0.0 0.08221114426851273
0.0 0.08258082717657089
0.0 0.08320410549640656
0.0 0.08327652513980865
0.0 0.08350721001625061
0.0 0.08358899503946304
0.0 0.08402150869369507
0.0 0.0842299684882164
0.0 0.08493760973215103
0.0 0.08506519347429276
0.0 0.08521483093500137
0.0 0.08576946705579758
0.0 0.08583594858646393
0.0 0.08614641427993774
0.0 0.08626303821802139
0.0 0.08668860793113708
0.0 0.08693084865808487
0.0 0.08701764792203903
0.0 0.0870717242360115
0.0 0.08718691021203995
0.0 0.08742349594831467
0.0 0.08774001896381378
0.0 0.08814848214387894
0.0 0.08852861076593399
0.0 0.0891387015581131
0.0 0.08931344002485275
0.0 0.09026418626308441
0.0 0.09065277874469757
0.0 0.09080392867326736
0.0 0.09094296395778656
0.0 0.09170511364936829
0.0 0.09239029139280319
0.0 0.09288012236356735
0.0 0.0932164266705513
0.0 0.09334664046764374
0.0 0.09442418068647385
0.0 0.09465599805116653
0.0 0.09494371712207794
0.0 0.0950661301612854
0.0 0.09602642059326172
0.0 0.09656590968370438
0.0 0.09665697813034058
0.0 0.09695086628198624
0.0 0.0971437469124794
0.0 0.0976065918803215
0.0 0.098052017390728
0.0 0.09834297001361847
0.0 0.09835005551576614
0.0 0.09857005625963211
0.0 0.09898901730775833
0.0 0.09923087805509567
0.0 0.09954403340816498
0.0 0.0996144637465477
0.0 0.10006094723939896
0.0 0.1005811095237732
0.0 0.10082106292247772
0.0 0.10243373364210129
0.0 0.10268989205360413
0.0 0.10489937663078308
0.0 0.10516389459371567
0.0 0.10621365904808044
0.0 0.1092776358127594
0.0 0.10979416966438293
0.0 0.11056528985500336
0.0 0.1122395396232605
0.0 0.11272294819355011
0.0 0.11439638584852219
0.0 0.11463557183742523
0.0 0.118398517370224
0.0 0.13228458166122437
0.0 0.13408637046813965
0.0 0.14672935009002686
0.0 0.14791889488697052
0.0 0.15463480353355408
0.0 inf
