0.0 0.0251808762550354
0.0 0.02575923688709736
0.0 0.02676410973072052
0.0 0.027634069323539734
0.0 0.027673257514834404
0.0 0.02834749035537243
0.0 0.02907230146229267
0.0 0.02982119470834732
0.0 0.02998916245996952
0.0 0.03049459122121334
0.0 0.03049595281481743
0.0 0.03059329278767109
0.0 0.03074028715491295
0.0 0.031145179644227028
0.0 0.031153375282883644
0.0 0.031156286597251892
0.0 0.03119378164410591
0.0 0.0314832367002964
0.0 0.03154947608709335
0.0 0.031581588089466095
0.0 0.032007016241550446
0.0 0.03216506168246269
0.0 0.032171085476875305
0.0 0.032187871634960175
0.0 0.03225012496113777
0.0 0.03233722224831581
0.0 0.03238037973642349
0.0 0.03239498287439346
0.0 0.03270424157381058
0.0 0.032809458673000336
0.0 0.03287208825349808
0.0 0.03288000077009201
0.0 0.03303445875644684
0.0 0.0330965593457222
0.0 0.03310249000787735
0.0 0.03312692418694496
0.0 0.033178266137838364
0.0 0.033215660601854324
0.0 0.03332214057445526
0.0 0.03336906060576439
0.0 0.033411916345357895
0.0 0.033483438193798065
0.0 0.03361968323588371
0.0 0.03366401419043541
0.0 0.03375611826777458
0.0 0.03384454548358917
0.0 0.033924415707588196
0.0 0.0339566245675087
0.0 0.03424939513206482
0.0 0.034279391169548035
0.0 0.03429872542619705
0.0 0.03437640890479088
0.0 0.034443143755197525
0.0 0.034451354295015335
0.0 0.03447239100933075
0.0 0.034783899784088135
0.0 0.034818556159734726
0.0 0.03482289984822273
0.0 0.03484415262937546
0.0 0.03485387563705444
0.0 0.03489112854003906
0.0 0.03495601937174797
0.0 0.035058341920375824
0.0 0.035206958651542664
0.0 0.035211946815252304
0.0 0.03522327169775963
0.0 0.03528434783220291
0.0 0.03530599921941757
0.0 0.03539597615599632
0.0 0.03547066077589989
0.0 0.0356157086789608
0.0 0.0356532447040081
0.0 0.035733647644519806
0.0 0.03575017675757408
0.0 0.03581635281443596
0.0 0.035895999521017075
0.0 0.03593013435602188
0.0 0.03594761714339256
0.0 0.03594854101538658
0.0 0.035956237465143204
0.0 0.03597177565097809
0.0 0.03618357330560684
0.0 0.0361931137740612
0.0 0.03629477322101593
0.0 0.036305926740169525
0.0 0.036404602229595184
0.0 0.036423876881599426
0.0 0.03643341362476349
0.0 0.03650592267513275
0.0 0.036524150520563126
0.0 0.03656896576285362
0.0 0.03657396882772446
0.0 0.036646854132413864
0.0 0.036665961146354675
0.0 0.0367235392332077
0.0 0.0367269292473793
0.0 0.036777857691049576
0.0 0.03680850565433502
0.0 0.03681526333093643
0.0 0.036889009177684784
0.0 0.03701907396316528
0.0 0.03706551715731621
0.0 0.037068113684654236
0.0 0.03707369044423103
0.0 0.03707772120833397
0.0 0.03709536790847778
0.0 0.03712993860244751
0.0 0.03715429827570915
0.0 0.03715987503528595
0.0 0.03720938041806221
0.0 0.037221550941467285
0.0 0.03731099143624306
0.0 0.037312448024749756
0.0 0.03731844946742058
0.0 0.03732084482908249
0.0 0.03737149387598038
0.0 0.0373898521065712
0.0 0.0374264270067215
0.0 0.03743233531713486
0.0 0.03745046630501747
0.0 0.037521135061979294
0.0 0.03763203322887421
0.0 0.03763444721698761
0.0 0.03768571838736534
0.0 0.03775762766599655
0.0 0.03775908797979355
0.0 0.037893276661634445
0.0 0.03791147470474243
0.0 0.037922538816928864
0.0 0.037937942892313004
0.0 0.037964578717947006
0.0 0.03797255456447601
0.0 0.03803304582834244
0.0 0.0380978062748909
0.0 0.038112375885248184
0.0 0.03812456876039505
0.0 0.03814299404621124
0.0 0.03814441338181496
0.0 0.03823782876133919
0.0 0.03830932453274727
0.0 0.03831859678030014
0.0 0.03834475204348564
0.0 0.03839258477091789
0.0 0.03844103217124939
0.0 0.03846888616681099
0.0 0.03848478943109512
0.0 0.038491446524858475
0.0 0.03851654753088951
0.0 0.0385325625538826
0.0 0.03854260593652725
0.0 0.038584012538194656
0.0 0.03859468922019005
0.0 0.038653623312711716
0.0 0.03866780176758766
0.0 0.038744088262319565
0.0 0.038828663527965546
0.0 0.038926344364881516
0.0 0.038950223475694656
0.0 0.039003632962703705
0.0 0.039049964398145676
0.0 0.03910559415817261
0.0 0.03914405778050423
0.0 0.0392090305685997
0.0 0.039257023483514786
0.0 0.039324063807725906
0.0 0.039326656609773636
0.0 0.0393596850335598
0.0 0.03945029899477959
0.0 0.03947107121348381
0.0 0.03949611261487007
0.0 0.03950215131044388
0.0 0.03957159072160721
0.0 0.03957299515604973
0.0 0.03957673907279968
0.0 0.03966633230447769
0.0 0.03966902941465378
0.0 0.03974504768848419
0.0 0.03978615254163742
0.0 0.03980394825339317
0.0 0.03986513242125511
0.0 0.03987022489309311
0.0 0.03987077251076698
0.0 0.039896685630083084
0.0 0.03997292369604111
0.0 0.04000706225633621
0.0 0.04002109542489052
0.0 0.04002556577324867
0.0 0.040209848433732986
0.0 0.040216103196144104
0.0 0.04022591933608055
0.0 0.040246348828077316
0.0 0.040256060659885406
0.0 0.04030723497271538
0.0 0.04032202810049057
0.0 0.040513768792152405
0.0 0.040527839213609695
0.0 0.040527958422899246
0.0 0.040534574538469315
0.0 0.0405513159930706
0.0 0.04062935709953308
0.0 0.04067499190568924
0.0 0.04067539423704147
0.0 0.040788259357213974
0.0 0.04083903506398201
0.0 0.04085269570350647
0.0 0.04087822884321213
0.0 0.040975555777549744
0.0 0.040987614542245865
0.0 0.04102156311273575
0.0 0.04102258011698723
0.0 0.04103001579642296
0.0 0.04105639457702637
0.0 0.0410662442445755
0.0 0.041147783398628235
0.0 0.04118431732058525
0.0 0.04122088849544525
0.0 0.04124356806278229
0.0 0.041362252086400986
0.0 0.0413990281522274
0.0 0.04147870093584061
0.0 0.041581012308597565
0.0 0.041601866483688354
0.0 0.04168987646698952
0.0 0.04169207811355591
0.0 0.04180943965911865
0.0 0.04186808317899704
0.0 0.04192225635051727
0.0 0.04192468896508217
0.0 0.04199984297156334
0.0 0.04201813042163849
0.0 0.042056698352098465
0.0 0.042150624096393585
0.0 0.04220418259501457
0.0 0.0422118678689003
0.0 0.04223565012216568
0.0 0.042292430996894836
0.0 0.04230609908699989
0.0 0.042307429015636444
0.0 0.04232512041926384
0.0 0.042340196669101715
0.0 0.04241936281323433
0.0 0.04245709627866745
0.0 0.042481787502765656
0.0 0.04253685101866722
0.0 0.042552851140499115
0.0 0.04257526993751526
0.0 0.04258064925670624
0.0 0.04271438717842102
0.0 0.042773786932229996
0.0 0.04278072342276573
0.0 0.04282054677605629
0.0 0.04284636676311493
0.0 0.042849428951740265
0.0 0.0428575724363327
0.0 0.042962100356817245
0.0 0.04297386109828949
0.0 0.04298882186412811
0.0 0.042996108531951904
0.0 0.04303854703903198
0.0 0.043092649430036545
0.0 0.04310440272092819
0.0 0.04312455654144287
0.0 0.04313205927610397
0.0 0.04314760863780975
0.0 0.04323945567011833
0.0 0.04325592517852783
0.0 0.04330344870686531
0.0 0.043458305299282074
0.0 0.043465983122587204
0.0 0.043539226055145264
0.0 0.0435517244040966
0.0 0.04355846717953682
0.0 0.043589428067207336
0.0 0.04362077638506889
0.0 0.043629445135593414
0.0 0.043714478611946106
0.0 0.043718382716178894
0.0 0.043788984417915344
0.0 0.0438077449798584
0.0 0.04395367577672005
0.0 0.04395953193306923
0.0 0.04396612569689751
0.0 0.04400012269616127
0.0 0.04405383765697479
0.0 0.04421398788690567
0.0 0.04423227161169052
0.0 0.04424299672245979
0.0 0.04428618773818016
0.0 0.04433390125632286
0.0 0.044434502720832825
0.0 0.04448568448424339
0.0 0.04451501742005348
0.0 0.04462152346968651
0.0 0.04475390166044235
0.0 0.04476409777998924
0.0 0.04477430507540703
0.0 0.04479764774441719
0.0 0.044821932911872864
0.0 0.044837865978479385
0.0 0.04490940645337105
0.0 0.04492662101984024
0.0 0.04493483528494835
0.0 0.04503960534930229
0.0 0.045051347464323044
0.0 0.045082129538059235
0.0 0.045085251331329346
0.0 0.04511936753988266
0.0 0.04518989473581314
0.0 0.0452403798699379
0.0 0.04528982192277908
0.0 0.045298367738723755
0.0 0.04530925676226616
0.0 0.045389749109745026
0.0 0.045416899025440216
0.0 0.045655012130737305
0.0 0.04568172246217728
0.0 0.045682188123464584
0.0 0.045753419399261475
0.0 0.04582643881440163
0.0 0.04587927460670471
0.0 0.04591681808233261
0.0 0.04592098668217659
0.0 0.0460091158747673
0.0 0.046030040830373764
0.0 0.04605436697602272
0.0 0.04608702287077904
0.0 0.04613002762198448
0.0 0.04622159153223038
0.0 0.04627181962132454
0.0 0.0462745800614357
0.0 0.04628991708159447
0.0 0.0463341623544693
0.0 0.046378809958696365
0.0 0.046379026025533676
0.0 0.04645673558115959
0.0 0.04648227617144585
0.0 0.04658079892396927
0.0 0.04668985307216644
0.0 0.04682345315814018
0.0 0.04686524346470833
0.0 0.046865314245224
0.0 0.04693185165524483
0.0 0.04697427153587341
0.0 0.0469830259680748
0.0 0.047001488506793976
0.0 0.04702238738536835
0.0 0.04705090820789337
0.0 0.04707690700888634
0.0 0.047203004360198975
0.0 0.04721137881278992
0.0 0.04723479971289635
0.0 0.04725433140993118
0.0 0.04740592837333679
0.0 0.0474078468978405
0.0 0.04749036580324173
0.0 0.047536272555589676
0.0 0.04754842445254326
0.0 0.04758558049798012
0.0 0.047775693237781525
0.0 0.0478413961827755
0.0 0.047851406037807465
0.0 0.04787168651819229
0.0 0.04788467288017273
0.0 0.04790716990828514
0.0 0.04798858240246773
0.0 0.04800381511449814
0.0 0.04801109433174133
0.0 0.048028457909822464
0.0 0.04804268479347229
0.0 0.048123713582754135
0.0 0.04812466353178024
0.0 0.04815802350640297
0.0 0.04819842800498009
0.0 0.04827812314033508
0.0 0.04830758646130562
0.0 0.04831620678305626
0.0 0.04836001247167587
0.0 0.048390861600637436
0.0 0.04845743626356125
0.0 0.048528388142585754
0.0 0.04855669289827347
0.0 0.04875074326992035
0.0 0.04878466948866844
0.0 0.04882127791643143
0.0 0.04899736866354942
0.0 0.049040645360946655
0.0 0.049056924879550934
0.0 0.04909098148345947
0.0 0.04914291948080063
0.0 0.049278780817985535
0.0 0.049286000430583954
0.0 0.04929223284125328
0.0 0.049377184361219406
0.0 0.04940227046608925
0.0 0.04951794818043709
0.0 0.049605533480644226
0.0 0.0497610904276371
0.0 0.04979999363422394
0.0 0.049924492835998535
0.0 0.0500805601477623
0.0 0.050091929733753204
0.0 0.05017532780766487
0.0 0.050193674862384796
0.0 0.05021681636571884
0.0 0.050283681601285934
0.0 0.05036390945315361
0.0 0.0504068098962307
0.0 0.05045577883720398
0.0 0.050457682460546494
0.0 0.05053916946053505
0.0 0.050543997436761856
0.0 0.05071009695529938
0.0 0.050839703530073166
0.0 0.05093834549188614
0.0 0.05111437290906906
0.0 0.05112752690911293
0.0 0.05125954747200012
0.0 0.05126069858670235
0.0 0.05127666890621185
0.0 0.05127677321434021
0.0 0.05128772556781769
0.0 0.051333196461200714
0.0 0.0514233335852623
0.0 0.05149107426404953
0.0 0.051523007452487946
0.0 0.05159801244735718
0.0 0.05169142410159111
0.0 0.051703955978155136
0.0 0.05180399864912033
0.0 0.05183107405900955
0.0 0.051999181509017944
0.0 0.05204031616449356
0.0 0.05208190158009529
0.0 0.05209293216466904
0.0 0.052156541496515274
0.0 0.05224326252937317
0.0 0.052266430109739304
0.0 0.052358441054821014
0.0 0.05247575417160988
0.0 0.052487075328826904
0.0 0.05248836800456047
0.0 0.052537575364112854
0.0 0.052669692784547806
0.0 0.05269937589764595
0.0 0.052781715989112854
0.0 0.05284832417964935
0.0 0.05299432948231697
0.0 0.053187817335128784
0.0 0.0532800555229187
0.0 0.053424566984176636
0.0 0.05368191748857498
0.0 0.053788717836141586
0.0 0.054044246673583984
0.0 0.05415143072605133
0.0 0.05429845675826073
0.0 0.05472671985626221
0.0 0.05495108291506767
0.0 0.05500255152583122
0.0 0.05514061078429222
0.0 0.05526534095406532
0.0 0.05532679334282875
0.0 0.055328547954559326
0.0 0.05544159188866615
0.0 0.05546938627958298
0.0 0.05555008351802826
0.0 0.055571939796209335
0.0 0.05559076741337776
0.0 0.05584345757961273
0.0 0.05589032918214798
0.0 0.055895134806632996
0.0 0.056028787046670914
0.0 0.05608328804373741
0.0 0.05647288262844086
0.0 0.05648539215326309
0.0 0.056737277656793594
0.0 0.05686793103814125
0.0 0.057435356080532074
0.0 0.05752101168036461
0.0 0.05773146450519562
0.0 0.058101605623960495
0.0 0.05810534209012985
0.0 0.05815818905830383
0.0 0.05837585777044296
0.0 0.058734092861413956
0.0 0.05888591706752777
0.0 0.059026461094617844
0.0 0.059274863451719284
0.0 0.05962070822715759
0.0 0.06012127548456192
0.0 0.06043791025876999
0.0 0.06086844950914383
0.0 0.06107085943222046
0.0 0.061529070138931274
0.0 0.06257044523954391
0.0 0.0637979805469513
0.0 0.06381469964981079
0.0 0.06487088650465012
0.0 0.0656379908323288
0.0 0.06618878245353699
0.0 0.06682061403989792
0.0 0.06721311807632446
0.0 0.0673815906047821
0.0 0.06769615411758423
0.0 0.0705232173204422
0.0 0.07303206622600555
0.0 0.07303410768508911
0.0 0.07432696223258972
0.0 0.07583989948034286
0.0 0.07664865255355835
0.0 0.08242984116077423
0.0 0.08987632393836975
0.0 inf
