0.0 0.037354230880737305
0.0 0.044014766812324524
0.0 0.04564562439918518
0.0 0.04682007059454918
0.0 0.04720774665474892
0.0 0.04728848859667778
0.0 0.04886646941304207
0.0 0.05002759024500847
0.0 0.050423476845026016
0.0 0.051265157759189606
0.0 0.05175134539604187
0.0 0.05252567306160927
0.0 0.053398530930280685
0.0 0.05373583361506462
0.0 0.05420117825269699
0.0 0.05436131730675697
0.0 0.05451555550098419
0.0 0.05571668595075607
0.0 0.055781759321689606
0.0 0.0560741163790226
0.0 0.056120384484529495
0.0 0.056122053414583206
0.0 0.056149959564208984
0.0 0.05617276206612587
0.0 0.056282803416252136
0.0 0.05652612820267677
0.0 0.056557219475507736
0.0 0.056711070239543915
0.0 0.05701354518532753
0.0 0.05706584453582764
0.0 0.05717688053846359
0.0 0.05728740617632866
0.0 0.05733821541070938
0.0 0.057339515537023544
0.0 0.05739535391330719
0.0 0.05743912607431412
0.0 0.05751851573586464
0.0 0.05757893994450569
0.0 0.05775490403175354
0.0 0.05787961184978485
0.0 0.05802178382873535
0.0 0.058069199323654175
0.0 0.058186568319797516
0.0 0.05845663696527481
0.0 0.05856768786907196
0.0 0.05874139443039894
0.0 0.058980390429496765
0.0 0.05901928246021271
0.0 0.05930653214454651
0.0 0.059350285679101944
0.0 0.0594673678278923
0.0 0.05962541699409485
0.0 0.059793420135974884
0.0 0.05999625474214554
0.0 0.06001756340265274
0.0 0.06029076874256134
0.0 0.06035156548023224
0.0 0.06037242338061333
0.0 0.060479145497083664
0.0 0.06051921844482422
0.0 0.06052372604608536
0.0 0.06055575609207153
0.0 0.060567088425159454
0.0 0.0607360415160656
0.0 0.060783106833696365
0.0 0.06086229160428047
0.0 0.06100409850478172
0.0 0.06105438992381096
0.0 0.06108741834759712
0.0 0.06128625571727753
0.0 0.06130923703312874
0.0 0.06133772060275078
0.0 0.061351142823696136
0.0 0.06152167171239853
0.0 0.06166897714138031
0.0 0.06170386075973511
0.0 0.06172357499599457
0.0 0.06172490492463112
0.0 0.0617927610874176
0.0 0.061971265822649
0.0 0.06202354654669762
0.0 0.06207626685500145
0.0 0.062199901789426804
0.0 0.062263645231723785
0.0 0.06226706504821777
0.0 0.062289368361234665
0.0 0.06234052777290344
0.0 0.062424805015325546
0.0 0.062434788793325424
0.0 0.06305915862321854
0.0 0.06324223428964615
0.0 0.06326840072870255
0.0 0.06330101191997528
0.0 0.06331434845924377
0.0 0.06331734359264374
0.0 0.0633813813328743
0.0 0.06339611113071442
0.0 0.06347833573818207
0.0 0.06350036710500717
0.0 0.06351839751005173
0.0 0.0635548084974289
0.0 0.06355517357587814
0.0 0.06361372023820877
0.0 0.06366630643606186
0.0 0.06383097916841507
0.0 0.06384767591953278
0.0 0.06384894251823425
0.0 0.06386130303144455
0.0 0.0640922263264656
0.0 0.06409680843353271
0.0 0.06414582580327988
0.0 0.06414921581745148
0.0 0.06417185813188553
0.0 0.0641765370965004
0.0 0.06422395259141922
0.0 0.06423167139291763
0.0 0.06438442319631577
0.0 0.06438562273979187
0.0 0.06447698175907135
0.0 0.06458603590726852
0.0 0.06459210067987442
0.0 0.0646907314658165
0.0 0.06472718715667725
0.0 0.06474696099758148
0.0 0.06487517803907394
0.0 0.0649489015340805
0.0 0.0649813711643219
0.0 0.06505193561315536
0.0 0.06507216393947601
0.0 0.0651417002081871
0.0 0.06521711498498917
0.0 0.06527162343263626
0.0 0.0653863251209259
0.0 0.06540653109550476
0.0 0.06541295349597931
0.0 0.06543029099702835
0.0 0.06544943898916245
0.0 0.06550361216068268
0.0 0.065628781914711
0.0 0.06569523364305496
0.0 0.0657259076833725
0.0 0.06586043536663055
0.0 0.06605138629674911
0.0 0.0660756453871727
0.0 0.06610961258411407
0.0 0.06614461541175842
0.0 0.06620180606842041
0.0 0.06628057360649109
0.0 0.06628888845443726
0.0 0.066320039331913
0.0 0.06637624651193619
0.0 0.06643767654895782
0.0 0.06650319695472717
0.0 0.0666891410946846
0.0 0.06677912175655365
0.0 0.06679129600524902
0.0 0.06681497395038605
0.0 0.06703342497348785
0.0 0.06706252694129944
0.0 0.06708481907844543
0.0 0.06732403486967087
0.0 0.06734802573919296
0.0 0.06734884530305862
0.0 0.0674986019730568
0.0 0.06751281768083572
0.0 0.06757894903421402
0.0 0.06780541688203812
0.0 0.06790478527545929
0.0 0.0679221898317337
0.0 0.0679585412144661
0.0 0.06803622096776962
0.0 0.0680794045329094
0.0 0.06816708296537399
0.0 0.06837375462055206
0.0 0.06847814470529556
0.0 0.06850169599056244
0.0 0.06850741058588028
0.0 0.06854716688394547
0.0 0.06855760514736176
0.0 0.06875155866146088
0.0 0.06882190704345703
0.0 0.06883233785629272
0.0 0.06883668154478073
0.0 0.06893320381641388
0.0 0.06896329671144485
0.0 0.0689702108502388
0.0 0.06898857653141022
0.0 0.06900876760482788
0.0 0.06903731822967529
0.0 0.06926841288805008
0.0 0.0693967342376709
0.0 0.06941359490156174
0.0 0.06941986083984375
0.0 0.06944010406732559
0.0 0.06956306844949722
0.0 0.06959124654531479
0.0 0.0697607472538948
0.0 0.06983671337366104
0.0 0.06990606337785721
0.0 0.06997062265872955
0.0 0.07001882791519165
0.0 0.07025984674692154
0.0 0.07031384855508804
0.0 0.07033708691596985
0.0 0.0703507736325264
0.0 0.07036622613668442
0.0 0.07039008289575577
0.0 0.07045190036296844
0.0 0.07052789628505707
0.0 0.07055284827947617
0.0 0.07055328786373138
0.0 0.07060594111680984
0.0 0.07065276056528091
0.0 0.07069233804941177
0.0 0.07071512937545776
0.0 0.07072088867425919
0.0 0.07085338979959488
0.0 0.07108158618211746
0.0 0.07108616083860397
0.0 0.07129207253456116
0.0 0.07131561636924744
0.0 0.07131579518318176
0.0 0.0715314969420433
0.0 0.07153228670358658
0.0 0.07159905135631561
0.0 0.07167244702577591
0.0 0.07173077017068863
0.0 0.07187163084745407
0.0 0.07188410311937332
0.0 0.071921207010746
0.0 0.07194750010967255
0.0 0.07205455005168915
0.0 0.07254256308078766
0.0 0.07254865020513535
0.0 0.07263141125440598
0.0 0.0726507157087326
0.0 0.07274513691663742
0.0 0.07277984917163849
0.0 0.07278060913085938
0.0 0.07285948097705841
0.0 0.0729174017906189
0.0 0.07300077378749847
0.0 0.07309315353631973
0.0 0.07310245931148529
0.0 0.07321973145008087
0.0 0.07350753247737885
0.0 0.07360940426588058
0.0 0.07369056344032288
0.0 0.07373706996440887
0.0 0.07377734780311584
0.0 0.07394789159297943
0.0 0.07397878170013428
0.0 0.07412563264369965
0.0 0.07415009289979935
0.0 0.07415268570184708
0.0 0.07415833324193954
0.0 0.07432349026203156
0.0 0.07436922192573547
0.0 0.07438910752534866
0.0 0.07443062961101532
0.0 0.07446255534887314
0.0 0.07495248317718506
0.0 0.07504778355360031
0.0 0.07506787031888962
0.0 0.0750870481133461
0.0 0.07523883879184723
0.0 0.07543400675058365
0.0 0.07555685192346573
0.0 0.07568401843309402
0.0 0.0757903903722763
0.0 0.07581313699483871
0.0 0.07583432644605637
0.0 0.07585347443819046
0.0 0.07608190178871155
0.0 0.07611795514822006
0.0 0.0765017569065094
0.0 0.0765502005815506
0.0 0.07672054320573807
0.0 0.07679153978824615
0.0 0.07682854682207108
0.0 0.07695881277322769
0.0 0.07711952179670334
0.0 0.07721899449825287
0.0 0.07731106132268906
0.0 0.07755886763334274
0.0 0.07756549119949341
0.0 0.07772897928953171
0.0 0.07788309454917908
0.0 0.07795672863721848
0.0 0.07806523144245148
0.0 0.07812955975532532
0.0 0.07814919203519821
0.0 0.07821948081254959
0.0 0.07821986824274063
0.0 0.0782640352845192
0.0 0.07874374836683273
0.0 0.0789482444524765
0.0 0.07929810881614685
0.0 0.0793437585234642
0.0 0.0793551504611969
0.0 0.07967088371515274
0.0 0.07967539876699448
0.0 0.07968879491090775
0.0 0.07973603904247284
0.0 0.07991602271795273
0.0 0.08003329485654831
0.0 0.08008663356304169
0.0 0.08020168542861938
0.0 0.08045617491006851
0.0 0.08049490302801132
0.0 0.08061421662569046
0.0 0.08066491782665253
0.0 0.08084846287965775
0.0 0.08089208602905273
0.0 0.08102484792470932
0.0 0.08103693276643753
0.0 0.08129104971885681
0.0 0.08131091296672821
0.0 0.08164027333259583
0.0 0.08174662292003632
0.0 0.08191730827093124
0.0 0.08203738182783127
0.0 0.08207325637340546
0.0 0.08210036158561707
0.0 0.08217848837375641
0.0 0.08221028000116348
0.0 0.0822286531329155
0.0 0.08223628997802734
0.0 0.0822446420788765
0.0 0.0822472870349884
0.0 0.08228566497564316
0.0 0.08231880515813828
0.0 0.08258835226297379
0.0 0.08278515934944153
0.0 0.08296070247888565
0.0 0.08311617374420166
0.0 0.08334533125162125
0.0 0.08342857658863068
0.0 0.08346094191074371
0.0 0.08352158963680267
0.0 0.08361899107694626
0.0 0.08368738740682602
0.0 0.08387085795402527
0.0 0.08391919732093811
0.0 0.08435100317001343
0.0 0.08470477163791656
0.0 0.08475366979837418
0.0 0.08478976041078568
0.0 0.08484946191310883
0.0 0.08502364158630371
0.0 0.08502938598394394
0.0 0.08512839674949646
0.0 0.08533372730016708
0.0 0.08533746749162674
0.0 0.08541864156723022
0.0 0.08551989495754242
0.0 0.08566360175609589
0.0 0.08573389798402786
0.0 0.08574056625366211
0.0 0.08589141070842743
0.0 0.08609572798013687
0.0 0.08609583973884583
0.0 0.08615300059318542
0.0 0.08622510731220245
0.0 0.08633829653263092
0.0 0.08638022094964981
0.0 0.08683721721172333
0.0 0.08698851615190506
0.0 0.0870039239525795
0.0 0.08708865195512772
0.0 0.0872686356306076
0.0 0.0873144194483757
0.0 0.08740129321813583
0.0 0.08754923939704895
0.0 0.08761005103588104
0.0 0.0876171663403511
0.0 0.08763065934181213
0.0 0.08767668157815933
0.0 0.08772354573011398
0.0 0.08792904019355774
0.0 0.08798224478960037
0.0 0.0881856232881546
0.0 0.08828666806221008
0.0 0.08855344355106354
0.0 0.088605597615242
0.0 0.08873756229877472
0.0 0.08880911767482758
0.0 0.08906476944684982
0.0 0.08909988403320312
0.0 0.08910847455263138
0.0 0.08911141753196716
0.0 0.08927540481090546
0.0 0.0893683061003685
0.0 0.08944142609834671
0.0 0.08945533633232117
0.0 0.0898752436041832
0.0 0.08989805728197098
0.0 0.08991676568984985
0.0 0.09010075777769089
0.0 0.09037158638238907
0.0 0.09058713167905807
0.0 0.09065298736095428
0.0 0.09070631116628647
0.0 0.09075834602117538
0.0 0.09082671999931335
0.0 0.09086667746305466
0.0 0.09108944982290268
0.0 0.09126043319702148
0.0 0.09188371151685715
0.0 0.09198518842458725
0.0 0.0923822671175003
0.0 0.09243849664926529
0.0 0.0925564095377922
0.0 0.09278756380081177
0.0 0.09286461025476456
0.0 0.09292125701904297
0.0 0.09312572330236435
0.0 0.09332291036844254
0.0 0.0933661088347435
0.0 0.09338882565498352
0.0 0.09353302419185638
0.0 0.09364913403987885
0.0 0.09373877942562103
0.0 0.09389825165271759
0.0 0.09398994594812393
0.0 0.09413108974695206
0.0 0.0943976417183876
0.0 0.09440773725509644
0.0 0.09441374987363815
0.0 0.09457804262638092
0.0 0.09458773583173752
0.0 0.09485679864883423
0.0 0.09485720843076706
0.0 0.09495990723371506
0.0 0.09518130868673325
0.0 0.0954643040895462
0.0 0.09571410715579987
0.0 0.09595869481563568
0.0 0.09611377865076065
0.0 0.09638592600822449
0.0 0.09722330421209335
0.0 0.09743264317512512
0.0 0.0974767878651619
0.0 0.09756060689687729
0.0 0.0976734533905983
0.0 0.09781214594841003
0.0 0.09805109351873398
0.0 0.09817631542682648
0.0 0.09839100390672684
0.0 0.09873568266630173
0.0 0.09890460222959518
0.0 0.0989999920129776
0.0 0.09957689046859741
0.0 0.09988125413656235
0.0 0.10032214224338531
0.0 0.1009681299328804
0.0 0.10112998634576797
0.0 0.10117776691913605
0.0 0.10159433633089066
0.0 0.1019195169210434
0.0 0.1020919531583786
0.0 0.10220765322446823
0.0 0.10236965119838715
0.0 0.10306325554847717
0.0 0.10313691198825836
0.0 0.10338394343852997
0.0 0.10358194261789322
0.0 0.10451357066631317
0.0 0.10481878370046616
0.0 0.10509292781352997
0.0 0.10568110644817352
0.0 0.10588452965021133
0.0 0.10589233785867691
0.0 0.1063440814614296
0.0 0.107035793364048
0.0 0.10720796883106232
0.0 0.10783099383115768
0.0 0.10785725712776184
0.0 0.10792802274227142
0.0 0.10831310600042343
0.0 0.10836364328861237
0.0 0.10885635018348694
0.0 0.11074206233024597
0.0 0.11110725998878479
0.0 0.11129573732614517
0.0 0.11168231815099716
0.0 0.1123579815030098
0.0 0.11290013790130615
0.0 0.113007552921772
0.0 0.11323211342096329
0.0 0.11447986215353012
0.0 0.11480698734521866
0.0 0.11546729505062103
0.0 0.11563790589570999
0.0 0.11666093021631241
0.0 0.11696750670671463
0.0 0.11709266901016235
0.0 0.11765696108341217
0.0 0.11852873861789703
0.0 0.11858949065208435
0.0 0.11913424730300903
0.0 0.1199745237827301
0.0 0.12100417912006378
0.0 0.12174218893051147
0.0 0.12458677589893341
0.0 0.1251155585050583
0.0 0.12691564857959747
0.0 0.136350616812706
0.0 0.1405300796031952
0.0 0.1456562876701355
0.0 0.16835305094718933
0.0 inf
