0.0 0.023270953446626663
0.0 0.026328500360250473
0.0 0.02665826678276062
0.0 0.026861324906349182
0.0 0.027206402271986008
0.0 0.027318518608808517
0.0 0.027599714696407318
0.0 0.028438780456781387
0.0 0.028580203652381897
0.0 0.028612198308110237
0.0 0.028788141906261444
0.0 0.02896115556359291
0.0 0.028977999463677406
0.0 0.029135819524526596
0.0 0.02918326109647751
0.0 0.029232921078801155
0.0 0.029298344627022743
0.0 0.029467301443219185
0.0 0.029747003689408302
0.0 0.030496837571263313
0.0 0.03052527830004692
0.0 0.031008152291178703
0.0 0.031043117865920067
0.0 0.0312955379486084
0.0 0.03131677210330963
0.0 0.03156190738081932
0.0 0.031634435057640076
0.0 0.03164421394467354
0.0 0.031686682254076004
0.0 0.03173355013132095
0.0 0.0318036787211895
0.0 0.032075610011816025
0.0 0.032169561833143234
0.0 0.03219326213002205
0.0 0.032421838492155075
0.0 0.03247615322470665
0.0 0.03255293518304825
0.0 0.032617684453725815
0.0 0.032674793154001236
0.0 0.03275279328227043
0.0 0.03303670138120651
0.0 0.033043839037418365
0.0 0.03331896290183067
0.0 0.033365704119205475
0.0 0.0335092730820179
0.0 0.033871691673994064
0.0 0.033895112574100494
0.0 0.033979952335357666
0.0 0.03407448157668114
0.0 0.03413495421409607
0.0 0.03419957682490349
0.0 0.03434987738728523
0.0 0.034373316913843155
0.0 0.03441404923796654
0.0 0.034431349486112595
0.0 0.03454221412539482
0.0 0.03455354645848274
0.0 0.034571535885334015
0.0 0.03461990877985954
0.0 0.03462770953774452
0.0 0.034676939249038696
0.0 0.03470653295516968
0.0 0.03472257778048515
0.0 0.0347675085067749
0.0 0.03477523848414421
0.0 0.034926578402519226
0.0 0.034938372671604156
0.0 0.034995924681425095
0.0 0.03507588058710098
0.0 0.03511088714003563
0.0 0.0351114347577095
0.0 0.03515643626451492
0.0 0.035179778933525085
0.0 0.035218335688114166
0.0 0.035242047160863876
0.0 0.035295065492391586
0.0 0.035369765013456345
0.0 0.03542184829711914
0.0 0.03560931980609894
0.0 0.03566676005721092
0.0 0.035675179213285446
0.0 0.03569048270583153
0.0 0.03582913056015968
0.0 0.035834215581417084
0.0 0.03590802103281021
0.0 0.03591203689575195
0.0 0.0359131284058094
0.0 0.035947367548942566
0.0 0.03618999198079109
0.0 0.03621986135840416
0.0 0.036279331892728806
0.0 0.03636997938156128
0.0 0.03639351204037666
0.0 0.03649245575070381
0.0 0.03650525212287903
0.0 0.03654561564326286
0.0 0.036552540957927704
0.0 0.03659114986658096
0.0 0.03660617768764496
0.0 0.036640893667936325
0.0 0.03665132448077202
0.0 0.03665580227971077
0.0 0.03668469935655594
0.0 0.03672894090414047
0.0 0.0367550402879715
0.0 0.03677356615662575
0.0 0.03695952892303467
0.0 0.03699992969632149
0.0 0.03704223781824112
0.0 0.037045907229185104
0.0 0.03706122562289238
0.0 0.0371326208114624
0.0 0.037154581397771835
0.0 0.03715872764587402
0.0 0.03716777265071869
0.0 0.037260618060827255
0.0 0.03739505633711815
0.0 0.03744097054004669
0.0 0.03746975585818291
0.0 0.037513215094804764
0.0 0.03751641884446144
0.0 0.037527382373809814
0.0 0.037536874413490295
0.0 0.037570904940366745
0.0 0.03758006915450096
0.0 0.037611279636621475
0.0 0.03769033029675484
0.0 0.037839774042367935
0.0 0.037918008863925934
0.0 0.0379638746380806
0.0 0.037988364696502686
0.0 0.03805650398135185
0.0 0.03808902949094772
0.0 0.03811342641711235
0.0 0.038136161863803864
0.0 0.03814263269305229
0.0 0.03814844414591789
0.0 0.03816690295934677
0.0 0.0381791852414608
0.0 0.03821176290512085
0.0 0.03822667524218559
0.0 0.038254428654909134
0.0 0.038349855691194534
0.0 0.03838156536221504
0.0 0.03841792419552803
0.0 0.038443423807621
0.0 0.038606517016887665
0.0 0.038674917072057724
0.0 0.03869260847568512
0.0 0.03871683403849602
0.0 0.03885592147707939
0.0 0.038861460983753204
0.0 0.03896838426589966
0.0 0.03897029906511307
0.0 0.039054203778505325
0.0 0.039074234664440155
0.0 0.03908214345574379
0.0 0.03910417854785919
0.0 0.03916973993182182
0.0 0.03917067125439644
0.0 0.03922411799430847
0.0 0.03924228250980377
0.0 0.03924321383237839
0.0 0.03925252705812454
0.0 0.03926075994968414
0.0 0.03926798328757286
0.0 0.03930174186825752
0.0 0.03932486101984978
0.0 0.03933396190404892
0.0 0.039356544613838196
0.0 0.039377450942993164
0.0 0.03938131034374237
0.0 0.03944525122642517
0.0 0.03949984908103943
0.0 0.039554908871650696
0.0 0.039555151015520096
0.0 0.0395679771900177
0.0 0.03959339112043381
0.0 0.03961124271154404
0.0 0.03972784802317619
0.0 0.03976781293749809
0.0 0.0397767573595047
0.0 0.039788540452718735
0.0 0.03979286178946495
0.0 0.03979489952325821
0.0 0.039808489382267
0.0 0.039973098784685135
0.0 0.03997344523668289
0.0 0.03999907895922661
0.0 0.04001232609152794
0.0 0.040055159479379654
0.0 0.040056075900793076
0.0 0.04020417109131813
0.0 0.04031682014465332
0.0 0.04033025726675987
0.0 0.0403452143073082
0.0 0.04037238284945488
0.0 0.04041416198015213
0.0 0.04053394868969917
0.0 0.040608424693346024
0.0 0.040632665157318115
0.0 0.04075610637664795
0.0 0.04081932082772255
0.0 0.04086786508560181
0.0 0.04093107581138611
0.0 0.04095292463898659
0.0 0.040971316397190094
0.0 0.04100656136870384
0.0 0.04110347107052803
0.0 0.04110714793205261
0.0 0.04112502187490463
0.0 0.041212864220142365
0.0 0.041245829313993454
0.0 0.04127730056643486
0.0 0.04128473252058029
0.0 0.0413472056388855
0.0 0.04134853929281235
0.0 0.04137418046593666
0.0 0.041453734040260315
0.0 0.041474342346191406
0.0 0.04154951870441437
0.0 0.04158991947770119
0.0 0.04159754514694214
0.0 0.04160173237323761
0.0 0.04161384701728821
0.0 0.04162492975592613
0.0 0.041672900319099426
0.0 0.04172094538807869
0.0 0.041789427399635315
0.0 0.04180595278739929
0.0 0.04183918610215187
0.0 0.04184369370341301
0.0 0.04194062948226929
0.0 0.042070914059877396
0.0 0.04210786521434784
0.0 0.04226180166006088
0.0 0.04226738214492798
0.0 0.04238429665565491
0.0 0.04250405728816986
0.0 0.042509786784648895
0.0 0.042672909796237946
0.0 0.042769212275743484
0.0 0.04288613051176071
0.0 0.04291735216975212
0.0 0.04301637411117554
0.0 0.043035589158535004
0.0 0.043150078505277634
0.0 0.04316331446170807
0.0 0.043199215084314346
0.0 0.043236613273620605
0.0 0.04330689460039139
0.0 0.04337522014975548
0.0 0.04338718578219414
0.0 0.04360640048980713
0.0 0.043613217771053314
0.0 0.043622322380542755
0.0 0.04365234449505806
0.0 0.04388287663459778
0.0 0.04394138604402542
0.0 0.04397394135594368
0.0 0.04399963840842247
0.0 0.04400818794965744
0.0 0.04402673989534378
0.0 0.044117994606494904
0.0 0.044121868908405304
0.0 0.044302549213171005
0.0 0.044311247766017914
0.0 0.04432738572359085
0.0 0.044332340359687805
0.0 0.044477954506874084
0.0 0.04456152021884918
0.0 0.04471302404999733
0.0 0.044746533036231995
0.0 0.044889479875564575
0.0 0.044913385063409805
0.0 0.04494116082787514
0.0 0.04517094045877457
0.0 0.04517396539449692
0.0 0.045199885964393616
0.0 0.04525529965758324
0.0 0.04525826871395111
0.0 0.045265939086675644
0.0 0.0452955961227417
0.0 0.04538724943995476
0.0 0.045451514422893524
0.0 0.04549148678779602
0.0 0.045536816120147705
0.0 0.04557762295007706
0.0 0.045580629259347916
0.0 0.04562372714281082
0.0 0.045634426176548004
0.0 0.04569197818636894
0.0 0.04575484246015549
0.0 0.04580085724592209
0.0 0.045933254063129425
0.0 0.04597419127821922
0.0 0.04597482830286026
0.0 0.045988716185092926
0.0 0.04599817842245102
0.0 0.046048980206251144
0.0 0.04607900604605675
0.0 0.04610156640410423
0.0 0.0461130291223526
0.0 0.04615341126918793
0.0 0.04618777334690094
0.0 0.046232882887125015
0.0 0.04626493155956268
0.0 0.04629066213965416
0.0 0.046315599232912064
0.0 0.04638580232858658
0.0 0.04648810252547264
0.0 0.04658569023013115
0.0 0.04659457504749298
0.0 0.04661829397082329
0.0 0.046782005578279495
0.0 0.0468561127781868
0.0 0.047173358500003815
0.0 0.047225695103406906
0.0 0.04724222421646118
0.0 0.047278959304094315
0.0 0.0473872609436512
0.0 0.04747849330306053
0.0 0.047501541674137115
0.0 0.04782954975962639
0.0 0.04788517579436302
0.0 0.04802631959319115
0.0 0.04803687334060669
0.0 0.04804119095206261
0.0 0.048115845769643784
0.0 0.0481288805603981
0.0 0.048152998089790344
0.0 0.04820850118994713
0.0 0.048218537122011185
0.0 0.04838187247514725
0.0 0.04840320348739624
0.0 0.048431508243083954
0.0 0.048440899699926376
0.0 0.04854225739836693
0.0 0.048583030700683594
0.0 0.04860284924507141
0.0 0.04860345274209976
0.0 0.048630956560373306
0.0 0.04866711050271988
0.0 0.04875418171286583
0.0 0.04879288747906685
0.0 0.04884092137217522
0.0 0.04893631860613823
0.0 0.04898086190223694
0.0 0.04899869114160538
0.0 0.049002230167388916
0.0 0.04902363196015358
0.0 0.049190621823072433
0.0 0.04931064695119858
0.0 0.04935364052653313
0.0 0.04940428584814072
0.0 0.04943731054663658
0.0 0.049576111137866974
0.0 0.04958296939730644
0.0 0.049591876566410065
0.0 0.04964755102992058
0.0 0.04965884983539581
0.0 0.04975585266947746
0.0 0.04980204626917839
0.0 0.049822647124528885
0.0 0.04982364922761917
0.0 0.04984775930643082
0.0 0.049912404268980026
0.0 0.049950335174798965
0.0 0.049978602677583694
0.0 0.0499931201338768
0.0 0.050039809197187424
0.0 0.05031827837228775
0.0 0.05037842318415642
0.0 0.05052433907985687
0.0 0.05063854157924652
0.0 0.05074645206332207
0.0 0.05078592896461487
0.0 0.05085138604044914
0.0 0.05086897686123848
0.0 0.05112508311867714
0.0 0.05112927034497261
0.0 0.05114887282252312
0.0 0.05144858732819557
0.0 0.05181776359677315
0.0 0.05182705819606781
0.0 0.05196352303028107
0.0 0.05203252285718918
0.0 0.05206995829939842
0.0 0.05215840041637421
0.0 0.05224040150642395
0.0 0.05226628854870796
0.0 0.052301567047834396
0.0 0.052362110465765
0.0 0.052437860518693924
0.0 0.05269192159175873
0.0 0.052754033356904984
0.0 0.05278421565890312
0.0 0.053058922290802
0.0 0.053149767220020294
0.0 0.05334867164492607
0.0 0.053351834416389465
0.0 0.053361039608716965
0.0 0.05343382805585861
0.0 0.053469400852918625
0.0 0.053486168384552
0.0 0.05349220335483551
0.0 0.053538452833890915
0.0 0.05360078811645508
0.0 0.05400952696800232
0.0 0.05409346893429756
0.0 0.05410851910710335
0.0 0.054136723279953
0.0 0.0543510764837265
0.0 0.05438755452632904
0.0 0.05442703142762184
0.0 0.054503604769706726
0.0 0.05451073497533798
0.0 0.05465143173933029
0.0 0.054761968553066254
0.0 0.054785896092653275
0.0 0.05480537936091423
0.0 0.054838575422763824
0.0 0.05524972453713417
0.0 0.05539189651608467
0.0 0.05546974390745163
0.0 0.055474307388067245
0.0 0.05551088601350784
0.0 0.05586739256978035
0.0 0.05588173866271973
0.0 0.05619459226727486
0.0 0.05632488802075386
0.0 0.056457433849573135
0.0 0.05662797763943672
0.0 0.05685877799987793
0.0 0.056871023029088974
0.0 0.05692078918218613
0.0 0.0570533387362957
0.0 0.05707940086722374
0.0 0.05719281733036041
0.0 0.05732060596346855
0.0 0.057689305394887924
0.0 0.05769285559654236
0.0 0.05774876847863197
0.0 0.05785876139998436
0.0 0.05789756402373314
0.0 0.057902511209249496
0.0 0.05790548026561737
0.0 0.0580386184155941
0.0 0.058187320828437805
0.0 0.05835545435547829
0.0 0.05840197578072548
0.0 0.058503832668066025
0.0 0.05852096155285835
0.0 0.05886431410908699
0.0 0.05891469866037369
0.0 0.05900098383426666
0.0 0.0594002828001976
0.0 0.0595821887254715
0.0 0.0596008338034153
0.0 0.059713996946811676
0.0 0.059981539845466614
0.0 0.06002592667937279
0.0 0.06022260710597038
0.0 0.06046236306428909
0.0 0.06083390489220619
0.0 0.060947224497795105
0.0 0.06103001534938812
0.0 0.06120985001325607
0.0 0.06127937138080597
0.0 0.06164521723985672
0.0 0.06168940290808678
0.0 0.06198355183005333
0.0 0.06278574466705322
0.0 0.0627974271774292
0.0 0.06284962594509125
0.0 0.06291288137435913
0.0 0.0630989670753479
0.0 0.06333114206790924
0.0 0.06369200348854065
0.0 0.06372767686843872
0.0 0.06410247087478638
0.0 0.06412535160779953
0.0 0.06420563906431198
0.0 0.06424059718847275
0.0 0.06427065283060074
0.0 0.06480920314788818
0.0 0.06481807678937912
0.0 0.0653093084692955
0.0 0.06542367488145828
0.0 0.06619185209274292
0.0 0.0669911652803421
0.0 0.06707615405321121
0.0 0.06865959614515305
0.0 0.06878942996263504
0.0 0.06947667896747589
0.0 0.06988602876663208
0.0 0.07033020257949829
0.0 0.07204639911651611
0.0 0.07283233851194382
0.0 0.07325306534767151
0.0 0.07353150844573975
0.0 0.07353322207927704
0.0 0.07423590123653412
0.0 0.07499263435602188
0.0 0.07539190351963043
0.0 0.07544101774692535
0.0 0.07592000812292099
0.0 0.0776471346616745
0.0 0.08203865587711334
0.0 0.08361907303333282
0.0 0.09256818890571594
0.0 inf
