0.0 0.028214743360877037
0.0 0.031917937099933624
0.0 0.03366613760590553
0.0 0.034131113439798355
0.0 0.03508982062339783
0.0 0.03532585874199867
0.0 0.03550809249281883
0.0 0.03733927011489868
0.0 0.03745587542653084
0.0 0.03750067204236984
0.0 0.03803711384534836
0.0 0.038091499358415604
0.0 0.038110289722681046
0.0 0.038279611617326736
0.0 0.038616061210632324
0.0 0.03875664621591568
0.0 0.03883766755461693
0.0 0.039080988615751266
0.0 0.03918008878827095
0.0 0.039502713829278946
0.0 0.03969545289874077
0.0 0.03992751985788345
0.0 0.03999217599630356
0.0 0.0400075800716877
0.0 0.04022206366062164
0.0 0.0403905063867569
0.0 0.040623415261507034
0.0 0.04066431149840355
0.0 0.04068731144070625
0.0 0.04070636257529259
0.0 0.040714092552661896
0.0 0.041348982602357864
0.0 0.041431162506341934
0.0 0.04156891256570816
0.0 0.041690003126859665
0.0 0.041960593312978745
0.0 0.04202495887875557
0.0 0.0420660600066185
0.0 0.04214873164892197
0.0 0.04216740280389786
0.0 0.042503781616687775
0.0 0.04260563477873802
0.0 0.04269684851169586
0.0 0.04287556931376457
0.0 0.04287998750805855
0.0 0.042924586683511734
0.0 0.042943742126226425
0.0 0.04306229576468468
0.0 0.043074384331703186
0.0 0.04318930208683014
0.0 0.043262019753456116
0.0 0.043315060436725616
0.0 0.04334850236773491
0.0 0.04341920092701912
0.0 0.04351663589477539
0.0 0.043518926948308945
0.0 0.043529339134693146
0.0 0.04380260035395622
0.0 0.04380428045988083
0.0 0.04381672665476799
0.0 0.043850138783454895
0.0 0.04390715807676315
0.0 0.04396931454539299
0.0 0.044025760143995285
0.0 0.044181715697050095
0.0 0.044182825833559036
0.0 0.04420940950512886
0.0 0.044211070984601974
0.0 0.04427875205874443
0.0 0.04436361417174339
0.0 0.04447070509195328
0.0 0.04452472925186157
0.0 0.04457137733697891
0.0 0.04468029737472534
0.0 0.04470808058977127
0.0 0.04471561685204506
0.0 0.04474756866693497
0.0 0.04481121525168419
0.0 0.04485148936510086
0.0 0.04486031085252762
0.0 0.04496704414486885
0.0 0.04499521851539612
0.0 0.045054156333208084
0.0 0.04525967687368393
0.0 0.04532517492771149
0.0 0.04535418003797531
0.0 0.045361150056123734
0.0 0.0454130657017231
0.0 0.04555854946374893
0.0 0.04560183361172676
0.0 0.04561234638094902
0.0 0.0456620417535305
0.0 0.04567886143922806
0.0 0.045719411224126816
0.0 0.045731835067272186
0.0 0.04576057940721512
0.0 0.04586808755993843
0.0 0.04588368907570839
0.0 0.04607566073536873
0.0 0.046076491475105286
0.0 0.04612577334046364
0.0 0.046160779893398285
0.0 0.04616400599479675
0.0 0.04618668183684349
0.0 0.046243127435445786
0.0 0.046289924532175064
0.0 0.04632743075489998
0.0 0.04635462537407875
0.0 0.046380430459976196
0.0 0.046508416533470154
0.0 0.04653475433588028
0.0 0.04656284302473068
0.0 0.04663396254181862
0.0 0.04665311053395271
0.0 0.046680472791194916
0.0 0.04671429097652435
0.0 0.04684314504265785
0.0 0.04685598239302635
0.0 0.04689300060272217
0.0 0.04703591391444206
0.0 0.04703900218009949
0.0 0.0471133291721344
0.0 0.0472026951611042
0.0 0.04747072607278824
0.0 0.04755384847521782
0.0 0.04759552702307701
0.0 0.04760599881410599
0.0 0.04765219986438751
0.0 0.04771002382040024
0.0 0.04773859679698944
0.0 0.04778384417295456
0.0 0.04785418137907982
0.0 0.04787658527493477
0.0 0.04793864116072655
0.0 0.04796440154314041
0.0 0.04813815653324127
0.0 0.04817437008023262
0.0 0.04825250431895256
0.0 0.048280034214258194
0.0 0.04832178354263306
0.0 0.048429690301418304
0.0 0.048495061695575714
0.0 0.04850275069475174
0.0 0.04856335371732712
0.0 0.04866461828351021
0.0 0.04867034777998924
0.0 0.048763711005449295
0.0 0.0487787090241909
0.0 0.04878678917884827
0.0 0.0488155335187912
0.0 0.04882732033729553
0.0 0.04886477068066597
0.0 0.04891582578420639
0.0 0.04897429794073105
0.0 0.04904336482286453
0.0 0.04911206290125847
0.0 0.04912717640399933
0.0 0.049168869853019714
0.0 0.049337100237607956
0.0 0.04935498908162117
0.0 0.049380965530872345
0.0 0.049384381622076035
0.0 0.04940091818571091
0.0 0.04943832382559776
0.0 0.04956972971558571
0.0 0.0495716817677021
0.0 0.04958135634660721
0.0 0.04965394362807274
0.0 0.0498330220580101
0.0 0.04990283399820328
0.0 0.0499752052128315
0.0 0.05001726746559143
0.0 0.050053976476192474
0.0 0.050068240612745285
0.0 0.050097398459911346
0.0 0.05013659968972206
0.0 0.05025877431035042
0.0 0.05030069500207901
0.0 0.05033779516816139
0.0 0.05047042667865753
0.0 0.050505511462688446
0.0 0.05054132267832756
0.0 0.05063425749540329
0.0 0.050639066845178604
0.0 0.0507102869451046
0.0 0.05074707046151161
0.0 0.050897639244794846
0.0 0.051032040268182755
0.0 0.05112370476126671
0.0 0.05113635212182999
0.0 0.05114408954977989
0.0 0.051174383610486984
0.0 0.05127030983567238
0.0 0.05138979107141495
0.0 0.051428377628326416
0.0 0.05153200030326843
0.0 0.05158413201570511
0.0 0.05161762610077858
0.0 0.051735591143369675
0.0 0.051772020757198334
0.0 0.051827315241098404
0.0 0.05192484334111214
0.0 0.05199183523654938
0.0 0.05200038477778435
0.0 0.05202644690871239
0.0 0.05204311013221741
0.0 0.052048809826374054
0.0 0.05210033804178238
0.0 0.052239034324884415
0.0 0.052261725068092346
0.0 0.05227212235331535
0.0 0.05229299142956734
0.0 0.05236118659377098
0.0 0.052370429039001465
0.0 0.05249655619263649
0.0 0.052544984966516495
0.0 0.05255169793963432
0.0 0.05256384238600731
0.0 0.05256839841604233
0.0 0.05260133370757103
0.0 0.052644070237874985
0.0 0.052678074687719345
0.0 0.05276194214820862
0.0 0.05277816951274872
0.0 0.052801717072725296
0.0 0.05280470475554466
0.0 0.05281884968280792
0.0 0.052930571138858795
0.0 0.053071826696395874
0.0 0.05307662487030029
0.0 0.053085003048181534
0.0 0.05324337258934975
0.0 0.05327124893665314
0.0 0.05328473076224327
0.0 0.05331625044345856
0.0 0.05333707109093666
0.0 0.05340052768588066
0.0 0.05341431871056557
0.0 0.053797781467437744
0.0 0.05380542576313019
0.0 0.05401655659079552
0.0 0.05402744561433792
0.0 0.05408216640353203
0.0 0.05408685654401779
0.0 0.05412827432155609
0.0 0.054161544889211655
0.0 0.054335303604602814
0.0 0.0543813481926918
0.0 0.054400309920310974
0.0 0.05484569072723389
0.0 0.05497198551893234
0.0 0.05517078936100006
0.0 0.055249687284231186
0.0 0.055252667516469955
0.0 0.055290598422288895
0.0 0.05531870573759079
0.0 0.05533583089709282
0.0 0.055446330457925797
0.0 0.05546436086297035
0.0 0.05548391863703728
0.0 0.055525194853544235
0.0 0.05552678182721138
0.0 0.055564504116773605
0.0 0.05558231845498085
0.0 0.0556708388030529
0.0 0.0556897334754467
0.0 0.05569442734122276
0.0 0.055703505873680115
0.0 0.05590074509382248
0.0 0.05596098303794861
0.0 0.055971212685108185
0.0 0.056026242673397064
0.0 0.05611872300505638
0.0 0.0561395138502121
0.0 0.05624949932098389
0.0 0.05626866966485977
0.0 0.05627838522195816
0.0 0.05646665021777153
0.0 0.056791361421346664
0.0 0.05679251626133919
0.0 0.05698143318295479
0.0 0.05704198032617569
0.0 0.057185348123311996
0.0 0.0572492741048336
0.0 0.05729467421770096
0.0 0.057349298149347305
0.0 0.05741794407367706
0.0 0.057454511523246765
0.0 0.05746453255414963
0.0 0.057491082698106766
0.0 0.05751141160726547
0.0 0.0575140006840229
0.0 0.05756348744034767
0.0 0.0576324425637722
0.0 0.05766671895980835
0.0 0.05767567828297615
0.0 0.0576949380338192
0.0 0.057712338864803314
0.0 0.0578976646065712
0.0 0.05794617161154747
0.0 0.05796787142753601
0.0 0.05800366774201393
0.0 0.05812900513410568
0.0 0.0581333227455616
0.0 0.058240801095962524
0.0 0.05827823281288147
0.0 0.05828297883272171
0.0 0.05829503759741783
0.0 0.05832616239786148
0.0 0.05834169685840607
0.0 0.058403849601745605
0.0 0.05844978615641594
0.0 0.05847690626978874
0.0 0.05862995982170105
0.0 0.058793630450963974
0.0 0.05880020931363106
0.0 0.05881156027317047
0.0 0.05881788954138756
0.0 0.05885380506515503
0.0 0.05886542424559593
0.0 0.05891280621290207
0.0 0.058913685381412506
0.0 0.05898876488208771
0.0 0.05912437662482262
0.0 0.05913392826914787
0.0 0.05916599929332733
0.0 0.05917320027947426
0.0 0.05926785245537758
0.0 0.05926899611949921
0.0 0.059294477105140686
0.0 0.05930619314312935
0.0 0.05948259308934212
0.0 0.059685852378606796
0.0 0.05974404513835907
0.0 0.05975823104381561
0.0 0.05977218970656395
0.0 0.059789542108774185
0.0 0.0598280131816864
0.0 0.05992075428366661
0.0 0.06004941090941429
0.0 0.0600522942841053
0.0 0.060094792395830154
0.0 0.060097742825746536
0.0 0.06029706820845604
0.0 0.06030698120594025
0.0 0.06031998619437218
0.0 0.060321010649204254
0.0 0.060377541929483414
0.0 0.060516249388456345
0.0 0.06056404858827591
0.0 0.06057459115982056
0.0 0.06068402901291847
0.0 0.06074504926800728
0.0 0.06092030182480812
0.0 0.061166469007730484
0.0 0.061167750507593155
0.0 0.06116976961493492
0.0 0.061222147196531296
0.0 0.06127101927995682
0.0 0.06144426017999649
0.0 0.06146625429391861
0.0 0.06149846315383911
0.0 0.06162017211318016
0.0 0.06162664666771889
0.0 0.061694130301475525
0.0 0.06169687956571579
0.0 0.061711378395557404
0.0 0.06172972917556763
0.0 0.061889633536338806
0.0 0.062206532806158066
0.0 0.06224086880683899
0.0 0.062402866780757904
0.0 0.06247897818684578
0.0 0.06256664544343948
0.0 0.06259097158908844
0.0 0.06266919523477554
0.0 0.06266961246728897
0.0 0.06275539100170135
0.0 0.06295102834701538
0.0 0.06297246366739273
0.0 0.06301545351743698
0.0 0.06306365877389908
0.0 0.06309180706739426
0.0 0.06313008069992065
0.0 0.0632074847817421
0.0 0.06356716901063919
0.0 0.06371083110570908
0.0 0.06395120173692703
0.0 0.06404083222150803
0.0 0.06407538056373596
0.0 0.0641656145453453
0.0 0.06429415196180344
0.0 0.06437276303768158
0.0 0.06449124962091446
0.0 0.06452826410531998
0.0 0.06455321609973907
0.0 0.06464297324419022
0.0 0.06466122716665268
0.0 0.06468506157398224
0.0 0.06469623744487762
0.0 0.06477183103561401
0.0 0.06478316336870193
0.0 0.06482193619012833
0.0 0.06507492810487747
0.0 0.06517700850963593
0.0 0.0652766153216362
0.0 0.06548333913087845
0.0 0.06549669057130814
0.0 0.06551778316497803
0.0 0.0656285509467125
0.0 0.06568554788827896
0.0 0.06580858677625656
0.0 0.06612907350063324
0.0 0.06629019230604172
0.0 0.06630242615938187
0.0 0.0663900226354599
0.0 0.06659954786300659
0.0 0.06668896973133087
0.0 0.0667504072189331
0.0 0.06726285815238953
0.0 0.06749923527240753
0.0 0.06752364337444305
0.0 0.06783158332109451
0.0 0.06787306815385818
0.0 0.06796488910913467
0.0 0.0681685358285904
0.0 0.06819025427103043
0.0 0.0682820975780487
0.0 0.06844659149646759
0.0 0.06862826645374298
0.0 0.06892513483762741
0.0 0.0690346360206604
0.0 0.0690828338265419
0.0 0.06927535682916641
0.0 0.06935529410839081
0.0 0.06939403712749481
0.0 0.06950392574071884
0.0 0.06952046602964401
0.0 0.06971889734268188
0.0 0.06984661519527435
0.0 0.07004310935735703
0.0 0.07013276219367981
0.0 0.07032949477434158
0.0 0.07042358070611954
0.0 0.07084014266729355
0.0 0.07155103981494904
0.0 0.07173483073711395
0.0 0.07204853743314743
0.0 0.07214520126581192
0.0 0.07217361778020859
0.0 0.07263325154781342
0.0 0.07316099852323532
0.0 0.07339341938495636
0.0 0.07341106981039047
0.0 0.07365810126066208
0.0 0.07412541657686234
0.0 0.07422328740358353
0.0 0.07428385317325592
0.0 0.07453561574220657
0.0 0.07458978146314621
0.0 0.07498229295015335
0.0 0.07527361065149307
0.0 0.07542560249567032
0.0 0.07577579468488693
0.0 0.0760243833065033
0.0 0.07635507732629776
0.0 0.07642514258623123
0.0 0.07658376544713974
0.0 0.0770067349076271
0.0 0.0771547257900238
0.0 0.07729803770780563
0.0 0.07747240364551544
0.0 0.07747643440961838
0.0 0.07800211757421494
0.0 0.07824941724538803
0.0 0.07865938544273376
0.0 0.07866832613945007
0.0 0.07884655147790909
0.0 0.07897334545850754
0.0 0.07901187986135483
0.0 0.08054459095001221
0.0 0.0806494653224945
0.0 0.0814114362001419
0.0 0.08157297223806381
0.0 0.08234500139951706
0.0 0.08295763283967972
0.0 0.08449790626764297
0.0 0.08561603724956512
0.0 0.08691582083702087
0.0 0.0873296782374382
0.0 0.08757691085338593
0.0 0.08777621388435364
0.0 0.08870408684015274
0.0 0.08880534023046494
0.0 0.08898358792066574
0.0 0.08905544877052307
0.0 0.08914487808942795
0.0 0.08914624154567719
0.0 0.08946831524372101
0.0 0.0908779725432396
0.0 0.09096792340278625
0.0 0.09142511337995529
0.0 0.09194915741682053
0.0 0.09434238821268082
0.0 0.09524773806333542
0.0 0.09650539606809616
0.0 0.09866378456354141
0.0 0.09970838576555252
0.0 0.100639209151268
0.0 0.10086581110954285
0.0 0.1055724248290062
0.0 inf
