0.0 0.035890452563762665
0.0 0.03769635781645775
0.0 0.03834652155637741
0.0 0.03909606114029884
0.0 0.039382454007864
0.0 0.03954625502228737
0.0 0.03960436210036278
0.0 0.03978967294096947
0.0 0.040644556283950806
0.0 0.04131651669740677
0.0 0.041705429553985596
0.0 0.04177279397845268
0.0 0.04216384142637253
0.0 0.04233500733971596
0.0 0.04269718378782272
0.0 0.042965974658727646
0.0 0.04304508864879608
0.0 0.043103743344545364
0.0 0.04350271075963974
0.0 0.04384827986359596
0.0 0.04402046278119087
0.0 0.04434070363640785
0.0 0.044429898262023926
0.0 0.04447861760854721
0.0 0.044544678181409836
0.0 0.04458955302834511
0.0 0.044890545308589935
0.0 0.04501599818468094
0.0 0.0450916513800621
0.0 0.04569490998983383
0.0 0.04628231003880501
0.0 0.046503134071826935
0.0 0.0465744324028492
0.0 0.04682944715023041
0.0 0.04694304242730141
0.0 0.04707113280892372
0.0 0.04709530621767044
0.0 0.04719797149300575
0.0 0.047398678958415985
0.0 0.047538794577121735
0.0 0.04755505919456482
0.0 0.04776570573449135
0.0 0.04781696945428848
0.0 0.04805538058280945
0.0 0.048112064599990845
0.0 0.04811296984553337
0.0 0.04811635613441467
0.0 0.048251762986183167
0.0 0.04827534779906273
0.0 0.048794955015182495
0.0 0.04887783154845238
0.0 0.04901379346847534
0.0 0.04914306476712227
0.0 0.04921414703130722
0.0 0.04923494532704353
0.0 0.04931372031569481
0.0 0.04941229149699211
0.0 0.04948241263628006
0.0 0.04956595599651337
0.0 0.04963957145810127
0.0 0.04964595288038254
0.0 0.04967223107814789
0.0 0.04983261600136757
0.0 0.04995671659708023
0.0 0.050132300704717636
0.0 0.05016596242785454
0.0 0.05028941482305527
0.0 0.050290197134017944
0.0 0.05033755302429199
0.0 0.050407975912094116
0.0 0.05042023956775665
0.0 0.05052836239337921
0.0 0.05065999552607536
0.0 0.05068104714155197
0.0 0.05072023347020149
0.0 0.05077638477087021
0.0 0.050781771540641785
0.0 0.05091441795229912
0.0 0.050938982516527176
0.0 0.05096196010708809
0.0 0.050984930247068405
0.0 0.05111026391386986
0.0 0.05117243155837059
0.0 0.05123443901538849
0.0 0.05124069005250931
0.0 0.051268432289361954
0.0 0.05131921172142029
0.0 0.05140173062682152
0.0 0.05142961069941521
0.0 0.05150642246007919
0.0 0.05161295831203461
0.0 0.051676686853170395
0.0 0.05185920372605324
0.0 0.05188504979014397
0.0 0.051958855241537094
0.0 0.052000463008880615
0.0 0.05200638622045517
0.0 0.05200766399502754
0.0 0.052210304886102676
0.0 0.05229116603732109
0.0 0.052337970584630966
0.0 0.05239175632596016
0.0 0.052419260144233704
0.0 0.05243995785713196
0.0 0.05246507003903389
0.0 0.052490267902612686
0.0 0.05249224603176117
0.0 0.05259985104203224
0.0 0.05260922387242317
0.0 0.05268438160419464
0.0 0.052701473236083984
0.0 0.052746523171663284
0.0 0.05276966467499733
0.0 0.05277550593018532
0.0 0.05280906334519386
0.0 0.05282091721892357
0.0 0.052839260548353195
0.0 0.05285078287124634
0.0 0.05288314074277878
0.0 0.05290152132511139
0.0 0.05295008048415184
0.0 0.052951421588659286
0.0 0.05295654758810997
0.0 0.053000275045633316
0.0 0.053005293011665344
0.0 0.0531429722905159
0.0 0.05329449102282524
0.0 0.053396597504615784
0.0 0.05347254499793053
0.0 0.05347803607583046
0.0 0.05357138067483902
0.0 0.05370377376675606
0.0 0.05379341542720795
0.0 0.05382532253861427
0.0 0.053846217691898346
0.0 0.05386323854327202
0.0 0.05390254408121109
0.0 0.054045651108026505
0.0 0.05415697395801544
0.0 0.054266225546598434
0.0 0.054302018135786057
0.0 0.05436953902244568
0.0 0.05444888398051262
0.0 0.054506927728652954
0.0 0.05454261228442192
0.0 0.05455658212304115
0.0 0.05468890815973282
0.0 0.05471474677324295
0.0 0.054723676294088364
0.0 0.05474841967225075
0.0 0.054799195379018784
0.0 0.054957423359155655
0.0 0.05501290038228035
0.0 0.05506031587719917
0.0 0.055089421570301056
0.0 0.055107470601797104
0.0 0.05525587871670723
0.0 0.055280666798353195
0.0 0.05545695871114731
0.0 0.05546766147017479
0.0 0.05554703250527382
0.0 0.055579978972673416
0.0 0.05569959804415703
0.0 0.05570794641971588
0.0 0.0557156577706337
0.0 0.05578669533133507
0.0 0.05586151406168938
0.0 0.05595958232879639
0.0 0.05598181486129761
0.0 0.05603983625769615
0.0 0.056058138608932495
0.0 0.056152913719415665
0.0 0.05623253434896469
0.0 0.05632505193352699
0.0 0.05652587488293648
0.0 0.05653534084558487
0.0 0.05654336139559746
0.0 0.056619226932525635
0.0 0.056655142456293106
0.0 0.056693121790885925
0.0 0.05673903226852417
0.0 0.05682368949055672
0.0 0.05684748291969299
0.0 0.056873902678489685
0.0 0.05700760707259178
0.0 0.057025399059057236
0.0 0.05703679472208023
0.0 0.057146672159433365
0.0 0.057179756462574005
0.0 0.057212717831134796
0.0 0.057235248386859894
0.0 0.05740134045481682
0.0 0.05740795657038689
0.0 0.05743461102247238
0.0 0.05749789997935295
0.0 0.05756106227636337
0.0 0.05757911503314972
0.0 0.05761051923036575
0.0 0.05772647261619568
0.0 0.057766783982515335
0.0 0.05776982381939888
0.0 0.05778748542070389
0.0 0.0578717440366745
0.0 0.057872459292411804
0.0 0.05789344385266304
0.0 0.058071065694093704
0.0 0.058431658893823624
0.0 0.058488890528678894
0.0 0.05860133469104767
0.0 0.058676231652498245
0.0 0.05870495364069939
0.0 0.05871003121137619
0.0 0.05872916057705879
0.0 0.05874736234545708
0.0 0.05878559872508049
0.0 0.05883359909057617
0.0 0.05896720290184021
0.0 0.05908605828881264
0.0 0.05909276381134987
0.0 0.059146057814359665
0.0 0.05919839069247246
0.0 0.05928875878453255
0.0 0.05932367593050003
0.0 0.059384968131780624
0.0 0.05940139666199684
0.0 0.059439484030008316
0.0 0.05947500094771385
0.0 0.059557631611824036
0.0 0.059664536267519
0.0 0.059683606028556824
0.0 0.05971720069646835
0.0 0.05972728878259659
0.0 0.05976837873458862
0.0 0.05978912115097046
0.0 0.059854183346033096
0.0 0.059863679111003876
0.0 0.05994687229394913
0.0 0.06007179990410805
0.0 0.06008464843034744
0.0 0.06019117683172226
0.0 0.060209035873413086
0.0 0.060393888503313065
0.0 0.06039392948150635
0.0 0.06042663753032684
0.0 0.06044909730553627
0.0 0.06048695743083954
0.0 0.060500431805849075
0.0 0.06050926446914673
0.0 0.06051238253712654
0.0 0.06057867780327797
0.0 0.06059566140174866
0.0 0.06070549041032791
0.0 0.060712967067956924
0.0 0.060722947120666504
0.0 0.06074923276901245
0.0 0.060793645679950714
0.0 0.06082083284854889
0.0 0.06083236262202263
0.0 0.06084655597805977
0.0 0.060986269265413284
0.0 0.06099231168627739
0.0 0.06105218827724457
0.0 0.061158083379268646
0.0 0.06120122969150543
0.0 0.061237286776304245
0.0 0.06129011511802673
0.0 0.06132103130221367
0.0 0.06151355803012848
0.0 0.06158613786101341
0.0 0.061644185334444046
0.0 0.06167411804199219
0.0 0.061680153012275696
0.0 0.061720624566078186
0.0 0.06180204823613167
0.0 0.061865538358688354
0.0 0.06193246692419052
0.0 0.06195859983563423
0.0 0.062171176075935364
0.0 0.06217637285590172
0.0 0.062228091061115265
0.0 0.062235165387392044
0.0 0.062418464571237564
0.0 0.06269502639770508
0.0 0.06271279603242874
0.0 0.06280198693275452
0.0 0.06283026933670044
0.0 0.06283155828714371
0.0 0.06283547729253769
0.0 0.06285613775253296
0.0 0.06289251893758774
0.0 0.06290774047374725
0.0 0.06308738887310028
0.0 0.06312622129917145
0.0 0.06318333745002747
0.0 0.06324611604213715
0.0 0.06324765831232071
0.0 0.06328584253787994
0.0 0.0633930116891861
0.0 0.06340546905994415
0.0 0.0634203776717186
0.0 0.06342745572328568
0.0 0.06345201283693314
0.0 0.06345390528440475
0.0 0.06357014179229736
0.0 0.06366852670907974
0.0 0.06371351331472397
0.0 0.06378021091222763
0.0 0.0638766661286354
0.0 0.06390541046857834
0.0 0.06393684446811676
0.0 0.06403952836990356
0.0 0.06407475471496582
0.0 0.0641900971531868
0.0 0.06427440792322159
0.0 0.06432540714740753
0.0 0.06433962285518646
0.0 0.06442537903785706
0.0 0.06446455419063568
0.0 0.06449263542890549
0.0 0.06463562697172165
0.0 0.06482470035552979
0.0 0.06487872451543808
0.0 0.06502467393875122
0.0 0.06502532213926315
0.0 0.06511025130748749
0.0 0.0654229149222374
0.0 0.06550275534391403
0.0 0.06550990045070648
0.0 0.06559846550226212
0.0 0.06561431288719177
0.0 0.06568267941474915
0.0 0.06569245457649231
0.0 0.06575139611959457
0.0 0.06577414274215698
0.0 0.06580036878585815
0.0 0.06587088853120804
0.0 0.06598895788192749
0.0 0.06620483100414276
0.0 0.06621464341878891
0.0 0.06643707305192947
0.0 0.06645689159631729
0.0 0.06654207408428192
0.0 0.06660932302474976
0.0 0.06672803312540054
0.0 0.06678137183189392
0.0 0.06702810525894165
0.0 0.06713027507066727
0.0 0.06721702218055725
0.0 0.06725405901670456
0.0 0.06731773912906647
0.0 0.06741590797901154
0.0 0.06743215024471283
0.0 0.06746117770671844
0.0 0.06746958196163177
0.0 0.0675865039229393
0.0 0.0678212121129036
0.0 0.0678257942199707
0.0 0.0678788423538208
0.0 0.0679352730512619
0.0 0.06798475235700607
0.0 0.0681055411696434
0.0 0.06815498322248459
0.0 0.06815780699253082
0.0 0.06819014251232147
0.0 0.06825214624404907
0.0 0.06837118417024612
0.0 0.06846287846565247
0.0 0.06847155094146729
0.0 0.06852473318576813
0.0 0.06861754506826401
0.0 0.06875546276569366
0.0 0.06889376789331436
0.0 0.06894023716449738
0.0 0.06895697861909866
0.0 0.06935707479715347
0.0 0.06937447190284729
0.0 0.0694165900349617
0.0 0.06944748759269714
0.0 0.0694836974143982
0.0 0.0696633979678154
0.0 0.06978780031204224
0.0 0.06983467936515808
0.0 0.07004401832818985
0.0 0.07005836814641953
0.0 0.07008879631757736
0.0 0.07009580731391907
0.0 0.07022266089916229
0.0 0.07035291939973831
0.0 0.07040885835886002
0.0 0.07041604071855545
0.0 0.07047837972640991
0.0 0.07056096941232681
0.0 0.07064399868249893
0.0 0.07072838395833969
0.0 0.07078678905963898
0.0 0.07085259258747101
0.0 0.07090049982070923
0.0 0.07095566391944885
0.0 0.07103021442890167
0.0 0.07107003033161163
0.0 0.07108011841773987
0.0 0.07121939212083817
0.0 0.07122578471899033
0.0 0.07154242694377899
0.0 0.0718584954738617
0.0 0.07187601178884506
0.0 0.07193397730588913
0.0 0.07203608751296997
0.0 0.07205040752887726
0.0 0.07208868861198425
0.0 0.07217355072498322
0.0 0.07224813103675842
0.0 0.0723022073507309
0.0 0.07243906706571579
0.0 0.07258877903223038
0.0 0.07264300435781479
0.0 0.0726553201675415
0.0 0.07272274792194366
0.0 0.07294461131095886
0.0 0.07302083820104599
0.0 0.07318718731403351
0.0 0.07319734990596771
0.0 0.0733719915151596
0.0 0.07337959110736847
0.0 0.07372255623340607
0.0 0.07390996813774109
0.0 0.07393740862607956
0.0 0.07396243512630463
0.0 0.07407913357019424
0.0 0.07407980412244797
0.0 0.07413224875926971
0.0 0.0741511881351471
0.0 0.07418238371610641
0.0 0.07431961596012115
0.0 0.074354387819767
0.0 0.0744011402130127
0.0 0.07445632666349411
0.0 0.07472987473011017
0.0 0.07476996630430222
0.0 0.07486945390701294
0.0 0.07497592270374298
0.0 0.07511135190725327
0.0 0.07512141764163971
0.0 0.07512178272008896
0.0 0.07514362782239914
0.0 0.07533258944749832
0.0 0.07538565248250961
0.0 0.07540393620729446
0.0 0.07548391819000244
0.0 0.07556082308292389
0.0 0.0757843479514122
0.0 0.07579266279935837
0.0 0.07579551637172699
0.0 0.07608560472726822
0.0 0.07618170976638794
0.0 0.07621553540229797
0.0 0.07650278508663177
0.0 0.07669966667890549
0.0 0.07686731964349747
0.0 0.07716426253318787
0.0 0.07723502069711685
0.0 0.07780030369758606
0.0 0.07794706523418427
0.0 0.07833188772201538
0.0 0.07838935405015945
0.0 0.0785786360502243
0.0 0.07870132476091385
0.0 0.07875349372625351
0.0 0.07880138605833054
0.0 0.0788448229432106
0.0 0.07911238819360733
0.0 0.07926734536886215
0.0 0.07968036085367203
0.0 0.07988697290420532
0.0 0.07990537583827972
0.0 0.08027010411024094
0.0 0.08039132505655289
0.0 0.08041359484195709
0.0 0.0807829201221466
0.0 0.08082649856805801
0.0 0.0812159851193428
0.0 0.08143122494220734
0.0 0.08159524947404861
0.0 0.08178188651800156
0.0 0.0823812484741211
0.0 0.08251093327999115
0.0 0.0829332247376442
0.0 0.08306510001420975
0.0 0.08335793018341064
0.0 0.08359014987945557
0.0 0.08492381125688553
0.0 0.08514022082090378
0.0 0.08613721281290054
0.0 0.08651726692914963
0.0 0.08758432418107986
0.0 0.0884426012635231
0.0 0.0886530801653862
0.0 0.089451365172863
0.0 0.09064102172851562
0.0 0.09189102053642273
0.0 0.09223896265029907
0.0 0.09224280714988708
0.0 0.0935392826795578
0.0 0.09370223432779312
0.0 0.09610364586114883
0.0 0.09613944590091705
0.0 0.09861723333597183
0.0 0.09996380656957626
0.0 0.10126056522130966
0.0 0.10345117747783661
0.0 0.10477122664451599
0.0 inf
