0.0 0.017825134098529816
0.0 0.019119342789053917
0.0 0.019902296364307404
0.0 0.020675864070653915
0.0 0.02117888629436493
0.0 0.022084275260567665
0.0 0.022133631631731987
0.0 0.022337064146995544
0.0 0.02236717939376831
0.0 0.022461814805865288
0.0 0.0224898848682642
0.0 0.023038528859615326
0.0 0.02338257059454918
0.0 0.02340579405426979
0.0 0.023456808179616928
0.0 0.02347436174750328
0.0 0.023497838526964188
0.0 0.023544814437627792
0.0 0.023564372211694717
0.0 0.023605654016137123
0.0 0.023620711639523506
0.0 0.023650795221328735
0.0 0.023673251271247864
0.0 0.023737965151667595
0.0 0.02376610040664673
0.0 0.023805858567357063
0.0 0.023869365453720093
0.0 0.023879187181591988
0.0 0.023898184299468994
0.0 0.02399688959121704
0.0 0.024186676368117332
0.0 0.024320414289832115
0.0 0.024345366284251213
0.0 0.0243587177246809
0.0 0.024371745064854622
0.0 0.024385638535022736
0.0 0.024386949837207794
0.0 0.024455983191728592
0.0 0.024508515372872353
0.0 0.024516401812434196
0.0 0.024534206837415695
0.0 0.024541016668081284
0.0 0.024548906832933426
0.0 0.02455500140786171
0.0 0.02456841804087162
0.0 0.02465667761862278
0.0 0.024732183665037155
0.0 0.02476518414914608
0.0 0.02477896772325039
0.0 0.0249381884932518
0.0 0.02500767819583416
0.0 0.025025751441717148
0.0 0.025055402889847755
0.0 0.025135593488812447
0.0 0.025174904614686966
0.0 0.025253158062696457
0.0 0.025291573256254196
0.0 0.02531634084880352
0.0 0.02538503147661686
0.0 0.025421999394893646
0.0 0.025469467043876648
0.0 0.02547888085246086
0.0 0.025485824793577194
0.0 0.025523167103528976
0.0 0.02552890032529831
0.0 0.02555898018181324
0.0 0.025600925087928772
0.0 0.02564063109457493
0.0 0.025649294257164
0.0 0.025711417198181152
0.0 0.025711437687277794
0.0 0.025746546685695648
0.0 0.02583438903093338
0.0 0.025854557752609253
0.0 0.02591634914278984
0.0 0.02591867372393608
0.0 0.0259416364133358
0.0 0.025945458561182022
0.0 0.025953475385904312
0.0 0.025986922904849052
0.0 0.025991151109337807
0.0 0.026080742478370667
0.0 0.026106776669621468
0.0 0.026111943647265434
0.0 0.026129182428121567
0.0 0.02613331750035286
0.0 0.02616579644382
0.0 0.026168597862124443
0.0 0.02622213400900364
0.0 0.026287944987416267
0.0 0.026322975754737854
0.0 0.026327865198254585
0.0 0.02633569948375225
0.0 0.026426147669553757
0.0 0.026493852958083153
0.0 0.02654705010354519
0.0 0.026619423180818558
0.0 0.02666991576552391
0.0 0.026790404692292213
0.0 0.026805201545357704
0.0 0.026827072724699974
0.0 0.026905175298452377
0.0 0.02706301212310791
0.0 0.027077175676822662
0.0 0.027137620374560356
0.0 0.02715684287250042
0.0 0.02717708609998226
0.0 0.02718200720846653
0.0 0.027258077636361122
0.0 0.027270939201116562
0.0 0.027291281148791313
0.0 0.02732478640973568
0.0 0.027325589209794998
0.0 0.027374954894185066
0.0 0.02741527371108532
0.0 0.027439439669251442
0.0 0.02749011106789112
0.0 0.027492396533489227
0.0 0.0274941585958004
0.0 0.027517622336745262
0.0 0.0275229774415493
0.0 0.027527326717972755
0.0 0.027556372806429863
0.0 0.027597473934292793
0.0 0.027602149173617363
0.0 0.0276899803429842
0.0 0.02769089676439762
0.0 0.0276941005140543
0.0 0.027703097090125084
0.0 0.027706343680620193
0.0 0.027745321393013
0.0 0.02775939740240574
0.0 0.027783069759607315
0.0 0.02779894322156906
0.0 0.027808746322989464
0.0 0.027812184765934944
0.0 0.027903657406568527
0.0 0.02793194353580475
0.0 0.027980586513876915
0.0 0.027995476499199867
0.0 0.02799757570028305
0.0 0.028001507744193077
0.0 0.0280043613165617
0.0 0.028039218857884407
0.0 0.028046395629644394
0.0 0.028056101873517036
0.0 0.028062094002962112
0.0 0.02812739461660385
0.0 0.02813088707625866
0.0 0.02813706547021866
0.0 0.02814306505024433
0.0 0.02814961038529873
0.0 0.02827097661793232
0.0 0.028288405388593674
0.0 0.02830890752375126
0.0 0.02830902300775051
0.0 0.028333628550171852
0.0 0.028351018205285072
0.0 0.028364932164549828
0.0 0.028426844626665115
0.0 0.02845972776412964
0.0 0.028498763218522072
0.0 0.028566060587763786
0.0 0.028589025139808655
0.0 0.028626568615436554
0.0 0.02864336408674717
0.0 0.028671370819211006
0.0 0.0287008136510849
0.0 0.028734080493450165
0.0 0.028737425804138184
0.0 0.028752852231264114
0.0 0.028767399489879608
0.0 0.028780370950698853
0.0 0.028826486319303513
0.0 0.028839439153671265
0.0 0.028843849897384644
0.0 0.02885056659579277
0.0 0.028868015855550766
0.0 0.028879588469862938
0.0 0.02890196070075035
0.0 0.02891460992395878
0.0 0.028938421979546547
0.0 0.028973953798413277
0.0 0.028974758461117744
0.0 0.02898034267127514
0.0 0.02899365872144699
0.0 0.029010014608502388
0.0 0.029029959812760353
0.0 0.02905648574233055
0.0 0.02907128818333149
0.0 0.029073962941765785
0.0 0.029076918959617615
0.0 0.029088323935866356
0.0 0.029104454442858696
0.0 0.029144009575247765
0.0 0.029202671721577644
0.0 0.02920542284846306
0.0 0.02924913354218006
0.0 0.029284683987498283
0.0 0.029309233650565147
0.0 0.02932599000632763
0.0 0.029335884377360344
0.0 0.02934480644762516
0.0 0.029347220435738564
0.0 0.029387611895799637
0.0 0.029496628791093826
0.0 0.029514964669942856
0.0 0.029576117172837257
0.0 0.029593802988529205
0.0 0.029651617631316185
0.0 0.029710451140999794
0.0 0.029757710173726082
0.0 0.029767481610178947
0.0 0.029792707413434982
0.0 0.029797527939081192
0.0 0.029816458001732826
0.0 0.029823778197169304
0.0 0.029832953587174416
0.0 0.02984028123319149
0.0 0.02987757883965969
0.0 0.029881013557314873
0.0 0.029897397384047508
0.0 0.029900463297963142
0.0 0.029924442991614342
0.0 0.029926303774118423
0.0 0.02995666116476059
0.0 0.02996031381189823
0.0 0.030000222846865654
0.0 0.030019938945770264
0.0 0.030070513486862183
0.0 0.03008374199271202
0.0 0.030090967193245888
0.0 0.030098523944616318
0.0 0.030187463387846947
0.0 0.03020513616502285
0.0 0.03020768240094185
0.0 0.030222885310649872
0.0 0.03025786578655243
0.0 0.030262906104326248
0.0 0.03027580864727497
0.0 0.03031150996685028
0.0 0.030329717323184013
0.0 0.030351489782333374
0.0 0.030366696417331696
0.0 0.03041493520140648
0.0 0.030424464493989944
0.0 0.03042539767920971
0.0 0.030476843938231468
0.0 0.030507493764162064
0.0 0.03055097535252571
0.0 0.030574550852179527
0.0 0.030596718192100525
0.0 0.030639376491308212
0.0 0.0306637492030859
0.0 0.030740603804588318
0.0 0.03078729845583439
0.0 0.030792897567152977
0.0 0.030821578577160835
0.0 0.030825139954686165
0.0 0.03094438463449478
0.0 0.030954698100686073
0.0 0.03095908835530281
0.0 0.030959485098719597
0.0 0.030976692214608192
0.0 0.031039675697684288
0.0 0.03108322247862816
0.0 0.031114190816879272
0.0 0.031173478811979294
0.0 0.031178060919046402
0.0 0.031180337071418762
0.0 0.031192542985081673
0.0 0.031280577182769775
0.0 0.03158431500196457
0.0 0.031660888344049454
0.0 0.03167315572500229
0.0 0.031702954322099686
0.0 0.031733959913253784
0.0 0.03182860091328621
0.0 0.03183915838599205
0.0 0.031897302716970444
0.0 0.0319538377225399
0.0 0.03197956457734108
0.0 0.03209514915943146
0.0 0.032097868621349335
0.0 0.0321396067738533
0.0 0.032142192125320435
0.0 0.032143376767635345
0.0 0.03214697912335396
0.0 0.032213252037763596
0.0 0.032214533537626266
0.0 0.03227116912603378
0.0 0.03229556605219841
0.0 0.03231004998087883
0.0 0.032347194850444794
0.0 0.03235917165875435
0.0 0.03236721456050873
0.0 0.03242531418800354
0.0 0.03249193727970123
0.0 0.03263711929321289
0.0 0.03265169635415077
0.0 0.03266647458076477
0.0 0.032674312591552734
0.0 0.03287104517221451
0.0 0.0329483300447464
0.0 0.03297746926546097
0.0 0.03297994285821915
0.0 0.03304500877857208
0.0 0.03306924179196358
0.0 0.033195432275533676
0.0 0.03336019441485405
0.0 0.03341500088572502
0.0 0.033494897186756134
0.0 0.033573929220438004
0.0 0.033615827560424805
0.0 0.03362392261624336
0.0 0.03369694575667381
0.0 0.033727798610925674
0.0 0.03373473882675171
0.0 0.03374618664383888
0.0 0.03379707783460617
0.0 0.033887650817632675
0.0 0.03389635309576988
0.0 0.033928364515304565
0.0 0.03400009870529175
0.0 0.034018322825431824
0.0 0.0340680368244648
0.0 0.03407355770468712
0.0 0.03415597230195999
0.0 0.03415881097316742
0.0 0.03417230397462845
0.0 0.03423113003373146
0.0 0.03423620015382767
0.0 0.03428184241056442
0.0 0.034303393214941025
0.0 0.03431642800569534
0.0 0.034326571971178055
0.0 0.03432823717594147
0.0 0.03434552624821663
0.0 0.03435874730348587
0.0 0.03439982980489731
0.0 0.0344696007668972
0.0 0.034481652081012726
0.0 0.03458448126912117
0.0 0.0347021259367466
0.0 0.03475668653845787
0.0 0.034790944308042526
0.0 0.034863412380218506
0.0 0.034885626286268234
0.0 0.03504979610443115
0.0 0.035064078867435455
0.0 0.03507426753640175
0.0 0.03508957475423813
0.0 0.035148587077856064
0.0 0.03521324321627617
0.0 0.03523802384734154
0.0 0.03524230420589447
0.0 0.035301197320222855
0.0 0.035315658897161484
0.0 0.0353194922208786
0.0 0.035339564085006714
0.0 0.035351503640413284
0.0 0.035366471856832504
0.0 0.035382725298404694
0.0 0.03538763150572777
0.0 0.0354192890226841
0.0 0.03542718663811684
0.0 0.03546629101037979
0.0 0.03569842129945755
0.0 0.03592885658144951
0.0 0.03595499321818352
0.0 0.03601084649562836
0.0 0.036025743931531906
0.0 0.03622312471270561
0.0 0.03633236140012741
0.0 0.03634665533900261
0.0 0.03645025193691254
0.0 0.036458175629377365
0.0 0.036499183624982834
0.0 0.036513734608888626
0.0 0.03655447065830231
0.0 0.0366382822394371
0.0 0.036991752684116364
0.0 0.037048306316137314
0.0 0.037049245089292526
0.0 0.03705739974975586
0.0 0.037140607833862305
0.0 0.03716515004634857
0.0 0.037297748029232025
0.0 0.03731515631079674
0.0 0.037319544702768326
0.0 0.037356186658144
0.0 0.037392374128103256
0.0 0.03741517663002014
0.0 0.03763721138238907
0.0 0.03764966130256653
0.0 0.03778080269694328
0.0 0.03786398470401764
0.0 0.03786776587367058
0.0 0.03815438970923424
0.0 0.03818818926811218
0.0 0.03823447227478027
0.0 0.03825078904628754
0.0 0.038261331617832184
0.0 0.03827190771698952
0.0 0.03831062465906143
0.0 0.03831137344241142
0.0 0.03832406923174858
0.0 0.03834962099790573
0.0 0.038427237421274185
0.0 0.03854509815573692
0.0 0.03859259933233261
0.0 0.038629066199064255
0.0 0.03881580010056496
0.0 0.038817934691905975
0.0 0.0388273149728775
0.0 0.038831617683172226
0.0 0.03885072469711304
0.0 0.03889305517077446
0.0 0.03893597051501274
0.0 0.03919307515025139
0.0 0.03930499777197838
0.0 0.03938823565840721
0.0 0.039428938180208206
0.0 0.039504848420619965
0.0 0.03955933079123497
0.0 0.039580848067998886
0.0 0.039592526853084564
0.0 0.03973964601755142
0.0 0.039870213717222214
0.0 0.03993627429008484
0.0 0.04000743478536606
0.0 0.040012020617723465
0.0 0.04003506898880005
0.0 0.04005885496735573
0.0 0.040061645209789276
0.0 0.040121447294950485
0.0 0.04077208414673805
0.0 0.040837354958057404
0.0 0.04088245704770088
0.0 0.04092131182551384
0.0 0.04105093330144882
0.0 0.04106687381863594
0.0 0.04129713773727417
0.0 0.04134627431631088
0.0 0.04138413071632385
0.0 0.04158652573823929
0.0 0.04163748398423195
0.0 0.04165013134479523
0.0 0.04165161773562431
0.0 0.04165748134255409
0.0 0.04189717397093773
0.0 0.04200054332613945
0.0 0.042365312576293945
0.0 0.04240782558917999
0.0 0.04252608120441437
0.0 0.042560379952192307
0.0 0.042715419083833694
0.0 0.04274270310997963
0.0 0.04289659857749939
0.0 0.04291216656565666
0.0 0.04293578490614891
0.0 0.0430438406765461
0.0 0.04305437207221985
0.0 0.04341697692871094
0.0 0.043491482734680176
0.0 0.04364650696516037
0.0 0.043744053691625595
0.0 0.043771591037511826
0.0 0.04395563527941704
0.0 0.04406673461198807
0.0 0.04407539591193199
0.0 0.0441225990653038
0.0 0.04424109682440758
0.0 0.04438615217804909
0.0 0.04457787424325943
0.0 0.04473024979233742
0.0 0.04477667436003685
0.0 0.044804301112890244
0.0 0.04517843574285507
0.0 0.04547654092311859
0.0 0.04566311836242676
0.0 0.04573069140315056
0.0 0.04580777883529663
0.0 0.04605383425951004
0.0 0.04611874371767044
0.0 0.046233974397182465
0.0 0.04649173840880394
0.0 0.0467306487262249
0.0 0.046947479248046875
0.0 0.04700698330998421
0.0 0.04723069444298744
0.0 0.04723816365003586
0.0 0.04771459847688675
0.0 0.04775804653763771
0.0 0.04822969064116478
0.0 0.049551546573638916
0.0 0.049762748181819916
0.0 0.05053263157606125
0.0 0.0506354458630085
0.0 0.05089082568883896
0.0 0.05171781778335571
0.0 0.05180886760354042
0.0 0.05185205861926079
0.0 0.05212049186229706
0.0 0.053297847509384155
0.0 0.05590583384037018
0.0 0.05663345754146576
0.0 0.05754785239696503
0.0 0.059993594884872437
0.0 0.06324249505996704
0.0 0.06842949986457825
0.0 inf
