0.0 0.05283723026514053
0.0 0.053599763661623
0.0 0.05551697686314583
0.0 0.055807728320360184
0.0 0.056020285934209824
0.0 0.05679529160261154
0.0 0.0576157309114933
0.0 0.05834879353642464
0.0 0.05854671820998192
0.0 0.059394560754299164
0.0 0.05940520763397217
0.0 0.060056041926145554
0.0 0.060267217457294464
0.0 0.06062191352248192
0.0 0.06074482947587967
0.0 0.061291929334402084
0.0 0.06148700788617134
0.0 0.0618722066283226
0.0 0.06281301379203796
0.0 0.06332994252443314
0.0 0.063343845307827
0.0 0.06390288472175598
0.0 0.06436373293399811
0.0 0.06469759345054626
0.0 0.06499937921762466
0.0 0.0650072991847992
0.0 0.06502241641283035
0.0 0.0650719478726387
0.0 0.06525339186191559
0.0 0.06529221683740616
0.0 0.06531628966331482
0.0 0.06542669236660004
0.0 0.06555616855621338
0.0 0.06567874550819397
0.0 0.06578519195318222
0.0 0.06613874435424805
0.0 0.06627344340085983
0.0 0.06649002432823181
0.0 0.06676385551691055
0.0 0.06679514050483704
0.0 0.06756201386451721
0.0 0.06767484545707703
0.0 0.06776110082864761
0.0 0.06785070151090622
0.0 0.06791114062070847
0.0 0.06808887422084808
0.0 0.06827738881111145
0.0 0.06828376650810242
0.0 0.06839071959257126
0.0 0.0684729814529419
0.0 0.06855709105730057
0.0 0.06881620734930038
0.0 0.0688207820057869
0.0 0.069007508456707
0.0 0.06913619488477707
0.0 0.06942857056856155
0.0 0.06946586072444916
0.0 0.06956619769334793
0.0 0.06968043744564056
0.0 0.06981561332941055
0.0 0.0699511244893074
0.0 0.07008610665798187
0.0 0.07013066112995148
0.0 0.07014115154743195
0.0 0.07024986296892166
0.0 0.07031483203172684
0.0 0.07039277255535126
0.0 0.07043656706809998
0.0 0.07051108777523041
0.0 0.07057816535234451
0.0 0.07058560103178024
0.0 0.07066427916288376
0.0 0.0708179920911789
0.0 0.0712004229426384
0.0 0.07129763066768646
0.0 0.07147672772407532
0.0 0.07148021459579468
0.0 0.07156199961900711
0.0 0.07173436880111694
0.0 0.07179782539606094
0.0 0.07182959467172623
0.0 0.07186903059482574
0.0 0.07195384800434113
0.0 0.07208483666181564
0.0 0.07220901548862457
0.0 0.07230453938245773
0.0 0.07232063263654709
0.0 0.07235030829906464
0.0 0.07236427813768387
0.0 0.07244769483804703
0.0 0.07262593507766724
0.0 0.0727221667766571
0.0 0.07281680405139923
0.0 0.07300176471471786
0.0 0.07304182648658752
0.0 0.07309144735336304
0.0 0.07324562966823578
0.0 0.07336175441741943
0.0 0.07337373495101929
0.0 0.07340095192193985
0.0 0.07341445237398148
0.0 0.07344480603933334
0.0 0.0734713152050972
0.0 0.07357919961214066
0.0 0.07362332195043564
0.0 0.07366760820150375
0.0 0.07377422600984573
0.0 0.07387793064117432
0.0 0.07392968982458115
0.0 0.07393443584442139
0.0 0.07398778200149536
0.0 0.07399649918079376
0.0 0.07407999783754349
0.0 0.07411468029022217
0.0 0.07420270889997482
0.0 0.07448939979076385
0.0 0.0745612382888794
0.0 0.07459484785795212
0.0 0.07464846223592758
0.0 0.07470762729644775
0.0 0.07487473636865616
0.0 0.07488078624010086
0.0 0.07496267557144165
0.0 0.07505424320697784
0.0 0.07510430365800858
0.0 0.07514816522598267
0.0 0.07519867271184921
0.0 0.07528237998485565
0.0 0.07528483122587204
0.0 0.07536965608596802
0.0 0.07541824877262115
0.0 0.07542049139738083
0.0 0.0755021870136261
0.0 0.0755562111735344
0.0 0.07561729848384857
0.0 0.07565338164567947
0.0 0.07567522674798965
0.0 0.07568129897117615
0.0 0.07569851726293564
0.0 0.07585378736257553
0.0 0.07586939632892609
0.0 0.07599130272865295
0.0 0.07606790959835052
0.0 0.07616689801216125
0.0 0.07626526802778244
0.0 0.07634929567575455
0.0 0.07641322910785675
0.0 0.07664874941110611
0.0 0.07666860520839691
0.0 0.0767916813492775
0.0 0.07682914286851883
0.0 0.07702621072530746
0.0 0.07706848531961441
0.0 0.0772053524851799
0.0 0.07733739167451859
0.0 0.0773412361741066
0.0 0.07739893347024918
0.0 0.0774461105465889
0.0 0.07745407521724701
0.0 0.07749289274215698
0.0 0.07757167518138885
0.0 0.07761498540639877
0.0 0.07762563228607178
0.0 0.07765486091375351
0.0 0.07774040848016739
0.0 0.07782118767499924
0.0 0.0778840184211731
0.0 0.07788766920566559
0.0 0.0778912752866745
0.0 0.07817350327968597
0.0 0.07817632704973221
0.0 0.07821549475193024
0.0 0.07823055982589722
0.0 0.07834521681070328
0.0 0.07835060358047485
0.0 0.07843591272830963
0.0 0.07855181396007538
0.0 0.07855899631977081
0.0 0.07856647670269012
0.0 0.07864302396774292
0.0 0.07867760211229324
0.0 0.07873166352510452
0.0 0.07882065325975418
0.0 0.07886520028114319
0.0 0.07887905091047287
0.0 0.07891436666250229
0.0 0.07903414964675903
0.0 0.07914350926876068
0.0 0.07926300913095474
0.0 0.07933826744556427
0.0 0.07937237620353699
0.0 0.0793866291642189
0.0 0.07939623296260834
0.0 0.07945452630519867
0.0 0.07955791801214218
0.0 0.0796256810426712
0.0 0.0797332376241684
0.0 0.07978903502225876
0.0 0.07988853007555008
0.0 0.07992258667945862
0.0 0.08011401444673538
0.0 0.08021765947341919
0.0 0.080266073346138
0.0 0.08037268370389938
0.0 0.08038769662380219
0.0 0.08040755242109299
0.0 0.08044035732746124
0.0 0.08049777895212173
0.0 0.0805041566491127
0.0 0.08051270246505737
0.0 0.08051694184541702
0.0 0.08057679235935211
0.0 0.08061540871858597
0.0 0.08093379437923431
0.0 0.08097150176763535
0.0 0.08116527646780014
0.0 0.0811685174703598
0.0 0.0811755508184433
0.0 0.08129028975963593
0.0 0.0813431590795517
0.0 0.0816858559846878
0.0 0.08188428729772568
0.0 0.08192833513021469
0.0 0.08195953071117401
0.0 0.08219929784536362
0.0 0.08235888928174973
0.0 0.08240896463394165
0.0 0.08253705501556396
0.0 0.08254419267177582
0.0 0.08254559338092804
0.0 0.08259838819503784
0.0 0.0828673392534256
0.0 0.08294552564620972
0.0 0.0830124169588089
0.0 0.08304741233587265
0.0 0.08312619477510452
0.0 0.08326703310012817
0.0 0.08328906446695328
0.0 0.08332199603319168
0.0 0.0833364799618721
0.0 0.08339749276638031
0.0 0.08373149484395981
0.0 0.08390685170888901
0.0 0.08398327231407166
0.0 0.0840890035033226
0.0 0.0841275230050087
0.0 0.08412963151931763
0.0 0.08425544947385788
0.0 0.08425679057836533
0.0 0.08432280272245407
0.0 0.08433905243873596
0.0 0.08440499752759933
0.0 0.08441847562789917
0.0 0.08442267030477524
0.0 0.08449379354715347
0.0 0.08460573852062225
0.0 0.08463314920663834
0.0 0.0847012847661972
0.0 0.08472484350204468
0.0 0.08484777063131332
0.0 0.08488833159208298
0.0 0.08490707725286484
0.0 0.08490893989801407
0.0 0.08516574651002884
0.0 0.0853426530957222
0.0 0.08562233299016953
0.0 0.0856659784913063
0.0 0.0857752189040184
0.0 0.0858372375369072
0.0 0.08590704202651978
0.0 0.08618896454572678
0.0 0.08622962236404419
0.0 0.08632491528987885
0.0 0.0863354280591011
0.0 0.08643583953380585
0.0 0.08677039295434952
0.0 0.08692368119955063
0.0 0.0869298055768013
0.0 0.08700645714998245
0.0 0.08700808137655258
0.0 0.08716607093811035
0.0 0.0874047502875328
0.0 0.08747128397226334
0.0 0.0874718502163887
0.0 0.0874844416975975
0.0 0.08762912452220917
0.0 0.08767139166593552
0.0 0.08775767683982849
0.0 0.08781852573156357
0.0 0.0878843441605568
0.0 0.08842017501592636
0.0 0.0884489193558693
0.0 0.08859162777662277
0.0 0.08866559714078903
0.0 0.08867907524108887
0.0 0.08877568691968918
0.0 0.08889950066804886
0.0 0.08890481293201447
0.0 0.08902962505817413
0.0 0.08911585062742233
0.0 0.08911874145269394
0.0 0.0891965925693512
0.0 0.08943405747413635
0.0 0.0897008404135704
0.0 0.08972710371017456
0.0 0.08976275473833084
0.0 0.08977539092302322
0.0 0.08981258422136307
0.0 0.08998805284500122
0.0 0.09008020907640457
0.0 0.09023798257112503
0.0 0.0902385264635086
0.0 0.09026753157377243
0.0 0.09040573239326477
0.0 0.090532086789608
0.0 0.09054050594568253
0.0 0.09081608802080154
0.0 0.090824656188488
0.0 0.09086127579212189
0.0 0.09109733253717422
0.0 0.09127479791641235
0.0 0.09154471009969711
0.0 0.09175960719585419
0.0 0.09176239371299744
0.0 0.09188830852508545
0.0 0.09200043976306915
0.0 0.09202010929584503
0.0 0.0920763835310936
0.0 0.09236569702625275
0.0 0.09249424189329147
0.0 0.09254442900419235
0.0 0.0925758108496666
0.0 0.09281249344348907
0.0 0.0928247794508934
0.0 0.09302929043769836
0.0 0.09311431646347046
0.0 0.09312230348587036
0.0 0.09313764423131943
0.0 0.09346110373735428
0.0 0.09350105375051498
0.0 0.09361999481916428
0.0 0.09362679719924927
0.0 0.09365138411521912
0.0 0.09368264675140381
0.0 0.09374003112316132
0.0 0.09380786120891571
0.0 0.09392716735601425
0.0 0.09395770728588104
0.0 0.09416867047548294
0.0 0.09433760493993759
0.0 0.09446609020233154
0.0 0.09473682940006256
0.0 0.09475376456975937
0.0 0.09485400468111038
0.0 0.09486577659845352
0.0 0.0949130430817604
0.0 0.09507665038108826
0.0 0.09518645703792572
0.0 0.09537545591592789
0.0 0.09538201987743378
0.0 0.09562259167432785
0.0 0.09577902406454086
0.0 0.09582507610321045
0.0 0.09585270285606384
0.0 0.09600076079368591
0.0 0.09610939025878906
0.0 0.09617893397808075
0.0 0.09632720798254013
0.0 0.09644964337348938
0.0 0.09646490961313248
0.0 0.09651533514261246
0.0 0.09669823944568634
0.0 0.09702000766992569
0.0 0.09703060984611511
0.0 0.09707102179527283
0.0 0.09723974764347076
0.0 0.09734998643398285
0.0 0.09763752669095993
0.0 0.09767263382673264
0.0 0.0977819412946701
0.0 0.09833075851202011
0.0 0.09841588884592056
0.0 0.09860224276781082
0.0 0.09863013029098511
0.0 0.09910201281309128
0.0 0.09917677938938141
0.0 0.09957032650709152
0.0 0.09957689791917801
0.0 0.09983308613300323
0.0 0.09985604137182236
0.0 0.09996593743562698
0.0 0.09999597817659378
0.0 0.10003829747438431
0.0 0.1000571921467781
0.0 0.10020487755537033
0.0 0.10032134503126144
0.0 0.10041698068380356
0.0 0.10047700256109238
0.0 0.10054107010364532
0.0 0.10060558468103409
0.0 0.10069261491298676
0.0 0.10078494995832443
0.0 0.10099435597658157
0.0 0.10099952667951584
0.0 0.1016528308391571
0.0 0.1017816960811615
0.0 0.10179071128368378
0.0 0.10191169381141663
0.0 0.10197284817695618
0.0 0.10198164731264114
0.0 0.10212044417858124
0.0 0.10238078236579895
0.0 0.1024465560913086
0.0 0.10251642018556595
0.0 0.10275140404701233
0.0 0.10296820104122162
0.0 0.10303015261888504
0.0 0.10323451459407806
0.0 0.10347972065210342
0.0 0.1036427915096283
0.0 0.1039910763502121
0.0 0.10410655289888382
0.0 0.1043069064617157
0.0 0.10432817786931992
0.0 0.1043514683842659
0.0 0.10455271601676941
0.0 0.1050836518406868
0.0 0.10554683953523636
0.0 0.10560029745101929
0.0 0.10567984730005264
0.0 0.10592375695705414
0.0 0.10640208423137665
0.0 0.10643461346626282
0.0 0.10657977312803268
0.0 0.1068238765001297
0.0 0.10761773586273193
0.0 0.10826106369495392
0.0 0.10884496569633484
0.0 0.10930757224559784
0.0 0.10933514684438705
0.0 0.10985122621059418
0.0 0.10989093035459518
0.0 0.1100531816482544
0.0 0.11049734055995941
0.0 0.11067425459623337
0.0 0.11092481762170792
0.0 0.1110844612121582
0.0 0.11127889901399612
0.0 0.11130931228399277
0.0 0.11168745160102844
0.0 0.11175571382045746
0.0 0.11201822012662888
0.0 0.11232709139585495
0.0 0.11235518008470535
0.0 0.1124425157904625
0.0 0.11269526183605194
0.0 0.11282791942358017
0.0 0.11287897825241089
0.0 0.11323442310094833
0.0 0.11335332691669464
0.0 0.1138274148106575
0.0 0.11416496336460114
0.0 0.11432866752147675
0.0 0.11441992223262787
0.0 0.11444168537855148
0.0 0.11479166150093079
0.0 0.11487080901861191
0.0 0.11523059010505676
0.0 0.11553777754306793
0.0 0.11563369631767273
0.0 0.11567593365907669
0.0 0.115833580493927
0.0 0.11635476350784302
0.0 0.11667265743017197
0.0 0.11670989543199539
0.0 0.11776839196681976
0.0 0.11809893697500229
0.0 0.1182912066578865
0.0 0.1190103143453598
0.0 0.1190241128206253
0.0 0.11968012154102325
0.0 0.1198815181851387
0.0 0.12019029259681702
0.0 0.12097945809364319
0.0 0.12124181538820267
0.0 0.12137726694345474
0.0 0.12178074568510056
0.0 0.12189051508903503
0.0 0.12223999202251434
0.0 0.12227946519851685
0.0 0.12272288650274277
0.0 0.12279205769300461
0.0 0.12313183397054672
0.0 0.12342765927314758
0.0 0.12411728501319885
0.0 0.1253584772348404
0.0 0.12577436864376068
0.0 0.12753282487392426
0.0 0.12956580519676208
0.0 0.1305420994758606
0.0 0.13097059726715088
0.0 0.13299009203910828
0.0 0.13573595881462097
0.0 0.13741983473300934
0.0 0.13744814693927765
0.0 0.137794628739357
0.0 0.14079831540584564
0.0 0.14480546116828918
0.0 0.16319440305233002
0.0 0.16549724340438843
0.0 0.16890545189380646
0.0 inf
