0.0 0.037338342517614365
0.0 0.03837070241570473
0.0 0.038534171879291534
0.0 0.03950480744242668
0.0 0.03969978168606758
0.0 0.04045722261071205
0.0 0.04062914848327637
0.0 0.040895380079746246
0.0 0.04128548130393028
0.0 0.041426729410886765
0.0 0.04143652692437172
0.0 0.041518501937389374
0.0 0.04223252460360527
0.0 0.042885612696409225
0.0 0.042944323271512985
0.0 0.043098825961351395
0.0 0.04317436367273331
0.0 0.04318447411060333
0.0 0.04324919357895851
0.0 0.043598830699920654
0.0 0.04372766613960266
0.0 0.04388429969549179
0.0 0.044243983924388885
0.0 0.04445108398795128
0.0 0.044952768832445145
0.0 0.04508014768362045
0.0 0.04525158181786537
0.0 0.04526104778051376
0.0 0.04534046724438667
0.0 0.04549131914973259
0.0 0.045849308371543884
0.0 0.045898377895355225
0.0 0.04591822251677513
0.0 0.04626078903675079
0.0 0.04628397896885872
0.0 0.04634752869606018
0.0 0.04634835943579674
0.0 0.04641645401716232
0.0 0.046681713312864304
0.0 0.04670359939336777
0.0 0.046718742698431015
0.0 0.04678497090935707
0.0 0.046814389526844025
0.0 0.04696682095527649
0.0 0.047040071338415146
0.0 0.047048766165971756
0.0 0.04723507910966873
0.0 0.04745858907699585
0.0 0.047486208379268646
0.0 0.047492578625679016
0.0 0.04751557856798172
0.0 0.04771731421351433
0.0 0.047753334045410156
0.0 0.047758255153894424
0.0 0.047765497118234634
0.0 0.0478953942656517
0.0 0.04795125871896744
0.0 0.04795653745532036
0.0 0.04802851751446724
0.0 0.04823467880487442
0.0 0.048285383731126785
0.0 0.048329416662454605
0.0 0.048381634056568146
0.0 0.048438865691423416
0.0 0.04844364896416664
0.0 0.048466552048921585
0.0 0.04846787825226784
0.0 0.048499833792448044
0.0 0.04858715459704399
0.0 0.04872744157910347
0.0 0.048745203763246536
0.0 0.04882211610674858
0.0 0.048860225826501846
0.0 0.048879384994506836
0.0 0.048948220908641815
0.0 0.048985082656145096
0.0 0.04906027764081955
0.0 0.049122218042612076
0.0 0.04913445562124252
0.0 0.04917294532060623
0.0 0.04917554184794426
0.0 0.049206651747226715
0.0 0.04923577234148979
0.0 0.04949522018432617
0.0 0.04956435784697533
0.0 0.04963893070816994
0.0 0.049741338938474655
0.0 0.04974624887108803
0.0 0.049761854112148285
0.0 0.04978355020284653
0.0 0.04981730133295059
0.0 0.04987523332238197
0.0 0.050096429884433746
0.0 0.0501258559525013
0.0 0.05018843337893486
0.0 0.05025680363178253
0.0 0.05026337131857872
0.0 0.050339195877313614
0.0 0.05042867362499237
0.0 0.05043377727270126
0.0 0.05046513304114342
0.0 0.05048405006527901
0.0 0.050540268421173096
0.0 0.05056672543287277
0.0 0.05067335069179535
0.0 0.050685230642557144
0.0 0.05074786767363548
0.0 0.05075114965438843
0.0 0.050875596702098846
0.0 0.05090194195508957
0.0 0.05090421065688133
0.0 0.050904277712106705
0.0 0.05090620741248131
0.0 0.05096473544836044
0.0 0.05099617689847946
0.0 0.05105821415781975
0.0 0.05117790028452873
0.0 0.051250044256448746
0.0 0.051284778863191605
0.0 0.051337387412786484
0.0 0.05142885819077492
0.0 0.05145416408777237
0.0 0.051532894372940063
0.0 0.051557861268520355
0.0 0.05159249156713486
0.0 0.051606979221105576
0.0 0.0516183041036129
0.0 0.051682401448488235
0.0 0.05170989781618118
0.0 0.051743876188993454
0.0 0.05178753659129143
0.0 0.051808763295412064
0.0 0.05184067413210869
0.0 0.05184907466173172
0.0 0.05201645940542221
0.0 0.052028484642505646
0.0 0.05205228552222252
0.0 0.052066512405872345
0.0 0.05211418867111206
0.0 0.052195366472005844
0.0 0.05220460146665573
0.0 0.05225769430398941
0.0 0.05228159949183464
0.0 0.05231195315718651
0.0 0.052358172833919525
0.0 0.05243083834648132
0.0 0.05247880518436432
0.0 0.052493009716272354
0.0 0.05250769108533859
0.0 0.05253343656659126
0.0 0.052544765174388885
0.0 0.05258564651012421
0.0 0.05262315273284912
0.0 0.052667636424303055
0.0 0.052668143063783646
0.0 0.05269410088658333
0.0 0.052751414477825165
0.0 0.05279114469885826
0.0 0.052817583084106445
0.0 0.05282878875732422
0.0 0.052887074649333954
0.0 0.052937984466552734
0.0 0.05294317379593849
0.0 0.05300518870353699
0.0 0.05302708223462105
0.0 0.05304621160030365
0.0 0.0530690960586071
0.0 0.05312369018793106
0.0 0.053136635571718216
0.0 0.05313681811094284
0.0 0.053202737122774124
0.0 0.053207140415906906
0.0 0.0535040982067585
0.0 0.053537290543317795
0.0 0.05354512110352516
0.0 0.05356345698237419
0.0 0.05358310416340828
0.0 0.0536193810403347
0.0 0.05365403741598129
0.0 0.05365561321377754
0.0 0.05368325486779213
0.0 0.05378478020429611
0.0 0.05379832908511162
0.0 0.05388323590159416
0.0 0.05389165133237839
0.0 0.05390254408121109
0.0 0.05390625819563866
0.0 0.05393151566386223
0.0 0.05394729971885681
0.0 0.054028574377298355
0.0 0.05403021723031998
0.0 0.05410801246762276
0.0 0.054122574627399445
0.0 0.05413755029439926
0.0 0.05416635051369667
0.0 0.054213568568229675
0.0 0.054275158792734146
0.0 0.054459914565086365
0.0 0.054498523473739624
0.0 0.05452026426792145
0.0 0.05459562689065933
0.0 0.05463584139943123
0.0 0.054801806807518005
0.0 0.054854121059179306
0.0 0.054958976805210114
0.0 0.05506458878517151
0.0 0.05520172417163849
0.0 0.05522635206580162
0.0 0.055230166763067245
0.0 0.05550449714064598
0.0 0.05560145899653435
0.0 0.05560758709907532
0.0 0.05565684661269188
0.0 0.05569969490170479
0.0 0.05575012043118477
0.0 0.05575394630432129
0.0 0.0557553730905056
0.0 0.055893320590257645
0.0 0.055919960141181946
0.0 0.05593416839838028
0.0 0.05598565191030502
0.0 0.056041598320007324
0.0 0.05604756996035576
0.0 0.05609755590558052
0.0 0.05613338202238083
0.0 0.05616603046655655
0.0 0.05630786344408989
0.0 0.056453533470630646
0.0 0.056479889899492264
0.0 0.05654414743185043
0.0 0.05654528737068176
0.0 0.05663379654288292
0.0 0.05670278146862984
0.0 0.05671070143580437
0.0 0.05673076584935188
0.0 0.05678921192884445
0.0 0.05689719691872597
0.0 0.05694040283560753
0.0 0.05698850005865097
0.0 0.057001274079084396
0.0 0.057022128254175186
0.0 0.05719486251473427
0.0 0.05720185488462448
0.0 0.057244859635829926
0.0 0.0572669692337513
0.0 0.05730757117271423
0.0 0.0573684424161911
0.0 0.057479534298181534
0.0 0.05748339742422104
0.0 0.05748462304472923
0.0 0.05752113088965416
0.0 0.05756475776433945
0.0 0.057614900171756744
0.0 0.05764644220471382
0.0 0.057798150926828384
0.0 0.05791099742054939
0.0 0.05798330530524254
0.0 0.057992659509181976
0.0 0.05799825116991997
0.0 0.058000899851322174
0.0 0.058011606335639954
0.0 0.05810077488422394
0.0 0.05816348269581795
0.0 0.05817414075136185
0.0 0.05833180993795395
0.0 0.0583939254283905
0.0 0.05841583386063576
0.0 0.058512475341558456
0.0 0.058677446097135544
0.0 0.05873672291636467
0.0 0.058794643729925156
0.0 0.05885913968086243
0.0 0.05898724123835564
0.0 0.0590938925743103
0.0 0.05929121375083923
0.0 0.059313930571079254
0.0 0.05933109298348427
0.0 0.059379879385232925
0.0 0.05942312628030777
0.0 0.05952141433954239
0.0 0.05956433340907097
0.0 0.059584490954875946
0.0 0.05971304327249527
0.0 0.059804562479257584
0.0 0.0598515085875988
0.0 0.05990174040198326
0.0 0.059917714446783066
0.0 0.059994813054800034
0.0 0.0601046159863472
0.0 0.06027718633413315
0.0 0.060284730046987534
0.0 0.06032581999897957
0.0 0.06038792058825493
0.0 0.06056063249707222
0.0 0.060624632984399796
0.0 0.060655925422906876
0.0 0.06070982292294502
0.0 0.060889605432748795
0.0 0.060946352779865265
0.0 0.06102123111486435
0.0 0.06123056262731552
0.0 0.06126758083701134
0.0 0.06127907708287239
0.0 0.061393145471811295
0.0 0.06146105006337166
0.0 0.06149431690573692
0.0 0.06150616705417633
0.0 0.061558760702610016
0.0 0.06163948401808739
0.0 0.061663176864385605
0.0 0.06171605736017227
0.0 0.06173715740442276
0.0 0.06186850368976593
0.0 0.06191128492355347
0.0 0.06213691830635071
0.0 0.06228889524936676
0.0 0.062308650463819504
0.0 0.06234060600399971
0.0 0.062402013689279556
0.0 0.06240284442901611
0.0 0.06248544156551361
0.0 0.06272725015878677
0.0 0.06285874545574188
0.0 0.06290143728256226
0.0 0.06294901669025421
0.0 0.06297845393419266
0.0 0.06311479210853577
0.0 0.06317860633134842
0.0 0.06321979314088821
0.0 0.06324338912963867
0.0 0.06330554187297821
0.0 0.06332241743803024
0.0 0.063344307243824
0.0 0.0633702501654625
0.0 0.06340451538562775
0.0 0.06347277015447617
0.0 0.06369460374116898
0.0 0.06370694190263748
0.0 0.06372468173503876
0.0 0.06378669291734695
0.0 0.06381196528673172
0.0 0.06391064822673798
0.0 0.0639653131365776
0.0 0.06403259187936783
0.0 0.06422184407711029
0.0 0.0642901360988617
0.0 0.06451510637998581
0.0 0.06454149633646011
0.0 0.06454739719629288
0.0 0.06460709869861603
0.0 0.06462876498699188
0.0 0.06468846648931503
0.0 0.06473720073699951
0.0 0.06479562819004059
0.0 0.06494224071502686
0.0 0.06498320400714874
0.0 0.06505428999662399
0.0 0.06506861001253128
0.0 0.06534380465745926
0.0 0.06536798924207687
0.0 0.06538040935993195
0.0 0.06552115827798843
0.0 0.0656055435538292
0.0 0.06562308967113495
0.0 0.06575330346822739
0.0 0.06576520204544067
0.0 0.06600552797317505
0.0 0.06613443791866302
0.0 0.06651602685451508
0.0 0.06655675917863846
0.0 0.06658836454153061
0.0 0.06661655008792877
0.0 0.06665916740894318
0.0 0.06666573882102966
0.0 0.06672199070453644
0.0 0.06696651130914688
0.0 0.06696907430887222
0.0 0.06700848788022995
0.0 0.06713325530290604
0.0 0.06729996204376221
0.0 0.06730815023183823
0.0 0.06735524535179138
0.0 0.0674409419298172
0.0 0.06746137142181396
0.0 0.06747464835643768
0.0 0.06784626096487045
0.0 0.06795268505811691
0.0 0.06805591285228729
0.0 0.0680912584066391
0.0 0.06816402822732925
0.0 0.06844811141490936
0.0 0.06850480288267136
0.0 0.0685148611664772
0.0 0.06871367245912552
0.0 0.06874897330999374
0.0 0.06891396641731262
0.0 0.06892558187246323
0.0 0.06943289190530777
0.0 0.06953229755163193
0.0 0.06960689276456833
0.0 0.06968870013952255
0.0 0.06971116364002228
0.0 0.06971961259841919
0.0 0.06971985846757889
0.0 0.06974443048238754
0.0 0.06978227943181992
0.0 0.07006736099720001
0.0 0.07010532170534134
0.0 0.07032271474599838
0.0 0.07037127017974854
0.0 0.07077779620885849
0.0 0.07081068307161331
0.0 0.07116588950157166
0.0 0.07121410220861435
0.0 0.07143112272024155
0.0 0.0715353861451149
0.0 0.07180222868919373
0.0 0.07184608280658722
0.0 0.07203138619661331
0.0 0.07212670892477036
0.0 0.07217081636190414
0.0 0.07217586040496826
0.0 0.07230497151613235
0.0 0.07252668589353561
0.0 0.07271542400121689
0.0 0.07276800274848938
0.0 0.0729282796382904
0.0 0.07297230511903763
0.0 0.07303518801927567
0.0 0.07316163182258606
0.0 0.07320688664913177
0.0 0.0734773576259613
0.0 0.07377628237009048
0.0 0.07423672825098038
0.0 0.07471369951963425
0.0 0.07475750148296356
0.0 0.0747637078166008
0.0 0.07497160881757736
0.0 0.07574181258678436
0.0 0.07577840983867645
0.0 0.07614929974079132
0.0 0.07615409046411514
0.0 0.076312355697155
0.0 0.07633978128433228
0.0 0.07658719271421432
0.0 0.07668999582529068
0.0 0.07681245356798172
0.0 0.0768812745809555
0.0 0.07712727785110474
0.0 0.07714004814624786
0.0 0.07774653285741806
0.0 0.07814262807369232
0.0 0.07821086049079895
0.0 0.0783148780465126
0.0 0.07859966903924942
0.0 0.07936372607946396
0.0 0.07959160953760147
0.0 0.07974166423082352
0.0 0.07992895692586899
0.0 0.07993530482053757
0.0 0.07997220754623413
0.0 0.08021759241819382
0.0 0.08057656139135361
0.0 0.08067051321268082
0.0 0.0807814821600914
0.0 0.08085335046052933
0.0 0.08085955679416656
0.0 0.0812317281961441
0.0 0.08139896392822266
0.0 0.08145274221897125
0.0 0.08243624120950699
0.0 0.08270160853862762
0.0 0.08273287862539291
0.0 0.08273345232009888
0.0 0.08323583751916885
0.0 0.08353975415229797
0.0 0.08360223472118378
0.0 0.08378226310014725
0.0 0.08529079705476761
0.0 0.08620220422744751
0.0 0.08663320541381836
0.0 0.08807886391878128
0.0 0.08811739832162857
0.0 0.08835025876760483
0.0 0.08856093138456345
0.0 0.08906853944063187
0.0 0.0893588587641716
0.0 0.08980102092027664
0.0 0.09004216641187668
0.0 0.0904870554804802
0.0 0.09079073369503021
0.0 0.09140704572200775
0.0 0.0921577736735344
0.0 0.09262598305940628
0.0 0.0927644819021225
0.0 0.09370932728052139
0.0 0.09407573193311691
0.0 0.09442732483148575
0.0 0.09636133909225464
0.0 0.09647168219089508
0.0 0.09753372520208359
0.0 0.09803935885429382
0.0 0.09997379779815674
0.0 0.1001061201095581
0.0 0.10234208405017853
0.0 0.10338133573532104
0.0 0.10533343255519867
0.0 0.11193683743476868
0.0 0.11408397555351257
0.0 0.12637409567832947
0.0 0.1510460078716278
0.0 inf
