0.0 0.02748091146349907
0.0 0.02876952849328518
0.0 0.02915704995393753
0.0 0.029476996511220932
0.0 0.029643863439559937
0.0 0.030396264046430588
0.0 0.031034452840685844
0.0 0.0313563272356987
0.0 0.03171421214938164
0.0 0.031771376729011536
0.0 0.032245032489299774
0.0 0.032299380749464035
0.0 0.03241584077477455
0.0 0.032499607652425766
0.0 0.03250190615653992
0.0 0.03258927911520004
0.0 0.032681938260793686
0.0 0.03272952884435654
0.0 0.03274485096335411
0.0 0.03287414088845253
0.0 0.03297668695449829
0.0 0.032983891665935516
0.0 0.032994937151670456
0.0 0.03300618752837181
0.0 0.0330161452293396
0.0 0.03314084932208061
0.0 0.03326866775751114
0.0 0.03337201103568077
0.0 0.0333905965089798
0.0 0.03347354382276535
0.0 0.033587969839572906
0.0 0.033664871007204056
0.0 0.033667247742414474
0.0 0.03399619087576866
0.0 0.03402473032474518
0.0 0.034048426896333694
0.0 0.03411327302455902
0.0 0.034162767231464386
0.0 0.034184619784355164
0.0 0.034484341740608215
0.0 0.03450268879532814
0.0 0.03450813144445419
0.0 0.03464137017726898
0.0 0.03469178080558777
0.0 0.03474275395274162
0.0 0.034830860793590546
0.0 0.034956011921167374
0.0 0.03496720269322395
0.0 0.034974511712789536
0.0 0.035124022513628006
0.0 0.03517797589302063
0.0 0.035215139389038086
0.0 0.03529077023267746
0.0 0.03531535714864731
0.0 0.03532015159726143
0.0 0.035367202013731
0.0 0.03539729863405228
0.0 0.035439152270555496
0.0 0.035460617393255234
0.0 0.03552733734250069
0.0 0.035558924078941345
0.0 0.03557339683175087
0.0 0.03563521429896355
0.0 0.03566101938486099
0.0 0.035693153738975525
0.0 0.035821784287691116
0.0 0.03582964837551117
0.0 0.03585576266050339
0.0 0.035890426486730576
0.0 0.035892877727746964
0.0 0.03591744601726532
0.0 0.03591953217983246
0.0 0.03594279661774635
0.0 0.03600621223449707
0.0 0.03606356680393219
0.0 0.03606770932674408
0.0 0.03608947992324829
0.0 0.03615563362836838
0.0 0.03635110706090927
0.0 0.03644173964858055
0.0 0.03644344583153725
0.0 0.03647827357053757
0.0 0.03651298210024834
0.0 0.03652222082018852
0.0 0.036536093801259995
0.0 0.03656347468495369
0.0 0.036673177033662796
0.0 0.03675975650548935
0.0 0.03685704246163368
0.0 0.03689825162291527
0.0 0.0369039922952652
0.0 0.03690511733293533
0.0 0.03690546378493309
0.0 0.036919623613357544
0.0 0.03692298009991646
0.0 0.03695742040872574
0.0 0.03706662729382515
0.0 0.037132956087589264
0.0 0.037140749394893646
0.0 0.03714696317911148
0.0 0.03717164695262909
0.0 0.037176016718149185
0.0 0.037179186940193176
0.0 0.03718169033527374
0.0 0.037285588681697845
0.0 0.037318866699934006
0.0 0.03739597275853157
0.0 0.03743859380483627
0.0 0.03746052086353302
0.0 0.03761037811636925
0.0 0.03761684522032738
0.0 0.03764480724930763
0.0 0.03765173628926277
0.0 0.03766709566116333
0.0 0.037762414664030075
0.0 0.037908390164375305
0.0 0.037973806262016296
0.0 0.03800765797495842
0.0 0.03802666440606117
0.0 0.038027845323085785
0.0 0.038035523146390915
0.0 0.03809625282883644
0.0 0.0382515974342823
0.0 0.03826921060681343
0.0 0.03827090561389923
0.0 0.03832779824733734
0.0 0.038343265652656555
0.0 0.038366153836250305
0.0 0.03839540109038353
0.0 0.03842448070645332
0.0 0.03846682608127594
0.0 0.038580410182476044
0.0 0.03871098905801773
0.0 0.038732364773750305
0.0 0.03873533755540848
0.0 0.03891272470355034
0.0 0.038949158042669296
0.0 0.039030250161886215
0.0 0.039036888629198074
0.0 0.03910718858242035
0.0 0.03911826014518738
0.0 0.03912730887532234
0.0 0.03917659819126129
0.0 0.039220914244651794
0.0 0.039253003895282745
0.0 0.0392579659819603
0.0 0.039315368980169296
0.0 0.03935965150594711
0.0 0.03948606923222542
0.0 0.03957235440611839
0.0 0.03959929943084717
0.0 0.039615992456674576
0.0 0.03962292894721031
0.0 0.03986315056681633
0.0 0.0398988351225853
0.0 0.03996928036212921
0.0 0.04011290892958641
0.0 0.04011312499642372
0.0 0.04017244279384613
0.0 0.04022114351391792
0.0 0.0402364507317543
0.0 0.04026084020733833
0.0 0.0402633473277092
0.0 0.04029072821140289
0.0 0.04029761627316475
0.0 0.04030795395374298
0.0 0.04032135382294655
0.0 0.04033629223704338
0.0 0.04038242995738983
0.0 0.040421728044748306
0.0 0.040450405329465866
0.0 0.040480103343725204
0.0 0.04052751138806343
0.0 0.04053520783782005
0.0 0.040538910776376724
0.0 0.04055633023381233
0.0 0.040576376020908356
0.0 0.04061629995703697
0.0 0.040738943964242935
0.0 0.04076748713850975
0.0 0.04079511761665344
0.0 0.04079730436205864
0.0 0.04091494902968407
0.0 0.04096075892448425
0.0 0.040980834513902664
0.0 0.040989190340042114
0.0 0.04101364314556122
0.0 0.04103513062000275
0.0 0.041086986660957336
0.0 0.04116673395037651
0.0 0.041173290461301804
0.0 0.04123171791434288
0.0 0.04128582775592804
0.0 0.04130842909216881
0.0 0.04147585853934288
0.0 0.04152260348200798
0.0 0.04154025390744209
0.0 0.04154985025525093
0.0 0.041568633168935776
0.0 0.04159756749868393
0.0 0.041745711117982864
0.0 0.04177058860659599
0.0 0.04180121049284935
0.0 0.04182122275233269
0.0 0.041838161647319794
0.0 0.04190284386277199
0.0 0.04203883185982704
0.0 0.04207487031817436
0.0 0.042102377861738205
0.0 0.04212865233421326
0.0 0.042135611176490784
0.0 0.04224543645977974
0.0 0.042250778526067734
0.0 0.04225897789001465
0.0 0.04231134057044983
0.0 0.0423310250043869
0.0 0.042340852320194244
0.0 0.04240909591317177
0.0 0.04248207435011864
0.0 0.04250270500779152
0.0 0.04252577945590019
0.0 0.042539484798908234
0.0 0.04271181672811508
0.0 0.04281024634838104
0.0 0.042832423001527786
0.0 0.04286358132958412
0.0 0.04289880767464638
0.0 0.04293995350599289
0.0 0.04295702278614044
0.0 0.04295721650123596
0.0 0.043113186955451965
0.0 0.04311902076005936
0.0 0.043149907141923904
0.0 0.04329361766576767
0.0 0.043309010565280914
0.0 0.0433192178606987
0.0 0.043412093073129654
0.0 0.04347563907504082
0.0 0.04348050430417061
0.0 0.043533243238925934
0.0 0.04359389841556549
0.0 0.04360853135585785
0.0 0.04378000646829605
0.0 0.04381953924894333
0.0 0.04383447393774986
0.0 0.04383925348520279
0.0 0.0438675656914711
0.0 0.0438968688249588
0.0 0.04400930181145668
0.0 0.044069837778806686
0.0 0.04417819157242775
0.0 0.04423313960433006
0.0 0.04424633830785751
0.0 0.0443238839507103
0.0 0.04438633471727371
0.0 0.04439548775553703
0.0 0.04443015158176422
0.0 0.04449201002717018
0.0 0.04451226815581322
0.0 0.044523563235998154
0.0 0.04454191401600838
0.0 0.04454375058412552
0.0 0.044555116444826126
0.0 0.044576942920684814
0.0 0.044593844562768936
0.0 0.04461175203323364
0.0 0.04462835565209389
0.0 0.04462907090783119
0.0 0.04463270679116249
0.0 0.04465398192405701
0.0 0.044660236686468124
0.0 0.0446624681353569
0.0 0.0447106696665287
0.0 0.04474983364343643
0.0 0.044779010117053986
0.0 0.044887788593769073
0.0 0.044907599687576294
0.0 0.04493799805641174
0.0 0.044949185103178024
0.0 0.045000214129686356
0.0 0.04500183090567589
0.0 0.04505530744791031
0.0 0.04506896436214447
0.0 0.045075077563524246
0.0 0.045076895505189896
0.0 0.0450802817940712
0.0 0.04509251192212105
0.0 0.045130547136068344
0.0 0.04519917815923691
0.0 0.045366089791059494
0.0 0.045427288860082626
0.0 0.045473210513591766
0.0 0.045484673231840134
0.0 0.04552500322461128
0.0 0.04556078836321831
0.0 0.04575728625059128
0.0 0.045770540833473206
0.0 0.04584678262472153
0.0 0.04605891555547714
0.0 0.04610034078359604
0.0 0.046135395765304565
0.0 0.046196259558200836
0.0 0.04631735011935234
0.0 0.04632219299674034
0.0 0.04645240306854248
0.0 0.046528808772563934
0.0 0.04655265808105469
0.0 0.046570029109716415
0.0 0.046614646911621094
0.0 0.04662421718239784
0.0 0.04684832692146301
0.0 0.046863116323947906
0.0 0.04692211374640465
0.0 0.046945925801992416
0.0 0.04694752022624016
0.0 0.0469941645860672
0.0 0.0470026358962059
0.0 0.047060657292604446
0.0 0.047063592821359634
0.0 0.04709544777870178
0.0 0.047102317214012146
0.0 0.04715064540505409
0.0 0.04716657102108002
0.0 0.04723373055458069
0.0 0.04723701253533363
0.0 0.04728280380368233
0.0 0.04734082520008087
0.0 0.047416940331459045
0.0 0.04743431508541107
0.0 0.04743695631623268
0.0 0.0474921315908432
0.0 0.04749935120344162
0.0 0.04757709801197052
0.0 0.04768237844109535
0.0 0.047900985926389694
0.0 0.04806859791278839
0.0 0.0481613390147686
0.0 0.04816456884145737
0.0 0.0481913685798645
0.0 0.04825394228100777
0.0 0.048306822776794434
0.0 0.048321790993213654
0.0 0.04832245409488678
0.0 0.04832444339990616
0.0 0.04845330864191055
0.0 0.04869278520345688
0.0 0.04880024492740631
0.0 0.04897674173116684
0.0 0.04899711534380913
0.0 0.04901920631527901
0.0 0.04902629181742668
0.0 0.049052972346544266
0.0 0.04909275099635124
0.0 0.049172598868608475
0.0 0.04921113699674606
0.0 0.04925692453980446
0.0 0.049276966601610184
0.0 0.04969028756022453
0.0 0.0497228279709816
0.0 0.04978365823626518
0.0 0.04988780990242958
0.0 0.04992952570319176
0.0 0.05001336336135864
0.0 0.05011871084570885
0.0 0.05012814328074455
0.0 0.05015668272972107
0.0 0.05021087825298309
0.0 0.05023941770195961
0.0 0.050402332097291946
0.0 0.05044325813651085
0.0 0.05047941580414772
0.0 0.05055484175682068
0.0 0.050578538328409195
0.0 0.05060165375471115
0.0 0.05065091326832771
0.0 0.050721921026706696
0.0 0.05093386769294739
0.0 0.051385559141635895
0.0 0.05149674788117409
0.0 0.05152851715683937
0.0 0.05173148587346077
0.0 0.05174027755856514
0.0 0.05176716297864914
0.0 0.05179908126592636
0.0 0.051900714635849
0.0 0.051921289414167404
0.0 0.05200335010886192
0.0 0.052011772990226746
0.0 0.05203982815146446
0.0 0.05222461745142937
0.0 0.05225527286529541
0.0 0.0523960255086422
0.0 0.05245787650346756
0.0 0.05246971175074577
0.0 0.05253133550286293
0.0 0.052556756883859634
0.0 0.05261477828025818
0.0 0.05267271399497986
0.0 0.05267985910177231
0.0 0.05275331810116768
0.0 0.05277494713664055
0.0 0.052863895893096924
0.0 0.05302751064300537
0.0 0.05309304967522621
0.0 0.05330900102853775
0.0 0.0534675233066082
0.0 0.05354699492454529
0.0 0.053601719439029694
0.0 0.05369585007429123
0.0 0.053867489099502563
0.0 0.054000675678253174
0.0 0.0540303960442543
0.0 0.05408184230327606
0.0 0.05413651466369629
0.0 0.054388388991355896
0.0 0.0544125959277153
0.0 0.054709646850824356
0.0 0.05478362366557121
0.0 0.05496601015329361
0.0 0.055006809532642365
0.0 0.05508024990558624
0.0 0.05508944019675255
0.0 0.05509229749441147
0.0 0.05535930395126343
0.0 0.055425066500902176
0.0 0.055445630103349686
0.0 0.05565933883190155
0.0 0.05575333535671234
0.0 0.05589424446225166
0.0 0.056010857224464417
0.0 0.056040387600660324
0.0 0.05610230937600136
0.0 0.05621767044067383
0.0 0.056439612060785294
0.0 0.05663828179240227
0.0 0.05712123587727547
0.0 0.05712597444653511
0.0 0.0571366623044014
0.0 0.05723031982779503
0.0 0.05735936388373375
0.0 0.05739225074648857
0.0 0.05739464610815048
0.0 0.0576748251914978
0.0 0.057754408568143845
0.0 0.05807192623615265
0.0 0.058117352426052094
0.0 0.058138322085142136
0.0 0.05836240574717522
0.0 0.058372970670461655
0.0 0.05839318409562111
0.0 0.05852105841040611
0.0 0.05855250358581543
0.0 0.058904267847537994
0.0 0.05902547016739845
0.0 0.059068355709314346
0.0 0.05907805636525154
0.0 0.05913350731134415
0.0 0.059157244861125946
0.0 0.05957897752523422
0.0 0.0596265085041523
0.0 0.05968865007162094
0.0 0.05973066762089729
0.0 0.05978497117757797
0.0 0.059811804443597794
0.0 0.05999869108200073
0.0 0.06010380759835243
0.0 0.06018388643860817
0.0 0.06021145358681679
0.0 0.06037158891558647
0.0 0.06072218343615532
0.0 0.06075647100806236
0.0 0.06090159714221954
0.0 0.0610232949256897
0.0 0.061023663729429245
0.0 0.06106524169445038
0.0 0.06120273098349571
0.0 0.061205871403217316
0.0 0.06135203689336777
0.0 0.061423107981681824
0.0 0.06160570681095123
0.0 0.061889003962278366
0.0 0.06214115396142006
0.0 0.06218080595135689
0.0 0.062398940324783325
0.0 0.06314545124769211
0.0 0.06389746814966202
0.0 0.06393375992774963
0.0 0.06397825479507446
0.0 0.06421424448490143
0.0 0.06425739079713821
0.0 0.06454746425151825
0.0 0.06523909419775009
0.0 0.0657871663570404
0.0 0.0658370852470398
0.0 0.06649216264486313
0.0 0.06685231626033783
0.0 0.0668705403804779
0.0 0.07021459937095642
0.0 0.07021533697843552
0.0 0.07065930962562561
0.0 0.0707593783736229
0.0 0.07314099371433258
0.0 0.07439189404249191
0.0 0.07562501728534698
0.0 0.07707393914461136
0.0 0.07838579267263412
0.0 0.07965211570262909
0.0 0.08050845563411713
0.0 0.08391609787940979
0.0 0.08958069235086441
0.0 0.10020434856414795
0.0 inf
