0.0 0.03781157359480858
0.0 0.04235270246863365
0.0 0.04410117119550705
0.0 0.04785504192113876
0.0 0.048030171543359756
0.0 0.048815056681632996
0.0 0.0492221899330616
0.0 0.04986434057354927
0.0 0.05056234076619148
0.0 0.050581611692905426
0.0 0.051120221614837646
0.0 0.051132604479789734
0.0 0.05133114010095596
0.0 0.05167832225561142
0.0 0.051827963441610336
0.0 0.05206920579075813
0.0 0.05230865627527237
0.0 0.052380338311195374
0.0 0.052729830145835876
0.0 0.05278285592794418
0.0 0.05282498151063919
0.0 0.05302659422159195
0.0 0.053065814077854156
0.0 0.05332345515489578
0.0 0.053807638585567474
0.0 0.05399000272154808
0.0 0.05419069901108742
0.0 0.05443650856614113
0.0 0.05452463775873184
0.0 0.05461854860186577
0.0 0.05468815565109253
0.0 0.05470840632915497
0.0 0.054850004613399506
0.0 0.055478714406490326
0.0 0.05554739385843277
0.0 0.055817682296037674
0.0 0.056073397397994995
0.0 0.056248780339956284
0.0 0.05650212615728378
0.0 0.056508272886276245
0.0 0.05706355720758438
0.0 0.05713043361902237
0.0 0.05747748538851738
0.0 0.05751118063926697
0.0 0.05763717740774155
0.0 0.057700589299201965
0.0 0.057727813720703125
0.0 0.05788126587867737
0.0 0.05791759863495827
0.0 0.05807981640100479
0.0 0.05817585811018944
0.0 0.05832744762301445
0.0 0.058337267488241196
0.0 0.05863362178206444
0.0 0.058709945529699326
0.0 0.058922942727804184
0.0 0.059154123067855835
0.0 0.05926119536161423
0.0 0.05956123769283295
0.0 0.059732794761657715
0.0 0.05977056175470352
0.0 0.059854988008737564
0.0 0.059947669506073
0.0 0.06005829572677612
0.0 0.06010415777564049
0.0 0.060336388647556305
0.0 0.06044851243495941
0.0 0.060485903173685074
0.0 0.06059020385146141
0.0 0.06080223619937897
0.0 0.060848742723464966
0.0 0.06086520850658417
0.0 0.060911111533641815
0.0 0.06097526103258133
0.0 0.06101275235414505
0.0 0.06103584170341492
0.0 0.06113732233643532
0.0 0.06126958504319191
0.0 0.0612749345600605
0.0 0.06134675815701485
0.0 0.06161843240261078
0.0 0.061726003885269165
0.0 0.06181115284562111
0.0 0.061828479170799255
0.0 0.06185825914144516
0.0 0.06187775731086731
0.0 0.06197543814778328
0.0 0.06201915070414543
0.0 0.062071431428194046
0.0 0.062075648456811905
0.0 0.062223438173532486
0.0 0.06223263218998909
0.0 0.06228194758296013
0.0 0.06228657439351082
0.0 0.062301505357027054
0.0 0.06241215020418167
0.0 0.06252394616603851
0.0 0.06272866576910019
0.0 0.06277059018611908
0.0 0.06293933093547821
0.0 0.06300702691078186
0.0 0.06302205473184586
0.0 0.06314525753259659
0.0 0.06319675594568253
0.0 0.06323932111263275
0.0 0.06343688070774078
0.0 0.0634760782122612
0.0 0.06348198652267456
0.0 0.06353554129600525
0.0 0.06370486319065094
0.0 0.0637592151761055
0.0 0.06394903361797333
0.0 0.06397849321365356
0.0 0.06402463465929031
0.0 0.06426496058702469
0.0 0.0643034428358078
0.0 0.06438235193490982
0.0 0.0644243136048317
0.0 0.06443403661251068
0.0 0.06446672230958939
0.0 0.06457364559173584
0.0 0.06464757025241852
0.0 0.06471193581819534
0.0 0.06477539986371994
0.0 0.06479615718126297
0.0 0.06483754515647888
0.0 0.06487294286489487
0.0 0.06488495320081711
0.0 0.06490906327962875
0.0 0.06493816524744034
0.0 0.06502579897642136
0.0 0.06507007032632828
0.0 0.06508327275514603
0.0 0.06514336913824081
0.0 0.06516178697347641
0.0 0.06525657325983047
0.0 0.06531807035207748
0.0 0.06532005965709686
0.0 0.06539015471935272
0.0 0.0656304880976677
0.0 0.0658012330532074
0.0 0.06594216823577881
0.0 0.06597935408353806
0.0 0.06608767807483673
0.0 0.06617596745491028
0.0 0.0662558302283287
0.0 0.06631778925657272
0.0 0.06638547033071518
0.0 0.06643306463956833
0.0 0.06643477082252502
0.0 0.06646046787500381
0.0 0.06647282838821411
0.0 0.06653665751218796
0.0 0.06654287874698639
0.0 0.06654675304889679
0.0 0.06657224893569946
0.0 0.06667780131101608
0.0 0.06672052294015884
0.0 0.06679564714431763
0.0 0.06686322391033173
0.0 0.06686510890722275
0.0 0.06690089404582977
0.0 0.06691408902406693
0.0 0.06692827492952347
0.0 0.06705088913440704
0.0 0.06707688421010971
0.0 0.0671992376446724
0.0 0.06721427291631699
0.0 0.06728126853704453
0.0 0.06728946417570114
0.0 0.06744657456874847
0.0 0.06745558232069016
0.0 0.0676128938794136
0.0 0.06762374192476273
0.0 0.06772615760564804
0.0 0.0678064301609993
0.0 0.06786826252937317
0.0 0.06790081411600113
0.0 0.06792592257261276
0.0 0.06804827600717545
0.0 0.06807805597782135
0.0 0.06810203194618225
0.0 0.06817270815372467
0.0 0.06826417148113251
0.0 0.06828135251998901
0.0 0.06829022616147995
0.0 0.06830164790153503
0.0 0.0683356374502182
0.0 0.0684988871216774
0.0 0.06853041797876358
0.0 0.06860408186912537
0.0 0.06865058094263077
0.0 0.06908004730939865
0.0 0.06946104764938354
0.0 0.0694786086678505
0.0 0.06964974850416183
0.0 0.06965728849172592
0.0 0.06971601396799088
0.0 0.06973133236169815
0.0 0.06974399089813232
0.0 0.06975783407688141
0.0 0.06980666518211365
0.0 0.06988278031349182
0.0 0.06991247087717056
0.0 0.06995554268360138
0.0 0.06996933370828629
0.0 0.06999387592077255
0.0 0.07004661113023758
0.0 0.07014792412519455
0.0 0.07018772512674332
0.0 0.07021360099315643
0.0 0.07021580636501312
0.0 0.07026825100183487
0.0 0.07028335332870483
0.0 0.07031531631946564
0.0 0.07033277302980423
0.0 0.07033782452344894
0.0 0.07035410404205322
0.0 0.07038213312625885
0.0 0.07040860503911972
0.0 0.07047141343355179
0.0 0.07051458954811096
0.0 0.07056061923503876
0.0 0.07064130157232285
0.0 0.0706782341003418
0.0 0.07074175775051117
0.0 0.07074244320392609
0.0 0.07078509032726288
0.0 0.07083722203969955
0.0 0.07084137946367264
0.0 0.070851169526577
0.0 0.07095588743686676
0.0 0.07096888870000839
0.0 0.07108008116483688
0.0 0.07110664248466492
0.0 0.07115878164768219
0.0 0.07119718194007874
0.0 0.0712357684969902
0.0 0.07126414030790329
0.0 0.07128426432609558
0.0 0.07135927677154541
0.0 0.07141145318746567
0.0 0.0714571475982666
0.0 0.0715518593788147
0.0 0.07165449112653732
0.0 0.07168205827474594
0.0 0.07171586155891418
0.0 0.07189382612705231
0.0 0.07194770127534866
0.0 0.07199328392744064
0.0 0.0720270425081253
0.0 0.07216225564479828
0.0 0.0722326934337616
0.0 0.07227389514446259
0.0 0.0723179280757904
0.0 0.07241388410329819
0.0 0.07252011448144913
0.0 0.07252051681280136
0.0 0.07254590094089508
0.0 0.07275116443634033
0.0 0.07276947051286697
0.0 0.0730237141251564
0.0 0.07304639369249344
0.0 0.07309547066688538
0.0 0.07317990809679031
0.0 0.0732765942811966
0.0 0.07328659296035767
0.0 0.0733848363161087
0.0 0.07348396629095078
0.0 0.07357010245323181
0.0 0.07357614487409592
0.0 0.07359609007835388
0.0 0.07375241816043854
0.0 0.07395769655704498
0.0 0.07398612797260284
0.0 0.07401750236749649
0.0 0.07402227818965912
0.0 0.07409219443798065
0.0 0.07412755489349365
0.0 0.07423800975084305
0.0 0.07440558820962906
0.0 0.07451801002025604
0.0 0.07463651150465012
0.0 0.07501480728387833
0.0 0.0750788152217865
0.0 0.07517951726913452
0.0 0.07529214769601822
0.0 0.07530606538057327
0.0 0.07531792670488358
0.0 0.07532255351543427
0.0 0.07552487403154373
0.0 0.07561586052179337
0.0 0.07568607479333878
0.0 0.0757824257016182
0.0 0.07583748549222946
0.0 0.07586230337619781
0.0 0.07587217539548874
0.0 0.07590292394161224
0.0 0.07591280341148376
0.0 0.07596223056316376
0.0 0.07604061812162399
0.0 0.07605436444282532
0.0 0.07614767551422119
0.0 0.07628624886274338
0.0 0.07657448947429657
0.0 0.0765981674194336
0.0 0.07661715149879456
0.0 0.07662302255630493
0.0 0.07676970213651657
0.0 0.0769694373011589
0.0 0.07702816277742386
0.0 0.07705918699502945
0.0 0.07711956650018692
0.0 0.07720304280519485
0.0 0.07722888141870499
0.0 0.07726556062698364
0.0 0.07728826999664307
0.0 0.07739990204572678
0.0 0.07746540755033493
0.0 0.07749291509389877
0.0 0.07753735780715942
0.0 0.07759052515029907
0.0 0.077922023832798
0.0 0.07797733694314957
0.0 0.07828044891357422
0.0 0.07837821543216705
0.0 0.07854961603879929
0.0 0.07868283987045288
0.0 0.07874785363674164
0.0 0.0788503959774971
0.0 0.07893149554729462
0.0 0.0789545550942421
0.0 0.0789949893951416
0.0 0.07899665832519531
0.0 0.07925304770469666
0.0 0.0793241560459137
0.0 0.07954338192939758
0.0 0.07956376671791077
0.0 0.07974107563495636
0.0 0.07978001236915588
0.0 0.07983631640672684
0.0 0.08001898229122162
0.0 0.08007018268108368
0.0 0.08028227090835571
0.0 0.08031213283538818
0.0 0.08031298220157623
0.0 0.0803351029753685
0.0 0.08050773292779922
0.0 0.080673947930336
0.0 0.08075123280286789
0.0 0.08101041615009308
0.0 0.0811278373003006
0.0 0.08113893866539001
0.0 0.08119191974401474
0.0 0.08122830092906952
0.0 0.08126095682382584
0.0 0.08169253915548325
0.0 0.08172410726547241
0.0 0.08202917128801346
0.0 0.08214511722326279
0.0 0.08235271275043488
0.0 0.08240830898284912
0.0 0.08251645416021347
0.0 0.08256066590547562
0.0 0.08268275111913681
0.0 0.08294457942247391
0.0 0.08298348635435104
0.0 0.08301150798797607
0.0 0.08302239328622818
0.0 0.08304699510335922
0.0 0.08320636302232742
0.0 0.0833190530538559
0.0 0.08358301222324371
0.0 0.08360302448272705
0.0 0.08360658586025238
0.0 0.08366944640874863
0.0 0.08372543007135391
0.0 0.08418647199869156
0.0 0.0845429003238678
0.0 0.08454757928848267
0.0 0.08455097675323486
0.0 0.08455315232276917
0.0 0.08459396660327911
0.0 0.08470948785543442
0.0 0.08473733812570572
0.0 0.084812693297863
0.0 0.0848621129989624
0.0 0.08490824699401855
0.0 0.08491942286491394
0.0 0.08511556684970856
0.0 0.08521220088005066
0.0 0.08525492250919342
0.0 0.0853518545627594
0.0 0.08537878096103668
0.0 0.08546283096075058
0.0 0.08555382490158081
0.0 0.08568927645683289
0.0 0.08581004291772842
0.0 0.08593597263097763
0.0 0.08617477118968964
0.0 0.08622824400663376
0.0 0.08651736378669739
0.0 0.08694629371166229
0.0 0.08710909634828568
0.0 0.08714018762111664
0.0 0.0874178558588028
0.0 0.08753450959920883
0.0 0.08770113438367844
0.0 0.087717205286026
0.0 0.08786284923553467
0.0 0.08788000792264938
0.0 0.0880889892578125
0.0 0.08813107013702393
0.0 0.08850985765457153
0.0 0.08862560987472534
0.0 0.08898326754570007
0.0 0.08902645111083984
0.0 0.0893855094909668
0.0 0.08951425552368164
0.0 0.08954450488090515
0.0 0.0897020697593689
0.0 0.08994795382022858
0.0 0.09046157449483871
0.0 0.09052969515323639
0.0 0.09076694399118423
0.0 0.09088846296072006
0.0 0.09146899729967117
0.0 0.09153913706541061
0.0 0.09153974056243896
0.0 0.09160511195659637
0.0 0.09168929606676102
0.0 0.0918176993727684
0.0 0.09215574711561203
0.0 0.09218350052833557
0.0 0.09254217147827148
0.0 0.09271549433469772
0.0 0.09290456771850586
0.0 0.09296762943267822
0.0 0.0930306687951088
0.0 0.09332176297903061
0.0 0.09357460588216782
0.0 0.09404490143060684
0.0 0.09407123178243637
0.0 0.09424624592065811
0.0 0.09446319937705994
0.0 0.09464700520038605
0.0 0.0948970690369606
0.0 0.09508111327886581
0.0 0.09516863524913788
0.0 0.09517338126897812
0.0 0.09522557258605957
0.0 0.09552303701639175
0.0 0.09569012373685837
0.0 0.0959005281329155
0.0 0.09639271348714828
0.0 0.09660756587982178
0.0 0.09703855216503143
0.0 0.09715534001588821
0.0 0.09747888892889023
0.0 0.09754044562578201
0.0 0.09754304587841034
0.0 0.0977892056107521
0.0 0.0979471355676651
0.0 0.0980856791138649
0.0 0.09817591309547424
0.0 0.09837882220745087
0.0 0.09865535795688629
0.0 0.09883733838796616
0.0 0.09895798563957214
0.0 0.09903568774461746
0.0 0.09984423965215683
0.0 0.10014862567186356
0.0 0.10038521885871887
0.0 0.1003994420170784
0.0 0.10067654401063919
0.0 0.10073068737983704
0.0 0.10083238035440445
0.0 0.10092777758836746
0.0 0.10093182325363159
0.0 0.1010509729385376
0.0 0.10131474584341049
0.0 0.10134442150592804
0.0 0.10214155912399292
0.0 0.10217254608869553
0.0 0.10221517086029053
0.0 0.10279133915901184
0.0 0.10292249917984009
0.0 0.10311971604824066
0.0 0.10347476601600647
0.0 0.10357864946126938
0.0 0.10369202494621277
0.0 0.10386768728494644
0.0 0.10470197349786758
0.0 0.10532282292842865
0.0 0.10568440705537796
0.0 0.10603370517492294
0.0 0.10715360939502716
0.0 0.10875342041254044
0.0 0.10895054787397385
0.0 0.10937482863664627
0.0 0.10963666439056396
0.0 0.10968146473169327
0.0 0.11138232052326202
0.0 0.11146615445613861
0.0 0.11353129893541336
0.0 0.11355471611022949
0.0 0.1141832172870636
0.0 0.11426246166229248
0.0 0.11789143830537796
0.0 0.11818744987249374
0.0 0.12080586701631546
0.0 inf
