0.0 0.04048701003193855
0.0 0.04058399423956871
0.0 0.04288492351770401
0.0 0.043789010494947433
0.0 0.0439588688313961
0.0 0.04414543882012367
0.0 0.04439568147063255
0.0 0.04508727416396141
0.0 0.04511899873614311
0.0 0.04584234580397606
0.0 0.04595756158232689
0.0 0.04665961489081383
0.0 0.04695628583431244
0.0 0.047408077865839005
0.0 0.04818238690495491
0.0 0.04899965971708298
0.0 0.049597300589084625
0.0 0.04967815801501274
0.0 0.04973728582262993
0.0 0.04974646493792534
0.0 0.049918703734874725
0.0 0.05027954280376434
0.0 0.050883907824754715
0.0 0.0508870929479599
0.0 0.05098550766706467
0.0 0.051466166973114014
0.0 0.05153968557715416
0.0 0.05154070258140564
0.0 0.05181238427758217
0.0 0.05194178968667984
0.0 0.05218009278178215
0.0 0.05220198631286621
0.0 0.052390601485967636
0.0 0.05247029289603233
0.0 0.05271099880337715
0.0 0.052750878036022186
0.0 0.052823640406131744
0.0 0.05287730321288109
0.0 0.052921317517757416
0.0 0.052992429584264755
0.0 0.05301610752940178
0.0 0.05317476764321327
0.0 0.05321657285094261
0.0 0.053319644182920456
0.0 0.05350852012634277
0.0 0.05355812609195709
0.0 0.05386682599782944
0.0 0.053883615881204605
0.0 0.053883861750364304
0.0 0.05391761288046837
0.0 0.053926825523376465
0.0 0.054097987711429596
0.0 0.054379984736442566
0.0 0.05443708971142769
0.0 0.05447514355182648
0.0 0.05459865182638168
0.0 0.05465004965662956
0.0 0.05471913889050484
0.0 0.055031485855579376
0.0 0.055087849497795105
0.0 0.05510971322655678
0.0 0.055223915725946426
0.0 0.05528309941291809
0.0 0.0553622841835022
0.0 0.05545585975050926
0.0 0.05561854690313339
0.0 0.05563988909125328
0.0 0.05566408857703209
0.0 0.05570429936051369
0.0 0.05586596950888634
0.0 0.05599195882678032
0.0 0.0560954324901104
0.0 0.0561685673892498
0.0 0.05625654011964798
0.0 0.0563335046172142
0.0 0.05638330429792404
0.0 0.05641071870923042
0.0 0.05669461935758591
0.0 0.05683131143450737
0.0 0.05691402405500412
0.0 0.056972261518239975
0.0 0.056992705911397934
0.0 0.05723639950156212
0.0 0.05745404586195946
0.0 0.057547420263290405
0.0 0.05762059986591339
0.0 0.05769346281886101
0.0 0.05778222158551216
0.0 0.057829197496175766
0.0 0.057892683893442154
0.0 0.0579594261944294
0.0 0.05808937922120094
0.0 0.05820254981517792
0.0 0.05820489674806595
0.0 0.05820561200380325
0.0 0.05827485769987106
0.0 0.0582842081785202
0.0 0.05830400809645653
0.0 0.05833326652646065
0.0 0.05834135785698891
0.0 0.05838341265916824
0.0 0.058451998978853226
0.0 0.058465875685214996
0.0 0.058612160384655
0.0 0.05876266956329346
0.0 0.05876797437667847
0.0 0.05880829319357872
0.0 0.058819934725761414
0.0 0.05882062762975693
0.0 0.058820705860853195
0.0 0.05883987993001938
0.0 0.058905020356178284
0.0 0.059004127979278564
0.0 0.059055451303720474
0.0 0.05906183645129204
0.0 0.05923042073845863
0.0 0.05932706594467163
0.0 0.05940190702676773
0.0 0.05941564962267876
0.0 0.05944260209798813
0.0 0.05949028208851814
0.0 0.05950493365526199
0.0 0.059524983167648315
0.0 0.05957746133208275
0.0 0.05972835421562195
0.0 0.059770066291093826
0.0 0.05983535572886467
0.0 0.05988720804452896
0.0 0.060061126947402954
0.0 0.060235001146793365
0.0 0.06026149168610573
0.0 0.06030508503317833
0.0 0.06030643358826637
0.0 0.060309600085020065
0.0 0.06045650690793991
0.0 0.06062588468194008
0.0 0.06073960289359093
0.0 0.06074857339262962
0.0 0.06076899915933609
0.0 0.06085929274559021
0.0 0.06088680028915405
0.0 0.06089480593800545
0.0 0.06096876785159111
0.0 0.06098015978932381
0.0 0.06103568524122238
0.0 0.061134085059165955
0.0 0.06113923713564873
0.0 0.061290252953767776
0.0 0.06133228912949562
0.0 0.06136556342244148
0.0 0.06144529581069946
0.0 0.061478421092033386
0.0 0.06152127683162689
0.0 0.06160471960902214
0.0 0.06163989007472992
0.0 0.061640504747629166
0.0 0.061640750616788864
0.0 0.061772871762514114
0.0 0.061831291764974594
0.0 0.06185479834675789
0.0 0.061897702515125275
0.0 0.06196742504835129
0.0 0.06202266365289688
0.0 0.0620555579662323
0.0 0.062109775841236115
0.0 0.062120746821165085
0.0 0.06213034689426422
0.0 0.062155582010746
0.0 0.062223970890045166
0.0 0.06222992390394211
0.0 0.06223258003592491
0.0 0.06225281581282616
0.0 0.062344666570425034
0.0 0.062430161982774734
0.0 0.06249479576945305
0.0 0.06258942931890488
0.0 0.06262748688459396
0.0 0.06263906508684158
0.0 0.06270851194858551
0.0 0.06276018917560577
0.0 0.06277714669704437
0.0 0.06280285865068436
0.0 0.06327127665281296
0.0 0.06328517198562622
0.0 0.06334646046161652
0.0 0.06350024789571762
0.0 0.0637168288230896
0.0 0.06375247240066528
0.0 0.06377933919429779
0.0 0.06378867477178574
0.0 0.06386605650186539
0.0 0.06388966739177704
0.0 0.06408451497554779
0.0 0.06417832523584366
0.0 0.06433574110269547
0.0 0.06434857100248337
0.0 0.06441875547170639
0.0 0.06457196921110153
0.0 0.06458395719528198
0.0 0.0645916759967804
0.0 0.06482947617769241
0.0 0.06484881043434143
0.0 0.06489535421133041
0.0 0.06489851325750351
0.0 0.06502322107553482
0.0 0.06504108011722565
0.0 0.06505715847015381
0.0 0.06513100117444992
0.0 0.06515461206436157
0.0 0.06521030515432358
0.0 0.06523434817790985
0.0 0.06523889303207397
0.0 0.06538058072328568
0.0 0.06539483368396759
0.0 0.06542932242155075
0.0 0.06547210365533829
0.0 0.06547227501869202
0.0 0.06550422310829163
0.0 0.06562284380197525
0.0 0.06563425809144974
0.0 0.06583978235721588
0.0 0.06606601923704147
0.0 0.06608595699071884
0.0 0.06629623472690582
0.0 0.06634180247783661
0.0 0.06639564037322998
0.0 0.06652390211820602
0.0 0.06656229496002197
0.0 0.06669126451015472
0.0 0.06674916297197342
0.0 0.0668635293841362
0.0 0.06687059998512268
0.0 0.06698062270879745
0.0 0.06698780506849289
0.0 0.06702721118927002
0.0 0.06702861189842224
0.0 0.06719815731048584
0.0 0.06727798283100128
0.0 0.06738771498203278
0.0 0.06739944964647293
0.0 0.0674174427986145
0.0 0.06748013198375702
0.0 0.06764999032020569
0.0 0.06778144091367722
0.0 0.06779319792985916
0.0 0.06791066378355026
0.0 0.06803201138973236
0.0 0.06805942207574844
0.0 0.06817936152219772
0.0 0.06818881630897522
0.0 0.06820318102836609
0.0 0.06824969500303268
0.0 0.06826044619083405
0.0 0.06844412535429001
0.0 0.06853621453046799
0.0 0.06861066073179245
0.0 0.068705253303051
0.0 0.06872624158859253
0.0 0.06873954087495804
0.0 0.06877737492322922
0.0 0.06895007193088531
0.0 0.0690421313047409
0.0 0.06905408203601837
0.0 0.0690566748380661
0.0 0.0690711960196495
0.0 0.06917030364274979
0.0 0.06929028034210205
0.0 0.06930512189865112
0.0 0.06934809684753418
0.0 0.06934811174869537
0.0 0.06935907155275345
0.0 0.06950019299983978
0.0 0.06950075179338455
0.0 0.06951022148132324
0.0 0.06974352896213531
0.0 0.0698070302605629
0.0 0.06981944292783737
0.0 0.06994587182998657
0.0 0.07002022862434387
0.0 0.07005985081195831
0.0 0.07006966322660446
0.0 0.07025527209043503
0.0 0.07025850564241409
0.0 0.07027237117290497
0.0 0.0703294426202774
0.0 0.07038845866918564
0.0 0.07042300701141357
0.0 0.0704379603266716
0.0 0.07044264674186707
0.0 0.07050289213657379
0.0 0.07067645341157913
0.0 0.07074591517448425
0.0 0.07088139653205872
0.0 0.07088340818881989
0.0 0.07100658863782883
0.0 0.07102047652006149
0.0 0.07102425396442413
0.0 0.07116016745567322
0.0 0.07122354954481125
0.0 0.07131633162498474
0.0 0.07140550762414932
0.0 0.07151012122631073
0.0 0.07155289500951767
0.0 0.07155559211969376
0.0 0.07157844305038452
0.0 0.07180170714855194
0.0 0.0718405470252037
0.0 0.07200656831264496
0.0 0.07218220829963684
0.0 0.07230338454246521
0.0 0.07231311500072479
0.0 0.07232285290956497
0.0 0.07239785045385361
0.0 0.0724172592163086
0.0 0.07242754101753235
0.0 0.07246176153421402
0.0 0.07250580191612244
0.0 0.07259095460176468
0.0 0.07279559969902039
0.0 0.07283105701208115
0.0 0.07288747280836105
0.0 0.0731024220585823
0.0 0.07314062863588333
0.0 0.07315792888402939
0.0 0.07343219220638275
0.0 0.07353140413761139
0.0 0.07353713363409042
0.0 0.07354119420051575
0.0 0.07359252870082855
0.0 0.07390646636486053
0.0 0.07396024465560913
0.0 0.07396411895751953
0.0 0.07400868088006973
0.0 0.07407613098621368
0.0 0.07423565536737442
0.0 0.07432818412780762
0.0 0.07439939677715302
0.0 0.0744873657822609
0.0 0.07467707991600037
0.0 0.07468061149120331
0.0 0.07487142831087112
0.0 0.07496492564678192
0.0 0.07500206679105759
0.0 0.07533305883407593
0.0 0.07538221776485443
0.0 0.07569161057472229
0.0 0.07590562105178833
0.0 0.07597479224205017
0.0 0.07631731033325195
0.0 0.07648942619562149
0.0 0.0765589103102684
0.0 0.07663373649120331
0.0 0.0766502246260643
0.0 0.07669173181056976
0.0 0.07675620913505554
0.0 0.07686454802751541
0.0 0.07703243941068649
0.0 0.07714682072401047
0.0 0.07722202688455582
0.0 0.07723503559827805
0.0 0.07743261754512787
0.0 0.07746418565511703
0.0 0.07759841531515121
0.0 0.07779297232627869
0.0 0.07781532406806946
0.0 0.07782220095396042
0.0 0.07808486372232437
0.0 0.07838592678308487
0.0 0.07861003279685974
0.0 0.07868044078350067
0.0 0.07871335744857788
0.0 0.07876144349575043
0.0 0.07880915701389313
0.0 0.0789668932557106
0.0 0.07920289039611816
0.0 0.07941043376922607
0.0 0.07954677939414978
0.0 0.07957600057125092
0.0 0.07957685738801956
0.0 0.07998740673065186
0.0 0.08001425117254257
0.0 0.08017156273126602
0.0 0.08018621802330017
0.0 0.08033235371112823
0.0 0.08035643398761749
0.0 0.08050426840782166
0.0 0.0805370956659317
0.0 0.08067458122968674
0.0 0.08076402544975281
0.0 0.0809217318892479
0.0 0.08097576349973679
0.0 0.08098748326301575
0.0 0.08115511387586594
0.0 0.0813496857881546
0.0 0.0814707949757576
0.0 0.08158644288778305
0.0 0.08195860683917999
0.0 0.08234298974275589
0.0 0.08271056413650513
0.0 0.08284460753202438
0.0 0.08291797339916229
0.0 0.0833006203174591
0.0 0.08331779390573502
0.0 0.08336269110441208
0.0 0.08354835957288742
0.0 0.08356807380914688
0.0 0.08387425541877747
0.0 0.08395475894212723
0.0 0.0840657502412796
0.0 0.0841076672077179
0.0 0.08419432491064072
0.0 0.08422838896512985
0.0 0.08426546305418015
0.0 0.08452735096216202
0.0 0.08479417860507965
0.0 0.08490724116563797
0.0 0.08522141724824905
0.0 0.08539506793022156
0.0 0.08541741967201233
0.0 0.08544520288705826
0.0 0.0854506865143776
0.0 0.08548417687416077
0.0 0.08551160991191864
0.0 0.08570504933595657
0.0 0.08608563244342804
0.0 0.08623499423265457
0.0 0.08636632561683655
0.0 0.08648617565631866
0.0 0.08696497976779938
0.0 0.08715685456991196
0.0 0.08735130727291107
0.0 0.08768820017576218
0.0 0.0881771519780159
0.0 0.08823694288730621
0.0 0.08833221346139908
0.0 0.0883428156375885
0.0 0.08837681263685226
0.0 0.08847884088754654
0.0 0.08872640132904053
0.0 0.08924853056669235
0.0 0.0893169716000557
0.0 0.08956088870763779
0.0 0.08961554616689682
0.0 0.0896453931927681
0.0 0.0896536335349083
0.0 0.08982814848423004
0.0 0.09014130383729935
0.0 0.0901627168059349
0.0 0.0904272049665451
0.0 0.09058983623981476
0.0 0.09068402647972107
0.0 0.09085793048143387
0.0 0.09087663888931274
0.0 0.09088442474603653
0.0 0.09094113856554031
0.0 0.09100158512592316
0.0 0.09130223095417023
0.0 0.09166225045919418
0.0 0.09205185621976852
0.0 0.09239140897989273
0.0 0.0924685001373291
0.0 0.09298613667488098
0.0 0.09300247579813004
0.0 0.09333436191082001
0.0 0.09377116709947586
0.0 0.09447922557592392
0.0 0.09515385329723358
0.0 0.0952620804309845
0.0 0.09553496539592743
0.0 0.09555888921022415
0.0 0.09587587416172028
0.0 0.09626840800046921
0.0 0.09649399667978287
0.0 0.09658575803041458
0.0 0.09665234386920929
0.0 0.09700214117765427
0.0 0.0976804569363594
0.0 0.09778889268636703
0.0 0.0978260338306427
0.0 0.0978948324918747
0.0 0.0987543985247612
0.0 0.09875577688217163
0.0 0.09878069162368774
0.0 0.09922795742750168
0.0 0.09947711229324341
0.0 0.10002300143241882
0.0 0.1000419333577156
0.0 0.10018498450517654
0.0 0.10065203160047531
0.0 0.10094081610441208
0.0 0.10109145194292068
0.0 0.10110723227262497
0.0 0.10221680253744125
0.0 0.102662093937397
0.0 0.10296572744846344
0.0 0.10475686937570572
0.0 0.10591616481542587
0.0 0.106172576546669
0.0 0.10632482171058655
0.0 0.10634707659482956
0.0 0.1099165603518486
0.0 0.11004694551229477
0.0 0.11290200054645538
0.0 0.11377312242984772
0.0 0.11426842957735062
0.0 0.11489465832710266
0.0 0.11656353622674942
0.0 0.11752922087907791
0.0 0.12534871697425842
0.0 0.14123080670833588
0.0 0.15340109169483185
0.0 inf
