0.0 0.010949275456368923
0.0 0.012651970610022545
0.0 0.012772491201758385
0.0 0.012863703072071075
0.0 0.013567996211349964
0.0 0.013902573846280575
0.0 0.014042229391634464
0.0 0.01425294391810894
0.0 0.014328316785395145
0.0 0.01474850531667471
0.0 0.015091150999069214
0.0 0.015095631591975689
0.0 0.015362209640443325
0.0 0.015484476462006569
0.0 0.015615115873515606
0.0 0.015681345015764236
0.0 0.015856236219406128
0.0 0.015887632966041565
0.0 0.015936365351080894
0.0 0.016279075294733047
0.0 0.016351034864783287
0.0 0.016383128240704536
0.0 0.01640940271317959
0.0 0.016424031928181648
0.0 0.016505803912878036
0.0 0.016576940193772316
0.0 0.01660996861755848
0.0 0.016740325838327408
0.0 0.01674741506576538
0.0 0.016805585473775864
0.0 0.016838539391756058
0.0 0.016854504123330116
0.0 0.01686250977218151
0.0 0.016923774033784866
0.0 0.01695163920521736
0.0 0.016978204250335693
0.0 0.01698397286236286
0.0 0.01698891818523407
0.0 0.017012590542435646
0.0 0.01703748293220997
0.0 0.017039580270648003
0.0 0.01703999936580658
0.0 0.017066197469830513
0.0 0.017077861353754997
0.0 0.017136069014668465
0.0 0.01716931164264679
0.0 0.01727616786956787
0.0 0.017282700166106224
0.0 0.017286380752921104
0.0 0.017303112894296646
0.0 0.017333311960101128
0.0 0.017369672656059265
0.0 0.017424868419766426
0.0 0.017438367009162903
0.0 0.017569825053215027
0.0 0.017649885267019272
0.0 0.01767006143927574
0.0 0.01770036667585373
0.0 0.01770653948187828
0.0 0.017710354179143906
0.0 0.017733963206410408
0.0 0.017756372690200806
0.0 0.017760856077075005
0.0 0.017797062173485756
0.0 0.01782858744263649
0.0 0.017913099378347397
0.0 0.01794801466166973
0.0 0.01795973628759384
0.0 0.017982862889766693
0.0 0.017985723912715912
0.0 0.017996449023485184
0.0 0.018031474202871323
0.0 0.018036216497421265
0.0 0.018043240532279015
0.0 0.018044443801045418
0.0 0.018076851963996887
0.0 0.01808464340865612
0.0 0.018105527386069298
0.0 0.018118485808372498
0.0 0.018124084919691086
0.0 0.01814032532274723
0.0 0.01816650480031967
0.0 0.01818818971514702
0.0 0.018190432339906693
0.0 0.01822284609079361
0.0 0.01824698969721794
0.0 0.018260164186358452
0.0 0.018302762880921364
0.0 0.01834147237241268
0.0 0.018348483368754387
0.0 0.018371570855379105
0.0 0.01837671361863613
0.0 0.018441535532474518
0.0 0.01848100684583187
0.0 0.018489016219973564
0.0 0.018510786816477776
0.0 0.018520547077059746
0.0 0.01853502355515957
0.0 0.01858319155871868
0.0 0.018609024584293365
0.0 0.01862049475312233
0.0 0.018628781661391258
0.0 0.018664907664060593
0.0 0.018668871372938156
0.0 0.01872795633971691
0.0 0.018730726093053818
0.0 0.0187413040548563
0.0 0.018785497173666954
0.0 0.018787946552038193
0.0 0.018803758546710014
0.0 0.01888529397547245
0.0 0.01893666386604309
0.0 0.018940310925245285
0.0 0.018948471173644066
0.0 0.018955914303660393
0.0 0.01897854171693325
0.0 0.018983257934451103
0.0 0.019027283415198326
0.0 0.01904628798365593
0.0 0.019051719456911087
0.0 0.019096411764621735
0.0 0.019116271287202835
0.0 0.019132783636450768
0.0 0.019134368747472763
0.0 0.01914224773645401
0.0 0.019147619605064392
0.0 0.019174259155988693
0.0 0.019196098670363426
0.0 0.0192056056112051
0.0 0.019220996648073196
0.0 0.01922754943370819
0.0 0.019235214218497276
0.0 0.019261477515101433
0.0 0.019263288006186485
0.0 0.019290803000330925
0.0 0.019297819584608078
0.0 0.019306080415844917
0.0 0.01931849867105484
0.0 0.019409209489822388
0.0 0.01941090263426304
0.0 0.0195272509008646
0.0 0.01955352909862995
0.0 0.019557010382413864
0.0 0.019572310149669647
0.0 0.019579291343688965
0.0 0.01960848830640316
0.0 0.019617125391960144
0.0 0.019628459587693214
0.0 0.01966164819896221
0.0 0.01972503401339054
0.0 0.019730068743228912
0.0 0.019756844267249107
0.0 0.019776225090026855
0.0 0.019813740625977516
0.0 0.0198379959911108
0.0 0.01988009735941887
0.0 0.019926998764276505
0.0 0.019937576726078987
0.0 0.019947610795497894
0.0 0.019962867721915245
0.0 0.019974268972873688
0.0 0.019980989396572113
0.0 0.01998872496187687
0.0 0.020005349069833755
0.0 0.02001245692372322
0.0 0.02002493105828762
0.0 0.020049486309289932
0.0 0.02007211558520794
0.0 0.020077453926205635
0.0 0.020079685375094414
0.0 0.020124703645706177
0.0 0.020178474485874176
0.0 0.02020694687962532
0.0 0.02021585963666439
0.0 0.020229920744895935
0.0 0.020234689116477966
0.0 0.020270682871341705
0.0 0.020272690802812576
0.0 0.020313775166869164
0.0 0.02032582461833954
0.0 0.020326368510723114
0.0 0.020335257053375244
0.0 0.02036326937377453
0.0 0.02037039026618004
0.0 0.020419642329216003
0.0 0.020446034148335457
0.0 0.020450040698051453
0.0 0.020492998883128166
0.0 0.020511096343398094
0.0 0.020523715764284134
0.0 0.02052917145192623
0.0 0.02056211419403553
0.0 0.02067553624510765
0.0 0.020676331594586372
0.0 0.02067672647535801
0.0 0.020741553977131844
0.0 0.020748747512698174
0.0 0.020766213536262512
0.0 0.020776020362973213
0.0 0.02081507258117199
0.0 0.020849155262112617
0.0 0.02085890993475914
0.0 0.02086038887500763
0.0 0.02090252749621868
0.0 0.0209075715392828
0.0 0.020936595275998116
0.0 0.020948855206370354
0.0 0.021007465198636055
0.0 0.02114112675189972
0.0 0.021186519414186478
0.0 0.021190498024225235
0.0 0.02122764103114605
0.0 0.02125132642686367
0.0 0.02129138819873333
0.0 0.021313384175300598
0.0 0.021317707374691963
0.0 0.021363528445363045
0.0 0.021366024389863014
0.0 0.0213913694024086
0.0 0.02140754833817482
0.0 0.021411022171378136
0.0 0.021487819030880928
0.0 0.021497400477528572
0.0 0.021535495296120644
0.0 0.021563220769166946
0.0 0.02156844548881054
0.0 0.021639002487063408
0.0 0.021675962954759598
0.0 0.021690484136343002
0.0 0.021715976297855377
0.0 0.0217719879001379
0.0 0.02182593196630478
0.0 0.02192199043929577
0.0 0.021922782063484192
0.0 0.021959533914923668
0.0 0.0219880323857069
0.0 0.021999968215823174
0.0 0.022006217390298843
0.0 0.02205069176852703
0.0 0.02206471748650074
0.0 0.022084157913923264
0.0 0.022107843309640884
0.0 0.022172480821609497
0.0 0.022187190130352974
0.0 0.022193551063537598
0.0 0.02219455875456333
0.0 0.022219249978661537
0.0 0.022237706929445267
0.0 0.022245319560170174
0.0 0.022299405187368393
0.0 0.022349748760461807
0.0 0.022397814318537712
0.0 0.02240370586514473
0.0 0.022409137338399887
0.0 0.022425414994359016
0.0 0.022440379485487938
0.0 0.022453609853982925
0.0 0.022466063499450684
0.0 0.022574109956622124
0.0 0.02263646200299263
0.0 0.022644583135843277
0.0 0.02264474332332611
0.0 0.022686582058668137
0.0 0.022748403251171112
0.0 0.02275616116821766
0.0 0.02276669628918171
0.0 0.022781338542699814
0.0 0.022790977731347084
0.0 0.02279399149119854
0.0 0.02298342064023018
0.0 0.023004896938800812
0.0 0.023036319762468338
0.0 0.023053452372550964
0.0 0.023099327459931374
0.0 0.02323993481695652
0.0 0.023257331922650337
0.0 0.023287786170840263
0.0 0.02337384782731533
0.0 0.023377837613224983
0.0 0.023428654298186302
0.0 0.023439770564436913
0.0 0.023448776453733444
0.0 0.023454776033759117
0.0 0.02345532923936844
0.0 0.023503126576542854
0.0 0.02353592962026596
0.0 0.023537712171673775
0.0 0.023602914065122604
0.0 0.023646865040063858
0.0 0.02369620092213154
0.0 0.02369777113199234
0.0 0.02372344583272934
0.0 0.02372858300805092
0.0 0.023751046508550644
0.0 0.02376859448850155
0.0 0.023787876591086388
0.0 0.02379446104168892
0.0 0.023850781843066216
0.0 0.023864753544330597
0.0 0.023896079510450363
0.0 0.023908210918307304
0.0 0.024024222046136856
0.0 0.024034850299358368
0.0 0.02409645915031433
0.0 0.024146495386958122
0.0 0.024155573919415474
0.0 0.02416449412703514
0.0 0.02422052063047886
0.0 0.024296334013342857
0.0 0.0243859700858593
0.0 0.02454342320561409
0.0 0.024559568613767624
0.0 0.02457992546260357
0.0 0.024638423696160316
0.0 0.02464139647781849
0.0 0.024732450023293495
0.0 0.02473820000886917
0.0 0.024747852236032486
0.0 0.024777503684163094
0.0 0.024813637137413025
0.0 0.02482691779732704
0.0 0.02487608976662159
0.0 0.024930940940976143
0.0 0.024962525814771652
0.0 0.024989768862724304
0.0 0.025022374466061592
0.0 0.025036446750164032
0.0 0.025044459849596024
0.0 0.02504453994333744
0.0 0.025076985359191895
0.0 0.025250326842069626
0.0 0.02529008500277996
0.0 0.025333324447274208
0.0 0.025372950360178947
0.0 0.025518016889691353
0.0 0.025524642318487167
0.0 0.025552324950695038
0.0 0.025560244917869568
0.0 0.02557755820453167
0.0 0.02560233697295189
0.0 0.025619978085160255
0.0 0.02562633343040943
0.0 0.02563565783202648
0.0 0.025734122842550278
0.0 0.025752803310751915
0.0 0.02584584802389145
0.0 0.0259348526597023
0.0 0.02597310207784176
0.0 0.025977030396461487
0.0 0.026136741042137146
0.0 0.026139428839087486
0.0 0.026179160922765732
0.0 0.026310311630368233
0.0 0.026314226910471916
0.0 0.02633722499012947
0.0 0.026428671553730965
0.0 0.026464411988854408
0.0 0.02651943638920784
0.0 0.02662084624171257
0.0 0.026633288711309433
0.0 0.026700202375650406
0.0 0.02672090008854866
0.0 0.026727935299277306
0.0 0.026833193376660347
0.0 0.02685966156423092
0.0 0.026921207085251808
0.0 0.026948411017656326
0.0 0.026975147426128387
0.0 0.026992084458470345
0.0 0.027043933048844337
0.0 0.027068959549069405
0.0 0.027103522792458534
0.0 0.027183569967746735
0.0 0.027266716584563255
0.0 0.02733122929930687
0.0 0.027457116171717644
0.0 0.027507761493325233
0.0 0.02752409502863884
0.0 0.027737794443964958
0.0 0.027816755697131157
0.0 0.027873212471604347
0.0 0.027877531945705414
0.0 0.027977658435702324
0.0 0.027986275032162666
0.0 0.028044361621141434
0.0 0.028181781992316246
0.0 0.02819177880883217
0.0 0.02819753997027874
0.0 0.0282359067350626
0.0 0.02827437035739422
0.0 0.028418680652976036
0.0 0.028433967381715775
0.0 0.028608379885554314
0.0 0.028750916942954063
0.0 0.028774913400411606
0.0 0.028910089284181595
0.0 0.0289640873670578
0.0 0.029002249240875244
0.0 0.02909773401916027
0.0 0.02909843809902668
0.0 0.029115550220012665
0.0 0.02916274406015873
0.0 0.02926037460565567
0.0 0.029377127066254616
0.0 0.02940845675766468
0.0 0.029536712914705276
0.0 0.029571492224931717
0.0 0.029674068093299866
0.0 0.029716433957219124
0.0 0.029718324542045593
0.0 0.029815422371029854
0.0 0.029990367591381073
0.0 0.030007248744368553
0.0 0.03004937432706356
0.0 0.030057808384299278
0.0 0.030059827491641045
0.0 0.03008272498846054
0.0 0.030364783480763435
0.0 0.030428703874349594
0.0 0.030445465818047523
0.0 0.030449185520410538
0.0 0.03045482560992241
0.0 0.030784515663981438
0.0 0.030951058492064476
0.0 0.030972160398960114
0.0 0.03102344647049904
0.0 0.031222425401210785
0.0 0.031434234231710434
0.0 0.03179509565234184
0.0 0.03182792291045189
0.0 0.032006390392780304
0.0 0.03215806931257248
0.0 0.03237423673272133
0.0 0.03254495561122894
0.0 0.03270554170012474
0.0 0.03280723839998245
0.0 0.03285197168588638
0.0 0.03291139379143715
0.0 0.03306159749627113
0.0 0.033113278448581696
0.0 0.033460646867752075
0.0 0.033490780740976334
0.0 0.03353266790509224
0.0 0.03354650363326073
0.0 0.033842217177152634
0.0 0.03387163206934929
0.0 0.03390978276729584
0.0 0.03400334343314171
0.0 0.03414587303996086
0.0 0.034381553530693054
0.0 0.03533082827925682
0.0 0.03552144765853882
0.0 0.03558717668056488
0.0 0.03576007857918739
0.0 0.036016352474689484
0.0 0.036127954721450806
0.0 0.03629235178232193
0.0 0.03660764917731285
0.0 0.03669656813144684
0.0 0.036741986870765686
0.0 0.03676978126168251
0.0 0.036958664655685425
0.0 0.03879842907190323
0.0 0.0391019843518734
0.0 0.03913913667201996
0.0 0.03933023288846016
0.0 0.039406295865774155
0.0 0.04000163450837135
0.0 0.04045378044247627
0.0 0.04049273952841759
0.0 0.040655724704265594
0.0 0.04106592386960983
0.0 0.04117586091160774
0.0 0.041818901896476746
0.0 0.04183508828282356
0.0 0.04216095432639122
0.0 0.04246636852622032
0.0 0.042859312146902084
0.0 0.04308713227510452
0.0 0.04437018185853958
0.0 0.04512499272823334
0.0 0.04558514058589935
0.0 0.045972153544425964
0.0 0.04789775237441063
0.0 0.04865267500281334
0.0 0.05025293678045273
0.0 0.051294948905706406
0.0 0.05304925516247749
0.0 0.05361470580101013
0.0 0.053735312074422836
0.0 0.05541815608739853
0.0 0.056887801736593246
0.0 0.058084819465875626
0.0 0.058164212852716446
0.0 0.05819890648126602
0.0 0.05840631201863289
0.0 0.06042638421058655
0.0 0.06044641509652138
0.0 0.0644790381193161
0.0 0.06509293615818024
0.0 0.07097496837377548
0.0 0.07144680619239807
0.0 0.07180698961019516
0.0 0.07387962192296982
0.0 0.0753505676984787
0.0 0.07863453030586243
0.0 0.08781842142343521
0.0 0.08970203995704651
0.0 0.09179754555225372
0.0 0.09413197636604309
0.0 0.11683756858110428
0.0 inf
