0.0 0.033362433314323425
0.0 0.03370846435427666
0.0 0.03874212130904198
0.0 0.03908390551805496
0.0 0.04098748043179512
0.0 0.04125049710273743
0.0 0.04177991673350334
0.0 0.04200509935617447
0.0 0.043004874140024185
0.0 0.04387030005455017
0.0 0.04444850608706474
0.0 0.04482570290565491
0.0 0.04523893818259239
0.0 0.04540145397186279
0.0 0.045530371367931366
0.0 0.04571721702814102
0.0 0.04572483152151108
0.0 0.04590495675802231
0.0 0.04609590023756027
0.0 0.046304017305374146
0.0 0.0463765487074852
0.0 0.04646337777376175
0.0 0.04662444815039635
0.0 0.0468941293656826
0.0 0.04697245731949806
0.0 0.047082990407943726
0.0 0.04714212194085121
0.0 0.047189630568027496
0.0 0.04740317538380623
0.0 0.047422923147678375
0.0 0.04744967818260193
0.0 0.04758749529719353
0.0 0.04760637879371643
0.0 0.047619160264730453
0.0 0.04770101606845856
0.0 0.04773024097084999
0.0 0.04779260978102684
0.0 0.04799826443195343
0.0 0.048225946724414825
0.0 0.04825117811560631
0.0 0.048463523387908936
0.0 0.048652298748493195
0.0 0.04870230332016945
0.0 0.04878988862037659
0.0 0.04898693785071373
0.0 0.049085892736911774
0.0 0.04910476878285408
0.0 0.04918719455599785
0.0 0.0493144690990448
0.0 0.049376774579286575
0.0 0.049379076808691025
0.0 0.04955413565039635
0.0 0.04958080127835274
0.0 0.04960079491138458
0.0 0.049617793411016464
0.0 0.04963644593954086
0.0 0.04970585182309151
0.0 0.04974652826786041
0.0 0.0497945211827755
0.0 0.0499221608042717
0.0 0.0499398335814476
0.0 0.05015623942017555
0.0 0.05019276589155197
0.0 0.05022494122385979
0.0 0.05041969195008278
0.0 0.05054601654410362
0.0 0.05059468001127243
0.0 0.05072947219014168
0.0 0.05076755955815315
0.0 0.05080113932490349
0.0 0.051003288477659225
0.0 0.05101007595658302
0.0 0.05102549120783806
0.0 0.05103398859500885
0.0 0.05107256397604942
0.0 0.051308952271938324
0.0 0.05136922746896744
0.0 0.05143379047513008
0.0 0.05144653096795082
0.0 0.05162221938371658
0.0 0.05163828283548355
0.0 0.05193266645073891
0.0 0.052013516426086426
0.0 0.05246056243777275
0.0 0.052648212760686874
0.0 0.052693478763103485
0.0 0.05272790789604187
0.0 0.052760049700737
0.0 0.05287766456604004
0.0 0.05302136763930321
0.0 0.05305635929107666
0.0 0.05323031172156334
0.0 0.05324346944689751
0.0 0.05333623290061951
0.0 0.0533725842833519
0.0 0.05340813100337982
0.0 0.05345712602138519
0.0 0.05384155735373497
0.0 0.05389062315225601
0.0 0.053972821682691574
0.0 0.05399821326136589
0.0 0.054013948887586594
0.0 0.054018352180719376
0.0 0.054029278457164764
0.0 0.0541083961725235
0.0 0.054123442620038986
0.0 0.054180074483156204
0.0 0.05442258343100548
0.0 0.05450824648141861
0.0 0.05452322959899902
0.0 0.05471086502075195
0.0 0.05475888401269913
0.0 0.0547916404902935
0.0 0.054833367466926575
0.0 0.05483363941311836
0.0 0.05485378950834274
0.0 0.054856814444065094
0.0 0.05499177426099777
0.0 0.05502057075500488
0.0 0.055027514696121216
0.0 0.05505351722240448
0.0 0.05528990551829338
0.0 0.05555504560470581
0.0 0.05562092736363411
0.0 0.05575395002961159
0.0 0.05578184872865677
0.0 0.05587180331349373
0.0 0.055898986756801605
0.0 0.0560746043920517
0.0 0.05613813176751137
0.0 0.05624832957983017
0.0 0.05625688657164574
0.0 0.056372012943029404
0.0 0.05639698728919029
0.0 0.056543104350566864
0.0 0.05654602497816086
0.0 0.05665203556418419
0.0 0.05672092363238335
0.0 0.05693674087524414
0.0 0.057068999856710434
0.0 0.0572313629090786
0.0 0.05724290385842323
0.0 0.057267993688583374
0.0 0.05750342831015587
0.0 0.0576782263815403
0.0 0.057705435901880264
0.0 0.05782614275813103
0.0 0.057907432317733765
0.0 0.05795637518167496
0.0 0.058104321360588074
0.0 0.058140262961387634
0.0 0.05815794691443443
0.0 0.05830909684300423
0.0 0.058320511132478714
0.0 0.058431532233953476
0.0 0.05845467001199722
0.0 0.05869077518582344
0.0 0.05875861644744873
0.0 0.05880238488316536
0.0 0.05884817987680435
0.0 0.059024132788181305
0.0 0.05905817821621895
0.0 0.05917307361960411
0.0 0.059198103845119476
0.0 0.059284962713718414
0.0 0.05940065160393715
0.0 0.059428758919239044
0.0 0.059448059648275375
0.0 0.05951692909002304
0.0 0.059564150869846344
0.0 0.05958642438054085
0.0 0.05964468792080879
0.0 0.059659309685230255
0.0 0.059726178646087646
0.0 0.059836775064468384
0.0 0.05989856645464897
0.0 0.059939537197351456
0.0 0.05999230593442917
0.0 0.06003280356526375
0.0 0.06008731201291084
0.0 0.06009403616189957
0.0 0.06011142581701279
0.0 0.060182809829711914
0.0 0.06018490344285965
0.0 0.06020712852478027
0.0 0.06027384474873543
0.0 0.06034526228904724
0.0 0.0603497251868248
0.0 0.06037883833050728
0.0 0.06038796901702881
0.0 0.06042105332016945
0.0 0.06042281538248062
0.0 0.060433756560087204
0.0 0.06048284098505974
0.0 0.0605042390525341
0.0 0.06051201745867729
0.0 0.06051957234740257
0.0 0.06054460629820824
0.0 0.06058749929070473
0.0 0.06059006229043007
0.0 0.060601815581321716
0.0 0.06068798154592514
0.0 0.060728952288627625
0.0 0.06077077239751816
0.0 0.06078053265810013
0.0 0.06081806495785713
0.0 0.06086742877960205
0.0 0.060921479016542435
0.0 0.060929298400878906
0.0 0.06100695952773094
0.0 0.06111105903983116
0.0 0.06113209202885628
0.0 0.061229173094034195
0.0 0.06128358840942383
0.0 0.0614563450217247
0.0 0.06165911629796028
0.0 0.061692919582128525
0.0 0.061760831624269485
0.0 0.061775777488946915
0.0 0.061916451901197433
0.0 0.06199568882584572
0.0 0.06202557310461998
0.0 0.06204230338335037
0.0 0.06206836923956871
0.0 0.06214769184589386
0.0 0.06233026832342148
0.0 0.062340766191482544
0.0 0.062410734593868256
0.0 0.06261107325553894
0.0 0.06265050172805786
0.0 0.06285618990659714
0.0 0.06297073513269424
0.0 0.0630078911781311
0.0 0.06312686949968338
0.0 0.06316620111465454
0.0 0.06317897886037827
0.0 0.06326750665903091
0.0 0.06330140680074692
0.0 0.06332847476005554
0.0 0.06333313882350922
0.0 0.06333808600902557
0.0 0.06344582885503769
0.0 0.06351037323474884
0.0 0.0636129230260849
0.0 0.06362800300121307
0.0 0.06366326659917831
0.0 0.06374917179346085
0.0 0.06380695849657059
0.0 0.06386622041463852
0.0 0.06396409124135971
0.0 0.06402099877595901
0.0 0.06412944942712784
0.0 0.06417795270681381
0.0 0.06421247869729996
0.0 0.0645943135023117
0.0 0.06461802124977112
0.0 0.06471668183803558
0.0 0.0647340714931488
0.0 0.06476069986820221
0.0 0.06480204313993454
0.0 0.06484605371952057
0.0 0.06487861275672913
0.0 0.06491346657276154
0.0 0.06501399725675583
0.0 0.06504009664058685
0.0 0.06509833037853241
0.0 0.0651901438832283
0.0 0.06520511209964752
0.0 0.0652315691113472
0.0 0.06526283919811249
0.0 0.06535329669713974
0.0 0.06540728360414505
0.0 0.06546314060688019
0.0 0.0655110776424408
0.0 0.06567276269197464
0.0 0.06578005105257034
0.0 0.06580034643411636
0.0 0.06584843248128891
0.0 0.06586643308401108
0.0 0.0658743679523468
0.0 0.06592537462711334
0.0 0.06600736081600189
0.0 0.06607569754123688
0.0 0.0661013051867485
0.0 0.06611301004886627
0.0 0.06614384800195694
0.0 0.06617889553308487
0.0 0.06622589379549026
0.0 0.06624526530504227
0.0 0.0664532482624054
0.0 0.0664735659956932
0.0 0.06652897596359253
0.0 0.0666324645280838
0.0 0.0666363462805748
0.0 0.06667272746562958
0.0 0.06669311970472336
0.0 0.06670618057250977
0.0 0.06680607050657272
0.0 0.06687182188034058
0.0 0.06689654290676117
0.0 0.0669967383146286
0.0 0.06710031628608704
0.0 0.06710970401763916
0.0 0.06711418926715851
0.0 0.06711901724338531
0.0 0.06713154166936874
0.0 0.06717627495527267
0.0 0.06728652119636536
0.0 0.06731586903333664
0.0 0.0674540251493454
0.0 0.06751848012208939
0.0 0.06753232330083847
0.0 0.06784185767173767
0.0 0.06790466606616974
0.0 0.06795274466276169
0.0 0.06797236949205399
0.0 0.0679808259010315
0.0 0.06819670647382736
0.0 0.06829865276813507
0.0 0.06835079938173294
0.0 0.0684293732047081
0.0 0.06843780726194382
0.0 0.0684446468949318
0.0 0.06888991594314575
0.0 0.06914108991622925
0.0 0.06915248185396194
0.0 0.06915358453989029
0.0 0.06918563693761826
0.0 0.06923631578683853
0.0 0.06930658966302872
0.0 0.06944779306650162
0.0 0.06954534351825714
0.0 0.06956363469362259
0.0 0.069584421813488
0.0 0.0697246715426445
0.0 0.06980352103710175
0.0 0.06981421262025833
0.0 0.06984508037567139
0.0 0.07004934549331665
0.0 0.07014477252960205
0.0 0.07014923542737961
0.0 0.070180244743824
0.0 0.0703829750418663
0.0 0.07039099186658859
0.0 0.07044566422700882
0.0 0.07070595026016235
0.0 0.07077746093273163
0.0 0.07085669785737991
0.0 0.07094129174947739
0.0 0.07103358209133148
0.0 0.0713096633553505
0.0 0.07140593230724335
0.0 0.07142860442399979
0.0 0.07146168500185013
0.0 0.07180050760507584
0.0 0.07187683880329132
0.0 0.07201308012008667
0.0 0.07207655161619186
0.0 0.07217022031545639
0.0 0.07220178842544556
0.0 0.07237651199102402
0.0 0.07239038497209549
0.0 0.07261687517166138
0.0 0.07262479513883591
0.0 0.07304270565509796
0.0 0.0730631947517395
0.0 0.07329239696264267
0.0 0.07335708290338516
0.0 0.07335986196994781
0.0 0.07345657795667648
0.0 0.07352142781019211
0.0 0.07380246371030807
0.0 0.07382792234420776
0.0 0.0739801749587059
0.0 0.07404112070798874
0.0 0.07410605996847153
0.0 0.07413734495639801
0.0 0.0743524506688118
0.0 0.07464735209941864
0.0 0.0747549757361412
0.0 0.07498208433389664
0.0 0.07499926537275314
0.0 0.07534071803092957
0.0 0.07538425177335739
0.0 0.07547948509454727
0.0 0.0756242647767067
0.0 0.07572972029447556
0.0 0.07585199922323227
0.0 0.0758526623249054
0.0 0.07615067809820175
0.0 0.07645148038864136
0.0 0.0766245424747467
0.0 0.07671651244163513
0.0 0.0767257809638977
0.0 0.07692646235227585
0.0 0.07739078998565674
0.0 0.07752671092748642
0.0 0.07773542404174805
0.0 0.07778050750494003
0.0 0.07821288704872131
0.0 0.0783856064081192
0.0 0.07855970412492752
0.0 0.07858602702617645
0.0 0.07899236679077148
0.0 0.07902342081069946
0.0 0.07908131927251816
0.0 0.07911648601293564
0.0 0.07923103123903275
0.0 0.07943001389503479
0.0 0.07946236431598663
0.0 0.07950390875339508
0.0 0.07957817614078522
0.0 0.07961706072092056
0.0 0.07984022051095963
0.0 0.07984534651041031
0.0 0.08010934293270111
0.0 0.08012747019529343
0.0 0.0803525298833847
0.0 0.08048217743635178
0.0 0.08082306385040283
0.0 0.08086550235748291
0.0 0.08092746883630753
0.0 0.08095623552799225
0.0 0.0811973288655281
0.0 0.08140047639608383
0.0 0.08161216974258423
0.0 0.08195670694112778
0.0 0.08220887929201126
0.0 0.08258891105651855
0.0 0.08260362595319748
0.0 0.08270792663097382
0.0 0.08286206424236298
0.0 0.08292944729328156
0.0 0.08296855539083481
0.0 0.08300746977329254
0.0 0.0830569863319397
0.0 0.0831502303481102
0.0 0.08329448103904724
0.0 0.08331198990345001
0.0 0.08349116146564484
0.0 0.083638034760952
0.0 0.08370277285575867
0.0 0.08390987664461136
0.0 0.08395254611968994
0.0 0.08416850864887238
0.0 0.08422750979661942
0.0 0.08428575843572617
0.0 0.08454079926013947
0.0 0.0846516415476799
0.0 0.08474472165107727
0.0 0.0848943293094635
0.0 0.08504746109247208
0.0 0.08516165614128113
0.0 0.08533975481987
0.0 0.0854075700044632
0.0 0.08548443019390106
0.0 0.08570199459791183
0.0 0.08571724593639374
0.0 0.08579964190721512
0.0 0.08587094396352768
0.0 0.08592870831489563
0.0 0.08617788553237915
0.0 0.0862160250544548
0.0 0.08683823049068451
0.0 0.08708103001117706
0.0 0.08715669065713882
0.0 0.08753112703561783
0.0 0.0876622200012207
0.0 0.08770523965358734
0.0 0.08772667497396469
0.0 0.08786510676145554
0.0 0.08819527924060822
0.0 0.08888241648674011
0.0 0.08894146978855133
0.0 0.08939874917268753
0.0 0.08948119729757309
0.0 0.08955435454845428
0.0 0.08997660875320435
0.0 0.09008610993623734
0.0 0.09013427793979645
0.0 0.09021709114313126
0.0 0.09023746103048325
0.0 0.09041698276996613
0.0 0.09052825719118118
0.0 0.09164313971996307
0.0 0.09207796305418015
0.0 0.09273278713226318
0.0 0.09316321462392807
0.0 0.0932803750038147
0.0 0.09362044930458069
0.0 0.09377173334360123
0.0 0.09378610551357269
0.0 0.0947960838675499
0.0 0.09511636197566986
0.0 0.09585358947515488
0.0 0.09682448953390121
0.0 0.0981595441699028
0.0 0.09849368035793304
0.0 0.0989428460597992
0.0 0.09944458305835724
0.0 0.10077600926160812
0.0 0.10258181393146515
0.0 0.10379059612751007
0.0 0.10866906493902206
0.0 0.10879665613174438
0.0 0.10967850685119629
0.0 0.11270832270383835
0.0 0.11354536563158035
0.0 0.11436014622449875
0.0 0.1264161914587021
0.0 0.15549327433109283
0.0 inf
