0.0 0.04290888458490372
0.0 0.043305061757564545
0.0 0.043985024094581604
0.0 0.04413113743066788
0.0 0.04491874575614929
0.0 0.04609498381614685
0.0 0.0461459755897522
0.0 0.04651062563061714
0.0 0.04652031511068344
0.0 0.046543654054403305
0.0 0.046602215617895126
0.0 0.04689254239201546
0.0 0.04712572693824768
0.0 0.04723737761378288
0.0 0.04746195301413536
0.0 0.04753192141652107
0.0 0.047561854124069214
0.0 0.047870416194200516
0.0 0.048217397183179855
0.0 0.04831969365477562
0.0 0.048327021300792694
0.0 0.04847777634859085
0.0 0.04868880286812782
0.0 0.04873349890112877
0.0 0.04904014989733696
0.0 0.049189209938049316
0.0 0.04937289282679558
0.0 0.04939260706305504
0.0 0.04946805164217949
0.0 0.04969470575451851
0.0 0.04972562938928604
0.0 0.049733925610780716
0.0 0.049901798367500305
0.0 0.04999198764562607
0.0 0.05002683401107788
0.0 0.05066768825054169
0.0 0.05100040137767792
0.0 0.05106496065855026
0.0 0.051140911877155304
0.0 0.051520515233278275
0.0 0.05154679715633392
0.0 0.05164361000061035
0.0 0.0519833080470562
0.0 0.05213712155818939
0.0 0.05218225717544556
0.0 0.0522104948759079
0.0 0.052225805819034576
0.0 0.052513107657432556
0.0 0.05256735906004906
0.0 0.05272413045167923
0.0 0.05283679440617561
0.0 0.05292443931102753
0.0 0.052926138043403625
0.0 0.05305030196905136
0.0 0.05313180387020111
0.0 0.0534360408782959
0.0 0.05351101979613304
0.0 0.05362633988261223
0.0 0.05421578511595726
0.0 0.05467813089489937
0.0 0.05476745590567589
0.0 0.0549335815012455
0.0 0.05495527386665344
0.0 0.055137403309345245
0.0 0.05521814897656441
0.0 0.05535959452390671
0.0 0.05555593594908714
0.0 0.05560453236103058
0.0 0.0557391420006752
0.0 0.0557648167014122
0.0 0.05577966943383217
0.0 0.05583196505904198
0.0 0.05584404245018959
0.0 0.05604034662246704
0.0 0.05621727555990219
0.0 0.05633452534675598
0.0 0.056364480406045914
0.0 0.05637026205658913
0.0 0.05638205632567406
0.0 0.05652168020606041
0.0 0.05668050795793533
0.0 0.05670742318034172
0.0 0.05679682269692421
0.0 0.05716197192668915
0.0 0.057218946516513824
0.0 0.05735268071293831
0.0 0.057395219802856445
0.0 0.0574515126645565
0.0 0.05768539756536484
0.0 0.05771477147936821
0.0 0.05772249400615692
0.0 0.05774283781647682
0.0 0.05779144540429115
0.0 0.05791439861059189
0.0 0.05796174705028534
0.0 0.05797711759805679
0.0 0.05811583995819092
0.0 0.058217499405145645
0.0 0.05821889638900757
0.0 0.05836043879389763
0.0 0.05849911645054817
0.0 0.05851028114557266
0.0 0.05854152515530586
0.0 0.05879250168800354
0.0 0.058918923139572144
0.0 0.05892588570713997
0.0 0.05904610455036163
0.0 0.05913135036826134
0.0 0.05927133560180664
0.0 0.05936748534440994
0.0 0.05945168435573578
0.0 0.05961110442876816
0.0 0.0597754530608654
0.0 0.05987381190061569
0.0 0.059891875833272934
0.0 0.06010231003165245
0.0 0.06014689803123474
0.0 0.060161035507917404
0.0 0.06022540107369423
0.0 0.06023706495761871
0.0 0.060340892523527145
0.0 0.06043634191155434
0.0 0.06065326929092407
0.0 0.06066035106778145
0.0 0.0607491098344326
0.0 0.06076541543006897
0.0 0.060844503343105316
0.0 0.060888566076755524
0.0 0.06104592606425285
0.0 0.06110065430402756
0.0 0.06110556423664093
0.0 0.06118915602564812
0.0 0.061247289180755615
0.0 0.06128738075494766
0.0 0.061368949711322784
0.0 0.06142651289701462
0.0 0.06146487966179848
0.0 0.061519935727119446
0.0 0.06152147054672241
0.0 0.061837032437324524
0.0 0.061841558665037155
0.0 0.06191689148545265
0.0 0.062001392245292664
0.0 0.06205752119421959
0.0 0.06207071617245674
0.0 0.06248427927494049
0.0 0.0626053512096405
0.0 0.06275169551372528
0.0 0.06276138871908188
0.0 0.06280197203159332
0.0 0.0628369152545929
0.0 0.0629267692565918
0.0 0.06303033232688904
0.0 0.0630444809794426
0.0 0.06305257976055145
0.0 0.06306386739015579
0.0 0.06319776922464371
0.0 0.06331048905849457
0.0 0.0633549690246582
0.0 0.06344699114561081
0.0 0.06348473578691483
0.0 0.06349823623895645
0.0 0.0636921301484108
0.0 0.06373334676027298
0.0 0.06374343484640121
0.0 0.06377682834863663
0.0 0.06383898854255676
0.0 0.06387767940759659
0.0 0.06409363448619843
0.0 0.06409663707017899
0.0 0.06451784074306488
0.0 0.06455621123313904
0.0 0.06457749009132385
0.0 0.06472732871770859
0.0 0.06476996093988419
0.0 0.06486418843269348
0.0 0.06506457924842834
0.0 0.06517387926578522
0.0 0.06519203633069992
0.0 0.06527738273143768
0.0 0.06532444804906845
0.0 0.06535462290048599
0.0 0.06548884510993958
0.0 0.0655224621295929
0.0 0.06557103991508484
0.0 0.0655769556760788
0.0 0.06563247740268707
0.0 0.06563448905944824
0.0 0.06576460599899292
0.0 0.06584396958351135
0.0 0.06588421761989594
0.0 0.06591179221868515
0.0 0.06597662717103958
0.0 0.06619522720575333
0.0 0.0662071481347084
0.0 0.06625731289386749
0.0 0.06626368314027786
0.0 0.06627275049686432
0.0 0.06654433161020279
0.0 0.06670859456062317
0.0 0.06677954643964767
0.0 0.06679296493530273
0.0 0.06680068373680115
0.0 0.06687532365322113
0.0 0.06692343950271606
0.0 0.0669604018330574
0.0 0.06697020679712296
0.0 0.06698383390903473
0.0 0.06708242744207382
0.0 0.06719156354665756
0.0 0.06749451905488968
0.0 0.06754696369171143
0.0 0.06756331026554108
0.0 0.06766953319311142
0.0 0.06768403947353363
0.0 0.06774450093507767
0.0 0.06792546808719635
0.0 0.06796391308307648
0.0 0.0682656541466713
0.0 0.06826990097761154
0.0 0.068465456366539
0.0 0.06847713142633438
0.0 0.06869246065616608
0.0 0.06881623715162277
0.0 0.06894401460886002
0.0 0.06895800679922104
0.0 0.0690619945526123
0.0 0.06924155354499817
0.0 0.06938890367746353
0.0 0.0695258229970932
0.0 0.06955317407846451
0.0 0.06965865939855576
0.0 0.06981353461742401
0.0 0.06992369145154953
0.0 0.070113405585289
0.0 0.07025765627622604
0.0 0.07027135044336319
0.0 0.0703355073928833
0.0 0.07034260034561157
0.0 0.07039005309343338
0.0 0.070449098944664
0.0 0.07049019634723663
0.0 0.0705024003982544
0.0 0.07060374319553375
0.0 0.07067819684743881
0.0 0.07071378082036972
0.0 0.07075834274291992
0.0 0.07079953700304031
0.0 0.07082542032003403
0.0 0.0708654373884201
0.0 0.07088285684585571
0.0 0.07089821249246597
0.0 0.0709342285990715
0.0 0.07094656676054001
0.0 0.07098736613988876
0.0 0.07099531590938568
0.0 0.07110507786273956
0.0 0.07127179950475693
0.0 0.07137094438076019
0.0 0.07138510793447495
0.0 0.07138823717832565
0.0 0.07147827744483948
0.0 0.07156257331371307
0.0 0.07175883650779724
0.0 0.07221073657274246
0.0 0.07235129922628403
0.0 0.07235722243785858
0.0 0.07241703569889069
0.0 0.07243369519710541
0.0 0.07255712896585464
0.0 0.07258434593677521
0.0 0.0727061852812767
0.0 0.07281272113323212
0.0 0.07299285382032394
0.0 0.07309278845787048
0.0 0.07312696427106857
0.0 0.07324342429637909
0.0 0.07341959327459335
0.0 0.0735369399189949
0.0 0.07385627925395966
0.0 0.07390355318784714
0.0 0.07397781312465668
0.0 0.07403416931629181
0.0 0.07407960295677185
0.0 0.07408419251441956
0.0 0.07412314414978027
0.0 0.07413478195667267
0.0 0.07433102279901505
0.0 0.07444457709789276
0.0 0.07448823004961014
0.0 0.0745038166642189
0.0 0.07454819232225418
0.0 0.07478117942810059
0.0 0.07479924708604813
0.0 0.07480288296937943
0.0 0.07496156543493271
0.0 0.07498323172330856
0.0 0.0749979168176651
0.0 0.0750223770737648
0.0 0.07514902949333191
0.0 0.07521997392177582
0.0 0.07526933401823044
0.0 0.07527744024991989
0.0 0.07528191804885864
0.0 0.07530183345079422
0.0 0.07530568540096283
0.0 0.07542948424816132
0.0 0.07558705657720566
0.0 0.07559530436992645
0.0 0.0756884217262268
0.0 0.07570571452379227
0.0 0.07583741843700409
0.0 0.07584990561008453
0.0 0.07599889487028122
0.0 0.07600200921297073
0.0 0.07605639845132828
0.0 0.07624556869268417
0.0 0.0763535425066948
0.0 0.07641217112541199
0.0 0.07654690742492676
0.0 0.07679737359285355
0.0 0.07692284137010574
0.0 0.07693468034267426
0.0 0.07710468024015427
0.0 0.07712230086326599
0.0 0.07712379842996597
0.0 0.07717932760715485
0.0 0.07732003182172775
0.0 0.07732714712619781
0.0 0.07740891724824905
0.0 0.07745209336280823
0.0 0.07745394110679626
0.0 0.07758025079965591
0.0 0.07767968624830246
0.0 0.07768937945365906
0.0 0.07781669497489929
0.0 0.07794562727212906
0.0 0.07800736278295517
0.0 0.07835554331541061
0.0 0.07845992594957352
0.0 0.07860027253627777
0.0 0.07863383740186691
0.0 0.07905507832765579
0.0 0.07907847315073013
0.0 0.0792369544506073
0.0 0.07935000956058502
0.0 0.07935789972543716
0.0 0.07938459515571594
0.0 0.07940595597028732
0.0 0.07958114892244339
0.0 0.0798158049583435
0.0 0.07983502000570297
0.0 0.07985371351242065
0.0 0.07988379150629044
0.0 0.08007819950580597
0.0 0.08012121915817261
0.0 0.08019580692052841
0.0 0.08048275113105774
0.0 0.08066089451313019
0.0 0.08088751137256622
0.0 0.0809621587395668
0.0 0.08108218759298325
0.0 0.08115677535533905
0.0 0.0813472718000412
0.0 0.08151493221521378
0.0 0.08152886480093002
0.0 0.08158883452415466
0.0 0.08162837475538254
0.0 0.08167721331119537
0.0 0.08168351650238037
0.0 0.08168352395296097
0.0 0.08169849216938019
0.0 0.08170633018016815
0.0 0.0818265751004219
0.0 0.0818505510687828
0.0 0.08190840482711792
0.0 0.08203066140413284
0.0 0.08205030858516693
0.0 0.08207123726606369
0.0 0.08212973922491074
0.0 0.08220009505748749
0.0 0.08227764070034027
0.0 0.08248580992221832
0.0 0.08255162090063095
0.0 0.082551971077919
0.0 0.08263780921697617
0.0 0.08291798084974289
0.0 0.08293762058019638
0.0 0.08301053196191788
0.0 0.08304394781589508
0.0 0.08324595540761948
0.0 0.08330490440130234
0.0 0.08331684023141861
0.0 0.08336322009563446
0.0 0.08343292027711868
0.0 0.08345797657966614
0.0 0.08346647769212723
0.0 0.08348066359758377
0.0 0.0836353749036789
0.0 0.0841982439160347
0.0 0.08419827371835709
0.0 0.08424502611160278
0.0 0.08427442610263824
0.0 0.08438517153263092
0.0 0.08483865112066269
0.0 0.08507894724607468
0.0 0.08521844446659088
0.0 0.08539481461048126
0.0 0.08547180891036987
0.0 0.0857052430510521
0.0 0.08585193008184433
0.0 0.08591917157173157
0.0 0.08604239672422409
0.0 0.08634472638368607
0.0 0.0863456204533577
0.0 0.0864424780011177
0.0 0.0865350142121315
0.0 0.08664915710687637
0.0 0.0869462862610817
0.0 0.08698834478855133
0.0 0.08714380115270615
0.0 0.08721109479665756
0.0 0.08722329139709473
0.0 0.08740589767694473
0.0 0.0876120775938034
0.0 0.0876888781785965
0.0 0.08808156102895737
0.0 0.08835337311029434
0.0 0.08837329596281052
0.0 0.08845458924770355
0.0 0.08928628265857697
0.0 0.08932116627693176
0.0 0.08935201168060303
0.0 0.08945158123970032
0.0 0.08947431296110153
0.0 0.08956711739301682
0.0 0.0896865725517273
0.0 0.08984920382499695
0.0 0.08999233692884445
0.0 0.09007325023412704
0.0 0.09016899019479752
0.0 0.09063121676445007
0.0 0.09064792096614838
0.0 0.09073901176452637
0.0 0.09091755002737045
0.0 0.09110048413276672
0.0 0.09127716720104218
0.0 0.09135410189628601
0.0 0.0913887694478035
0.0 0.09166981279850006
0.0 0.09167366474866867
0.0 0.09215280413627625
0.0 0.09218840301036835
0.0 0.09263107925653458
0.0 0.09326888620853424
0.0 0.09339086711406708
0.0 0.09357703477144241
0.0 0.09381621330976486
0.0 0.09382603317499161
0.0 0.09391535073518753
0.0 0.09467585384845734
0.0 0.0951983630657196
0.0 0.09534680098295212
0.0 0.09558454155921936
0.0 0.09566133469343185
0.0 0.09620129317045212
0.0 0.09655307233333588
0.0 0.0965786874294281
0.0 0.09667566418647766
0.0 0.09690631926059723
0.0 0.09695050120353699
0.0 0.09946893900632858
0.0 0.09979404509067535
0.0 0.09980355203151703
0.0 0.10033199191093445
0.0 0.10066692531108856
0.0 0.10073204338550568
0.0 0.10075582563877106
0.0 0.10116633772850037
0.0 0.1012144535779953
0.0 0.10142166167497635
0.0 0.10175977647304535
0.0 0.10177232325077057
0.0 0.10217628628015518
0.0 0.10239516943693161
0.0 0.10254736989736557
0.0 0.10257024317979813
0.0 0.10268151015043259
0.0 0.1029697060585022
0.0 0.10332460701465607
0.0 0.10365291684865952
0.0 0.10389993339776993
0.0 0.10408151894807816
0.0 0.10410132259130478
0.0 0.10427673161029816
0.0 0.1047981008887291
0.0 0.10581453889608383
0.0 0.105994313955307
0.0 0.10623320192098618
0.0 0.10671231150627136
0.0 0.10853365808725357
0.0 0.10909382253885269
0.0 0.10947929322719574
0.0 0.10954427719116211
0.0 0.11126921325922012
0.0 0.11296405643224716
0.0 0.11590569466352463
0.0 0.1169857606291771
0.0 0.12332231551408768
0.0 0.12463993579149246
0.0 0.13872799277305603
0.0 inf
