0.0 0.037024106830358505
0.0 0.04065713658928871
0.0 0.04249845817685127
0.0 0.042599573731422424
0.0 0.04335283860564232
0.0 0.046163562685251236
0.0 0.046949658542871475
0.0 0.0470285564661026
0.0 0.04718949645757675
0.0 0.04730362445116043
0.0 0.04742493852972984
0.0 0.047453537583351135
0.0 0.04771275818347931
0.0 0.048534996807575226
0.0 0.04853999614715576
0.0 0.04863376542925835
0.0 0.04886443167924881
0.0 0.04911605268716812
0.0 0.04913228377699852
0.0 0.05004468187689781
0.0 0.05010513961315155
0.0 0.05017067864537239
0.0 0.05031724274158478
0.0 0.05051124840974808
0.0 0.050696901977062225
0.0 0.050867728888988495
0.0 0.050939012318849564
0.0 0.05098504573106766
0.0 0.05101018026471138
0.0 0.051155075430870056
0.0 0.05118056386709213
0.0 0.05132476985454559
0.0 0.05150039866566658
0.0 0.051820553839206696
0.0 0.05187956988811493
0.0 0.05209653824567795
0.0 0.0521278940141201
0.0 0.05221845582127571
0.0 0.05228664353489876
0.0 0.05232831463217735
0.0 0.052338846027851105
0.0 0.05254849046468735
0.0 0.052896253764629364
0.0 0.05314882472157478
0.0 0.05356358736753464
0.0 0.05368509888648987
0.0 0.053891003131866455
0.0 0.053964756429195404
0.0 0.05397734045982361
0.0 0.05418330058455467
0.0 0.054267849773168564
0.0 0.054433178156614304
0.0 0.05449489876627922
0.0 0.054535675793886185
0.0 0.05463903397321701
0.0 0.05464817211031914
0.0 0.0546613447368145
0.0 0.05472937971353531
0.0 0.0547374002635479
0.0 0.05477423965930939
0.0 0.0552627332508564
0.0 0.05527697503566742
0.0 0.05552487447857857
0.0 0.05577021837234497
0.0 0.055828940123319626
0.0 0.0558382086455822
0.0 0.0559089295566082
0.0 0.056190356612205505
0.0 0.056254349648952484
0.0 0.05628060922026634
0.0 0.05659865960478783
0.0 0.05662175267934799
0.0 0.0567791648209095
0.0 0.05679028108716011
0.0 0.05706218630075455
0.0 0.05706309527158737
0.0 0.05707015097141266
0.0 0.05722426995635033
0.0 0.057276662439107895
0.0 0.05729548633098602
0.0 0.057349223643541336
0.0 0.057352304458618164
0.0 0.05748791992664337
0.0 0.0577494241297245
0.0 0.05782955139875412
0.0 0.0578363835811615
0.0 0.05784958228468895
0.0 0.05791817232966423
0.0 0.057975951582193375
0.0 0.05798410624265671
0.0 0.05800708010792732
0.0 0.05807337164878845
0.0 0.05815419927239418
0.0 0.05833305045962334
0.0 0.05834252014756203
0.0 0.05848263204097748
0.0 0.05866999179124832
0.0 0.05876069888472557
0.0 0.058783531188964844
0.0 0.05881008505821228
0.0 0.058810096234083176
0.0 0.05882817506790161
0.0 0.05886648967862129
0.0 0.058880362659692764
0.0 0.059036821126937866
0.0 0.0590970553457737
0.0 0.05918725207448006
0.0 0.05925974249839783
0.0 0.05941423028707504
0.0 0.05969114974141121
0.0 0.05971628054976463
0.0 0.05982007458806038
0.0 0.059925299137830734
0.0 0.05997131019830704
0.0 0.060069311410188675
0.0 0.060082487761974335
0.0 0.0601176917552948
0.0 0.060152675956487656
0.0 0.06026322767138481
0.0 0.060597602277994156
0.0 0.06064199283719063
0.0 0.060662634670734406
0.0 0.06089935824275017
0.0 0.060974832624197006
0.0 0.06107930839061737
0.0 0.06116616353392601
0.0 0.06142536550760269
0.0 0.06143832951784134
0.0 0.061548203229904175
0.0 0.06175575405359268
0.0 0.061767835170030594
0.0 0.06178588792681694
0.0 0.06183601915836334
0.0 0.06185222044587135
0.0 0.061853427439928055
0.0 0.06196299195289612
0.0 0.062033236026763916
0.0 0.0620657242834568
0.0 0.06211269274353981
0.0 0.06220176815986633
0.0 0.06226654723286629
0.0 0.06254690140485764
0.0 0.06257257610559464
0.0 0.06274837255477905
0.0 0.06279727816581726
0.0 0.0629790872335434
0.0 0.06305427849292755
0.0 0.0632782131433487
0.0 0.06354720145463943
0.0 0.06370233744382858
0.0 0.06377478688955307
0.0 0.06399861723184586
0.0 0.06400151550769806
0.0 0.0640074759721756
0.0 0.06404386460781097
0.0 0.06411567330360413
0.0 0.06421041488647461
0.0 0.06436827778816223
0.0 0.06440088897943497
0.0 0.06455465406179428
0.0 0.06459774821996689
0.0 0.06474030017852783
0.0 0.06474243849515915
0.0 0.0647626742720604
0.0 0.06477491557598114
0.0 0.06495827436447144
0.0 0.0650760754942894
0.0 0.06508447229862213
0.0 0.06513955444097519
0.0 0.06518535315990448
0.0 0.0652725100517273
0.0 0.06537104398012161
0.0 0.06538442522287369
0.0 0.06554912030696869
0.0 0.06569895148277283
0.0 0.06583885848522186
0.0 0.06587805598974228
0.0 0.06596849113702774
0.0 0.06605593115091324
0.0 0.06626167893409729
0.0 0.06638220697641373
0.0 0.06641913205385208
0.0 0.06643228232860565
0.0 0.0665782019495964
0.0 0.06658719480037689
0.0 0.06666970998048782
0.0 0.06681082397699356
0.0 0.06685711443424225
0.0 0.06694083660840988
0.0 0.06717845797538757
0.0 0.06719844788312912
0.0 0.06720210611820221
0.0 0.06722757965326309
0.0 0.06725005060434341
0.0 0.06727638840675354
0.0 0.06745530664920807
0.0 0.06749222427606583
0.0 0.06761094182729721
0.0 0.06765685230493546
0.0 0.06770159304141998
0.0 0.06791660189628601
0.0 0.06793132424354553
0.0 0.06793726235628128
0.0 0.06811004877090454
0.0 0.06811045110225677
0.0 0.06836268305778503
0.0 0.06842490285634995
0.0 0.06843660771846771
0.0 0.06846886873245239
0.0 0.06849019229412079
0.0 0.06855488568544388
0.0 0.06860984861850739
0.0 0.06871657073497772
0.0 0.06874553114175797
0.0 0.0688585489988327
0.0 0.06892639398574829
0.0 0.06898494809865952
0.0 0.06902120262384415
0.0 0.06907021999359131
0.0 0.06919433921575546
0.0 0.06933530420064926
0.0 0.06937858462333679
0.0 0.06947033107280731
0.0 0.06949345022439957
0.0 0.06950461864471436
0.0 0.06957952678203583
0.0 0.06959332525730133
0.0 0.06966394186019897
0.0 0.06971832364797592
0.0 0.06977410614490509
0.0 0.06994887441396713
0.0 0.06999478489160538
0.0 0.07003477215766907
0.0 0.07003621757030487
0.0 0.07004167884588242
0.0 0.07006325572729111
0.0 0.07011245936155319
0.0 0.0702088326215744
0.0 0.07022807002067566
0.0 0.07028748840093613
0.0 0.07030275464057922
0.0 0.07042635977268219
0.0 0.07045155018568039
0.0 0.07046834379434586
0.0 0.07049385458230972
0.0 0.07049614936113358
0.0 0.07059971243143082
0.0 0.07069718092679977
0.0 0.07074648886919022
0.0 0.07081752270460129
0.0 0.07082679867744446
0.0 0.07086733728647232
0.0 0.07091779261827469
0.0 0.0709448903799057
0.0 0.07102686166763306
0.0 0.0711146742105484
0.0 0.07117635011672974
0.0 0.07123115658760071
0.0 0.07136566191911697
0.0 0.07143199443817139
0.0 0.07149047404527664
0.0 0.07181385159492493
0.0 0.07190905511379242
0.0 0.07192864269018173
0.0 0.07200310379266739
0.0 0.07209856063127518
0.0 0.07216433435678482
0.0 0.07217387855052948
0.0 0.07224440574645996
0.0 0.07225662469863892
0.0 0.07233220338821411
0.0 0.07233317196369171
0.0 0.07234176993370056
0.0 0.07241468876600266
0.0 0.07242335379123688
0.0 0.07243433594703674
0.0 0.07255806028842926
0.0 0.07256142795085907
0.0 0.07258258759975433
0.0 0.07276441901922226
0.0 0.07307364046573639
0.0 0.0735044926404953
0.0 0.07353272289037704
0.0 0.07369088381528854
0.0 0.0737607404589653
0.0 0.07391642034053802
0.0 0.07399901747703552
0.0 0.07413779944181442
0.0 0.0742599293589592
0.0 0.07435628771781921
0.0 0.07445715367794037
0.0 0.07457047700881958
0.0 0.07489611953496933
0.0 0.07495898753404617
0.0 0.0749916285276413
0.0 0.07501831650733948
0.0 0.07514619082212448
0.0 0.07517269998788834
0.0 0.07530350983142853
0.0 0.07564987987279892
0.0 0.07568468153476715
0.0 0.07573471963405609
0.0 0.07601181417703629
0.0 0.07615246623754501
0.0 0.07616282999515533
0.0 0.0761801153421402
0.0 0.07643290609121323
0.0 0.07647190243005753
0.0 0.07672998309135437
0.0 0.0768233984708786
0.0 0.07702568918466568
0.0 0.07709100097417831
0.0 0.07712699472904205
0.0 0.07729000598192215
0.0 0.07730838656425476
0.0 0.07732926309108734
0.0 0.07736960798501968
0.0 0.07745196670293808
0.0 0.07754923403263092
0.0 0.07758136093616486
0.0 0.07759563624858856
0.0 0.07780580967664719
0.0 0.07809161394834518
0.0 0.07811685651540756
0.0 0.07830721139907837
0.0 0.07840519398450851
0.0 0.07846837490797043
0.0 0.07849273085594177
0.0 0.07858651876449585
0.0 0.07882145047187805
0.0 0.0789216011762619
0.0 0.07913371175527573
0.0 0.07913769781589508
0.0 0.07916222512722015
0.0 0.07928260415792465
0.0 0.07936564087867737
0.0 0.07945716381072998
0.0 0.07970746606588364
0.0 0.07986316084861755
0.0 0.07993557304143906
0.0 0.08003244549036026
0.0 0.08010386675596237
0.0 0.08012066781520844
0.0 0.08013017475605011
0.0 0.0803174376487732
0.0 0.08034177124500275
0.0 0.08046188205480576
0.0 0.08066629618406296
0.0 0.08069457858800888
0.0 0.08085475862026215
0.0 0.08102239668369293
0.0 0.08106745034456253
0.0 0.08108583837747574
0.0 0.08136368542909622
0.0 0.08140631765127182
0.0 0.08147160708904266
0.0 0.0814969465136528
0.0 0.08156033605337143
0.0 0.08156818896532059
0.0 0.08162754029035568
0.0 0.08163312077522278
0.0 0.08163682371377945
0.0 0.08173750340938568
0.0 0.08187920600175858
0.0 0.08189642429351807
0.0 0.08195601403713226
0.0 0.08200732618570328
0.0 0.08212674409151077
0.0 0.08216331899166107
0.0 0.08223368227481842
0.0 0.08223404735326767
0.0 0.08223578333854675
0.0 0.08245347440242767
0.0 0.0825580582022667
0.0 0.08258291333913803
0.0 0.08279018104076385
0.0 0.08290362358093262
0.0 0.08300681412220001
0.0 0.08306397497653961
0.0 0.08308850973844528
0.0 0.08309685438871384
0.0 0.08313921838998795
0.0 0.08324334770441055
0.0 0.08328970521688461
0.0 0.08393822610378265
0.0 0.08394009619951248
0.0 0.08395916223526001
0.0 0.0841439962387085
0.0 0.08418389409780502
0.0 0.08442653715610504
0.0 0.08447743952274323
0.0 0.0844847708940506
0.0 0.08474903553724289
0.0 0.08485029637813568
0.0 0.08499494940042496
0.0 0.08503833413124084
0.0 0.08507761359214783
0.0 0.08510280400514603
0.0 0.08529864996671677
0.0 0.0852997675538063
0.0 0.0853174552321434
0.0 0.08559057116508484
0.0 0.08569135516881943
0.0 0.08576804399490356
0.0 0.08582552522420883
0.0 0.08594874292612076
0.0 0.08611901104450226
0.0 0.08624010533094406
0.0 0.08627694845199585
0.0 0.08640450239181519
0.0 0.08642671257257462
0.0 0.08647698163986206
0.0 0.08668678998947144
0.0 0.08674272894859314
0.0 0.08688979595899582
0.0 0.08725567162036896
0.0 0.08759965747594833
0.0 0.08787348121404648
0.0 0.08809061348438263
0.0 0.08843842148780823
0.0 0.08852480351924896
0.0 0.0885748639702797
0.0 0.08860128372907639
0.0 0.08863260596990585
0.0 0.08865199983119965
0.0 0.08962985873222351
0.0 0.08963867276906967
0.0 0.089972123503685
0.0 0.09035491198301315
0.0 0.09049393236637115
0.0 0.09058740735054016
0.0 0.09068376570940018
0.0 0.09086687117815018
0.0 0.09097180515527725
0.0 0.09112327545881271
0.0 0.09169284254312515
0.0 0.09173882007598877
0.0 0.09181663393974304
0.0 0.0919039323925972
0.0 0.09203018993139267
0.0 0.09206843376159668
0.0 0.09227059036493301
0.0 0.09242038428783417
0.0 0.09256335347890854
0.0 0.09270313382148743
0.0 0.09291255474090576
0.0 0.09352456778287888
0.0 0.0937160849571228
0.0 0.09401020407676697
0.0 0.09406022727489471
0.0 0.09410901367664337
0.0 0.09426164627075195
0.0 0.09426850825548172
0.0 0.09432896226644516
0.0 0.09440141916275024
0.0 0.09465392678976059
0.0 0.09526997804641724
0.0 0.09537073969841003
0.0 0.09579607099294662
0.0 0.09592591971158981
0.0 0.09617504477500916
0.0 0.09629330784082413
0.0 0.09635739028453827
0.0 0.09660317003726959
0.0 0.09701249748468399
0.0 0.09714537858963013
0.0 0.09738337248563766
0.0 0.09757855534553528
0.0 0.09773872792720795
0.0 0.0977947935461998
0.0 0.09784182906150818
0.0 0.09821931272745132
0.0 0.09967849403619766
0.0 0.0999378114938736
0.0 0.10051675885915756
0.0 0.10103892534971237
0.0 0.1011510044336319
0.0 0.10126878321170807
0.0 0.10168210417032242
0.0 0.10188186168670654
0.0 0.10233903676271439
0.0 0.1024276465177536
0.0 0.10258685797452927
0.0 0.10268856585025787
0.0 0.10309243947267532
0.0 0.10337817668914795
0.0 0.10348540544509888
0.0 0.10366281867027283
0.0 0.10393688082695007
0.0 0.10486765205860138
0.0 0.1050027459859848
0.0 0.10585011541843414
0.0 0.10667306929826736
0.0 0.10682608187198639
0.0 0.10727958381175995
0.0 0.10824579000473022
0.0 0.10834340006113052
0.0 0.10866914689540863
0.0 0.10886980593204498
0.0 0.11038577556610107
0.0 0.11069532483816147
0.0 0.11088302731513977
0.0 0.11232614517211914
0.0 0.11435461789369583
0.0 0.1177537739276886
0.0 0.1190372109413147
0.0 0.11935675144195557
0.0 0.11938599497079849
0.0 0.11970832943916321
0.0 0.12792125344276428
0.0 0.1380416601896286
0.0 inf
