0.0 0.02716841548681259
0.0 0.02829090878367424
0.0 0.02867940627038479
0.0 0.029838422313332558
0.0 0.03007527068257332
0.0 0.030388588085770607
0.0 0.030398104339838028
0.0 0.03124345652759075
0.0 0.03138013929128647
0.0 0.031896647065877914
0.0 0.032159771770238876
0.0 0.032244376838207245
0.0 0.03225075453519821
0.0 0.03228320553898811
0.0 0.03253278136253357
0.0 0.032575227320194244
0.0 0.033230993896722794
0.0 0.03328578919172287
0.0 0.033421002328395844
0.0 0.033498238772153854
0.0 0.03349924460053444
0.0 0.03375384956598282
0.0 0.03402949124574661
0.0 0.03424794599413872
0.0 0.03425700217485428
0.0 0.03446517139673233
0.0 0.03464849293231964
0.0 0.034680064767599106
0.0 0.0347592756152153
0.0 0.0349094457924366
0.0 0.03500216454267502
0.0 0.03513351455330849
0.0 0.035306576639413834
0.0 0.03538588806986809
0.0 0.035416509956121445
0.0 0.03546331450343132
0.0 0.03554438427090645
0.0 0.035722486674785614
0.0 0.03574846684932709
0.0 0.035777170211076736
0.0 0.03578219935297966
0.0 0.03578741475939751
0.0 0.03592942655086517
0.0 0.035997942090034485
0.0 0.03601996228098869
0.0 0.0361042283475399
0.0 0.036127954721450806
0.0 0.03621193394064903
0.0 0.03624064475297928
0.0 0.03624988719820976
0.0 0.03632751852273941
0.0 0.03648975491523743
0.0 0.036529380828142166
0.0 0.03655315190553665
0.0 0.036850668489933014
0.0 0.03688320145010948
0.0 0.03698352351784706
0.0 0.0369853675365448
0.0 0.037029724568128586
0.0 0.03705349192023277
0.0 0.03706035763025284
0.0 0.037314821034669876
0.0 0.037324704229831696
0.0 0.03734763339161873
0.0 0.0373477041721344
0.0 0.037380069494247437
0.0 0.03739561885595322
0.0 0.03746170550584793
0.0 0.03766564279794693
0.0 0.03779882565140724
0.0 0.03779977932572365
0.0 0.037897925823926926
0.0 0.03806254640221596
0.0 0.03807046636939049
0.0 0.03807590529322624
0.0 0.03811429813504219
0.0 0.0381309874355793
0.0 0.03816373273730278
0.0 0.03818311542272568
0.0 0.03818806633353233
0.0 0.03819432482123375
0.0 0.03827924281358719
0.0 0.03833466023206711
0.0 0.038389820605516434
0.0 0.03841133415699005
0.0 0.03845064714550972
0.0 0.03849634528160095
0.0 0.03864285722374916
0.0 0.03864557296037674
0.0 0.038655657321214676
0.0 0.03865939751267433
0.0 0.03867597505450249
0.0 0.03874645009636879
0.0 0.03876249119639397
0.0 0.038829267024993896
0.0 0.03891436755657196
0.0 0.03896402567625046
0.0 0.038976434618234634
0.0 0.038995545357465744
0.0 0.03900838643312454
0.0 0.039016302675008774
0.0 0.03918807581067085
0.0 0.03919677808880806
0.0 0.0391988530755043
0.0 0.039219602942466736
0.0 0.03923109173774719
0.0 0.039239853620529175
0.0 0.03933627903461456
0.0 0.039359062910079956
0.0 0.03947624936699867
0.0 0.039668016135692596
0.0 0.03968057408928871
0.0 0.03968839347362518
0.0 0.039725326001644135
0.0 0.039761029183864594
0.0 0.03981276601552963
0.0 0.039878182113170624
0.0 0.03991185873746872
0.0 0.039928413927555084
0.0 0.040048860013484955
0.0 0.04011320695281029
0.0 0.04014670103788376
0.0 0.0401633083820343
0.0 0.04017702490091324
0.0 0.040236324071884155
0.0 0.04032217711210251
0.0 0.0403221920132637
0.0 0.040376026183366776
0.0 0.04038571938872337
0.0 0.04047751799225807
0.0 0.04050511494278908
0.0 0.04077700152993202
0.0 0.04079565033316612
0.0 0.040844932198524475
0.0 0.040871504694223404
0.0 0.04093225672841072
0.0 0.040965430438518524
0.0 0.0409744568169117
0.0 0.041010186076164246
0.0 0.041053514927625656
0.0 0.041071705520153046
0.0 0.041092246770858765
0.0 0.04111791029572487
0.0 0.04115402698516846
0.0 0.041182391345500946
0.0 0.04146921634674072
0.0 0.041478097438812256
0.0 0.04148935154080391
0.0 0.04160056263208389
0.0 0.041700489819049835
0.0 0.04172508418560028
0.0 0.04181405529379845
0.0 0.04183761775493622
0.0 0.04187425225973129
0.0 0.04201172664761543
0.0 0.04206927493214607
0.0 0.04207776486873627
0.0 0.04214206710457802
0.0 0.04214439541101456
0.0 0.042147185653448105
0.0 0.042209986597299576
0.0 0.04221923276782036
0.0 0.04228193685412407
0.0 0.04228277504444122
0.0 0.0422913022339344
0.0 0.042330071330070496
0.0 0.04247721657156944
0.0 0.04249171167612076
0.0 0.042502302676439285
0.0 0.042509838938713074
0.0 0.042519133538007736
0.0 0.04252644255757332
0.0 0.04254499822854996
0.0 0.04254524037241936
0.0 0.042603619396686554
0.0 0.0426546111702919
0.0 0.04268169775605202
0.0 0.042694803327322006
0.0 0.04269775375723839
0.0 0.042729172855615616
0.0 0.04282885044813156
0.0 0.04290473088622093
0.0 0.042925361543893814
0.0 0.0429275780916214
0.0 0.04294892027974129
0.0 0.04294920712709427
0.0 0.04297437518835068
0.0 0.04307503625750542
0.0 0.04325872287154198
0.0 0.04327906295657158
0.0 0.04330727458000183
0.0 0.04334571212530136
0.0 0.043433696031570435
0.0 0.04343527555465698
0.0 0.04349498823285103
0.0 0.04379677772521973
0.0 0.04381079226732254
0.0 0.04381861910223961
0.0 0.043821781873703
0.0 0.043865401297807693
0.0 0.04389765486121178
0.0 0.04391610622406006
0.0 0.04392223060131073
0.0 0.04393243417143822
0.0 0.04403220862150192
0.0 0.044037219136953354
0.0 0.04404831305146217
0.0 0.044059161096811295
0.0 0.044155146926641464
0.0 0.04417794197797775
0.0 0.044205017387866974
0.0 0.04425778612494469
0.0 0.044402118772268295
0.0 0.044437628239393234
0.0 0.044469203799963
0.0 0.044530998915433884
0.0 0.04456412047147751
0.0 0.04474705085158348
0.0 0.04479639604687691
0.0 0.0448172390460968
0.0 0.04485877603292465
0.0 0.04486057534813881
0.0 0.045241836458444595
0.0 0.045246828347444534
0.0 0.04527007415890694
0.0 0.04533086717128754
0.0 0.04550071433186531
0.0 0.04555526003241539
0.0 0.045592986047267914
0.0 0.045774076133966446
0.0 0.04581548646092415
0.0 0.045846760272979736
0.0 0.045855723321437836
0.0 0.04589663818478584
0.0 0.04601646587252617
0.0 0.04607202485203743
0.0 0.046092402189970016
0.0 0.0461423322558403
0.0 0.04620404541492462
0.0 0.04621383547782898
0.0 0.04624291509389877
0.0 0.04628654569387436
0.0 0.046309929341077805
0.0 0.04654804244637489
0.0 0.04663143306970596
0.0 0.046849362552165985
0.0 0.04700335115194321
0.0 0.047032177448272705
0.0 0.04709278792142868
0.0 0.04713267460465431
0.0 0.04718440771102905
0.0 0.047362521290779114
0.0 0.04741073027253151
0.0 0.047412846237421036
0.0 0.047420255839824677
0.0 0.04744590073823929
0.0 0.04752343147993088
0.0 0.047580115497112274
0.0 0.04760393500328064
0.0 0.04768199846148491
0.0 0.047716446220874786
0.0 0.04782075062394142
0.0 0.047836098819971085
0.0 0.04796981438994408
0.0 0.048044268041849136
0.0 0.04814580827951431
0.0 0.04828919842839241
0.0 0.04830264300107956
0.0 0.048399362713098526
0.0 0.0484888069331646
0.0 0.04852848872542381
0.0 0.048630643635988235
0.0 0.048680879175662994
0.0 0.04871395602822304
0.0 0.04871686175465584
0.0 0.048739057034254074
0.0 0.04875655099749565
0.0 0.048904966562986374
0.0 0.048926204442977905
0.0 0.04894743114709854
0.0 0.0489787831902504
0.0 0.04901912435889244
0.0 0.04905971884727478
0.0 0.04908107593655586
0.0 0.0491146519780159
0.0 0.04911686107516289
0.0 0.0491342693567276
0.0 0.04914308711886406
0.0 0.04917539283633232
0.0 0.04932374134659767
0.0 0.049371909350156784
0.0 0.0494445338845253
0.0 0.04945434257388115
0.0 0.04948219284415245
0.0 0.04950987175107002
0.0 0.049539025872945786
0.0 0.04963376000523567
0.0 0.049829259514808655
0.0 0.0499475859105587
0.0 0.049973201006650925
0.0 0.050024017691612244
0.0 0.050024405121803284
0.0 0.05012648552656174
0.0 0.05016259849071503
0.0 0.050194524228572845
0.0 0.050221871584653854
0.0 0.05042799189686775
0.0 0.05050961300730705
0.0 0.05051941052079201
0.0 0.05059463530778885
0.0 0.050655391067266464
0.0 0.050722673535346985
0.0 0.05077247694134712
0.0 0.0507797934114933
0.0 0.05082680284976959
0.0 0.050871219485998154
0.0 0.050964344292879105
0.0 0.05113592743873596
0.0 0.051269449293613434
0.0 0.05129287391901016
0.0 0.05141124874353409
0.0 0.051463548094034195
0.0 0.05152555927634239
0.0 0.05152595788240433
0.0 0.05169710889458656
0.0 0.051713332533836365
0.0 0.05173598974943161
0.0 0.05175723880529404
0.0 0.05179082974791527
0.0 0.05187654495239258
0.0 0.05203346535563469
0.0 0.05206448584794998
0.0 0.052100978791713715
0.0 0.05212575942277908
0.0 0.05219098925590515
0.0 0.05222950503230095
0.0 0.05225708335638046
0.0 0.052536074072122574
0.0 0.0525517463684082
0.0 0.052602436393499374
0.0 0.05262554809451103
0.0 0.052661970257759094
0.0 0.0528133362531662
0.0 0.052827250212430954
0.0 0.05285866558551788
0.0 0.052906062453985214
0.0 0.052947863936424255
0.0 0.05298779532313347
0.0 0.0529881976544857
0.0 0.05303267762064934
0.0 0.053040727972984314
0.0 0.05304175615310669
0.0 0.05305932089686394
0.0 0.05318909138441086
0.0 0.05326508730649948
0.0 0.053285934031009674
0.0 0.05349956452846527
0.0 0.05357744172215462
0.0 0.053819991648197174
0.0 0.05388219282031059
0.0 0.05399411916732788
0.0 0.05416470021009445
0.0 0.05438317731022835
0.0 0.054416414350271225
0.0 0.054505154490470886
0.0 0.054515957832336426
0.0 0.05460340529680252
0.0 0.05492820590734482
0.0 0.05493669584393501
0.0 0.05497946962714195
0.0 0.05516696721315384
0.0 0.05528615787625313
0.0 0.05532682314515114
0.0 0.055380962789058685
0.0 0.055478230118751526
0.0 0.05547953397035599
0.0 0.05564618855714798
0.0 0.055885352194309235
0.0 0.056129664182662964
0.0 0.05649116635322571
0.0 0.05676351115107536
0.0 0.056807275861501694
0.0 0.05682821571826935
0.0 0.05685501918196678
0.0 0.056895751506090164
0.0 0.05694359913468361
0.0 0.05701056867837906
0.0 0.05707797780632973
0.0 0.05716957524418831
0.0 0.05721721425652504
0.0 0.057240091264247894
0.0 0.05746850743889809
0.0 0.05748176574707031
0.0 0.057594235986471176
0.0 0.05763019248843193
0.0 0.057769954204559326
0.0 0.0578821524977684
0.0 0.05790446698665619
0.0 0.05791713297367096
0.0 0.05806231498718262
0.0 0.05832035839557648
0.0 0.05851854383945465
0.0 0.05855869874358177
0.0 0.058646440505981445
0.0 0.05887375399470329
0.0 0.058912549167871475
0.0 0.05891832336783409
0.0 0.05897100642323494
0.0 0.05898180231451988
0.0 0.05898767337203026
0.0 0.05906660109758377
0.0 0.05935148522257805
0.0 0.059474412351846695
0.0 0.05953608825802803
0.0 0.059709176421165466
0.0 0.05977793410420418
0.0 0.05980696529150009
0.0 0.05982320383191109
0.0 0.059989869594573975
0.0 0.060115963220596313
0.0 0.06023978069424629
0.0 0.06024444103240967
0.0 0.060303546488285065
0.0 0.06042482703924179
0.0 0.060546908527612686
0.0 0.060596928000450134
0.0 0.06069255992770195
0.0 0.060814857482910156
0.0 0.06085346266627312
0.0 0.06121286749839783
0.0 0.06129584088921547
0.0 0.06133705750107765
0.0 0.061523597687482834
0.0 0.06157870218157768
0.0 0.061635687947273254
0.0 0.06174769252538681
0.0 0.061968594789505005
0.0 0.062080103904008865
0.0 0.062295738607645035
0.0 0.06301441788673401
0.0 0.06348403543233871
0.0 0.06351098418235779
0.0 0.06359255313873291
0.0 0.06459598243236542
0.0 0.06545104831457138
0.0 0.06546621024608612
0.0 0.06549996137619019
0.0 0.06557852774858475
0.0 0.06576467305421829
0.0 0.06586894392967224
0.0 0.06602981686592102
0.0 0.0661255344748497
0.0 0.06632455438375473
0.0 0.06677114218473434
0.0 0.06707510352134705
0.0 0.06758753955364227
0.0 0.0680442750453949
0.0 0.06825017184019089
0.0 0.06836431473493576
0.0 0.06906044483184814
0.0 0.0692221075296402
0.0 0.06929020583629608
0.0 0.06929681450128555
0.0 0.07022563368082047
0.0 0.07066356390714645
0.0 0.07098384946584702
0.0 0.07103419303894043
0.0 0.0716324895620346
0.0 0.07170640677213669
0.0 0.07187353819608688
0.0 0.07319629937410355
0.0 0.07515273988246918
0.0 0.07524118572473526
0.0 0.07659398764371872
0.0 0.07743550091981888
0.0 0.07778569310903549
0.0 0.07882755249738693
0.0 0.07977358251810074
0.0 0.08049239218235016
0.0 0.08077529072761536
0.0 0.08126938343048096
0.0 0.08179321140050888
0.0 0.08184409886598587
0.0 0.08315026760101318
0.0 0.0831538662314415
0.0 0.08340121060609818
0.0 0.08400631695985794
0.0 0.08412386476993561
0.0 0.08466199040412903
0.0 0.08544816821813583
0.0 0.08679680526256561
0.0 0.08695760369300842
0.0 0.08875951915979385
0.0 0.09077232331037521
0.0 0.09215636551380157
0.0 0.09241212159395218
0.0 0.09591952711343765
0.0 0.09719391167163849
0.0 0.10375911742448807
0.0 0.10476759821176529
0.0 0.10756028443574905
0.0 0.11026350408792496
0.0 0.11180391162633896
0.0 0.11240703612565994
0.0 0.11373216658830643
0.0 0.12205535918474197
0.0 0.12973320484161377
0.0 0.1343490332365036
0.0 0.16024281084537506
0.0 0.1701458990573883
0.0 0.17826037108898163
0.0 inf
