0.0 0.034452732652425766
0.0 0.03805806487798691
0.0 0.04099300131201744
0.0 0.04377511143684387
0.0 0.044126957654953
0.0 0.044741179794073105
0.0 0.04630720242857933
0.0 0.046640198677778244
0.0 0.04676906764507294
0.0 0.04748522490262985
0.0 0.04753074795007706
0.0 0.048015620559453964
0.0 0.04901881143450737
0.0 0.049079880118370056
0.0 0.04941307753324509
0.0 0.049642130732536316
0.0 0.04985257238149643
0.0 0.04995362088084221
0.0 0.050027187913656235
0.0 0.05003311112523079
0.0 0.050036441534757614
0.0 0.05011221021413803
0.0 0.050294626504182816
0.0 0.050493448972702026
0.0 0.050550319254398346
0.0 0.05069580674171448
0.0 0.051022645086050034
0.0 0.05109329894185066
0.0 0.05109807103872299
0.0 0.05117662996053696
0.0 0.05123858153820038
0.0 0.05128846690058708
0.0 0.051446832716464996
0.0 0.051534220576286316
0.0 0.05192600563168526
0.0 0.05200556665658951
0.0 0.05209788680076599
0.0 0.05214248597621918
0.0 0.0522620715200901
0.0 0.052289772778749466
0.0 0.05235513299703598
0.0 0.052406858652830124
0.0 0.0525103323161602
0.0 0.05269914120435715
0.0 0.052822843194007874
0.0 0.05312711000442505
0.0 0.05330018326640129
0.0 0.053628109395504
0.0 0.053772248327732086
0.0 0.053885675966739655
0.0 0.054022133350372314
0.0 0.05430784448981285
0.0 0.054557859897613525
0.0 0.054582420736551285
0.0 0.054772984236478806
0.0 0.054825957864522934
0.0 0.0548974834382534
0.0 0.05499760061502457
0.0 0.05524469166994095
0.0 0.055247217416763306
0.0 0.055257610976696014
0.0 0.05530083552002907
0.0 0.05544523149728775
0.0 0.05553918331861496
0.0 0.055543385446071625
0.0 0.0555465929210186
0.0 0.055637210607528687
0.0 0.05587344616651535
0.0 0.05589566007256508
0.0 0.055915240198373795
0.0 0.056048594415187836
0.0 0.05607742816209793
0.0 0.05610274896025658
0.0 0.05610737204551697
0.0 0.056160055100917816
0.0 0.056240711361169815
0.0 0.056267645210027695
0.0 0.056295592337846756
0.0 0.056518878787755966
0.0 0.05667190998792648
0.0 0.05668820068240166
0.0 0.056704748421907425
0.0 0.056811824440956116
0.0 0.056818705052137375
0.0 0.05689791962504387
0.0 0.05694438889622688
0.0 0.05700179934501648
0.0 0.05704798176884651
0.0 0.05706554278731346
0.0 0.057294536381959915
0.0 0.05735933035612106
0.0 0.05742713436484337
0.0 0.057487618178129196
0.0 0.05751246213912964
0.0 0.05753820389509201
0.0 0.057550638914108276
0.0 0.05760319158434868
0.0 0.057974670082330704
0.0 0.05802580341696739
0.0 0.05805628374218941
0.0 0.05807043984532356
0.0 0.05810356140136719
0.0 0.058137692511081696
0.0 0.05816980451345444
0.0 0.05822174996137619
0.0 0.058325208723545074
0.0 0.05849341303110123
0.0 0.0585627518594265
0.0 0.058598630130290985
0.0 0.05875584855675697
0.0 0.058975283056497574
0.0 0.05906686931848526
0.0 0.05908069759607315
0.0 0.05910424515604973
0.0 0.059234559535980225
0.0 0.05935022607445717
0.0 0.059353750199079514
0.0 0.05940713360905647
0.0 0.059452272951602936
0.0 0.05945580452680588
0.0 0.0595887266099453
0.0 0.05963354557752609
0.0 0.059732310473918915
0.0 0.059737492352724075
0.0 0.05985119566321373
0.0 0.05986575409770012
0.0 0.05994685739278793
0.0 0.06001783534884453
0.0 0.06009045988321304
0.0 0.0602782778441906
0.0 0.060300037264823914
0.0 0.0607934407889843
0.0 0.060809176415205
0.0 0.06106267869472504
0.0 0.061124369502067566
0.0 0.061489351093769073
0.0 0.06160124018788338
0.0 0.06162160634994507
0.0 0.06164863705635071
0.0 0.06169011816382408
0.0 0.06177801638841629
0.0 0.06188137084245682
0.0 0.06213809922337532
0.0 0.062154777348041534
0.0 0.06216425076127052
0.0 0.0622919537127018
0.0 0.062383152544498444
0.0 0.06273000687360764
0.0 0.06274475157260895
0.0 0.06297093629837036
0.0 0.06297405064105988
0.0 0.06316531449556351
0.0 0.06316610425710678
0.0 0.06319396197795868
0.0 0.06323332339525223
0.0 0.06331297010183334
0.0 0.0633547455072403
0.0 0.06336738169193268
0.0 0.06348298490047455
0.0 0.06379388272762299
0.0 0.0638156458735466
0.0 0.06382068246603012
0.0 0.0638374462723732
0.0 0.06390277296304703
0.0 0.06393365561962128
0.0 0.06397416442632675
0.0 0.06398076564073563
0.0 0.06406641751527786
0.0 0.06410574913024902
0.0 0.06415346264839172
0.0 0.06416967511177063
0.0 0.0643085315823555
0.0 0.06438342481851578
0.0 0.06444040685892105
0.0 0.06449735164642334
0.0 0.06460441648960114
0.0 0.06463953852653503
0.0 0.06475958228111267
0.0 0.06487146764993668
0.0 0.06489460915327072
0.0 0.06491974741220474
0.0 0.06494521349668503
0.0 0.06504394859075546
0.0 0.06504475325345993
0.0 0.06514164060354233
0.0 0.06517414003610611
0.0 0.06521664559841156
0.0 0.06548479199409485
0.0 0.06557648628950119
0.0 0.06559929996728897
0.0 0.06567217409610748
0.0 0.06573574990034103
0.0 0.06577163189649582
0.0 0.06589844822883606
0.0 0.06591339409351349
0.0 0.06623556464910507
0.0 0.06627695262432098
0.0 0.06637344509363174
0.0 0.06637507677078247
0.0 0.06648219376802444
0.0 0.06651031970977783
0.0 0.06655663251876831
0.0 0.06655702739953995
0.0 0.06668572872877121
0.0 0.06674358993768692
0.0 0.0667465478181839
0.0 0.06688961386680603
0.0 0.06689383089542389
0.0 0.06691022962331772
0.0 0.06706291437149048
0.0 0.06708202511072159
0.0 0.0671197772026062
0.0 0.06719551980495453
0.0 0.067259281873703
0.0 0.06741546839475632
0.0 0.06744260340929031
0.0 0.06756473332643509
0.0 0.06764992326498032
0.0 0.06767360121011734
0.0 0.06768889725208282
0.0 0.06769774854183197
0.0 0.06771503388881683
0.0 0.06777679920196533
0.0 0.06797477602958679
0.0 0.06810028851032257
0.0 0.06817348301410675
0.0 0.06819252669811249
0.0 0.0682457983493805
0.0 0.06830711662769318
0.0 0.06842682510614395
0.0 0.06844741106033325
0.0 0.06854162365198135
0.0 0.06858677417039871
0.0 0.06869298219680786
0.0 0.06869380921125412
0.0 0.06873945146799088
0.0 0.06882192939519882
0.0 0.06885644793510437
0.0 0.06899437308311462
0.0 0.06903979927301407
0.0 0.06922569870948792
0.0 0.0692310705780983
0.0 0.06932703405618668
0.0 0.06934057921171188
0.0 0.06943942606449127
0.0 0.06950658559799194
0.0 0.06957932561635971
0.0 0.06968419253826141
0.0 0.06981073319911957
0.0 0.0700232982635498
0.0 0.07014469057321548
0.0 0.07029100507497787
0.0 0.07031116634607315
0.0 0.07034344971179962
0.0 0.07037156820297241
0.0 0.07037431746721268
0.0 0.07039956003427505
0.0 0.07045827805995941
0.0 0.07050260901451111
0.0 0.07061521708965302
0.0 0.07064003497362137
0.0 0.0706864595413208
0.0 0.0708041563630104
0.0 0.07082347571849823
0.0 0.07084929943084717
0.0 0.0709257647395134
0.0 0.070977583527565
0.0 0.07102897763252258
0.0 0.07107433676719666
0.0 0.07116628438234329
0.0 0.07116646319627762
0.0 0.07141055166721344
0.0 0.07141169160604477
0.0 0.07143339514732361
0.0 0.07147128880023956
0.0 0.0714767798781395
0.0 0.07149220257997513
0.0 0.07152573019266129
0.0 0.07157937437295914
0.0 0.07177875936031342
0.0 0.07179109007120132
0.0 0.07182483375072479
0.0 0.07192578911781311
0.0 0.0722384825348854
0.0 0.07235544174909592
0.0 0.0725199282169342
0.0 0.07266759127378464
0.0 0.0726761445403099
0.0 0.07268071919679642
0.0 0.0726838931441307
0.0 0.07285481691360474
0.0 0.07286252826452255
0.0 0.07287753373384476
0.0 0.07289386540651321
0.0 0.07293722033500671
0.0 0.07302410900592804
0.0 0.07318365573883057
0.0 0.07318875938653946
0.0 0.07331952452659607
0.0 0.07337550818920135
0.0 0.0734650045633316
0.0 0.07359021157026291
0.0 0.07363425940275192
0.0 0.07375198602676392
0.0 0.07385101914405823
0.0 0.07387688010931015
0.0 0.07421602308750153
0.0 0.0742475762963295
0.0 0.07426836341619492
0.0 0.07429850846529007
0.0 0.07436735183000565
0.0 0.07443702965974808
0.0 0.07456512749195099
0.0 0.07458427548408508
0.0 0.07496686279773712
0.0 0.07525522261857986
0.0 0.07533428072929382
0.0 0.07547260075807571
0.0 0.07549554109573364
0.0 0.07556849718093872
0.0 0.0756365954875946
0.0 0.0756576806306839
0.0 0.0757262334227562
0.0 0.07573419064283371
0.0 0.07575918734073639
0.0 0.07597029209136963
0.0 0.07602623850107193
0.0 0.07615543901920319
0.0 0.07615923881530762
0.0 0.07616543024778366
0.0 0.07617634534835815
0.0 0.07632589340209961
0.0 0.07635116577148438
0.0 0.07635149359703064
0.0 0.07657583057880402
0.0 0.07665751129388809
0.0 0.07676295936107635
0.0 0.07689730823040009
0.0 0.07691063731908798
0.0 0.07692713290452957
0.0 0.07694244384765625
0.0 0.07696987688541412
0.0 0.07713011652231216
0.0 0.07732708007097244
0.0 0.07749684154987335
0.0 0.0776064321398735
0.0 0.0777452141046524
0.0 0.07781340181827545
0.0 0.07787221670150757
0.0 0.0778869092464447
0.0 0.07789236307144165
0.0 0.07794228196144104
0.0 0.07818330079317093
0.0 0.07838180661201477
0.0 0.07847559452056885
0.0 0.07867041230201721
0.0 0.07878462225198746
0.0 0.07881233841180801
0.0 0.07934635877609253
0.0 0.07936522364616394
0.0 0.07950910180807114
0.0 0.07974117249250412
0.0 0.07982388883829117
0.0 0.0800435021519661
0.0 0.08005435019731522
0.0 0.08011344820261002
0.0 0.08012683689594269
0.0 0.08028413355350494
0.0 0.08032536506652832
0.0 0.08032679557800293
0.0 0.08039232343435287
0.0 0.0804034024477005
0.0 0.08043994009494781
0.0 0.08044079691171646
0.0 0.08049999177455902
0.0 0.08053071051836014
0.0 0.08065831661224365
0.0 0.08079405874013901
0.0 0.08098795264959335
0.0 0.08102279901504517
0.0 0.08131042122840881
0.0 0.08136117458343506
0.0 0.08161584287881851
0.0 0.08170130103826523
0.0 0.08201361447572708
0.0 0.0821753740310669
0.0 0.08220650255680084
0.0 0.08236511051654816
0.0 0.08242423832416534
0.0 0.0826302021741867
0.0 0.08269927650690079
0.0 0.082706980407238
0.0 0.08271079510450363
0.0 0.08288077265024185
0.0 0.08295782655477524
0.0 0.08296098560094833
0.0 0.08330950140953064
0.0 0.08339831978082657
0.0 0.08376093953847885
0.0 0.08384252339601517
0.0 0.08423472195863724
0.0 0.084447480738163
0.0 0.08472178876399994
0.0 0.08519057929515839
0.0 0.08535892516374588
0.0 0.08542928099632263
0.0 0.08555983752012253
0.0 0.0856098160147667
0.0 0.08565400540828705
0.0 0.08579318225383759
0.0 0.08594302088022232
0.0 0.08606550097465515
0.0 0.0866045281291008
0.0 0.08664337545633316
0.0 0.08675191551446915
0.0 0.08685341477394104
0.0 0.08700009435415268
0.0 0.08700767159461975
0.0 0.08703435957431793
0.0 0.08714533597230911
0.0 0.08777159452438354
0.0 0.08827905356884003
0.0 0.08839263021945953
0.0 0.08841536194086075
0.0 0.08888804912567139
0.0 0.08923746645450592
0.0 0.08924075961112976
0.0 0.08933022618293762
0.0 0.08941473811864853
0.0 0.08961337804794312
0.0 0.09065315127372742
0.0 0.09117578715085983
0.0 0.09153567999601364
0.0 0.0917230024933815
0.0 0.09172821789979935
0.0 0.09192969650030136
0.0 0.09204244613647461
0.0 0.09253136068582535
0.0 0.09257983416318893
0.0 0.0926465317606926
0.0 0.09287075698375702
0.0 0.09293605387210846
0.0 0.09303522855043411
0.0 0.09309066087007523
0.0 0.09329622983932495
0.0 0.09329624474048615
0.0 0.0933520570397377
0.0 0.09342683106660843
0.0 0.09361949563026428
0.0 0.09411333501338959
0.0 0.09425622224807739
0.0 0.09456817060709
0.0 0.09460625797510147
0.0 0.09464353322982788
0.0 0.09464691579341888
0.0 0.09465550631284714
0.0 0.09478441625833511
0.0 0.0948958545923233
0.0 0.09490643441677094
0.0 0.09544798731803894
0.0 0.0956236720085144
0.0 0.09601619839668274
0.0 0.09608351439237595
0.0 0.09617985039949417
0.0 0.09634368866682053
0.0 0.09655356407165527
0.0 0.09680027514696121
0.0 0.09704489260911942
0.0 0.09719040989875793
0.0 0.09722748398780823
0.0 0.09738989919424057
0.0 0.09765240550041199
0.0 0.09832077473402023
0.0 0.09899834543466568
0.0 0.09908239543437958
0.0 0.09932228177785873
0.0 0.09933701902627945
0.0 0.09965366125106812
0.0 0.10031317919492722
0.0 0.10041172057390213
0.0 0.10045623779296875
0.0 0.10109638422727585
0.0 0.1011798083782196
0.0 0.10126464813947678
0.0 0.10162720829248428
0.0 0.10188718140125275
0.0 0.10189730674028397
0.0 0.1025114357471466
0.0 0.10268472880125046
0.0 0.10331323742866516
0.0 0.10340475291013718
0.0 0.1034165695309639
0.0 0.10361167043447495
0.0 0.1040041446685791
0.0 0.10497552901506424
0.0 0.10539238154888153
0.0 0.10556812584400177
0.0 0.10565734654664993
0.0 0.10571642965078354
0.0 0.10908839106559753
0.0 0.10919972509145737
0.0 0.1092323437333107
0.0 0.10942239314317703
0.0 0.11118633300065994
0.0 0.1112976148724556
0.0 0.11182188987731934
0.0 0.11200180649757385
0.0 0.11617773771286011
0.0 0.11718100309371948
0.0 0.12222149223089218
0.0 0.1236002966761589
0.0 inf
