0.0 0.04595642164349556
0.0 0.047345273196697235
0.0 0.04812506213784218
0.0 0.04860720783472061
0.0 0.04892466217279434
0.0 0.048927538096904755
0.0 0.04920440912246704
0.0 0.05092284455895424
0.0 0.051300711929798126
0.0 0.051350127905607224
0.0 0.05159616097807884
0.0 0.051674604415893555
0.0 0.05176810547709465
0.0 0.05196957662701607
0.0 0.05228155478835106
0.0 0.052378613501787186
0.0 0.05244993045926094
0.0 0.05250253155827522
0.0 0.052662815898656845
0.0 0.05271546542644501
0.0 0.05293584614992142
0.0 0.05296187847852707
0.0 0.052992139011621475
0.0 0.05310317873954773
0.0 0.05311990901827812
0.0 0.05333249643445015
0.0 0.05337875336408615
0.0 0.05342051386833191
0.0 0.05342451110482216
0.0 0.05361001566052437
0.0 0.05365199223160744
0.0 0.05365873873233795
0.0 0.05371520668268204
0.0 0.05375122278928757
0.0 0.05377456545829773
0.0 0.0538620762526989
0.0 0.05390080064535141
0.0 0.05395865812897682
0.0 0.054219286888837814
0.0 0.054278258234262466
0.0 0.05428718030452728
0.0 0.05442935228347778
0.0 0.05470651388168335
0.0 0.054737646132707596
0.0 0.05474394932389259
0.0 0.054758064448833466
0.0 0.05483345314860344
0.0 0.05495687201619148
0.0 0.05499739572405815
0.0 0.05501371994614601
0.0 0.05511975288391113
0.0 0.05527186393737793
0.0 0.055336955934762955
0.0 0.055607713758945465
0.0 0.05564916506409645
0.0 0.055832140147686005
0.0 0.055957432836294174
0.0 0.055966056883335114
0.0 0.05614311993122101
0.0 0.056263554841279984
0.0 0.05638594180345535
0.0 0.05641207844018936
0.0 0.05644385889172554
0.0 0.05655288323760033
0.0 0.0566704161465168
0.0 0.05679663270711899
0.0 0.056900087743997574
0.0 0.056916311383247375
0.0 0.05692782998085022
0.0 0.0569385327398777
0.0 0.057183194905519485
0.0 0.05725695937871933
0.0 0.05760141834616661
0.0 0.05761843919754028
0.0 0.05774139240384102
0.0 0.05780855193734169
0.0 0.05791798233985901
0.0 0.05796400085091591
0.0 0.05796545371413231
0.0 0.058061257004737854
0.0 0.05815134197473526
0.0 0.05815849080681801
0.0 0.05817469209432602
0.0 0.05827612429857254
0.0 0.05830548703670502
0.0 0.0584077388048172
0.0 0.05844191834330559
0.0 0.058470726013183594
0.0 0.05848832428455353
0.0 0.05873481184244156
0.0 0.0589139387011528
0.0 0.05900505930185318
0.0 0.05903635546565056
0.0 0.05910540372133255
0.0 0.05914522707462311
0.0 0.05920468270778656
0.0 0.05935484543442726
0.0 0.05937216803431511
0.0 0.059388190507888794
0.0 0.05939706042408943
0.0 0.05946342274546623
0.0 0.059482235461473465
0.0 0.05957810580730438
0.0 0.059579044580459595
0.0 0.05961593613028526
0.0 0.05962952971458435
0.0 0.05966682732105255
0.0 0.059790097177028656
0.0 0.05987515300512314
0.0 0.06002820283174515
0.0 0.060048315674066544
0.0 0.060054711997509
0.0 0.06008044257760048
0.0 0.06012502685189247
0.0 0.0601394921541214
0.0 0.06019860506057739
0.0 0.06021884083747864
0.0 0.06046281009912491
0.0 0.06053168326616287
0.0 0.0605340339243412
0.0 0.060639213770627975
0.0 0.06065626069903374
0.0 0.060698531568050385
0.0 0.060833532363176346
0.0 0.06084376573562622
0.0 0.061138853430747986
0.0 0.06117731332778931
0.0 0.06122159957885742
0.0 0.06139359623193741
0.0 0.06150636076927185
0.0 0.06154320389032364
0.0 0.061560504138469696
0.0 0.061582013964653015
0.0 0.06166690215468407
0.0 0.06166867911815643
0.0 0.06172783672809601
0.0 0.06175035983324051
0.0 0.06184709072113037
0.0 0.06186750531196594
0.0 0.06196058169007301
0.0 0.062034688889980316
0.0 0.06210378184914589
0.0 0.06219709664583206
0.0 0.0622505284845829
0.0 0.06244967505335808
0.0 0.06245436519384384
0.0 0.06254300475120544
0.0 0.06255540996789932
0.0 0.06257505714893341
0.0 0.06265666335821152
0.0 0.06267008930444717
0.0 0.0627080425620079
0.0 0.0627262219786644
0.0 0.06276986002922058
0.0 0.06279584765434265
0.0 0.06285573542118073
0.0 0.06287919729948044
0.0 0.0629388689994812
0.0 0.06309004127979279
0.0 0.063103087246418
0.0 0.06313235312700272
0.0 0.0632394403219223
0.0 0.06326431781053543
0.0 0.0633276179432869
0.0 0.06368141621351242
0.0 0.06369596719741821
0.0 0.06371977925300598
0.0 0.0637720450758934
0.0 0.06395164132118225
0.0 0.06402602046728134
0.0 0.06414162367582321
0.0 0.06415539979934692
0.0 0.06422065198421478
0.0 0.06424833834171295
0.0 0.06426247209310532
0.0 0.064354307949543
0.0 0.06448176503181458
0.0 0.06458575278520584
0.0 0.06459148228168488
0.0 0.06462771445512772
0.0 0.06470255553722382
0.0 0.06476865708827972
0.0 0.06476911157369614
0.0 0.06480277329683304
0.0 0.06481944769620895
0.0 0.06491293013095856
0.0 0.06501702964305878
0.0 0.06509897112846375
0.0 0.06510478258132935
0.0 0.06511551886796951
0.0 0.0651983842253685
0.0 0.06537868827581406
0.0 0.06545089185237885
0.0 0.0655750185251236
0.0 0.06561128795146942
0.0 0.06563638150691986
0.0 0.06565254926681519
0.0 0.06565932184457779
0.0 0.06574996560811996
0.0 0.0658746212720871
0.0 0.06588223576545715
0.0 0.06595192104578018
0.0 0.06598616391420364
0.0 0.0660439059138298
0.0 0.06604818254709244
0.0 0.06615254282951355
0.0 0.06618523597717285
0.0 0.06621190905570984
0.0 0.06622115522623062
0.0 0.06632580608129501
0.0 0.06637360155582428
0.0 0.0664028525352478
0.0 0.06651927530765533
0.0 0.06655103713274002
0.0 0.0665578544139862
0.0 0.066663958132267
0.0 0.06669595092535019
0.0 0.06690250337123871
0.0 0.06694461405277252
0.0 0.06701530516147614
0.0 0.06717492640018463
0.0 0.06720495969057083
0.0 0.06734777987003326
0.0 0.06754723936319351
0.0 0.06756799668073654
0.0 0.06758861243724823
0.0 0.06791940331459045
0.0 0.06793766468763351
0.0 0.06808746606111526
0.0 0.06809359788894653
0.0 0.06810147315263748
0.0 0.06810472160577774
0.0 0.06820616871118546
0.0 0.06822974979877472
0.0 0.06826651096343994
0.0 0.06829129904508591
0.0 0.06829953193664551
0.0 0.06839168071746826
0.0 0.06849472224712372
0.0 0.0685230940580368
0.0 0.06865473091602325
0.0 0.06867513060569763
0.0 0.06875724345445633
0.0 0.06888479739427567
0.0 0.068904809653759
0.0 0.06915160268545151
0.0 0.06929085403680801
0.0 0.0692993551492691
0.0 0.06941579282283783
0.0 0.0694318562746048
0.0 0.06952989101409912
0.0 0.06955509632825851
0.0 0.06956429034471512
0.0 0.06975989043712616
0.0 0.06984129548072815
0.0 0.06985144317150116
0.0 0.06989841908216476
0.0 0.069950170814991
0.0 0.07007645815610886
0.0 0.07010842114686966
0.0 0.070196732878685
0.0 0.0703272596001625
0.0 0.07034661620855331
0.0 0.07054071128368378
0.0 0.07064121961593628
0.0 0.07064878195524216
0.0 0.07069960981607437
0.0 0.07070469111204147
0.0 0.07078284025192261
0.0 0.07080786675214767
0.0 0.07093217223882675
0.0 0.07097374647855759
0.0 0.07108752429485321
0.0 0.07117196917533875
0.0 0.07126421481370926
0.0 0.07130561023950577
0.0 0.07132581621408463
0.0 0.07136483490467072
0.0 0.07150264084339142
0.0 0.07165870070457458
0.0 0.07166755199432373
0.0 0.07177737355232239
0.0 0.07189985364675522
0.0 0.07223550230264664
0.0 0.0722564086318016
0.0 0.0722731500864029
0.0 0.07233836501836777
0.0 0.07234656810760498
0.0 0.07239272445440292
0.0 0.07264592498540878
0.0 0.07267259061336517
0.0 0.0727078914642334
0.0 0.07271692901849747
0.0 0.07276695221662521
0.0 0.07283063977956772
0.0 0.07289738953113556
0.0 0.07306913286447525
0.0 0.07322488725185394
0.0 0.07337196916341782
0.0 0.0734177678823471
0.0 0.07344339042901993
0.0 0.07366635650396347
0.0 0.07370492815971375
0.0 0.07386352121829987
0.0 0.07400008291006088
0.0 0.07408443093299866
0.0 0.0740857794880867
0.0 0.0741306021809578
0.0 0.07424193620681763
0.0 0.0743345096707344
0.0 0.0743505209684372
0.0 0.07436840981245041
0.0 0.07451203465461731
0.0 0.0745643600821495
0.0 0.07460323721170425
0.0 0.07465649396181107
0.0 0.07465672492980957
0.0 0.07476670295000076
0.0 0.07481608539819717
0.0 0.07484409958124161
0.0 0.07491591572761536
0.0 0.07492706924676895
0.0 0.07501959800720215
0.0 0.07505811005830765
0.0 0.07508329302072525
0.0 0.07511712610721588
0.0 0.07525943964719772
0.0 0.07536110281944275
0.0 0.0755491852760315
0.0 0.07561006397008896
0.0 0.07561590522527695
0.0 0.07569776475429535
0.0 0.0757792666554451
0.0 0.07580554485321045
0.0 0.0758112296462059
0.0 0.07584116607904434
0.0 0.0758579671382904
0.0 0.07601656019687653
0.0 0.07623925805091858
0.0 0.07629336416721344
0.0 0.07645415514707565
0.0 0.07645469903945923
0.0 0.07650577276945114
0.0 0.07652239501476288
0.0 0.07664912194013596
0.0 0.07671362906694412
0.0 0.07672671973705292
0.0 0.07686717063188553
0.0 0.07691953331232071
0.0 0.07727955281734467
0.0 0.07735681533813477
0.0 0.07737655937671661
0.0 0.07738273590803146
0.0 0.07756228744983673
0.0 0.07760686427354813
0.0 0.07794484496116638
0.0 0.07804325968027115
0.0 0.07805155962705612
0.0 0.07810306549072266
0.0 0.07812712341547012
0.0 0.07821246981620789
0.0 0.0782526284456253
0.0 0.07830796390771866
0.0 0.07833602279424667
0.0 0.07849719375371933
0.0 0.07853510975837708
0.0 0.07856350392103195
0.0 0.078590527176857
0.0 0.0787833034992218
0.0 0.07926713675260544
0.0 0.07937103509902954
0.0 0.0795007050037384
0.0 0.07962873578071594
0.0 0.07977640628814697
0.0 0.08012913912534714
0.0 0.08016698807477951
0.0 0.08038004487752914
0.0 0.08045697957277298
0.0 0.08062615245580673
0.0 0.08064163476228714
0.0 0.08066970854997635
0.0 0.08073219656944275
0.0 0.08087816089391708
0.0 0.08090299367904663
0.0 0.0810232013463974
0.0 0.08104393631219864
0.0 0.08114046603441238
0.0 0.08131662756204605
0.0 0.08134890347719193
0.0 0.08143648505210876
0.0 0.08144626021385193
0.0 0.08155248314142227
0.0 0.08172774314880371
0.0 0.08187372237443924
0.0 0.08193381130695343
0.0 0.08197075873613358
0.0 0.08237262815237045
0.0 0.08251457661390305
0.0 0.08259473741054535
0.0 0.08265940845012665
0.0 0.08267296105623245
0.0 0.08276867866516113
0.0 0.08297456800937653
0.0 0.0830114483833313
0.0 0.08310969173908234
0.0 0.08312136679887772
0.0 0.0831492617726326
0.0 0.08317802101373672
0.0 0.08345186710357666
0.0 0.08346233516931534
0.0 0.08350863307714462
0.0 0.08364216238260269
0.0 0.08371433615684509
0.0 0.08396123349666595
0.0 0.08405038714408875
0.0 0.08406228572130203
0.0 0.08415433019399643
0.0 0.08418916910886765
0.0 0.08428730815649033
0.0 0.08435532450675964
0.0 0.08444676548242569
0.0 0.08465573936700821
0.0 0.08490287512540817
0.0 0.08492684364318848
0.0 0.08498446643352509
0.0 0.08505801856517792
0.0 0.08512348681688309
0.0 0.08522112667560577
0.0 0.08522156625986099
0.0 0.08528392761945724
0.0 0.08540762215852737
0.0 0.08541601896286011
0.0 0.08546347171068192
0.0 0.08577380329370499
0.0 0.08578353375196457
0.0 0.08581323176622391
0.0 0.08622823655605316
0.0 0.08650995790958405
0.0 0.08664140850305557
0.0 0.08704376220703125
0.0 0.08704694360494614
0.0 0.08715780824422836
0.0 0.08732030540704727
0.0 0.08735749125480652
0.0 0.08747608959674835
0.0 0.08770647644996643
0.0 0.08771363645792007
0.0 0.08790270984172821
0.0 0.08815477043390274
0.0 0.08817189931869507
0.0 0.08817953616380692
0.0 0.08897459506988525
0.0 0.08913446962833405
0.0 0.0892123207449913
0.0 0.08942711353302002
0.0 0.08958730101585388
0.0 0.08977505564689636
0.0 0.08993816375732422
0.0 0.09006150811910629
0.0 0.09031213074922562
0.0 0.09052123874425888
0.0 0.09072230011224747
0.0 0.0910697653889656
0.0 0.09153509885072708
0.0 0.09157239645719528
0.0 0.09167506545782089
0.0 0.09175289422273636
0.0 0.09198135137557983
0.0 0.09207313507795334
0.0 0.09238330274820328
0.0 0.0927136242389679
0.0 0.0932215228676796
0.0 0.09334739297628403
0.0 0.09346404671669006
0.0 0.09351042658090591
0.0 0.09396349638700485
0.0 0.0940476506948471
0.0 0.09439011663198471
0.0 0.09468990564346313
0.0 0.09493112564086914
0.0 0.09505709260702133
0.0 0.0958537682890892
0.0 0.09679950028657913
0.0 0.09755256772041321
0.0 0.09772346913814545
0.0 0.09780831634998322
0.0 0.09856193512678146
0.0 0.09866898506879807
0.0 0.09904652088880539
0.0 0.10135498642921448
0.0 0.10151366889476776
0.0 0.10172709822654724
0.0 0.10209974646568298
0.0 0.10224008560180664
0.0 0.10262146592140198
0.0 0.10308396071195602
0.0 0.10395745933055878
0.0 0.10498908907175064
0.0 0.10563240200281143
0.0 0.10737813264131546
0.0 0.10739617794752121
0.0 0.10884247720241547
0.0 0.11048368364572525
0.0 0.11135321110486984
0.0 0.1125866174697876
0.0 0.11628541350364685
0.0 0.11682873964309692
0.0 0.12118688225746155
0.0 0.1251257359981537
0.0 0.1257237195968628
0.0 0.138157457113266
0.0 inf
