0.0 0.029177485033869743
0.0 0.03821022808551788
0.0 0.0384245440363884
0.0 0.03932656720280647
0.0 0.03985874727368355
0.0 0.04035243019461632
0.0 0.0406908243894577
0.0 0.0421876460313797
0.0 0.04264545068144798
0.0 0.04302683845162392
0.0 0.04306177422404289
0.0 0.043576836585998535
0.0 0.04507272690534592
0.0 0.04522966966032982
0.0 0.04536143317818642
0.0 0.04649776220321655
0.0 0.04709330201148987
0.0 0.04753323271870613
0.0 0.047588981688022614
0.0 0.04790545627474785
0.0 0.048292696475982666
0.0 0.048398248851299286
0.0 0.04848248139023781
0.0 0.04850117862224579
0.0 0.048532936722040176
0.0 0.049043264240026474
0.0 0.04906156659126282
0.0 0.049101777374744415
0.0 0.049160104244947433
0.0 0.04928899556398392
0.0 0.0495874360203743
0.0 0.0497511588037014
0.0 0.04999750107526779
0.0 0.050158292055130005
0.0 0.05031431093811989
0.0 0.050575803965330124
0.0 0.05081668496131897
0.0 0.050830937922000885
0.0 0.05083177983760834
0.0 0.05088203772902489
0.0 0.05089570954442024
0.0 0.05093923956155777
0.0 0.050957534462213516
0.0 0.050984855741262436
0.0 0.05114306882023811
0.0 0.05119096115231514
0.0 0.05132632702589035
0.0 0.05143974348902702
0.0 0.05147735774517059
0.0 0.05161532014608383
0.0 0.05163470655679703
0.0 0.05181210860610008
0.0 0.051835089921951294
0.0 0.0518939346075058
0.0 0.05194772034883499
0.0 0.05194990709424019
0.0 0.051988452672958374
0.0 0.052043765783309937
0.0 0.05206970125436783
0.0 0.052289098501205444
0.0 0.05233098194003105
0.0 0.05254757031798363
0.0 0.052597902715206146
0.0 0.05266885459423065
0.0 0.052922505885362625
0.0 0.05294324457645416
0.0 0.05294875428080559
0.0 0.052948977798223495
0.0 0.05295897275209427
0.0 0.05317527800798416
0.0 0.05319128558039665
0.0 0.0533490926027298
0.0 0.053403500467538834
0.0 0.05342025309801102
0.0 0.05347410961985588
0.0 0.05354508385062218
0.0 0.0535656176507473
0.0 0.053760379552841187
0.0 0.053851354867219925
0.0 0.053878843784332275
0.0 0.05393092706799507
0.0 0.0539642870426178
0.0 0.05411500856280327
0.0 0.05419956520199776
0.0 0.054411932826042175
0.0 0.05443061143159866
0.0 0.054450858384370804
0.0 0.05445205047726631
0.0 0.05456817150115967
0.0 0.054648257791996
0.0 0.05465935543179512
0.0 0.054667260497808456
0.0 0.054678600281476974
0.0 0.05470876768231392
0.0 0.05472487583756447
0.0 0.05478839948773384
0.0 0.05485893040895462
0.0 0.054862502962350845
0.0 0.05491928383708
0.0 0.05511133745312691
0.0 0.05527937039732933
0.0 0.05538589507341385
0.0 0.055503182113170624
0.0 0.05562306195497513
0.0 0.05567410960793495
0.0 0.05585319548845291
0.0 0.055891554802656174
0.0 0.05593967065215111
0.0 0.055960189551115036
0.0 0.05614645034074783
0.0 0.05615351349115372
0.0 0.056220199912786484
0.0 0.05633624270558357
0.0 0.056377511471509933
0.0 0.05644527077674866
0.0 0.05646258965134621
0.0 0.056465622037649155
0.0 0.05660167708992958
0.0 0.05660311132669449
0.0 0.05678138509392738
0.0 0.05678325518965721
0.0 0.05683496966958046
0.0 0.056876588612794876
0.0 0.05691695213317871
0.0 0.05691834166646004
0.0 0.05698293074965477
0.0 0.05705643817782402
0.0 0.0572282075881958
0.0 0.05735031142830849
0.0 0.057578977197408676
0.0 0.05759555473923683
0.0 0.057685788720846176
0.0 0.057698804885149
0.0 0.057705361396074295
0.0 0.05790242552757263
0.0 0.057938892394304276
0.0 0.05812124162912369
0.0 0.05817674845457077
0.0 0.058203160762786865
0.0 0.05822164937853813
0.0 0.0582251250743866
0.0 0.0583164319396019
0.0 0.058442506939172745
0.0 0.05865836143493652
0.0 0.05866102874279022
0.0 0.05871530994772911
0.0 0.058721382170915604
0.0 0.05880389362573624
0.0 0.05889516696333885
0.0 0.058903541415929794
0.0 0.0589207224547863
0.0 0.05898658186197281
0.0 0.05911056324839592
0.0 0.059129200875759125
0.0 0.059266332536935806
0.0 0.059267908334732056
0.0 0.059386830776929855
0.0 0.05938996002078056
0.0 0.05945704132318497
0.0 0.0594872422516346
0.0 0.05952876806259155
0.0 0.05961229279637337
0.0 0.05975441634654999
0.0 0.05976714938879013
0.0 0.05978834629058838
0.0 0.05993425473570824
0.0 0.06021744757890701
0.0 0.06031664088368416
0.0 0.06031870096921921
0.0 0.060331687331199646
0.0 0.06060968339443207
0.0 0.06063321977853775
0.0 0.060633741319179535
0.0 0.060729920864105225
0.0 0.060806769877672195
0.0 0.06096187233924866
0.0 0.06096981093287468
0.0 0.060993921011686325
0.0 0.06108654662966728
0.0 0.061233922839164734
0.0 0.06128184497356415
0.0 0.061462778598070145
0.0 0.061552926898002625
0.0 0.06168412044644356
0.0 0.061801161617040634
0.0 0.061915285885334015
0.0 0.0621563084423542
0.0 0.06219062954187393
0.0 0.06229188293218613
0.0 0.06240980699658394
0.0 0.06241363286972046
0.0 0.06257665902376175
0.0 0.06274569779634476
0.0 0.06275395303964615
0.0 0.06281512975692749
0.0 0.0628344789147377
0.0 0.06295645236968994
0.0 0.06303878873586655
0.0 0.06313832104206085
0.0 0.06318406015634537
0.0 0.06319434940814972
0.0 0.06337063014507294
0.0 0.06338301301002502
0.0 0.06348438560962677
0.0 0.06348977982997894
0.0 0.06354495137929916
0.0 0.06355934590101242
0.0 0.06360148638486862
0.0 0.06371935456991196
0.0 0.06372383236885071
0.0 0.06386782974004745
0.0 0.06395400315523148
0.0 0.06399324536323547
0.0 0.06414322555065155
0.0 0.06419014185667038
0.0 0.06433957815170288
0.0 0.06436479836702347
0.0 0.0644097775220871
0.0 0.06441084295511246
0.0 0.06441177427768707
0.0 0.06447702646255493
0.0 0.06462759524583817
0.0 0.06475544720888138
0.0 0.0647747591137886
0.0 0.06501602381467819
0.0 0.06507619470357895
0.0 0.06521627306938171
0.0 0.06523910909891129
0.0 0.06524941325187683
0.0 0.06526925414800644
0.0 0.06540122628211975
0.0 0.0654546245932579
0.0 0.06547940522432327
0.0 0.06574897468090057
0.0 0.0657818540930748
0.0 0.0658261626958847
0.0 0.06593713909387589
0.0 0.06594035029411316
0.0 0.06595517694950104
0.0 0.0660274401307106
0.0 0.0660543441772461
0.0 0.06608393788337708
0.0 0.06613577902317047
0.0 0.06620407849550247
0.0 0.06641387939453125
0.0 0.06659520417451859
0.0 0.06663134694099426
0.0 0.06683740764856339
0.0 0.06683848053216934
0.0 0.06710343062877655
0.0 0.06714478880167007
0.0 0.0671846941113472
0.0 0.06721538305282593
0.0 0.06722401827573776
0.0 0.06723802536725998
0.0 0.06726879626512527
0.0 0.06735650449991226
0.0 0.06748683750629425
0.0 0.06750264018774033
0.0 0.06750641018152237
0.0 0.06764103472232819
0.0 0.06775806099176407
0.0 0.06782645732164383
0.0 0.06799335777759552
0.0 0.06806831061840057
0.0 0.06814990937709808
0.0 0.06817259639501572
0.0 0.0681796446442604
0.0 0.06819300353527069
0.0 0.06829555332660675
0.0 0.06838296353816986
0.0 0.06842169910669327
0.0 0.06852279603481293
0.0 0.06859732419252396
0.0 0.0686422660946846
0.0 0.06869286298751831
0.0 0.06873519718647003
0.0 0.06879449635744095
0.0 0.06887955963611603
0.0 0.06893464922904968
0.0 0.06905173510313034
0.0 0.06905487924814224
0.0 0.06908763200044632
0.0 0.06962168961763382
0.0 0.06967563927173615
0.0 0.06972874701023102
0.0 0.06973577290773392
0.0 0.06973806023597717
0.0 0.06977244466543198
0.0 0.06984493136405945
0.0 0.06996810436248779
0.0 0.07011567056179047
0.0 0.07019037008285522
0.0 0.07034775614738464
0.0 0.07037298381328583
0.0 0.07038331031799316
0.0 0.0703977718949318
0.0 0.07051081210374832
0.0 0.0705464631319046
0.0 0.07060085237026215
0.0 0.07070919871330261
0.0 0.07077836990356445
0.0 0.07080863416194916
0.0 0.07092951983213425
0.0 0.07116025686264038
0.0 0.07139642536640167
0.0 0.07149310410022736
0.0 0.07156721502542496
0.0 0.07183179259300232
0.0 0.07194526493549347
0.0 0.07211126387119293
0.0 0.0722280889749527
0.0 0.0722787156701088
0.0 0.07229582965373993
0.0 0.0723336711525917
0.0 0.07237417995929718
0.0 0.0723944753408432
0.0 0.0724731832742691
0.0 0.07274720817804337
0.0 0.07278808206319809
0.0 0.07279077917337418
0.0 0.07279585301876068
0.0 0.07282543182373047
0.0 0.07307189702987671
0.0 0.07314065843820572
0.0 0.07326097786426544
0.0 0.07329396903514862
0.0 0.07338593900203705
0.0 0.0737035721540451
0.0 0.07400467246770859
0.0 0.07401423901319504
0.0 0.07407734543085098
0.0 0.07411433011293411
0.0 0.07448793947696686
0.0 0.07451649755239487
0.0 0.07468990236520767
0.0 0.07470054924488068
0.0 0.07510192692279816
0.0 0.07511990517377853
0.0 0.07517477124929428
0.0 0.07534468173980713
0.0 0.07538743317127228
0.0 0.07572012394666672
0.0 0.07596972584724426
0.0 0.07603148370981216
0.0 0.07610701769590378
0.0 0.07631459832191467
0.0 0.07657833397388458
0.0 0.07663410902023315
0.0 0.07679476588964462
0.0 0.0770166665315628
0.0 0.07709399610757828
0.0 0.07713013887405396
0.0 0.07713980227708817
0.0 0.07715069502592087
0.0 0.07716246694326401
0.0 0.07717632502317429
0.0 0.07732317596673965
0.0 0.07740337401628494
0.0 0.0775257796049118
0.0 0.07755189388990402
0.0 0.07757864147424698
0.0 0.07760444283485413
0.0 0.07764541357755661
0.0 0.07765892148017883
0.0 0.0776633694767952
0.0 0.07779400050640106
0.0 0.07782658189535141
0.0 0.07786841690540314
0.0 0.07798841595649719
0.0 0.07804909348487854
0.0 0.07805822789669037
0.0 0.07811421155929565
0.0 0.07824471592903137
0.0 0.07826343923807144
0.0 0.07854016870260239
0.0 0.0785536915063858
0.0 0.07883931696414948
0.0 0.07888805121183395
0.0 0.07894992083311081
0.0 0.07924138754606247
0.0 0.07941126078367233
0.0 0.07947010546922684
0.0 0.07956793904304504
0.0 0.07964964956045151
0.0 0.07979445159435272
0.0 0.07995942234992981
0.0 0.08013241738080978
0.0 0.08018440753221512
0.0 0.08022883534431458
0.0 0.08035632222890854
0.0 0.08037005364894867
0.0 0.08067283034324646
0.0 0.08085613697767258
0.0 0.08096015453338623
0.0 0.08117399364709854
0.0 0.08122000098228455
0.0 0.08122652024030685
0.0 0.08123894035816193
0.0 0.08123950660228729
0.0 0.08133791387081146
0.0 0.08144474774599075
0.0 0.0816262885928154
0.0 0.08170939236879349
0.0 0.08183527737855911
0.0 0.08215700089931488
0.0 0.08236637711524963
0.0 0.08266406506299973
0.0 0.08278966695070267
0.0 0.08283630758523941
0.0 0.08346676826477051
0.0 0.08352360129356384
0.0 0.0836426243185997
0.0 0.08374596387147903
0.0 0.08384286612272263
0.0 0.08415314555168152
0.0 0.08419563621282578
0.0 0.08422055095434189
0.0 0.08426660299301147
0.0 0.08441454917192459
0.0 0.08442103117704391
0.0 0.08444789797067642
0.0 0.0850096046924591
0.0 0.08501704037189484
0.0 0.08512776345014572
0.0 0.08548823744058609
0.0 0.08552633225917816
0.0 0.08571320027112961
0.0 0.08588806539773941
0.0 0.086092509329319
0.0 0.08628309518098831
0.0 0.0869532972574234
0.0 0.08695905655622482
0.0 0.08700921386480331
0.0 0.08720267564058304
0.0 0.08792794495820999
0.0 0.08798342198133469
0.0 0.08811285346746445
0.0 0.08811962604522705
0.0 0.08821625262498856
0.0 0.08821751922369003
0.0 0.0882398784160614
0.0 0.08826550841331482
0.0 0.08869558572769165
0.0 0.08876826614141464
0.0 0.08913460373878479
0.0 0.08922144770622253
0.0 0.08930225670337677
0.0 0.08970478922128677
0.0 0.08982359617948532
0.0 0.08986182510852814
0.0 0.08991645276546478
0.0 0.09015544503927231
0.0 0.09018705785274506
0.0 0.09018760919570923
0.0 0.09018900245428085
0.0 0.09023582190275192
0.0 0.09027256816625595
0.0 0.09042082726955414
0.0 0.09053158015012741
0.0 0.09065347164869308
0.0 0.09094644337892532
0.0 0.09099415689706802
0.0 0.09104455262422562
0.0 0.09105616062879562
0.0 0.09109630435705185
0.0 0.09120259433984756
0.0 0.09155911952257156
0.0 0.0916462168097496
0.0 0.09172936528921127
0.0 0.09183923900127411
0.0 0.09190888702869415
0.0 0.09202717244625092
0.0 0.09217575937509537
0.0 0.09221658110618591
0.0 0.09238217025995255
0.0 0.09266333281993866
0.0 0.09327735751867294
0.0 0.09368380159139633
0.0 0.09391244500875473
0.0 0.09417765587568283
0.0 0.09421121329069138
0.0 0.0942528173327446
0.0 0.09431587904691696
0.0 0.09433456510305405
0.0 0.09443763643503189
0.0 0.0945001170039177
0.0 0.09483595192432404
0.0 0.09490054845809937
0.0 0.09519924968481064
0.0 0.09628786891698837
0.0 0.09649719297885895
0.0 0.09691949933767319
0.0 0.09713861346244812
0.0 0.09732794761657715
0.0 0.09735635668039322
0.0 0.09743180125951767
0.0 0.09881612658500671
0.0 0.09985251724720001
0.0 0.10035376995801926
0.0 0.10087636858224869
0.0 0.10231680423021317
0.0 0.10555791109800339
0.0 0.10586082190275192
0.0 0.10613823682069778
0.0 0.11213163286447525
0.0 0.11857958883047104
0.0 0.11912864446640015
0.0 0.1212683916091919
0.0 0.12334734201431274
0.0 0.12579268217086792
0.0 inf
