0.0 0.033546332269907
0.0 0.035015251487493515
0.0 0.03506390377879143
0.0 0.035182464867830276
0.0 0.03523244708776474
0.0 0.03560943156480789
0.0 0.03573676571249962
0.0 0.035764630883932114
0.0 0.03604572266340256
0.0 0.036079082638025284
0.0 0.03610427677631378
0.0 0.03625068813562393
0.0 0.036393679678440094
0.0 0.03666745126247406
0.0 0.03699113801121712
0.0 0.036992985755205154
0.0 0.037437375634908676
0.0 0.037691615521907806
0.0 0.03797423467040062
0.0 0.0380062609910965
0.0 0.03852742537856102
0.0 0.039372168481349945
0.0 0.03945204243063927
0.0 0.039466310292482376
0.0 0.03999017924070358
0.0 0.04025265574455261
0.0 0.0403548926115036
0.0 0.040402114391326904
0.0 0.0404074601829052
0.0 0.04041521996259689
0.0 0.040457695722579956
0.0 0.04075995087623596
0.0 0.04083006829023361
0.0 0.040867630392313004
0.0 0.04089920595288277
0.0 0.041117046028375626
0.0 0.04113900661468506
0.0 0.04120814800262451
0.0 0.04130580648779869
0.0 0.04143400117754936
0.0 0.041434384882450104
0.0 0.04144654795527458
0.0 0.041506312787532806
0.0 0.041521891951560974
0.0 0.042184360325336456
0.0 0.042201071977615356
0.0 0.04231400787830353
0.0 0.04272342845797539
0.0 0.042885445058345795
0.0 0.04293911159038544
0.0 0.04301048815250397
0.0 0.04308631643652916
0.0 0.04311269149184227
0.0 0.043219368904829025
0.0 0.043286122381687164
0.0 0.04329795390367508
0.0 0.043338045477867126
0.0 0.04334215074777603
0.0 0.04337482899427414
0.0 0.043490029871463776
0.0 0.043542489409446716
0.0 0.04361340031027794
0.0 0.043709754943847656
0.0 0.04371526837348938
0.0 0.04379631578922272
0.0 0.043862197548151016
0.0 0.04386676847934723
0.0 0.0440203957259655
0.0 0.04408209025859833
0.0 0.044104039669036865
0.0 0.04414872080087662
0.0 0.044152867048978806
0.0 0.044153884053230286
0.0 0.04430374503135681
0.0 0.04431257024407387
0.0 0.04444132372736931
0.0 0.044488128274679184
0.0 0.04449532553553581
0.0 0.04452166706323624
0.0 0.04461171105504036
0.0 0.04464634880423546
0.0 0.0446758009493351
0.0 0.04471706226468086
0.0 0.044844143092632294
0.0 0.044844385236501694
0.0 0.04488195478916168
0.0 0.04494472220540047
0.0 0.044964905828237534
0.0 0.04503859952092171
0.0 0.04504521191120148
0.0 0.045147594064474106
0.0 0.04525373876094818
0.0 0.045391522347927094
0.0 0.045434534549713135
0.0 0.045458558946847916
0.0 0.045477285981178284
0.0 0.04550495743751526
0.0 0.04553736746311188
0.0 0.04554684832692146
0.0 0.04554898291826248
0.0 0.04558853432536125
0.0 0.045609574764966965
0.0 0.045628152787685394
0.0 0.04570089653134346
0.0 0.04570163041353226
0.0 0.04574756324291229
0.0 0.04581199213862419
0.0 0.04583502560853958
0.0 0.04586915671825409
0.0 0.04589291661977768
0.0 0.04594574123620987
0.0 0.04598142206668854
0.0 0.04608101770281792
0.0 0.046094104647636414
0.0 0.04626831039786339
0.0 0.046299390494823456
0.0 0.04638161137700081
0.0 0.04648873209953308
0.0 0.046493783593177795
0.0 0.046637993305921555
0.0 0.04664897546172142
0.0 0.046679627150297165
0.0 0.04671137407422066
0.0 0.04676695913076401
0.0 0.04680665582418442
0.0 0.04685550928115845
0.0 0.046880338340997696
0.0 0.04691331461071968
0.0 0.04694834351539612
0.0 0.04695223644375801
0.0 0.04698892682790756
0.0 0.04700733348727226
0.0 0.04703693464398384
0.0 0.047240011394023895
0.0 0.04724454879760742
0.0 0.04737614467740059
0.0 0.04746777564287186
0.0 0.04750271141529083
0.0 0.04755572974681854
0.0 0.0476558618247509
0.0 0.04772784933447838
0.0 0.04780459776520729
0.0 0.04782239720225334
0.0 0.04788313806056976
0.0 0.04793592914938927
0.0 0.04801725223660469
0.0 0.04802382364869118
0.0 0.04806198924779892
0.0 0.04809968173503876
0.0 0.048140332102775574
0.0 0.048146381974220276
0.0 0.04820045456290245
0.0 0.04821190610527992
0.0 0.048308368772268295
0.0 0.04832153767347336
0.0 0.04834459349513054
0.0 0.04844370111823082
0.0 0.04844879359006882
0.0 0.04846200346946716
0.0 0.0485542006790638
0.0 0.048663195222616196
0.0 0.04873049631714821
0.0 0.048835691064596176
0.0 0.04889242351055145
0.0 0.04897323250770569
0.0 0.04901044815778732
0.0 0.04907636716961861
0.0 0.04910200461745262
0.0 0.04910280928015709
0.0 0.04914461448788643
0.0 0.04920584708452225
0.0 0.04921462759375572
0.0 0.04924310743808746
0.0 0.04936689883470535
0.0 0.04946916922926903
0.0 0.0495373010635376
0.0 0.04959236830472946
0.0 0.049659259617328644
0.0 0.049669887870550156
0.0 0.049770984798669815
0.0 0.04994998127222061
0.0 0.04998447746038437
0.0 0.05000113323330879
0.0 0.050014812499284744
0.0 0.05002913251519203
0.0 0.05004751682281494
0.0 0.050085537135601044
0.0 0.050090350210666656
0.0 0.05013604834675789
0.0 0.05018388107419014
0.0 0.050345055758953094
0.0 0.05043848976492882
0.0 0.050528913736343384
0.0 0.050782885402441025
0.0 0.050842754542827606
0.0 0.05089928209781647
0.0 0.05091066285967827
0.0 0.05099038407206535
0.0 0.05119937285780907
0.0 0.05122216045856476
0.0 0.05125956982374191
0.0 0.05127296969294548
0.0 0.05131728947162628
0.0 0.051349375396966934
0.0 0.051415830850601196
0.0 0.051573775708675385
0.0 0.05181948095560074
0.0 0.05192966386675835
0.0 0.052089571952819824
0.0 0.052178412675857544
0.0 0.05218551680445671
0.0 0.05224113538861275
0.0 0.052241839468479156
0.0 0.052288807928562164
0.0 0.05231371894478798
0.0 0.05231697857379913
0.0 0.052340228110551834
0.0 0.0523410402238369
0.0 0.05238926783204079
0.0 0.05239126831293106
0.0 0.052680883556604385
0.0 0.052710361778736115
0.0 0.05271707847714424
0.0 0.05273347347974777
0.0 0.05276552215218544
0.0 0.05277621001005173
0.0 0.05283519625663757
0.0 0.05286439135670662
0.0 0.052872322499752045
0.0 0.05302340164780617
0.0 0.05302995443344116
0.0 0.053045764565467834
0.0 0.05307380110025406
0.0 0.05308821052312851
0.0 0.05314791575074196
0.0 0.05335220694541931
0.0 0.0533725880086422
0.0 0.05337781831622124
0.0 0.053467921912670135
0.0 0.053536899387836456
0.0 0.05358240380883217
0.0 0.05372873321175575
0.0 0.05392409861087799
0.0 0.05404675751924515
0.0 0.054087910801172256
0.0 0.0541047528386116
0.0 0.05417932569980621
0.0 0.05426011607050896
0.0 0.05428376793861389
0.0 0.05435838922858238
0.0 0.05440035089850426
0.0 0.05442889407277107
0.0 0.05443183332681656
0.0 0.05448082461953163
0.0 0.05449461191892624
0.0 0.054538797587156296
0.0 0.05464690178632736
0.0 0.0546855553984642
0.0 0.05490357428789139
0.0 0.05494097247719765
0.0 0.05510036647319794
0.0 0.05522369593381882
0.0 0.0553940013051033
0.0 0.055448319762945175
0.0 0.0554768331348896
0.0 0.055746376514434814
0.0 0.055991031229496
0.0 0.05599327012896538
0.0 0.05601935461163521
0.0 0.05612639710307121
0.0 0.05612679943442345
0.0 0.05612771958112717
0.0 0.056133754551410675
0.0 0.05614417791366577
0.0 0.05619097128510475
0.0 0.05621899664402008
0.0 0.05625438690185547
0.0 0.05629637464880943
0.0 0.05636709928512573
0.0 0.056404419243335724
0.0 0.0564371794462204
0.0 0.05644230917096138
0.0 0.05654287338256836
0.0 0.0566222108900547
0.0 0.05670846253633499
0.0 0.05675296485424042
0.0 0.05676080659031868
0.0 0.056816503405570984
0.0 0.05682719871401787
0.0 0.05684011057019234
0.0 0.05686419829726219
0.0 0.057017404586076736
0.0 0.05707186087965965
0.0 0.05709017813205719
0.0 0.057206276804208755
0.0 0.05725620314478874
0.0 0.05727129057049751
0.0 0.05729398503899574
0.0 0.05734175071120262
0.0 0.05741928145289421
0.0 0.057491883635520935
0.0 0.05752462521195412
0.0 0.05764712765812874
0.0 0.057672563940286636
0.0 0.05777471512556076
0.0 0.057826001197099686
0.0 0.058054860681295395
0.0 0.05814042687416077
0.0 0.05817285552620888
0.0 0.05830409750342369
0.0 0.058305900543928146
0.0 0.05837244912981987
0.0 0.05847840756177902
0.0 0.058530937880277634
0.0 0.05867796391248703
0.0 0.05880269780755043
0.0 0.0588715635240078
0.0 0.058999571949243546
0.0 0.05905037000775337
0.0 0.05914515256881714
0.0 0.05925530940294266
0.0 0.05928531661629677
0.0 0.059376586228609085
0.0 0.05951489135622978
0.0 0.05962946265935898
0.0 0.05975539982318878
0.0 0.05984160304069519
0.0 0.059846486896276474
0.0 0.05996214598417282
0.0 0.05996865779161453
0.0 0.06005142256617546
0.0 0.06007612869143486
0.0 0.06012235954403877
0.0 0.060294538736343384
0.0 0.06037270650267601
0.0 0.06056368723511696
0.0 0.06080335006117821
0.0 0.06083051115274429
0.0 0.06096039339900017
0.0 0.06096683815121651
0.0 0.06104372814297676
0.0 0.06105058640241623
0.0 0.061091069132089615
0.0 0.061095986515283585
0.0 0.061201050877571106
0.0 0.06127454340457916
0.0 0.06128126382827759
0.0 0.06143103167414665
0.0 0.061466068029403687
0.0 0.06159089878201485
0.0 0.06162678077816963
0.0 0.062060657888650894
0.0 0.062194038182497025
0.0 0.06240931153297424
0.0 0.06256448477506638
0.0 0.06268835067749023
0.0 0.06293069571256638
0.0 0.06298867613077164
0.0 0.06300932168960571
0.0 0.0632350966334343
0.0 0.06340523064136505
0.0 0.06346356868743896
0.0 0.06359993666410446
0.0 0.06373850256204605
0.0 0.06377575546503067
0.0 0.06377678364515305
0.0 0.06410614401102066
0.0 0.06424709409475327
0.0 0.06424806267023087
0.0 0.06436694413423538
0.0 0.06439319998025894
0.0 0.06444687396287918
0.0 0.06449899077415466
0.0 0.06454591453075409
0.0 0.06457740068435669
0.0 0.06459612399339676
0.0 0.06464879214763641
0.0 0.06484657526016235
0.0 0.0648547038435936
0.0 0.06513180583715439
0.0 0.06519117206335068
0.0 0.06523734331130981
0.0 0.06526274979114532
0.0 0.06536877155303955
0.0 0.06543321162462234
0.0 0.0654716044664383
0.0 0.06550862640142441
0.0 0.06560583412647247
0.0 0.0656917542219162
0.0 0.0659295842051506
0.0 0.06597772985696793
0.0 0.06602723896503448
0.0 0.06607817858457565
0.0 0.06613245606422424
0.0 0.06647307425737381
0.0 0.06657609343528748
0.0 0.06661439687013626
0.0 0.06662672013044357
0.0 0.06669154763221741
0.0 0.06688770651817322
0.0 0.0671202763915062
0.0 0.06713717430830002
0.0 0.06734506040811539
0.0 0.06757955998182297
0.0 0.06775125861167908
0.0 0.0677710622549057
0.0 0.06777169555425644
0.0 0.06792650371789932
0.0 0.06829099357128143
0.0 0.06840313225984573
0.0 0.06844077259302139
0.0 0.06844787299633026
0.0 0.06906621903181076
0.0 0.0690942108631134
0.0 0.06950026750564575
0.0 0.0695604607462883
0.0 0.06978268176317215
0.0 0.06979940831661224
0.0 0.06992952525615692
0.0 0.07006262242794037
0.0 0.07006274908781052
0.0 0.07028866559267044
0.0 0.07041012495756149
0.0 0.070438452064991
0.0 0.07063374668359756
0.0 0.07140479236841202
0.0 0.07144872099161148
0.0 0.07186416536569595
0.0 0.0722641870379448
0.0 0.07240277528762817
0.0 0.07245013117790222
0.0 0.07246624678373337
0.0 0.0725637748837471
0.0 0.07264096289873123
0.0 0.07291954010725021
0.0 0.07292152941226959
0.0 0.07299663126468658
0.0 0.07309528440237045
0.0 0.07332231849431992
0.0 0.07345137000083923
0.0 0.07359056174755096
0.0 0.07380855828523636
0.0 0.07422969490289688
0.0 0.07433809340000153
0.0 0.07438185811042786
0.0 0.0744553878903389
0.0 0.07462627440690994
0.0 0.07505640387535095
0.0 0.07610280811786652
0.0 0.0761212557554245
0.0 0.0761546641588211
0.0 0.0761929377913475
0.0 0.07635074108839035
0.0 0.07637853175401688
0.0 0.07651208341121674
0.0 0.07657337188720703
0.0 0.07680158317089081
0.0 0.0768342837691307
0.0 0.07691974192857742
0.0 0.07736097276210785
0.0 0.07836128026247025
0.0 0.07846932113170624
0.0 0.07866037636995316
0.0 0.07878146320581436
0.0 0.0789700448513031
0.0 0.07908651232719421
0.0 0.07935334742069244
0.0 0.07957955449819565
0.0 0.07963602989912033
0.0 0.08010929077863693
0.0 0.08021879196166992
0.0 0.0805157795548439
0.0 0.08213415741920471
0.0 0.08255379647016525
0.0 0.08274547755718231
0.0 0.08285074681043625
0.0 0.08287707716226578
0.0 0.08293123543262482
0.0 0.08297115564346313
0.0 0.08425799757242203
0.0 0.0842704325914383
0.0 0.08433915674686432
0.0 0.08451850712299347
0.0 0.08461623638868332
0.0 0.0849844217300415
0.0 0.08537214994430542
0.0 0.08650325238704681
0.0 0.08680810779333115
0.0 0.0868891030550003
0.0 0.08722434192895889
0.0 0.08727988600730896
0.0 0.0881246030330658
0.0 0.08847101032733917
0.0 0.08906364440917969
0.0 0.0908779576420784
0.0 0.09331824630498886
0.0 0.09460580348968506
0.0 0.09599994122982025
0.0 0.09650132805109024
0.0 0.09730935096740723
0.0 0.09744790941476822
0.0 0.0987539142370224
0.0 0.10159053653478622
0.0 0.10237035155296326
0.0 0.10473302751779556
0.0 0.11424627155065536
0.0 0.12438157945871353
0.0 0.14709234237670898
0.0 0.14722484350204468
0.0 0.1579040139913559
0.0 0.15929456055164337
0.0 inf
