0.0 0.04176465421915054
0.0 0.04296591505408287
0.0 0.04660874232649803
0.0 0.047218866646289825
0.0 0.0480356328189373
0.0 0.04811522364616394
0.0 0.04813288152217865
0.0 0.04828229919075966
0.0 0.04892619699239731
0.0 0.04902636632323265
0.0 0.04922589287161827
0.0 0.050513021647930145
0.0 0.051079921424388885
0.0 0.051540225744247437
0.0 0.05271460860967636
0.0 0.053155913949012756
0.0 0.05316096171736717
0.0 0.05336331948637962
0.0 0.053789205849170685
0.0 0.05389847978949547
0.0 0.054020803421735764
0.0 0.05452026426792145
0.0 0.05494392663240433
0.0 0.05510418489575386
0.0 0.0552615225315094
0.0 0.05531744286417961
0.0 0.0558234266936779
0.0 0.055979836732149124
0.0 0.05609991028904915
0.0 0.05646742135286331
0.0 0.05704854801297188
0.0 0.05728701502084732
0.0 0.05738583207130432
0.0 0.05751233920454979
0.0 0.057644542306661606
0.0 0.057828377932310104
0.0 0.05789205804467201
0.0 0.05797130614519119
0.0 0.05800187587738037
0.0 0.058206651359796524
0.0 0.05837874859571457
0.0 0.0584295429289341
0.0 0.05890095606446266
0.0 0.05906352028250694
0.0 0.05925346538424492
0.0 0.0597163662314415
0.0 0.06013702228665352
0.0 0.0602230504155159
0.0 0.060313813388347626
0.0 0.06032079458236694
0.0 0.06038195267319679
0.0 0.06038251891732216
0.0 0.06042804196476936
0.0 0.06047903746366501
0.0 0.06052389368414879
0.0 0.06069770082831383
0.0 0.060834839940071106
0.0 0.0610429011285305
0.0 0.06113641336560249
0.0 0.06122341379523277
0.0 0.061246369034051895
0.0 0.06134837865829468
0.0 0.061559345573186874
0.0 0.06159462779760361
0.0 0.06169489398598671
0.0 0.061770886182785034
0.0 0.061779484152793884
0.0 0.061883822083473206
0.0 0.06198403611779213
0.0 0.06205153092741966
0.0 0.06210331991314888
0.0 0.06230364739894867
0.0 0.062307678163051605
0.0 0.062330011278390884
0.0 0.06239622086286545
0.0 0.06242053210735321
0.0 0.0626479983329773
0.0 0.0626501515507698
0.0 0.0626707598567009
0.0 0.0628008246421814
0.0 0.0629500299692154
0.0 0.0630967766046524
0.0 0.06311692297458649
0.0 0.06317930668592453
0.0 0.06318666785955429
0.0 0.0632358193397522
0.0 0.06330322474241257
0.0 0.06339985132217407
0.0 0.06348571181297302
0.0 0.06366882473230362
0.0 0.06367890536785126
0.0 0.06384491920471191
0.0 0.06389723718166351
0.0 0.06391175836324692
0.0 0.06405715644359589
0.0 0.0640990287065506
0.0 0.06418468058109283
0.0 0.06419916450977325
0.0 0.06426318734884262
0.0 0.06428918242454529
0.0 0.0643603578209877
0.0 0.06436258554458618
0.0 0.064458929002285
0.0 0.06449039280414581
0.0 0.06459281593561172
0.0 0.06464062631130219
0.0 0.06477554887533188
0.0 0.0647834911942482
0.0 0.06487099826335907
0.0 0.06499774754047394
0.0 0.06503008306026459
0.0 0.06504997611045837
0.0 0.0651019886136055
0.0 0.06511305272579193
0.0 0.06513600796461105
0.0 0.06515625864267349
0.0 0.06532852351665497
0.0 0.06537412852048874
0.0 0.06538953632116318
0.0 0.06573658436536789
0.0 0.0657409280538559
0.0 0.06585770100355148
0.0 0.06589601933956146
0.0 0.06597480922937393
0.0 0.06625086069107056
0.0 0.06629260629415512
0.0 0.06630498915910721
0.0 0.06643936783075333
0.0 0.06649384647607803
0.0 0.06657491624355316
0.0 0.06664814800024033
0.0 0.06671467423439026
0.0 0.06680110096931458
0.0 0.06680842489004135
0.0 0.06683839857578278
0.0 0.06695080548524857
0.0 0.06697174906730652
0.0 0.06699264049530029
0.0 0.06706614792346954
0.0 0.06707242131233215
0.0 0.06708367168903351
0.0 0.06712744385004044
0.0 0.06714870035648346
0.0 0.0671636089682579
0.0 0.06717278808355331
0.0 0.06719359755516052
0.0 0.06728148460388184
0.0 0.06734027713537216
0.0 0.06736097484827042
0.0 0.06751216948032379
0.0 0.06758589297533035
0.0 0.06772331893444061
0.0 0.06772957742214203
0.0 0.06777045130729675
0.0 0.06787531077861786
0.0 0.06811722368001938
0.0 0.06821423023939133
0.0 0.0684046745300293
0.0 0.06841638684272766
0.0 0.06846486777067184
0.0 0.06847518682479858
0.0 0.06850027292966843
0.0 0.06859414279460907
0.0 0.06860717386007309
0.0 0.06872281432151794
0.0 0.06878866255283356
0.0 0.06879709661006927
0.0 0.06880238652229309
0.0 0.06887812167406082
0.0 0.06888293474912643
0.0 0.06892129778862
0.0 0.06896571069955826
0.0 0.06906957179307938
0.0 0.06907980889081955
0.0 0.06909101456403732
0.0 0.06920722872018814
0.0 0.06955979019403458
0.0 0.06961874663829803
0.0 0.06963372975587845
0.0 0.0696382075548172
0.0 0.06965016573667526
0.0 0.06983553618192673
0.0 0.06996214389801025
0.0 0.07002460211515427
0.0 0.07004697620868683
0.0 0.07005269825458527
0.0 0.07012538611888885
0.0 0.0704355239868164
0.0 0.0704590380191803
0.0 0.07060284912586212
0.0 0.07082930207252502
0.0 0.07101985812187195
0.0 0.07118235528469086
0.0 0.0712786316871643
0.0 0.07136711478233337
0.0 0.07150193303823471
0.0 0.0715714693069458
0.0 0.0715850219130516
0.0 0.07167866080999374
0.0 0.07177300751209259
0.0 0.0717926174402237
0.0 0.07187459617853165
0.0 0.07188031822443008
0.0 0.07196744531393051
0.0 0.07203272730112076
0.0 0.07205414772033691
0.0 0.07217586785554886
0.0 0.0722750872373581
0.0 0.07239314913749695
0.0 0.0725679099559784
0.0 0.07268065214157104
0.0 0.07285745441913605
0.0 0.07289186865091324
0.0 0.07306176424026489
0.0 0.07307659834623337
0.0 0.07332500070333481
0.0 0.07339102029800415
0.0 0.07346010953187943
0.0 0.07368505746126175
0.0 0.07387137413024902
0.0 0.07387246191501617
0.0 0.07391265034675598
0.0 0.07393515110015869
0.0 0.07397349923849106
0.0 0.07400170713663101
0.0 0.07407590746879578
0.0 0.0742042139172554
0.0 0.07422646880149841
0.0 0.07424895465373993
0.0 0.07431670278310776
0.0 0.07438438385725021
0.0 0.07443301379680634
0.0 0.07455667853355408
0.0 0.07461214810609818
0.0 0.07461507618427277
0.0 0.07468809932470322
0.0 0.07480327039957047
0.0 0.07484845072031021
0.0 0.07485653460025787
0.0 0.07486473768949509
0.0 0.07486756891012192
0.0 0.07488839328289032
0.0 0.07489528506994247
0.0 0.07492197304964066
0.0 0.07500603049993515
0.0 0.07525666803121567
0.0 0.07529322803020477
0.0 0.07557579129934311
0.0 0.0757494866847992
0.0 0.07605784386396408
0.0 0.07606156170368195
0.0 0.07606928795576096
0.0 0.07616829872131348
0.0 0.07640654593706131
0.0 0.07651463896036148
0.0 0.07651986181735992
0.0 0.07657228410243988
0.0 0.0766727402806282
0.0 0.07667279988527298
0.0 0.07667557150125504
0.0 0.07668359577655792
0.0 0.07672703266143799
0.0 0.07685046643018723
0.0 0.07691987603902817
0.0 0.07706126570701599
0.0 0.07707859575748444
0.0 0.07743542641401291
0.0 0.07745645940303802
0.0 0.0775437206029892
0.0 0.0776100605726242
0.0 0.0777885839343071
0.0 0.07792859524488449
0.0 0.07813049107789993
0.0 0.07834344357252121
0.0 0.07834367454051971
0.0 0.07841484993696213
0.0 0.07846460491418839
0.0 0.07867895811796188
0.0 0.07882107049226761
0.0 0.07886955887079239
0.0 0.07887691259384155
0.0 0.07896941900253296
0.0 0.07906875014305115
0.0 0.0791417732834816
0.0 0.07919228076934814
0.0 0.07971987873315811
0.0 0.0797821432352066
0.0 0.07983829081058502
0.0 0.07989108562469482
0.0 0.08008678257465363
0.0 0.08018027245998383
0.0 0.0802074447274208
0.0 0.0802193433046341
0.0 0.08023238927125931
0.0 0.08032717555761337
0.0 0.0804419070482254
0.0 0.08054026961326599
0.0 0.0805431604385376
0.0 0.08054894953966141
0.0 0.08060633391141891
0.0 0.08121762424707413
0.0 0.08122757822275162
0.0 0.08131295442581177
0.0 0.08141255378723145
0.0 0.08153238892555237
0.0 0.0816417708992958
0.0 0.08167926222085953
0.0 0.08168254792690277
0.0 0.08177158236503601
0.0 0.08183811604976654
0.0 0.08187676966190338
0.0 0.08192212879657745
0.0 0.08195936679840088
0.0 0.08202119916677475
0.0 0.08206921070814133
0.0 0.08214341849088669
0.0 0.0822092816233635
0.0 0.08236220479011536
0.0 0.08262770622968674
0.0 0.08273244649171829
0.0 0.08305090665817261
0.0 0.08305646479129791
0.0 0.0832141786813736
0.0 0.08328469097614288
0.0 0.08344049751758575
0.0 0.08346973359584808
0.0 0.08363324403762817
0.0 0.08363444358110428
0.0 0.083753302693367
0.0 0.08395888656377792
0.0 0.08404367417097092
0.0 0.08407217264175415
0.0 0.08408889919519424
0.0 0.08423595130443573
0.0 0.08456015586853027
0.0 0.08460569381713867
0.0 0.08468416333198547
0.0 0.0846971794962883
0.0 0.0847797691822052
0.0 0.08505263179540634
0.0 0.08507756143808365
0.0 0.08513953536748886
0.0 0.08514010161161423
0.0 0.08518192172050476
0.0 0.08531221747398376
0.0 0.08544815331697464
0.0 0.08546759188175201
0.0 0.0858110636472702
0.0 0.08590152859687805
0.0 0.08598235994577408
0.0 0.08609972894191742
0.0 0.08610052615404129
0.0 0.08621580898761749
0.0 0.0862840861082077
0.0 0.08634014427661896
0.0 0.0865076556801796
0.0 0.08665105700492859
0.0 0.08666044473648071
0.0 0.08672209829092026
0.0 0.08680350333452225
0.0 0.08682102710008621
0.0 0.08700674772262573
0.0 0.08703920245170593
0.0 0.08707454800605774
0.0 0.08727963268756866
0.0 0.08729252964258194
0.0 0.08729712665081024
0.0 0.08750934153795242
0.0 0.08760316669940948
0.0 0.08772259205579758
0.0 0.08776815980672836
0.0 0.08779242634773254
0.0 0.08787769079208374
0.0 0.08796881139278412
0.0 0.08820877224206924
0.0 0.08835271000862122
0.0 0.08862464129924774
0.0 0.08863568305969238
0.0 0.08866390585899353
0.0 0.08866499364376068
0.0 0.0888223946094513
0.0 0.08884565532207489
0.0 0.08885861933231354
0.0 0.08890968561172485
0.0 0.08896375447511673
0.0 0.08901426941156387
0.0 0.08906006067991257
0.0 0.08915239572525024
0.0 0.08955033123493195
0.0 0.08955241739749908
0.0 0.08956755697727203
0.0 0.08960113674402237
0.0 0.08992325514554977
0.0 0.09013387560844421
0.0 0.09025836735963821
0.0 0.09034477919340134
0.0 0.0905238464474678
0.0 0.09075061231851578
0.0 0.0908195748925209
0.0 0.09100905805826187
0.0 0.09101936221122742
0.0 0.09124742448329926
0.0 0.09129659086465836
0.0 0.09159518033266068
0.0 0.09170349687337875
0.0 0.09201035648584366
0.0 0.09215862303972244
0.0 0.09221005439758301
0.0 0.09225417673587799
0.0 0.09227313101291656
0.0 0.09230787307024002
0.0 0.09244967252016068
0.0 0.09245671331882477
0.0 0.09264441579580307
0.0 0.09275999665260315
0.0 0.09308276325464249
0.0 0.0931062251329422
0.0 0.09345129132270813
0.0 0.09397505968809128
0.0 0.09401608258485794
0.0 0.09422202408313751
0.0 0.09426938742399216
0.0 0.09432469308376312
0.0 0.09434139728546143
0.0 0.09436574578285217
0.0 0.09449012577533722
0.0 0.0945928543806076
0.0 0.09518862515687943
0.0 0.09557382762432098
0.0 0.09567735344171524
0.0 0.09571880847215652
0.0 0.0958905965089798
0.0 0.09609836339950562
0.0 0.09619984030723572
0.0 0.0966159999370575
0.0 0.09679925441741943
0.0 0.09692271053791046
0.0 0.096926249563694
0.0 0.0972360298037529
0.0 0.09741836041212082
0.0 0.09754126518964767
0.0 0.09756097197532654
0.0 0.0981479361653328
0.0 0.09819739311933517
0.0 0.09848210960626602
0.0 0.09900711476802826
0.0 0.10009310394525528
0.0 0.10042199492454529
0.0 0.10045093297958374
0.0 0.10073961317539215
0.0 0.10150617361068726
0.0 0.10176357626914978
0.0 0.10214471817016602
0.0 0.10281863063573837
0.0 0.10290248692035675
0.0 0.10298559069633484
0.0 0.10302644968032837
0.0 0.10349013656377792
0.0 0.1035325676202774
0.0 0.10353583842515945
0.0 0.10371492058038712
0.0 0.10393451154232025
0.0 0.10393749922513962
0.0 0.10422462970018387
0.0 0.10434658080339432
0.0 0.10461917519569397
0.0 0.10473758727312088
0.0 0.10581876337528229
0.0 0.10682214796543121
0.0 0.10695846378803253
0.0 0.10710787028074265
0.0 0.10719232261180878
0.0 0.10786769539117813
0.0 0.10790261626243591
0.0 0.10809885710477829
0.0 0.10825224965810776
0.0 0.10866519063711166
0.0 0.1091139018535614
0.0 0.10944939404726028
0.0 0.10946200042963028
0.0 0.11002665013074875
0.0 0.11066317558288574
0.0 0.11069673299789429
0.0 0.1109759733080864
0.0 0.11202959716320038
0.0 0.11220097541809082
0.0 0.11224298179149628
0.0 0.11247966438531876
0.0 0.11283411830663681
0.0 0.11316721886396408
0.0 0.11343070864677429
0.0 0.11414305120706558
0.0 0.1143646314740181
0.0 0.11457974463701248
0.0 0.11563403904438019
0.0 0.11627951264381409
0.0 0.11630114912986755
0.0 0.11735082417726517
0.0 0.1188180074095726
0.0 0.11887011677026749
0.0 0.12155954539775848
0.0 0.12292814254760742
0.0 0.12309762835502625
0.0 0.1242394894361496
0.0 0.12577086687088013
0.0 0.12951968610286713
0.0 0.13166587054729462
0.0 0.13314877450466156
0.0 0.14282429218292236
0.0 0.14882004261016846
0.0 0.14888812601566315
0.0 inf
