0.0 0.036010339856147766
0.0 0.03713897615671158
0.0 0.037453196942806244
0.0 0.03748392313718796
0.0 0.03755670785903931
0.0 0.037648141384124756
0.0 0.03767766058444977
0.0 0.03797115385532379
0.0 0.038014307618141174
0.0 0.03810986503958702
0.0 0.03826112300157547
0.0 0.038385313004255295
0.0 0.038491420447826385
0.0 0.03918704017996788
0.0 0.039227645844221115
0.0 0.039279643446207047
0.0 0.039575859904289246
0.0 0.039745040237903595
0.0 0.04003465920686722
0.0 0.040327731519937515
0.0 0.04053160548210144
0.0 0.040693558752536774
0.0 0.041112180799245834
0.0 0.041194360703229904
0.0 0.04136247932910919
0.0 0.041512005031108856
0.0 0.04165749251842499
0.0 0.04194828122854233
0.0 0.042013052850961685
0.0 0.0421864315867424
0.0 0.04228183999657631
0.0 0.04235195741057396
0.0 0.04238211363554001
0.0 0.04244513809680939
0.0 0.04250882565975189
0.0 0.04268309846520424
0.0 0.042695820331573486
0.0 0.042709507048130035
0.0 0.04297209903597832
0.0 0.04302777722477913
0.0 0.04304520785808563
0.0 0.04313641041517258
0.0 0.043143533170223236
0.0 0.04318295046687126
0.0 0.043227896094322205
0.0 0.04337447136640549
0.0 0.04339931160211563
0.0 0.04340636730194092
0.0 0.043529003858566284
0.0 0.043531227856874466
0.0 0.04368284344673157
0.0 0.043706197291612625
0.0 0.04378412663936615
0.0 0.04391862452030182
0.0 0.04418759047985077
0.0 0.04420722275972366
0.0 0.044396355748176575
0.0 0.04444127157330513
0.0 0.044486697763204575
0.0 0.044568922370672226
0.0 0.044665008783340454
0.0 0.04468149691820145
0.0 0.04471873492002487
0.0 0.04477398842573166
0.0 0.04487812519073486
0.0 0.04525329917669296
0.0 0.04529985040426254
0.0 0.04531664773821831
0.0 0.0453539602458477
0.0 0.045371171087026596
0.0 0.045403823256492615
0.0 0.045526597648859024
0.0 0.04558422043919563
0.0 0.04569364711642265
0.0 0.04570998623967171
0.0 0.045773327350616455
0.0 0.04584170877933502
0.0 0.04587959870696068
0.0 0.045900292694568634
0.0 0.045977748930454254
0.0 0.046051979064941406
0.0 0.04606620967388153
0.0 0.04614734277129173
0.0 0.0461905263364315
0.0 0.046238407492637634
0.0 0.046408314257860184
0.0 0.046410247683525085
0.0 0.04643972963094711
0.0 0.046449270099401474
0.0 0.04650847241282463
0.0 0.04657505825161934
0.0 0.0466730110347271
0.0 0.04669201746582985
0.0 0.04673042893409729
0.0 0.046800121665000916
0.0 0.04681309685111046
0.0 0.04683392867445946
0.0 0.04690536484122276
0.0 0.04704110324382782
0.0 0.04705432429909706
0.0 0.04713602736592293
0.0 0.04716087132692337
0.0 0.04719705879688263
0.0 0.04729094356298447
0.0 0.04743029922246933
0.0 0.04748815298080444
0.0 0.04782137647271156
0.0 0.04784850776195526
0.0 0.0478937104344368
0.0 0.04789864271879196
0.0 0.04800526052713394
0.0 0.048013836145401
0.0 0.04805934801697731
0.0 0.04808048531413078
0.0 0.04812696948647499
0.0 0.04813837632536888
0.0 0.04824500158429146
0.0 0.04832249879837036
0.0 0.04840385913848877
0.0 0.04848102107644081
0.0 0.04855460673570633
0.0 0.048590630292892456
0.0 0.048677653074264526
0.0 0.04877365753054619
0.0 0.04888737574219704
0.0 0.04891593009233475
0.0 0.04901829734444618
0.0 0.04902948811650276
0.0 0.04904352128505707
0.0 0.04922867193818092
0.0 0.04926181957125664
0.0 0.04937315732240677
0.0 0.04940908029675484
0.0 0.04943756386637688
0.0 0.04947131872177124
0.0 0.049486272037029266
0.0 0.04950186610221863
0.0 0.049517687410116196
0.0 0.04952050372958183
0.0 0.04959406703710556
0.0 0.04963746666908264
0.0 0.04973914474248886
0.0 0.04975733533501625
0.0 0.049806684255599976
0.0 0.049844443798065186
0.0 0.049873366951942444
0.0 0.04990548640489578
0.0 0.04994536191225052
0.0 0.0500042662024498
0.0 0.050119590014219284
0.0 0.05012127757072449
0.0 0.05020078644156456
0.0 0.050224460661411285
0.0 0.050232402980327606
0.0 0.050275932997465134
0.0 0.050315674394369125
0.0 0.0503261499106884
0.0 0.050329845398664474
0.0 0.05035698413848877
0.0 0.0504339225590229
0.0 0.05045248195528984
0.0 0.05046844854950905
0.0 0.050478871911764145
0.0 0.05054516717791557
0.0 0.05061966925859451
0.0 0.05068817362189293
0.0 0.05084206908941269
0.0 0.05086321383714676
0.0 0.050934720784425735
0.0 0.05103196203708649
0.0 0.051204863935709
0.0 0.05123959854245186
0.0 0.05126504227519035
0.0 0.05132216960191727
0.0 0.05138964578509331
0.0 0.05149346962571144
0.0 0.051551539450883865
0.0 0.05156136676669121
0.0 0.05159014090895653
0.0 0.051643356680870056
0.0 0.051668137311935425
0.0 0.051712144166231155
0.0 0.05172178894281387
0.0 0.05172375589609146
0.0 0.051790643483400345
0.0 0.05180474370718002
0.0 0.05185437574982643
0.0 0.051867421716451645
0.0 0.05192522332072258
0.0 0.05195320397615433
0.0 0.05195748805999756
0.0 0.051977112889289856
0.0 0.05202505365014076
0.0 0.05210583284497261
0.0 0.05211107060313225
0.0 0.05212630331516266
0.0 0.05223042517900467
0.0 0.05224619805812836
0.0 0.05224651098251343
0.0 0.05227796733379364
0.0 0.05233807489275932
0.0 0.05254727974534035
0.0 0.0525602251291275
0.0 0.052567195147275925
0.0 0.052602626383304596
0.0 0.05273139476776123
0.0 0.05274485796689987
0.0 0.05278254672884941
0.0 0.05281921103596687
0.0 0.05286156013607979
0.0 0.052895933389663696
0.0 0.05290692299604416
0.0 0.05291622504591942
0.0 0.052930667996406555
0.0 0.052960485219955444
0.0 0.05296105146408081
0.0 0.05296683683991432
0.0 0.052986130118370056
0.0 0.052996646612882614
0.0 0.05299961939454079
0.0 0.05303538218140602
0.0 0.053110674023628235
0.0 0.05311518535017967
0.0 0.05315335839986801
0.0 0.05318034440279007
0.0 0.05323980376124382
0.0 0.05325804650783539
0.0 0.0532793290913105
0.0 0.05333925411105156
0.0 0.05336732044816017
0.0 0.05338491499423981
0.0 0.053406599909067154
0.0 0.053453680127859116
0.0 0.05349240452051163
0.0 0.05350366234779358
0.0 0.05350494012236595
0.0 0.053549524396657944
0.0 0.05361808091402054
0.0 0.0536530502140522
0.0 0.05366506054997444
0.0 0.05379784479737282
0.0 0.05382843688130379
0.0 0.05387226864695549
0.0 0.05388868600130081
0.0 0.053914543241262436
0.0 0.05396689847111702
0.0 0.05396934598684311
0.0 0.05405326932668686
0.0 0.05411412566900253
0.0 0.05418147146701813
0.0 0.05421547591686249
0.0 0.05428056791424751
0.0 0.05430721864104271
0.0 0.05433697625994682
0.0 0.054425690323114395
0.0 0.054539214819669724
0.0 0.054574597626924515
0.0 0.05457885563373566
0.0 0.05461245775222778
0.0 0.05463143810629845
0.0 0.054667841643095016
0.0 0.054676249623298645
0.0 0.054694876074790955
0.0 0.0548003613948822
0.0 0.05485040321946144
0.0 0.05487231910228729
0.0 0.0548962727189064
0.0 0.05492395535111427
0.0 0.05492803081870079
0.0 0.05493417754769325
0.0 0.05493570864200592
0.0 0.05498363822698593
0.0 0.055025555193424225
0.0 0.055060967803001404
0.0 0.0551176443696022
0.0 0.05514516308903694
0.0 0.05514770373702049
0.0 0.055178262293338776
0.0 0.055184558033943176
0.0 0.055261410772800446
0.0 0.05530792102217674
0.0 0.05547656863927841
0.0 0.05558236688375473
0.0 0.05562124028801918
0.0 0.055630408227443695
0.0 0.05568214878439903
0.0 0.05575880408287048
0.0 0.05590543895959854
0.0 0.05591840669512749
0.0 0.05594486743211746
0.0 0.055973928421735764
0.0 0.0560026653110981
0.0 0.05611889436841011
0.0 0.05612784996628761
0.0 0.056134793907403946
0.0 0.05618032068014145
0.0 0.056192148476839066
0.0 0.05619280785322189
0.0 0.05619906261563301
0.0 0.05637989193201065
0.0 0.056534960865974426
0.0 0.05654667317867279
0.0 0.05662304535508156
0.0 0.056710995733737946
0.0 0.056776389479637146
0.0 0.05680503323674202
0.0 0.056829698383808136
0.0 0.05683094263076782
0.0 0.05687014386057854
0.0 0.05687609314918518
0.0 0.056892748922109604
0.0 0.05691772699356079
0.0 0.05697498470544815
0.0 0.05703470855951309
0.0 0.05704391747713089
0.0 0.05705023184418678
0.0 0.057060498744249344
0.0 0.057093795388936996
0.0 0.05711435154080391
0.0 0.05711786448955536
0.0 0.05711928382515907
0.0 0.05715353786945343
0.0 0.057278454303741455
0.0 0.057284820824861526
0.0 0.05734681338071823
0.0 0.05735451355576515
0.0 0.057360414415597916
0.0 0.057389646768569946
0.0 0.057394206523895264
0.0 0.05747015401721001
0.0 0.05751942843198776
0.0 0.057558972388505936
0.0 0.05758268013596535
0.0 0.05758390948176384
0.0 0.05758954584598541
0.0 0.057630885392427444
0.0 0.05765727162361145
0.0 0.05773017928004265
0.0 0.05773816257715225
0.0 0.0578603595495224
0.0 0.05791190266609192
0.0 0.05793838948011398
0.0 0.057944927364587784
0.0 0.05824864283204079
0.0 0.05826094001531601
0.0 0.058268047869205475
0.0 0.05827868729829788
0.0 0.05836817994713783
0.0 0.05841360241174698
0.0 0.05852178484201431
0.0 0.05854075774550438
0.0 0.05856916308403015
0.0 0.05862017720937729
0.0 0.058639951050281525
0.0 0.0586453378200531
0.0 0.058783549815416336
0.0 0.058785341680049896
0.0 0.05879536271095276
0.0 0.05884183570742607
0.0 0.059003397822380066
0.0 0.05905955284833908
0.0 0.05907147377729416
0.0 0.05912914499640465
0.0 0.05916514992713928
0.0 0.05922502651810646
0.0 0.05930370092391968
0.0 0.05935841426253319
0.0 0.05937261879444122
0.0 0.05953679233789444
0.0 0.05965070426464081
0.0 0.05967991054058075
0.0 0.059752702713012695
0.0 0.0597672201693058
0.0 0.05983244627714157
0.0 0.0600493885576725
0.0 0.06005887687206268
0.0 0.06009112298488617
0.0 0.0601581409573555
0.0 0.060190118849277496
0.0 0.06020810827612877
0.0 0.0602453276515007
0.0 0.060329046100378036
0.0 0.06050541251897812
0.0 0.060533277690410614
0.0 0.060540638864040375
0.0 0.06055397912859917
0.0 0.06079459562897682
0.0 0.06100831180810928
0.0 0.061122264713048935
0.0 0.06116302311420441
0.0 0.06120678409934044
0.0 0.06134994700551033
0.0 0.061389777809381485
0.0 0.06143983080983162
0.0 0.06148216500878334
0.0 0.06154649332165718
0.0 0.061605170369148254
0.0 0.06173451617360115
0.0 0.06175610423088074
0.0 0.06205124780535698
0.0 0.06206873431801796
0.0 0.06214040145277977
0.0 0.062141984701156616
0.0 0.062203001230955124
0.0 0.06224404275417328
0.0 0.06240371614694595
0.0 0.06245917081832886
0.0 0.06250035762786865
0.0 0.06250324100255966
0.0 0.06255412846803665
0.0 0.06275639683008194
0.0 0.06277377158403397
0.0 0.06278997659683228
0.0 0.06284201145172119
0.0 0.06290166079998016
0.0 0.0629439502954483
0.0 0.06296029686927795
0.0 0.06297039240598679
0.0 0.06301963329315186
0.0 0.06308666616678238
0.0 0.06311113387346268
0.0 0.06329596787691116
0.0 0.06330215185880661
0.0 0.06347190588712692
0.0 0.06350928544998169
0.0 0.06365916132926941
0.0 0.06384570151567459
0.0 0.06385655701160431
0.0 0.06386717408895493
0.0 0.06402796506881714
0.0 0.06405157595872879
0.0 0.06417369842529297
0.0 0.06422373652458191
0.0 0.06432243436574936
0.0 0.0645618885755539
0.0 0.06456685066223145
0.0 0.06458789855241776
0.0 0.06459955871105194
0.0 0.06468746066093445
0.0 0.06469552963972092
0.0 0.06495656818151474
0.0 0.06501653045415878
0.0 0.06523559242486954
0.0 0.06525203585624695
0.0 0.06533288210630417
0.0 0.06534678488969803
0.0 0.06542758643627167
0.0 0.0656142383813858
0.0 0.06602349877357483
0.0 0.06622049957513809
0.0 0.06622850149869919
0.0 0.06626583635807037
0.0 0.06633301824331284
0.0 0.06636004149913788
0.0 0.06639773398637772
0.0 0.06643345952033997
0.0 0.0664745569229126
0.0 0.06652572005987167
0.0 0.0666515976190567
0.0 0.06667128950357437
0.0 0.06689465790987015
0.0 0.06691548973321915
0.0 0.06696814298629761
0.0 0.06697066873311996
0.0 0.06721087545156479
0.0 0.06738521158695221
0.0 0.06738586723804474
0.0 0.06742548942565918
0.0 0.06752592325210571
0.0 0.06771273910999298
0.0 0.06787813454866409
0.0 0.06789830327033997
0.0 0.06794705986976624
0.0 0.0680234432220459
0.0 0.0680302157998085
0.0 0.0680687353014946
0.0 0.06808558851480484
0.0 0.06809546798467636
0.0 0.06837534159421921
0.0 0.06852957606315613
0.0 0.06853649765253067
0.0 0.06861542910337448
0.0 0.06919807940721512
0.0 0.06920313090085983
0.0 0.06935563683509827
0.0 0.06949777901172638
0.0 0.06971865892410278
0.0 0.07036229223012924
0.0 0.07041198015213013
0.0 0.07067849487066269
0.0 0.07082851231098175
0.0 0.07084090262651443
0.0 0.0711684450507164
0.0 0.0717705488204956
0.0 0.07177845388650894
0.0 0.07320496439933777
0.0 0.0741405189037323
0.0 0.07449297606945038
0.0 0.07481098175048828
0.0 0.07488787174224854
0.0 0.07524069398641586
0.0 0.07540714740753174
0.0 0.07552032172679901
0.0 0.07568662613630295
0.0 0.07652395963668823
0.0 0.07679861783981323
0.0 0.07695659250020981
0.0 0.07728387415409088
0.0 0.07859640568494797
0.0 0.08490544557571411
0.0 0.09660382568836212
0.0 inf
