0.0 0.05395001545548439
0.0 0.054312389343976974
0.0 0.05483308807015419
0.0 0.058415379375219345
0.0 0.058448005467653275
0.0 0.060021352022886276
0.0 0.06282320618629456
0.0 0.0628533810377121
0.0 0.06301208585500717
0.0 0.063150554895401
0.0 0.06359020620584488
0.0 0.0636168122291565
0.0 0.06455030292272568
0.0 0.06516978144645691
0.0 0.06579521298408508
0.0 0.06674065440893173
0.0 0.06689746677875519
0.0 0.0686996802687645
0.0 0.06882545351982117
0.0 0.06888817995786667
0.0 0.0691629946231842
0.0 0.06918822228908539
0.0 0.06935245543718338
0.0 0.06942696124315262
0.0 0.0702175498008728
0.0 0.070340596139431
0.0 0.07043126970529556
0.0 0.07050353288650513
0.0 0.0709495022892952
0.0 0.07101583480834961
0.0 0.07105604559183121
0.0 0.07119283825159073
0.0 0.07147539407014847
0.0 0.0716194435954094
0.0 0.07183834165334702
0.0 0.07197455316781998
0.0 0.07214593887329102
0.0 0.07239732891321182
0.0 0.07294198870658875
0.0 0.07324642688035965
0.0 0.07326464354991913
0.0 0.07329581677913666
0.0 0.0735219195485115
0.0 0.07368907332420349
0.0 0.07372210174798965
0.0 0.07385003566741943
0.0 0.0738983005285263
0.0 0.07427036762237549
0.0 0.07438980787992477
0.0 0.07444517314434052
0.0 0.07448358833789825
0.0 0.07455886900424957
0.0 0.07460956275463104
0.0 0.07481516897678375
0.0 0.07482240349054337
0.0 0.0748816579580307
0.0 0.07488217204809189
0.0 0.07502210140228271
0.0 0.0750751942396164
0.0 0.07510163635015488
0.0 0.07516145706176758
0.0 0.07518093287944794
0.0 0.07522425055503845
0.0 0.07544109970331192
0.0 0.07544492185115814
0.0 0.07544603198766708
0.0 0.07548131793737411
0.0 0.07556255906820297
0.0 0.07599413394927979
0.0 0.07601945102214813
0.0 0.07620439678430557
0.0 0.07626599073410034
0.0 0.07629121840000153
0.0 0.076296366751194
0.0 0.07650867104530334
0.0 0.07661881297826767
0.0 0.07669734209775925
0.0 0.0769965723156929
0.0 0.07700392603874207
0.0 0.07715350389480591
0.0 0.07724721729755402
0.0 0.07735496759414673
0.0 0.07750459760427475
0.0 0.07756280899047852
0.0 0.07765913754701614
0.0 0.07767834514379501
0.0 0.07768632471561432
0.0 0.07791556417942047
0.0 0.07791619002819061
0.0 0.07792899757623672
0.0 0.07798996567726135
0.0 0.0782628133893013
0.0 0.07847800105810165
0.0 0.07859820872545242
0.0 0.07865689694881439
0.0 0.07870378345251083
0.0 0.07876679301261902
0.0 0.07879501581192017
0.0 0.07883445918560028
0.0 0.07883639633655548
0.0 0.07888630032539368
0.0 0.0789351537823677
0.0 0.07895893603563309
0.0 0.07910651713609695
0.0 0.07913418114185333
0.0 0.07936132699251175
0.0 0.0793905109167099
0.0 0.07943152636289597
0.0 0.07967433333396912
0.0 0.07978064566850662
0.0 0.08020296692848206
0.0 0.08030752837657928
0.0 0.08031601458787918
0.0 0.08032829314470291
0.0 0.08034012466669083
0.0 0.08038166165351868
0.0 0.08064001798629761
0.0 0.08066856861114502
0.0 0.08072790503501892
0.0 0.08091378957033157
0.0 0.08096141368150711
0.0 0.08109144866466522
0.0 0.08111893385648727
0.0 0.08123410493135452
0.0 0.08126801252365112
0.0 0.08153105527162552
0.0 0.08156705647706985
0.0 0.08166726678609848
0.0 0.08169297873973846
0.0 0.08186651766300201
0.0 0.08201766014099121
0.0 0.08203641325235367
0.0 0.08207821846008301
0.0 0.08210431039333344
0.0 0.08226163685321808
0.0 0.08229482918977737
0.0 0.0823148787021637
0.0 0.0823541060090065
0.0 0.08244097977876663
0.0 0.08247610926628113
0.0 0.08251277357339859
0.0 0.0825776606798172
0.0 0.08259977400302887
0.0 0.08274366706609726
0.0 0.08276689052581787
0.0 0.08285745233297348
0.0 0.08287351578474045
0.0 0.08298088610172272
0.0 0.08299925178289413
0.0 0.08301691710948944
0.0 0.08304481208324432
0.0 0.08305925875902176
0.0 0.08309005945920944
0.0 0.08315307646989822
0.0 0.08352342247962952
0.0 0.08373980969190598
0.0 0.08385582268238068
0.0 0.0840979591012001
0.0 0.08414650708436966
0.0 0.08414780348539352
0.0 0.08415687084197998
0.0 0.08418341726064682
0.0 0.08418865501880646
0.0 0.08447960764169693
0.0 0.08449175208806992
0.0 0.08454746752977371
0.0 0.08459526300430298
0.0 0.08474894613027573
0.0 0.08475689589977264
0.0 0.08480673283338547
0.0 0.08488842099905014
0.0 0.0849040225148201
0.0 0.0849228948354721
0.0 0.08504432439804077
0.0 0.08522579073905945
0.0 0.08541140705347061
0.0 0.08543597161769867
0.0 0.08556385338306427
0.0 0.08566200733184814
0.0 0.08577246218919754
0.0 0.08579706400632858
0.0 0.08582418411970139
0.0 0.08583159744739532
0.0 0.08596575260162354
0.0 0.08598563075065613
0.0 0.08627084642648697
0.0 0.08628519624471664
0.0 0.0863526239991188
0.0 0.08636346459388733
0.0 0.0864267647266388
0.0 0.08644607663154602
0.0 0.08646798133850098
0.0 0.08647968620061874
0.0 0.08649919182062149
0.0 0.08679977059364319
0.0 0.08684372156858444
0.0 0.08700942248106003
0.0 0.0870661735534668
0.0 0.08712813258171082
0.0 0.08713855594396591
0.0 0.08720628917217255
0.0 0.087278351187706
0.0 0.08757317066192627
0.0 0.08764930814504623
0.0 0.08775440603494644
0.0 0.08791760355234146
0.0 0.08797961473464966
0.0 0.08806001394987106
0.0 0.08806031942367554
0.0 0.08832903206348419
0.0 0.08855116367340088
0.0 0.08865170180797577
0.0 0.08866365998983383
0.0 0.08894549310207367
0.0 0.08894823491573334
0.0 0.08898959308862686
0.0 0.08904987573623657
0.0 0.08908674865961075
0.0 0.08911248296499252
0.0 0.08931464701890945
0.0 0.08937618136405945
0.0 0.08950580656528473
0.0 0.0897088497877121
0.0 0.08974909782409668
0.0 0.08977632969617844
0.0 0.08979221433401108
0.0 0.08996350318193436
0.0 0.08998064696788788
0.0 0.09002753347158432
0.0 0.09004371613264084
0.0 0.09010156989097595
0.0 0.09014022350311279
0.0 0.09018975496292114
0.0 0.09024357050657272
0.0 0.09025690704584122
0.0 0.09028161317110062
0.0 0.09030599147081375
0.0 0.09048232436180115
0.0 0.09061691164970398
0.0 0.0906195268034935
0.0 0.09065385162830353
0.0 0.09071861207485199
0.0 0.09091780334711075
0.0 0.09092411398887634
0.0 0.09105421602725983
0.0 0.09118856489658356
0.0 0.0913340151309967
0.0 0.09143803268671036
0.0 0.09147446602582932
0.0 0.09148021787405014
0.0 0.09151683002710342
0.0 0.09155134111642838
0.0 0.09156755357980728
0.0 0.09171506017446518
0.0 0.09179998189210892
0.0 0.09184345602989197
0.0 0.09185950458049774
0.0 0.09203556180000305
0.0 0.0924241691827774
0.0 0.09250324219465256
0.0 0.09266620129346848
0.0 0.0927002876996994
0.0 0.09275970607995987
0.0 0.09279979020357132
0.0 0.09286225587129593
0.0 0.09287917613983154
0.0 0.09306057542562485
0.0 0.09311041235923767
0.0 0.0931464210152626
0.0 0.09317053109407425
0.0 0.09324345737695694
0.0 0.09327135235071182
0.0 0.09340960532426834
0.0 0.09346380084753036
0.0 0.09370090812444687
0.0 0.0937134325504303
0.0 0.09380915760993958
0.0 0.09384148567914963
0.0 0.09391825646162033
0.0 0.09397625178098679
0.0 0.09406331926584244
0.0 0.09424448013305664
0.0 0.09439194947481155
0.0 0.094453826546669
0.0 0.09458670765161514
0.0 0.09465328603982925
0.0 0.09475830942392349
0.0 0.09508353471755981
0.0 0.09510249644517899
0.0 0.09520048648118973
0.0 0.0952020063996315
0.0 0.09532411396503448
0.0 0.09534384310245514
0.0 0.09545423835515976
0.0 0.09584704041481018
0.0 0.09587050974369049
0.0 0.0959075540304184
0.0 0.09599564224481583
0.0 0.09618349373340607
0.0 0.096294105052948
0.0 0.09633717685937881
0.0 0.09650103002786636
0.0 0.09655977040529251
0.0 0.09656037390232086
0.0 0.09662722796201706
0.0 0.09672241657972336
0.0 0.09676920622587204
0.0 0.09690534323453903
0.0 0.09691816568374634
0.0 0.09705360233783722
0.0 0.0970844030380249
0.0 0.09717684239149094
0.0 0.0972214862704277
0.0 0.09723019599914551
0.0 0.09751960635185242
0.0 0.09760026633739471
0.0 0.09762214124202728
0.0 0.09763070940971375
0.0 0.09772387892007828
0.0 0.0977984070777893
0.0 0.09785553067922592
0.0 0.09787752479314804
0.0 0.09805123507976532
0.0 0.09808892011642456
0.0 0.09819557517766953
0.0 0.09821417182683945
0.0 0.0982980728149414
0.0 0.09835247695446014
0.0 0.09838981926441193
0.0 0.09847468137741089
0.0 0.09848053753376007
0.0 0.09848522394895554
0.0 0.0986756980419159
0.0 0.0989358127117157
0.0 0.09906937181949615
0.0 0.0992230772972107
0.0 0.09943277388811111
0.0 0.09970574080944061
0.0 0.09973262250423431
0.0 0.09976523369550705
0.0 0.09982097148895264
0.0 0.09986776113510132
0.0 0.09994785487651825
0.0 0.10061870515346527
0.0 0.10074465721845627
0.0 0.10112115740776062
0.0 0.10130219161510468
0.0 0.10141290724277496
0.0 0.10160966962575912
0.0 0.10214650630950928
0.0 0.10221430659294128
0.0 0.10226037353277206
0.0 0.10234659165143967
0.0 0.10235554724931717
0.0 0.10257773846387863
0.0 0.10265015810728073
0.0 0.10265529155731201
0.0 0.10269007831811905
0.0 0.10278869420289993
0.0 0.1029222309589386
0.0 0.10294004529714584
0.0 0.10295199602842331
0.0 0.10301552712917328
0.0 0.10307373106479645
0.0 0.10326062887907028
0.0 0.10342775285243988
0.0 0.10352403670549393
0.0 0.10374771803617477
0.0 0.10385496914386749
0.0 0.10397795587778091
0.0 0.10398796945810318
0.0 0.10430985689163208
0.0 0.10436440259218216
0.0 0.10480643063783646
0.0 0.10486229509115219
0.0 0.10497768223285675
0.0 0.10520780831575394
0.0 0.10553798824548721
0.0 0.10554292798042297
0.0 0.10563179850578308
0.0 0.10581556707620621
0.0 0.10588590055704117
0.0 0.10590532422065735
0.0 0.10612908750772476
0.0 0.10618685185909271
0.0 0.10637953877449036
0.0 0.1066821962594986
0.0 0.10697528719902039
0.0 0.10701023787260056
0.0 0.10705440491437912
0.0 0.10711943358182907
0.0 0.10748431086540222
0.0 0.10754388570785522
0.0 0.10768746584653854
0.0 0.10768991708755493
0.0 0.10778424143791199
0.0 0.10790079087018967
0.0 0.10792702436447144
0.0 0.10819149017333984
0.0 0.10824432224035263
0.0 0.10846184939146042
0.0 0.10847356170415878
0.0 0.10897272825241089
0.0 0.10927099734544754
0.0 0.10947246849536896
0.0 0.1096944585442543
0.0 0.10975392907857895
0.0 0.10979920625686646
0.0 0.10992643237113953
0.0 0.11038381606340408
0.0 0.11041411757469177
0.0 0.1104416474699974
0.0 0.11049164831638336
0.0 0.11052042245864868
0.0 0.11054781079292297
0.0 0.11055266112089157
0.0 0.11076837033033371
0.0 0.1108090803027153
0.0 0.11082985997200012
0.0 0.11084558814764023
0.0 0.11139529198408127
0.0 0.11147996038198471
0.0 0.11178489029407501
0.0 0.11197665333747864
0.0 0.11215022951364517
0.0 0.1123691201210022
0.0 0.11262473464012146
0.0 0.11276639997959137
0.0 0.11289365589618683
0.0 0.11296911537647247
0.0 0.11309970170259476
0.0 0.11313513666391373
0.0 0.11324423551559448
0.0 0.1133025661110878
0.0 0.11330362409353256
0.0 0.11330830305814743
0.0 0.11403170973062515
0.0 0.11427266895771027
0.0 0.11500763148069382
0.0 0.11536368727684021
0.0 0.11588077247142792
0.0 0.11588701605796814
0.0 0.1160041019320488
0.0 0.11608588695526123
0.0 0.11613823473453522
0.0 0.1164325401186943
0.0 0.11714349687099457
0.0 0.11735864728689194
0.0 0.1174815222620964
0.0 0.11793156713247299
0.0 0.11803676933050156
0.0 0.11807416379451752
0.0 0.11816921830177307
0.0 0.11863132566213608
0.0 0.11873338371515274
0.0 0.11896496266126633
0.0 0.11900186538696289
0.0 0.11923745274543762
0.0 0.11931000649929047
0.0 0.11935415863990784
0.0 0.119496650993824
0.0 0.12015420943498611
0.0 0.12069328874349594
0.0 0.12074634432792664
0.0 0.12077133357524872
0.0 0.12119211256504059
0.0 0.12122069299221039
0.0 0.12142759561538696
0.0 0.12172003835439682
0.0 0.1221209242939949
0.0 0.12266366928815842
0.0 0.12324588745832443
0.0 0.12334098666906357
0.0 0.12336524575948715
0.0 0.1242680549621582
0.0 0.12432758510112762
0.0 0.12435363978147507
0.0 0.12499196827411652
0.0 0.12506060302257538
0.0 0.12540337443351746
0.0 0.1254340261220932
0.0 0.12612472474575043
0.0 0.12649939954280853
0.0 0.12685073912143707
0.0 0.1269894391298294
0.0 0.12754060328006744
0.0 0.1276719719171524
0.0 0.1277211606502533
0.0 0.12788701057434082
0.0 0.12825186550617218
0.0 0.12937892973423004
0.0 0.12942121922969818
0.0 0.13007090985774994
0.0 0.13037770986557007
0.0 0.13081544637680054
0.0 0.1321156919002533
0.0 0.13219554722309113
0.0 0.13243317604064941
0.0 0.13328255712985992
0.0 0.13395509123802185
0.0 0.13401289284229279
0.0 0.1349211484193802
0.0 0.14017614722251892
0.0 0.14208374917507172
0.0 0.14297296106815338
0.0 0.1433139145374298
0.0 0.14335067570209503
0.0 0.15126144886016846
0.0 0.1520879864692688
0.0 0.1529541164636612
0.0 0.1530304253101349
0.0 inf
