0.0 0.02681087702512741
0.0 0.02789500169456005
0.0 0.028006376698613167
0.0 0.028152886778116226
0.0 0.02931545116007328
0.0 0.029784560203552246
0.0 0.029820304363965988
0.0 0.030259041115641594
0.0 0.030275072902441025
0.0 0.03070727549493313
0.0 0.0309145487844944
0.0 0.03114829584956169
0.0 0.03115435503423214
0.0 0.03119802661240101
0.0 0.03152792900800705
0.0 0.031582076102495193
0.0 0.03172063082456589
0.0 0.03189604729413986
0.0 0.03235757723450661
0.0 0.032411884516477585
0.0 0.03270654007792473
0.0 0.032850150018930435
0.0 0.033244743943214417
0.0 0.03351079300045967
0.0 0.033527255058288574
0.0 0.03373131528496742
0.0 0.03373550996184349
0.0 0.03380891680717468
0.0 0.03382928669452667
0.0 0.033861663192510605
0.0 0.034003473818302155
0.0 0.03400907665491104
0.0 0.03401299938559532
0.0 0.03436578810214996
0.0 0.034489355981349945
0.0 0.034607354551553726
0.0 0.03472286835312843
0.0 0.03475422412157059
0.0 0.035077694803476334
0.0 0.03509875386953354
0.0 0.03522571548819542
0.0 0.035281166434288025
0.0 0.03533157333731651
0.0 0.035430461168289185
0.0 0.035457972437143326
0.0 0.035474248230457306
0.0 0.035476699471473694
0.0 0.035539887845516205
0.0 0.035675473511219025
0.0 0.03571770712733269
0.0 0.03578712418675423
0.0 0.03580811619758606
0.0 0.035840954631567
0.0 0.03597290813922882
0.0 0.035999398678541183
0.0 0.03600217401981354
0.0 0.036023303866386414
0.0 0.03609183803200722
0.0 0.03611184284090996
0.0 0.03613338619470596
0.0 0.036369577050209045
0.0 0.03639303147792816
0.0 0.03640717267990112
0.0 0.036483895033597946
0.0 0.036494676023721695
0.0 0.036601923406124115
0.0 0.03661201894283295
0.0 0.03668133169412613
0.0 0.03675861284136772
0.0 0.03685593605041504
0.0 0.03685925900936127
0.0 0.036889489740133286
0.0 0.03690728545188904
0.0 0.036965399980545044
0.0 0.03701336309313774
0.0 0.03704029694199562
0.0 0.037058327347040176
0.0 0.037105269730091095
0.0 0.03712275251746178
0.0 0.03716254606842995
0.0 0.03720615804195404
0.0 0.03722231835126877
0.0 0.03734583780169487
0.0 0.037414681166410446
0.0 0.03744318336248398
0.0 0.03746882081031799
0.0 0.03750056400895119
0.0 0.03759046643972397
0.0 0.037745069712400436
0.0 0.03774672746658325
0.0 0.037928856909275055
0.0 0.037931159138679504
0.0 0.037976864725351334
0.0 0.03798484057188034
0.0 0.038004107773303986
0.0 0.038144588470458984
0.0 0.03814740478992462
0.0 0.03815898299217224
0.0 0.038216009736061096
0.0 0.038262199610471725
0.0 0.0382794588804245
0.0 0.03836982697248459
0.0 0.0385800339281559
0.0 0.03859856724739075
0.0 0.038753949105739594
0.0 0.038779161870479584
0.0 0.03880855441093445
0.0 0.038809165358543396
0.0 0.03883454576134682
0.0 0.03885066881775856
0.0 0.03885098174214363
0.0 0.038927555084228516
0.0 0.03899173438549042
0.0 0.038992803543806076
0.0 0.03910275176167488
0.0 0.03911220282316208
0.0 0.03920796141028404
0.0 0.03922613710165024
0.0 0.039303384721279144
0.0 0.03930779546499252
0.0 0.039315469563007355
0.0 0.03933402895927429
0.0 0.039359625428915024
0.0 0.039374709129333496
0.0 0.0394122488796711
0.0 0.03947192057967186
0.0 0.03947417810559273
0.0 0.039518263190984726
0.0 0.039548322558403015
0.0 0.03962463140487671
0.0 0.03964552655816078
0.0 0.039694204926490784
0.0 0.03972078114748001
0.0 0.03978251665830612
0.0 0.03999810293316841
0.0 0.04003939777612686
0.0 0.0402090884745121
0.0 0.04024367779493332
0.0 0.04024778679013252
0.0 0.0403115414083004
0.0 0.04045170918107033
0.0 0.0405535027384758
0.0 0.040575698018074036
0.0 0.040576621890068054
0.0 0.04059099033474922
0.0 0.04059610143303871
0.0 0.04062260314822197
0.0 0.04064773768186569
0.0 0.04066122695803642
0.0 0.040685586631298065
0.0 0.04069538414478302
0.0 0.040724147111177444
0.0 0.0407789871096611
0.0 0.040854617953300476
0.0 0.040856558829545975
0.0 0.04086530581116676
0.0 0.04098743572831154
0.0 0.0409877747297287
0.0 0.041001953184604645
0.0 0.04102231562137604
0.0 0.0410301573574543
0.0 0.04114446043968201
0.0 0.041196729987859726
0.0 0.04119929298758507
0.0 0.04122500494122505
0.0 0.041242435574531555
0.0 0.041311074048280716
0.0 0.0413396917283535
0.0 0.0414884053170681
0.0 0.041578684002161026
0.0 0.0416296161711216
0.0 0.041632018983364105
0.0 0.04164697602391243
0.0 0.041688527911901474
0.0 0.04168898984789848
0.0 0.04169723391532898
0.0 0.04172269254922867
0.0 0.04177967458963394
0.0 0.04183509945869446
0.0 0.041889507323503494
0.0 0.041968103498220444
0.0 0.04197094589471817
0.0 0.04197990149259567
0.0 0.04198189824819565
0.0 0.042031168937683105
0.0 0.04207045957446098
0.0 0.04208116605877876
0.0 0.04209114611148834
0.0 0.04210928454995155
0.0 0.04230854660272598
0.0 0.04234681650996208
0.0 0.042414579540491104
0.0 0.04241744428873062
0.0 0.042422134429216385
0.0 0.042453452944755554
0.0 0.042472608387470245
0.0 0.04248415306210518
0.0 0.04267318174242973
0.0 0.042687878012657166
0.0 0.04271140694618225
0.0 0.042740389704704285
0.0 0.04274998977780342
0.0 0.042755644768476486
0.0 0.042863182723522186
0.0 0.04291996732354164
0.0 0.04297034442424774
0.0 0.04300202801823616
0.0 0.04301246628165245
0.0 0.04306459054350853
0.0 0.043121181428432465
0.0 0.0431215725839138
0.0 0.043135084211826324
0.0 0.04316439479589462
0.0 0.0431794747710228
0.0 0.043191976845264435
0.0 0.04321343079209328
0.0 0.043243713676929474
0.0 0.043268099427223206
0.0 0.04329471290111542
0.0 0.043344251811504364
0.0 0.04349362850189209
0.0 0.04350290447473526
0.0 0.043509796261787415
0.0 0.0435277558863163
0.0 0.04356985539197922
0.0 0.04358519986271858
0.0 0.043606795370578766
0.0 0.04363934323191643
0.0 0.04369887709617615
0.0 0.04374082386493683
0.0 0.043767038732767105
0.0 0.04384765774011612
0.0 0.04386237636208534
0.0 0.04394420236349106
0.0 0.043978024274110794
0.0 0.04398488998413086
0.0 0.044006723910570145
0.0 0.04401186481118202
0.0 0.04402712360024452
0.0 0.044136982411146164
0.0 0.04420783743262291
0.0 0.044229913502931595
0.0 0.04424990713596344
0.0 0.044439516961574554
0.0 0.04444458708167076
0.0 0.044529881328344345
0.0 0.04465440660715103
0.0 0.04466122016310692
0.0 0.04466448724269867
0.0 0.044697608798742294
0.0 0.044792015105485916
0.0 0.04485539346933365
0.0 0.04492556303739548
0.0 0.04492998868227005
0.0 0.04493086412549019
0.0 0.0449318066239357
0.0 0.04500476270914078
0.0 0.0450565405189991
0.0 0.0451054610311985
0.0 0.045192547142505646
0.0 0.04529150575399399
0.0 0.04534439742565155
0.0 0.0454084649682045
0.0 0.0454549640417099
0.0 0.04555303603410721
0.0 0.04557345435023308
0.0 0.04564483091235161
0.0 0.04564580321311951
0.0 0.045676834881305695
0.0 0.04569326713681221
0.0 0.045710641890764236
0.0 0.04572228714823723
0.0 0.04581445828080177
0.0 0.045837558805942535
0.0 0.04585849866271019
0.0 0.045890193432569504
0.0 0.04589255154132843
0.0 0.04591968283057213
0.0 0.046019986271858215
0.0 0.04609289392828941
0.0 0.046097200363874435
0.0 0.046122822910547256
0.0 0.04626953974366188
0.0 0.046320840716362
0.0 0.04638800770044327
0.0 0.046455975621938705
0.0 0.04649648070335388
0.0 0.04659026861190796
0.0 0.046601876616477966
0.0 0.04660363495349884
0.0 0.046712107956409454
0.0 0.0469195656478405
0.0 0.046926774084568024
0.0 0.04696773365139961
0.0 0.04697662219405174
0.0 0.047098249197006226
0.0 0.04711627587676048
0.0 0.04711667075753212
0.0 0.04711976274847984
0.0 0.04712112247943878
0.0 0.0471721813082695
0.0 0.047245148569345474
0.0 0.04735567048192024
0.0 0.04736276715993881
0.0 0.04736947640776634
0.0 0.04746716469526291
0.0 0.0475812628865242
0.0 0.04763352870941162
0.0 0.047683846205472946
0.0 0.04769783467054367
0.0 0.04774843901395798
0.0 0.04791419580578804
0.0 0.04793008416891098
0.0 0.04805464670062065
0.0 0.04805498942732811
0.0 0.04807208105921745
0.0 0.04807380959391594
0.0 0.048112884163856506
0.0 0.048187870532274246
0.0 0.04820219427347183
0.0 0.04820733889937401
0.0 0.04829663038253784
0.0 0.04833608120679855
0.0 0.048358164727687836
0.0 0.04848511889576912
0.0 0.04857438802719116
0.0 0.04857686907052994
0.0 0.0485963374376297
0.0 0.048614270985126495
0.0 0.04866909235715866
0.0 0.04868161305785179
0.0 0.04872118681669235
0.0 0.048762258142232895
0.0 0.048820558935403824
0.0 0.04910723865032196
0.0 0.04918227344751358
0.0 0.04919131472706795
0.0 0.04919572174549103
0.0 0.04927217960357666
0.0 0.04929588735103607
0.0 0.0494067519903183
0.0 0.04941710829734802
0.0 0.04942507669329643
0.0 0.04947425425052643
0.0 0.04959534853696823
0.0 0.04965802654623985
0.0 0.04967385157942772
0.0 0.049744680523872375
0.0 0.04975198209285736
0.0 0.049794986844062805
0.0 0.04981880262494087
0.0 0.04987281188368797
0.0 0.04993594065308571
0.0 0.04995141550898552
0.0 0.049993887543678284
0.0 0.05014313384890556
0.0 0.050202615559101105
0.0 0.05032529681921005
0.0 0.05036131292581558
0.0 0.05050467327237129
0.0 0.050513871014118195
0.0 0.05055613815784454
0.0 0.05058346316218376
0.0 0.050598397850990295
0.0 0.050606224685907364
0.0 0.05062483623623848
0.0 0.050691619515419006
0.0 0.050721023231744766
0.0 0.05079013109207153
0.0 0.05081214755773544
0.0 0.05086566507816315
0.0 0.0509527213871479
0.0 0.050964128226041794
0.0 0.05110877752304077
0.0 0.05112537369132042
0.0 0.051171332597732544
0.0 0.05121777579188347
0.0 0.05130740627646446
0.0 0.05138549953699112
0.0 0.051415201276540756
0.0 0.051510076969861984
0.0 0.05161133408546448
0.0 0.05170799419283867
0.0 0.05173983424901962
0.0 0.05174374580383301
0.0 0.051749490201473236
0.0 0.052080992609262466
0.0 0.0522158183157444
0.0 0.052297018468379974
0.0 0.05239322781562805
0.0 0.05254163220524788
0.0 0.052583158016204834
0.0 0.05263376608490944
0.0 0.05268744006752968
0.0 0.05285781994462013
0.0 0.052948497235774994
0.0 0.05299001559615135
0.0 0.05306610092520714
0.0 0.05314704775810242
0.0 0.053324442356824875
0.0 0.0533277690410614
0.0 0.05336535722017288
0.0 0.0533737875521183
0.0 0.05338601395487785
0.0 0.05356578156352043
0.0 0.05358909070491791
0.0 0.053826458752155304
0.0 0.054372772574424744
0.0 0.05497504025697708
0.0 0.0550425723195076
0.0 0.05508764460682869
0.0 0.05512218177318573
0.0 0.05519292131066322
0.0 0.05520422384142876
0.0 0.05529314652085304
0.0 0.05534837394952774
0.0 0.05535005405545235
0.0 0.05540302023291588
0.0 0.05541575327515602
0.0 0.05542786791920662
0.0 0.055454835295677185
0.0 0.05556182935833931
0.0 0.05556366965174675
0.0 0.055660028010606766
0.0 0.0557430163025856
0.0 0.055931106209754944
0.0 0.05620404705405235
0.0 0.05625157803297043
0.0 0.05630872771143913
0.0 0.05632658302783966
0.0 0.056359224021434784
0.0 0.05658822879195213
0.0 0.05664585158228874
0.0 0.05671738088130951
0.0 0.056923918426036835
0.0 0.05726802721619606
0.0 0.0576089508831501
0.0 0.057648394256830215
0.0 0.05777828022837639
0.0 0.057780615985393524
0.0 0.05788908898830414
0.0 0.05805939435958862
0.0 0.05812760442495346
0.0 0.058183081448078156
0.0 0.05819423869252205
0.0 0.05821114405989647
0.0 0.05827821418642998
0.0 0.05831603705883026
0.0 0.05836286023259163
0.0 0.05869011580944061
0.0 0.05873274803161621
0.0 0.058740269392728806
0.0 0.05904703959822655
0.0 0.059245359152555466
0.0 0.059305790811777115
0.0 0.05936334282159805
0.0 0.05953417345881462
0.0 0.060036834329366684
0.0 0.06036139652132988
0.0 0.060464151203632355
0.0 0.06047157570719719
0.0 0.06063723564147949
0.0 0.06080881878733635
0.0 0.0608285516500473
0.0 0.06101888418197632
0.0 0.0618448443710804
0.0 0.06199946254491806
0.0 0.0624784380197525
0.0 0.06253838539123535
0.0 0.06255035847425461
0.0 0.06264635920524597
0.0 0.0627320259809494
0.0 0.06281386315822601
0.0 0.06300812214612961
0.0 0.06349880993366241
0.0 0.06358166038990021
0.0 0.06364569067955017
0.0 0.06391844898462296
0.0 0.06394854187965393
0.0 0.063975989818573
0.0 0.06399255990982056
0.0 0.06401116400957108
0.0 0.0642530545592308
0.0 0.06432722508907318
0.0 0.0650796890258789
0.0 0.06518357992172241
0.0 0.06577353179454803
0.0 0.06607126444578171
0.0 0.0662684366106987
0.0 0.06636432558298111
0.0 0.0663849338889122
0.0 0.06672581285238266
0.0 0.06688383966684341
0.0 0.06741055101156235
0.0 0.068836510181427
0.0 0.0698537528514862
0.0 0.07202441990375519
0.0 0.07361184805631638
0.0 0.07374045252799988
0.0 0.07468254119157791
0.0 0.07531432062387466
0.0 0.07626208662986755
0.0 0.07626622915267944
0.0 0.0771886482834816
0.0 0.08350013941526413
0.0 0.0837043896317482
0.0 0.09006347507238388
0.0 0.09854063391685486
0.0 0.09883981198072433
0.0 0.10731828212738037
0.0 0.23157507181167603
0.0 inf
