0.0 0.03257637098431587
0.0 0.041768208146095276
0.0 0.04263802617788315
0.0 0.04318135231733322
0.0 0.04497817903757095
0.0 0.04576179012656212
0.0 0.0461091510951519
0.0 0.04659653082489967
0.0 0.0467110201716423
0.0 0.04705466702580452
0.0 0.04714171588420868
0.0 0.04828617721796036
0.0 0.048386670649051666
0.0 0.04888492822647095
0.0 0.0497710295021534
0.0 0.05027800425887108
0.0 0.05043916404247284
0.0 0.05048613250255585
0.0 0.05061202496290207
0.0 0.0506192222237587
0.0 0.05077105388045311
0.0 0.050786662846803665
0.0 0.05096506327390671
0.0 0.050984300673007965
0.0 0.05108105018734932
0.0 0.051219552755355835
0.0 0.051416873931884766
0.0 0.05141816288232803
0.0 0.05156058445572853
0.0 0.05163601040840149
0.0 0.051729802042245865
0.0 0.05176795646548271
0.0 0.0517972968518734
0.0 0.051933467388153076
0.0 0.052068646997213364
0.0 0.05221673473715782
0.0 0.05236603692173958
0.0 0.05240802839398384
0.0 0.0524146743118763
0.0 0.05244089663028717
0.0 0.0524592250585556
0.0 0.05254412814974785
0.0 0.052790261805057526
0.0 0.05281279981136322
0.0 0.05284448713064194
0.0 0.05285298824310303
0.0 0.05287167429924011
0.0 0.052887436002492905
0.0 0.05301962047815323
0.0 0.05306674912571907
0.0 0.053156495094299316
0.0 0.05331810563802719
0.0 0.05334413796663284
0.0 0.05379674583673477
0.0 0.053797703236341476
0.0 0.05383912846446037
0.0 0.053942058235406876
0.0 0.05416356027126312
0.0 0.05432390421628952
0.0 0.0543910413980484
0.0 0.05442655831575394
0.0 0.05443952977657318
0.0 0.054494526237249374
0.0 0.05450959876179695
0.0 0.05467439070343971
0.0 0.05473971366882324
0.0 0.05486234650015831
0.0 0.054923199117183685
0.0 0.054960787296295166
0.0 0.05500739812850952
0.0 0.055090658366680145
0.0 0.055102527141571045
0.0 0.0551307275891304
0.0 0.05524662882089615
0.0 0.055311981588602066
0.0 0.05531198903918266
0.0 0.05534170940518379
0.0 0.05552992224693298
0.0 0.055565640330314636
0.0 0.055584702640771866
0.0 0.055624254047870636
0.0 0.05563953146338463
0.0 0.05572021007537842
0.0 0.05574775114655495
0.0 0.055930618196725845
0.0 0.055996693670749664
0.0 0.05601871386170387
0.0 0.05604497343301773
0.0 0.056060757488012314
0.0 0.05607562139630318
0.0 0.056082628667354584
0.0 0.05609586462378502
0.0 0.05612664669752121
0.0 0.0561312697827816
0.0 0.056144822388887405
0.0 0.05641702935099602
0.0 0.05643173307180405
0.0 0.05667813494801521
0.0 0.05709835886955261
0.0 0.05717895179986954
0.0 0.05726831033825874
0.0 0.057366035878658295
0.0 0.05737238749861717
0.0 0.05747373029589653
0.0 0.05760616064071655
0.0 0.057607222348451614
0.0 0.057610176503658295
0.0 0.057651545852422714
0.0 0.05776346102356911
0.0 0.05779429152607918
0.0 0.05784757807850838
0.0 0.057916395366191864
0.0 0.05795012041926384
0.0 0.057975709438323975
0.0 0.05816079303622246
0.0 0.05829477310180664
0.0 0.05830729007720947
0.0 0.05843129754066467
0.0 0.05844832584261894
0.0 0.058477211743593216
0.0 0.05852614343166351
0.0 0.05866912007331848
0.0 0.05870819464325905
0.0 0.058954376727342606
0.0 0.059092529118061066
0.0 0.059245336800813675
0.0 0.05940737575292587
0.0 0.05941947549581528
0.0 0.059443216770887375
0.0 0.05948355793952942
0.0 0.05949610099196434
0.0 0.05964163318276405
0.0 0.059718482196331024
0.0 0.05973247066140175
0.0 0.05979808047413826
0.0 0.059815965592861176
0.0 0.05993340164422989
0.0 0.060046035796403885
0.0 0.06020278483629227
0.0 0.06021895259618759
0.0 0.06023280695080757
0.0 0.06042734161019325
0.0 0.06043543294072151
0.0 0.060449808835983276
0.0 0.060457851737737656
0.0 0.060511838644742966
0.0 0.06051775813102722
0.0 0.060573503375053406
0.0 0.06060821935534477
0.0 0.06078513339161873
0.0 0.06091807410120964
0.0 0.06099546700716019
0.0 0.0610387921333313
0.0 0.061108171939849854
0.0 0.061113398522138596
0.0 0.06126146391034126
0.0 0.06126217916607857
0.0 0.06157836318016052
0.0 0.061616696417331696
0.0 0.061619989573955536
0.0 0.06171396002173424
0.0 0.06176397576928139
0.0 0.06179877743124962
0.0 0.061897534877061844
0.0 0.06199834868311882
0.0 0.06211008504033089
0.0 0.0621919222176075
0.0 0.06220588833093643
0.0 0.06226406991481781
0.0 0.062274761497974396
0.0 0.0622846782207489
0.0 0.062294844537973404
0.0 0.06233043596148491
0.0 0.062384046614170074
0.0 0.06268720328807831
0.0 0.06275799125432968
0.0 0.06280118227005005
0.0 0.0628017708659172
0.0 0.06285042315721512
0.0 0.06289737671613693
0.0 0.06291326135396957
0.0 0.06309882551431656
0.0 0.06317261606454849
0.0 0.06325797736644745
0.0 0.06327804177999496
0.0 0.06334558129310608
0.0 0.06337027996778488
0.0 0.06342802196741104
0.0 0.06345551460981369
0.0 0.06358414888381958
0.0 0.06361149251461029
0.0 0.06370815634727478
0.0 0.06373221427202225
0.0 0.06374385952949524
0.0 0.06381435692310333
0.0 0.06399253010749817
0.0 0.06401894241571426
0.0 0.06404037773609161
0.0 0.06412889063358307
0.0 0.06417856365442276
0.0 0.06420010328292847
0.0 0.06420105695724487
0.0 0.06421910971403122
0.0 0.06425625085830688
0.0 0.06431517750024796
0.0 0.0644197091460228
0.0 0.06443164497613907
0.0 0.06446021795272827
0.0 0.06449048221111298
0.0 0.06459233164787292
0.0 0.06465201824903488
0.0 0.06478673219680786
0.0 0.06481312215328217
0.0 0.06484095007181168
0.0 0.06511309742927551
0.0 0.06517872959375381
0.0 0.06539309024810791
0.0 0.06545821577310562
0.0 0.06550183147192001
0.0 0.06566726416349411
0.0 0.06582340598106384
0.0 0.06590883433818817
0.0 0.06596747040748596
0.0 0.06598381698131561
0.0 0.06616292148828506
0.0 0.06618284434080124
0.0 0.06618363410234451
0.0 0.06622716039419174
0.0 0.06627652794122696
0.0 0.06631779670715332
0.0 0.06633082777261734
0.0 0.0665406584739685
0.0 0.06656093895435333
0.0 0.06674433499574661
0.0 0.06679278612136841
0.0 0.06680474430322647
0.0 0.06680567562580109
0.0 0.0668177381157875
0.0 0.06692957133054733
0.0 0.06704620271921158
0.0 0.06708285957574844
0.0 0.06717108935117722
0.0 0.06720716506242752
0.0 0.06721866130828857
0.0 0.06735265254974365
0.0 0.06738469004631042
0.0 0.06744162738323212
0.0 0.06744638830423355
0.0 0.0674477219581604
0.0 0.06758852303028107
0.0 0.06768253445625305
0.0 0.06777268648147583
0.0 0.06778543442487717
0.0 0.06789960712194443
0.0 0.06803923100233078
0.0 0.06817248463630676
0.0 0.06818575412034988
0.0 0.06838221848011017
0.0 0.06844082474708557
0.0 0.06852160394191742
0.0 0.06856678426265717
0.0 0.06862993538379669
0.0 0.06866689771413803
0.0 0.06873542815446854
0.0 0.06881386786699295
0.0 0.06885850429534912
0.0 0.06894891709089279
0.0 0.06897996366024017
0.0 0.06900935620069504
0.0 0.06907883286476135
0.0 0.069084532558918
0.0 0.06926468014717102
0.0 0.06940052658319473
0.0 0.06947094202041626
0.0 0.06951095163822174
0.0 0.06952603161334991
0.0 0.06955049186944962
0.0 0.06967681646347046
0.0 0.06972068548202515
0.0 0.06972527503967285
0.0 0.0698796808719635
0.0 0.06988635659217834
0.0 0.07013975083827972
0.0 0.07016259431838989
0.0 0.07017482817173004
0.0 0.07065142691135406
0.0 0.0707077756524086
0.0 0.07073452323675156
0.0 0.07073794305324554
0.0 0.07075703144073486
0.0 0.07076699286699295
0.0 0.07082714140415192
0.0 0.07083411514759064
0.0 0.07115645706653595
0.0 0.07134506851434708
0.0 0.0713939443230629
0.0 0.07139629125595093
0.0 0.07147469371557236
0.0 0.07149790972471237
0.0 0.07155292481184006
0.0 0.0717880055308342
0.0 0.0718221664428711
0.0 0.07187210023403168
0.0 0.07191669195890427
0.0 0.07212446630001068
0.0 0.07217598706483841
0.0 0.07219937443733215
0.0 0.07231166213750839
0.0 0.07235245406627655
0.0 0.07235587388277054
0.0 0.07239736616611481
0.0 0.0724295899271965
0.0 0.07290681451559067
0.0 0.07300930470228195
0.0 0.07315962761640549
0.0 0.07333005219697952
0.0 0.07336504757404327
0.0 0.07336749136447906
0.0 0.07339071482419968
0.0 0.07347453385591507
0.0 0.07353748381137848
0.0 0.07363536953926086
0.0 0.07396727800369263
0.0 0.07401706278324127
0.0 0.07407283037900925
0.0 0.07418511062860489
0.0 0.0743672251701355
0.0 0.07446520030498505
0.0 0.0745520293712616
0.0 0.07457032799720764
0.0 0.07457348704338074
0.0 0.0746346041560173
0.0 0.07469384372234344
0.0 0.07474099844694138
0.0 0.07491431385278702
0.0 0.07500315457582474
0.0 0.07505887746810913
0.0 0.07507306337356567
0.0 0.07509008795022964
0.0 0.07520157098770142
0.0 0.0752178207039833
0.0 0.07525348663330078
0.0 0.0752931609749794
0.0 0.07558709383010864
0.0 0.07559449970722198
0.0 0.07590010017156601
0.0 0.07599089294672012
0.0 0.07603758573532104
0.0 0.07616475224494934
0.0 0.07640890032052994
0.0 0.07677248120307922
0.0 0.07678784430027008
0.0 0.07681738585233688
0.0 0.07683946192264557
0.0 0.07686448097229004
0.0 0.07704638689756393
0.0 0.07707031816244125
0.0 0.07716412097215652
0.0 0.07725813239812851
0.0 0.07734739035367966
0.0 0.07747607678174973
0.0 0.07756052911281586
0.0 0.0776854082942009
0.0 0.07775357365608215
0.0 0.07776729762554169
0.0 0.07780806720256805
0.0 0.07782886177301407
0.0 0.07801572233438492
0.0 0.07803259044885635
0.0 0.07803307473659515
0.0 0.07803799211978912
0.0 0.07804272323846817
0.0 0.07821290194988251
0.0 0.07835204154253006
0.0 0.07838243991136551
0.0 0.07854703068733215
0.0 0.07862401753664017
0.0 0.07870764285326004
0.0 0.07882721722126007
0.0 0.07882945984601974
0.0 0.0788450613617897
0.0 0.07890787720680237
0.0 0.07900028675794601
0.0 0.07942311465740204
0.0 0.07967241108417511
0.0 0.07968476414680481
0.0 0.08000626415014267
0.0 0.08010418713092804
0.0 0.08019538968801498
0.0 0.08019769191741943
0.0 0.08025214076042175
0.0 0.08046548813581467
0.0 0.08064478635787964
0.0 0.08066415041685104
0.0 0.08073481917381287
0.0 0.08083706349134445
0.0 0.0808456540107727
0.0 0.08090651780366898
0.0 0.08090940117835999
0.0 0.08110091090202332
0.0 0.08111975342035294
0.0 0.0812571793794632
0.0 0.08125829696655273
0.0 0.08138062059879303
0.0 0.08174299448728561
0.0 0.0817658081650734
0.0 0.08192447572946548
0.0 0.08210644125938416
0.0 0.08236421644687653
0.0 0.08253911882638931
0.0 0.0829494446516037
0.0 0.082957424223423
0.0 0.0831301361322403
0.0 0.08315397799015045
0.0 0.08349095284938812
0.0 0.08356017619371414
0.0 0.08373060077428818
0.0 0.08375835418701172
0.0 0.08391699939966202
0.0 0.08416850119829178
0.0 0.08427834510803223
0.0 0.08437593281269073
0.0 0.08437687158584595
0.0 0.08438196778297424
0.0 0.08446356654167175
0.0 0.08449359238147736
0.0 0.08497429639101028
0.0 0.08508460968732834
0.0 0.08511278033256531
0.0 0.08535118401050568
0.0 0.08563397824764252
0.0 0.08583243936300278
0.0 0.08587665110826492
0.0 0.08590392023324966
0.0 0.08590667694807053
0.0 0.08609407395124435
0.0 0.08652706444263458
0.0 0.0865325778722763
0.0 0.08659090846776962
0.0 0.08662650734186172
0.0 0.08675912022590637
0.0 0.08680624514818192
0.0 0.08702771365642548
0.0 0.08794914186000824
0.0 0.08798620104789734
0.0 0.08806084841489792
0.0 0.08809448033571243
0.0 0.0881028026342392
0.0 0.08813575655221939
0.0 0.08843061327934265
0.0 0.08859679847955704
0.0 0.08881328254938126
0.0 0.08902936428785324
0.0 0.08904347568750381
0.0 0.08919807523488998
0.0 0.08939043432474136
0.0 0.08947377651929855
0.0 0.08952115476131439
0.0 0.0895240306854248
0.0 0.08987396210432053
0.0 0.0899285301566124
0.0 0.08993329852819443
0.0 0.09006989002227783
0.0 0.09020905196666718
0.0 0.09040120989084244
0.0 0.0909222960472107
0.0 0.09098216891288757
0.0 0.09127439558506012
0.0 0.0914515033364296
0.0 0.09213193506002426
0.0 0.09213569760322571
0.0 0.09214726835489273
0.0 0.09291490167379379
0.0 0.09317860007286072
0.0 0.0935819149017334
0.0 0.09382017701864243
0.0 0.09385105967521667
0.0 0.09439600259065628
0.0 0.09454815089702606
0.0 0.09478169679641724
0.0 0.0949806198477745
0.0 0.09517449885606766
0.0 0.09596081078052521
0.0 0.09621991217136383
0.0 0.09654778987169266
0.0 0.09715992212295532
0.0 0.09766574203968048
0.0 0.09845662862062454
0.0 0.0985519289970398
0.0 0.09864796698093414
0.0 0.09977376461029053
0.0 0.10104374587535858
0.0 0.10112516582012177
0.0 0.10149338841438293
0.0 0.10169871896505356
0.0 0.10171791166067123
0.0 0.10203758627176285
0.0 0.10209494829177856
0.0 0.1025555431842804
0.0 0.10459332913160324
0.0 0.10528561472892761
0.0 0.10545647889375687
0.0 0.10563675314188004
0.0 0.10627013444900513
0.0 0.10819278657436371
0.0 0.10892099887132645
0.0 0.11041758954524994
0.0 0.11167711764574051
0.0 0.11671604216098785
0.0 0.12161380797624588
0.0 0.12389618158340454
0.0 inf
