0.0 0.032948825508356094
0.0 0.034021176397800446
0.0 0.039434321224689484
0.0 0.04001709073781967
0.0 0.04077230021357536
0.0 0.04114653915166855
0.0 0.0413505844771862
0.0 0.04168025404214859
0.0 0.04227817431092262
0.0 0.04235800728201866
0.0 0.04243236035108566
0.0 0.04249655827879906
0.0 0.04254097864031792
0.0 0.04258233308792114
0.0 0.04263490065932274
0.0 0.04265182465314865
0.0 0.0426645427942276
0.0 0.043009452521800995
0.0 0.04310919716954231
0.0 0.04323756694793701
0.0 0.043367475271224976
0.0 0.04393203184008598
0.0 0.04420602694153786
0.0 0.044845495373010635
0.0 0.04489045962691307
0.0 0.045021481812000275
0.0 0.04509362950921059
0.0 0.045233022421598434
0.0 0.045389361679553986
0.0 0.04549786075949669
0.0 0.04562058299779892
0.0 0.04582902044057846
0.0 0.045865047723054886
0.0 0.045871082693338394
0.0 0.04589204117655754
0.0 0.04595355689525604
0.0 0.04611305519938469
0.0 0.04611692950129509
0.0 0.04628635570406914
0.0 0.046345364302396774
0.0 0.04636870324611664
0.0 0.0464007705450058
0.0 0.046619318425655365
0.0 0.04677596315741539
0.0 0.04705667868256569
0.0 0.04722653701901436
0.0 0.04726522043347359
0.0 0.0473434180021286
0.0 0.04735906794667244
0.0 0.04761573672294617
0.0 0.04776390269398689
0.0 0.04779740050435066
0.0 0.047920238226652145
0.0 0.04793836921453476
0.0 0.04802495986223221
0.0 0.04813846945762634
0.0 0.048305485397577286
0.0 0.048327237367630005
0.0 0.04835706949234009
0.0 0.04870626702904701
0.0 0.04885551705956459
0.0 0.04894663020968437
0.0 0.04897104948759079
0.0 0.04897834733128548
0.0 0.04908384010195732
0.0 0.049161069095134735
0.0 0.04926935210824013
0.0 0.04930846393108368
0.0 0.04943738877773285
0.0 0.04957370460033417
0.0 0.049602266401052475
0.0 0.049607373774051666
0.0 0.04996458441019058
0.0 0.050119079649448395
0.0 0.050236139446496964
0.0 0.05030690133571625
0.0 0.050426602363586426
0.0 0.05056381598114967
0.0 0.05067357048392296
0.0 0.05067497864365578
0.0 0.050729840993881226
0.0 0.050821851938962936
0.0 0.05083778500556946
0.0 0.05088281258940697
0.0 0.05093666538596153
0.0 0.050954122096300125
0.0 0.051047030836343765
0.0 0.051055654883384705
0.0 0.05106455460190773
0.0 0.051184456795454025
0.0 0.05120930075645447
0.0 0.05124347656965256
0.0 0.051304806023836136
0.0 0.05140312761068344
0.0 0.051632944494485855
0.0 0.05168779939413071
0.0 0.05189915746450424
0.0 0.05190214887261391
0.0 0.05198485404253006
0.0 0.05221731960773468
0.0 0.05222548544406891
0.0 0.0523027628660202
0.0 0.052312858402729034
0.0 0.05238981917500496
0.0 0.052392277866601944
0.0 0.052431829273700714
0.0 0.05253969505429268
0.0 0.05282711610198021
0.0 0.052845548838377
0.0 0.05291188880801201
0.0 0.05306018888950348
0.0 0.053114574402570724
0.0 0.05312654748558998
0.0 0.05317378044128418
0.0 0.053591035306453705
0.0 0.05372868478298187
0.0 0.05385880917310715
0.0 0.053873561322689056
0.0 0.05400041490793228
0.0 0.05407850071787834
0.0 0.0541449636220932
0.0 0.05416098237037659
0.0 0.054252829402685165
0.0 0.05433047190308571
0.0 0.054369062185287476
0.0 0.054384712129831314
0.0 0.054399751126766205
0.0 0.05449343100190163
0.0 0.05459029600024223
0.0 0.05462241917848587
0.0 0.05471411347389221
0.0 0.055076733231544495
0.0 0.05509478598833084
0.0 0.05522238090634346
0.0 0.05536234378814697
0.0 0.05543440207839012
0.0 0.05544213578104973
0.0 0.05558076500892639
0.0 0.055655766278505325
0.0 0.05572294443845749
0.0 0.055849503725767136
0.0 0.05588318407535553
0.0 0.05596866458654404
0.0 0.05599208548665047
0.0 0.05601615831255913
0.0 0.05603630095720291
0.0 0.056117475032806396
0.0 0.05617639422416687
0.0 0.056309979408979416
0.0 0.05644494295120239
0.0 0.05650480464100838
0.0 0.05659547075629234
0.0 0.05662327632308006
0.0 0.056723758578300476
0.0 0.05675742030143738
0.0 0.05683725327253342
0.0 0.05685492232441902
0.0 0.05695047974586487
0.0 0.056961946189403534
0.0 0.05697287246584892
0.0 0.05703550577163696
0.0 0.05711008608341217
0.0 0.057115670293569565
0.0 0.057202424854040146
0.0 0.05724586918950081
0.0 0.05725843831896782
0.0 0.05730303004384041
0.0 0.05731115862727165
0.0 0.057335998862981796
0.0 0.05744711682200432
0.0 0.05749944597482681
0.0 0.05773058161139488
0.0 0.05773115158081055
0.0 0.05788023769855499
0.0 0.05790972709655762
0.0 0.05800599232316017
0.0 0.058053091168403625
0.0 0.05814898759126663
0.0 0.05829333886504173
0.0 0.058372315019369125
0.0 0.058462392538785934
0.0 0.05851956456899643
0.0 0.05863422155380249
0.0 0.058650799095630646
0.0 0.058813903480768204
0.0 0.05883735418319702
0.0 0.058892622590065
0.0 0.059282705187797546
0.0 0.05946556106209755
0.0 0.05973474308848381
0.0 0.05981068313121796
0.0 0.059811316430568695
0.0 0.05985590070486069
0.0 0.05987187847495079
0.0 0.0599026083946228
0.0 0.059939466416835785
0.0 0.05998925864696503
0.0 0.06001582369208336
0.0 0.06011082977056503
0.0 0.06021886691451073
0.0 0.06023721396923065
0.0 0.060281261801719666
0.0 0.06033485382795334
0.0 0.06051668897271156
0.0 0.060845840722322464
0.0 0.06089027598500252
0.0 0.060892682522535324
0.0 0.06095867604017258
0.0 0.060987651348114014
0.0 0.061008863151073456
0.0 0.0610131099820137
0.0 0.06109033524990082
0.0 0.061127178370952606
0.0 0.06122540682554245
0.0 0.06147785112261772
0.0 0.0616077184677124
0.0 0.061704039573669434
0.0 0.06176210567355156
0.0 0.061799246817827225
0.0 0.06180066987872124
0.0 0.061817679554224014
0.0 0.061895109713077545
0.0 0.0619010329246521
0.0 0.061921365559101105
0.0 0.061986468732357025
0.0 0.06201046332716942
0.0 0.0620516836643219
0.0 0.06207343935966492
0.0 0.06220315769314766
0.0 0.062391821295022964
0.0 0.06244489923119545
0.0 0.06248613819479942
0.0 0.06252129375934601
0.0 0.06270928680896759
0.0 0.06271834671497345
0.0 0.06278791278600693
0.0 0.06279763579368591
0.0 0.06279786676168442
0.0 0.06282029300928116
0.0 0.0628381296992302
0.0 0.06288955360651016
0.0 0.06294957548379898
0.0 0.06296075135469437
0.0 0.06296174228191376
0.0 0.06297795474529266
0.0 0.06310581415891647
0.0 0.06311396509408951
0.0 0.06323331594467163
0.0 0.06324633210897446
0.0 0.0632648840546608
0.0 0.06338179856538773
0.0 0.06342653930187225
0.0 0.06346720457077026
0.0 0.06354384124279022
0.0 0.06366147845983505
0.0 0.06383728235960007
0.0 0.06384652853012085
0.0 0.06393568962812424
0.0 0.06397399306297302
0.0 0.06401537358760834
0.0 0.06411129981279373
0.0 0.06419756263494492
0.0 0.06425508111715317
0.0 0.06426417827606201
0.0 0.06426668912172318
0.0 0.06430558860301971
0.0 0.06445218622684479
0.0 0.06450614333152771
0.0 0.06453722715377808
0.0 0.06466889381408691
0.0 0.06468851119279861
0.0 0.06469184160232544
0.0 0.0647118017077446
0.0 0.06476928293704987
0.0 0.06478959321975708
0.0 0.0648510530591011
0.0 0.06487680971622467
0.0 0.06493336707353592
0.0 0.06500425934791565
0.0 0.06504171341657639
0.0 0.06512857228517532
0.0 0.06516721844673157
0.0 0.06520722061395645
0.0 0.06530317664146423
0.0 0.06537821143865585
0.0 0.06547548621892929
0.0 0.06548744440078735
0.0 0.06559187173843384
0.0 0.06559795141220093
0.0 0.06574045121669769
0.0 0.06591973453760147
0.0 0.0660598874092102
0.0 0.06608148664236069
0.0 0.06618594378232956
0.0 0.06620893627405167
0.0 0.06622746586799622
0.0 0.0663594901561737
0.0 0.06645087897777557
0.0 0.06646005064249039
0.0 0.06657156348228455
0.0 0.06667498499155045
0.0 0.06671702861785889
0.0 0.06678900122642517
0.0 0.06702125817537308
0.0 0.06703586876392365
0.0 0.06743872165679932
0.0 0.0674414113163948
0.0 0.06750727444887161
0.0 0.06763152778148651
0.0 0.06777141243219376
0.0 0.06786548346281052
0.0 0.0679461807012558
0.0 0.06802436709403992
0.0 0.06807629764080048
0.0 0.06815808266401291
0.0 0.06821674853563309
0.0 0.06824220716953278
0.0 0.06827646493911743
0.0 0.0682818591594696
0.0 0.0683276429772377
0.0 0.0683353915810585
0.0 0.0684322640299797
0.0 0.06857762485742569
0.0 0.06860299408435822
0.0 0.06873993575572968
0.0 0.06880198419094086
0.0 0.06883053481578827
0.0 0.06884980201721191
0.0 0.06899993121623993
0.0 0.06900463253259659
0.0 0.06902030110359192
0.0 0.06902524083852768
0.0 0.0690610483288765
0.0 0.06918102502822876
0.0 0.06923037022352219
0.0 0.0692509114742279
0.0 0.06925152987241745
0.0 0.0692615881562233
0.0 0.06929983198642731
0.0 0.06930575519800186
0.0 0.0695035457611084
0.0 0.06953157484531403
0.0 0.0698271095752716
0.0 0.06983260065317154
0.0 0.06990750879049301
0.0 0.06998426467180252
0.0 0.07006148993968964
0.0 0.07015540450811386
0.0 0.07015983760356903
0.0 0.07034005969762802
0.0 0.07036496698856354
0.0 0.07043001055717468
0.0 0.0704817995429039
0.0 0.07050493359565735
0.0 0.07050950080156326
0.0 0.07052533328533173
0.0 0.07056686282157898
0.0 0.07060632854700089
0.0 0.07061000168323517
0.0 0.07064856588840485
0.0 0.0706573873758316
0.0 0.07074976712465286
0.0 0.07118181884288788
0.0 0.07125573605298996
0.0 0.07126843929290771
0.0 0.0713505670428276
0.0 0.07138613611459732
0.0 0.07142157107591629
0.0 0.0714886486530304
0.0 0.07150169461965561
0.0 0.07150374352931976
0.0 0.07151555269956589
0.0 0.07151900976896286
0.0 0.07198191434144974
0.0 0.07207410037517548
0.0 0.07214340567588806
0.0 0.07219930738210678
0.0 0.07237938046455383
0.0 0.07258198410272598
0.0 0.07261046022176743
0.0 0.07276380062103271
0.0 0.0729309543967247
0.0 0.07302042096853256
0.0 0.07308124750852585
0.0 0.07308834046125412
0.0 0.07321367412805557
0.0 0.07332146912813187
0.0 0.07347089797258377
0.0 0.07352535426616669
0.0 0.07357911765575409
0.0 0.0736490935087204
0.0 0.07366963475942612
0.0 0.07400386780500412
0.0 0.07407262176275253
0.0 0.07431451976299286
0.0 0.07439009845256805
0.0 0.07439207285642624
0.0 0.07452814280986786
0.0 0.07453601062297821
0.0 0.07467396557331085
0.0 0.07470232993364334
0.0 0.07481381297111511
0.0 0.07536397874355316
0.0 0.07557252794504166
0.0 0.07557989656925201
0.0 0.07563117891550064
0.0 0.0757058709859848
0.0 0.07594045251607895
0.0 0.07595228403806686
0.0 0.07597238570451736
0.0 0.0761789083480835
0.0 0.07643627375364304
0.0 0.07654096186161041
0.0 0.07673808187246323
0.0 0.0767631083726883
0.0 0.07684511691331863
0.0 0.07713962346315384
0.0 0.0771903321146965
0.0 0.07727514207363129
0.0 0.07730481773614883
0.0 0.07733486592769623
0.0 0.07733520120382309
0.0 0.07745496183633804
0.0 0.07768352329730988
0.0 0.0777144506573677
0.0 0.07773633301258087
0.0 0.07792744040489197
0.0 0.07796497642993927
0.0 0.07814104110002518
0.0 0.07816479355096817
0.0 0.07822365313768387
0.0 0.07834446430206299
0.0 0.07835599780082703
0.0 0.07837209105491638
0.0 0.07839597761631012
0.0 0.07866906374692917
0.0 0.07886169850826263
0.0 0.07887052744626999
0.0 0.07923402637243271
0.0 0.07951226085424423
0.0 0.07962343096733093
0.0 0.07965701818466187
0.0 0.07973726838827133
0.0 0.07983306795358658
0.0 0.07983951270580292
0.0 0.08017819374799728
0.0 0.08024906367063522
0.0 0.08043263852596283
0.0 0.08090518414974213
0.0 0.08094009757041931
0.0 0.0816747173666954
0.0 0.08197642862796783
0.0 0.0820152685046196
0.0 0.08216753602027893
0.0 0.08241666853427887
0.0 0.08250805735588074
0.0 0.0826260894536972
0.0 0.08303001523017883
0.0 0.08305027335882187
0.0 0.08316252380609512
0.0 0.08341216295957565
0.0 0.08358486741781235
0.0 0.08363036811351776
0.0 0.08419877290725708
0.0 0.08422524482011795
0.0 0.08433835953474045
0.0 0.08451760560274124
0.0 0.08476077020168304
0.0 0.08478299528360367
0.0 0.08508165925741196
0.0 0.0851549580693245
0.0 0.08534040302038193
0.0 0.08574648201465607
0.0 0.08588020503520966
0.0 0.08589860051870346
0.0 0.08604025095701218
0.0 0.08625546842813492
0.0 0.08660643547773361
0.0 0.0866703987121582
0.0 0.08680405467748642
0.0 0.08685927838087082
0.0 0.08690456300973892
0.0 0.08714079856872559
0.0 0.08741439878940582
0.0 0.08779997378587723
0.0 0.08850526064634323
0.0 0.0897800549864769
0.0 0.08987776190042496
0.0 0.08999382704496384
0.0 0.09013647586107254
0.0 0.09017901867628098
0.0 0.09130590409040451
0.0 0.0914122611284256
0.0 0.0914783701300621
0.0 0.09187659621238708
0.0 0.09236857295036316
0.0 0.0935169905424118
0.0 0.0935288593173027
0.0 0.09353078901767731
0.0 0.09394419938325882
0.0 0.0941256582736969
0.0 0.09474495053291321
0.0 0.094980888068676
0.0 0.09723220765590668
0.0 0.09917120635509491
0.0 0.09962521493434906
0.0 0.10379640758037567
0.0 0.10817570984363556
0.0 0.10924023389816284
0.0 0.11009417474269867
0.0 0.11527029424905777
0.0 inf
