0.0 0.0435514971613884
0.0 0.04558085277676582
0.0 0.04577932134270668
0.0 0.04713182523846626
0.0 0.04780774191021919
0.0 0.04928614944219589
0.0 0.05027613416314125
0.0 0.05039235204458237
0.0 0.0506553053855896
0.0 0.05104272812604904
0.0 0.051089026033878326
0.0 0.0515327975153923
0.0 0.05179251730442047
0.0 0.052152976393699646
0.0 0.05294257402420044
0.0 0.053052403032779694
0.0 0.053350627422332764
0.0 0.05335233733057976
0.0 0.05370291322469711
0.0 0.053749050945043564
0.0 0.053771521896123886
0.0 0.054548054933547974
0.0 0.05459759384393692
0.0 0.055064283311367035
0.0 0.0550880990922451
0.0 0.05526301637291908
0.0 0.055280547589063644
0.0 0.05548324063420296
0.0 0.05548524111509323
0.0 0.055647194385528564
0.0 0.055680375546216965
0.0 0.05583350360393524
0.0 0.0558871254324913
0.0 0.05609384551644325
0.0 0.05623913183808327
0.0 0.05667630210518837
0.0 0.05676519125699997
0.0 0.05678045377135277
0.0 0.05686715245246887
0.0 0.05698360130190849
0.0 0.057115063071250916
0.0 0.05711953714489937
0.0 0.057179044932127
0.0 0.05726495757699013
0.0 0.057422176003456116
0.0 0.05753764882683754
0.0 0.05755604803562164
0.0 0.05794035270810127
0.0 0.05798931047320366
0.0 0.05803528055548668
0.0 0.05811680108308792
0.0 0.05826280638575554
0.0 0.05839402601122856
0.0 0.05849563702940941
0.0 0.05852782726287842
0.0 0.05855675786733627
0.0 0.05870507284998894
0.0 0.059126116335392
0.0 0.05917953699827194
0.0 0.05922019109129906
0.0 0.05929775908589363
0.0 0.05950184911489487
0.0 0.059535201638936996
0.0 0.059563297778367996
0.0 0.05977719649672508
0.0 0.059793807566165924
0.0 0.05995256081223488
0.0 0.05995359271764755
0.0 0.0600033663213253
0.0 0.06002968177199364
0.0 0.060103174299001694
0.0 0.06011902913451195
0.0 0.06011912599205971
0.0 0.060150355100631714
0.0 0.06018533930182457
0.0 0.060270220041275024
0.0 0.06055265665054321
0.0 0.06062992662191391
0.0 0.06064089760184288
0.0 0.06109888479113579
0.0 0.06120206043124199
0.0 0.06121453270316124
0.0 0.06121574342250824
0.0 0.06121854856610298
0.0 0.0612468384206295
0.0 0.06126389279961586
0.0 0.06130027398467064
0.0 0.06136947125196457
0.0 0.06175824999809265
0.0 0.06181704252958298
0.0 0.06181709095835686
0.0 0.06182878091931343
0.0 0.061990994960069656
0.0 0.062107235193252563
0.0 0.06214835122227669
0.0 0.062299393117427826
0.0 0.06255169957876205
0.0 0.06255941838026047
0.0 0.06282199174165726
0.0 0.06296803057193756
0.0 0.0630987286567688
0.0 0.06313534826040268
0.0 0.06313583999872208
0.0 0.06336759030818939
0.0 0.06338294595479965
0.0 0.06360894441604614
0.0 0.06364276260137558
0.0 0.06366897374391556
0.0 0.0637066587805748
0.0 0.06401573866605759
0.0 0.06413042545318604
0.0 0.06420931220054626
0.0 0.06426621973514557
0.0 0.06436396390199661
0.0 0.06441354751586914
0.0 0.06442654132843018
0.0 0.06442715972661972
0.0 0.06448440253734589
0.0 0.06450371444225311
0.0 0.0645981952548027
0.0 0.06465689837932587
0.0 0.06467064470052719
0.0 0.06472320854663849
0.0 0.06473196297883987
0.0 0.06479587405920029
0.0 0.06484546512365341
0.0 0.0648699402809143
0.0 0.0648803636431694
0.0 0.06488151103258133
0.0 0.06490051001310349
0.0 0.06493046879768372
0.0 0.06499790400266647
0.0 0.06512211263179779
0.0 0.06516943871974945
0.0 0.06519245356321335
0.0 0.06532037258148193
0.0 0.06534405797719955
0.0 0.0653616338968277
0.0 0.06536420434713364
0.0 0.0654076486825943
0.0 0.06545747816562653
0.0 0.06548415124416351
0.0 0.06549269706010818
0.0 0.06550213694572449
0.0 0.06556668132543564
0.0 0.06559757888317108
0.0 0.06565197557210922
0.0 0.0657123401761055
0.0 0.06577299535274506
0.0 0.06583917886018753
0.0 0.06587797403335571
0.0 0.06590919941663742
0.0 0.06600371748209
0.0 0.06605865061283112
0.0 0.06614721566438675
0.0 0.066231869161129
0.0 0.06627744436264038
0.0 0.06631772220134735
0.0 0.06644318997859955
0.0 0.06646745651960373
0.0 0.0665447786450386
0.0 0.06662413477897644
0.0 0.06673101335763931
0.0 0.06676334887742996
0.0 0.06679753214120865
0.0 0.06698940694332123
0.0 0.06702180951833725
0.0 0.06710191816091537
0.0 0.06713664531707764
0.0 0.06720966100692749
0.0 0.06721758097410202
0.0 0.06722218543291092
0.0 0.06725091487169266
0.0 0.06736412644386292
0.0 0.06740622967481613
0.0 0.06745205819606781
0.0 0.06746619939804077
0.0 0.067466601729393
0.0 0.06751872599124908
0.0 0.06754270941019058
0.0 0.06756236404180527
0.0 0.06757087260484695
0.0 0.06766676902770996
0.0 0.06779433786869049
0.0 0.06783004105091095
0.0 0.06783149391412735
0.0 0.06785126030445099
0.0 0.06792493909597397
0.0 0.06808120757341385
0.0 0.06809243559837341
0.0 0.06821233779191971
0.0 0.06825735419988632
0.0 0.06836587190628052
0.0 0.06845124810934067
0.0 0.06845288723707199
0.0 0.06855613738298416
0.0 0.06862402707338333
0.0 0.06863325089216232
0.0 0.06870286166667938
0.0 0.06870988756418228
0.0 0.06876833736896515
0.0 0.06884113699197769
0.0 0.06884116679430008
0.0 0.06891141831874847
0.0 0.06897544115781784
0.0 0.06904425472021103
0.0 0.0690571740269661
0.0 0.06907755136489868
0.0 0.06921257823705673
0.0 0.06923919171094894
0.0 0.06928808242082596
0.0 0.06952846050262451
0.0 0.06953604519367218
0.0 0.06963352113962173
0.0 0.06977195292711258
0.0 0.06977974623441696
0.0 0.07007712125778198
0.0 0.0701669380068779
0.0 0.07022976875305176
0.0 0.07031513005495071
0.0 0.07037413865327835
0.0 0.07043416053056717
0.0 0.07043752074241638
0.0 0.07059668004512787
0.0 0.07062218338251114
0.0 0.07070662081241608
0.0 0.07074743509292603
0.0 0.07077492028474808
0.0 0.07088213413953781
0.0 0.07108806073665619
0.0 0.07113300263881683
0.0 0.07115349918603897
0.0 0.07120928913354874
0.0 0.07125799357891083
0.0 0.07151808589696884
0.0 0.0715859904885292
0.0 0.07177261263132095
0.0 0.07193358987569809
0.0 0.07193540781736374
0.0 0.07228128612041473
0.0 0.07231515645980835
0.0 0.07235340774059296
0.0 0.07238344848155975
0.0 0.07240404188632965
0.0 0.07245852053165436
0.0 0.0724816545844078
0.0 0.07258369773626328
0.0 0.07271557301282883
0.0 0.07272754609584808
0.0 0.07278959453105927
0.0 0.07289940863847733
0.0 0.07290633022785187
0.0 0.07312881946563721
0.0 0.07314560562372208
0.0 0.07333428412675858
0.0 0.0733533650636673
0.0 0.07339254021644592
0.0 0.07354513555765152
0.0 0.07358579337596893
0.0 0.0735900029540062
0.0 0.0736209973692894
0.0 0.07364214211702347
0.0 0.0737755224108696
0.0 0.07393434643745422
0.0 0.0739784836769104
0.0 0.07434402406215668
0.0 0.07436228543519974
0.0 0.07460422813892365
0.0 0.07460448145866394
0.0 0.07490405440330505
0.0 0.07491505146026611
0.0 0.07497337460517883
0.0 0.07499310374259949
0.0 0.07526066899299622
0.0 0.07533405721187592
0.0 0.0753433033823967
0.0 0.07547113299369812
0.0 0.07547510415315628
0.0 0.07551005482673645
0.0 0.0755448192358017
0.0 0.07561753690242767
0.0 0.07564081251621246
0.0 0.07564127445220947
0.0 0.0757264569401741
0.0 0.07587123662233353
0.0 0.07588405907154083
0.0 0.07592957466840744
0.0 0.07594110816717148
0.0 0.07597161829471588
0.0 0.07598448544740677
0.0 0.07610735297203064
0.0 0.07624524086713791
0.0 0.07631001621484756
0.0 0.07632856070995331
0.0 0.07641671597957611
0.0 0.07645931839942932
0.0 0.07648935168981552
0.0 0.07652947306632996
0.0 0.07665891945362091
0.0 0.0768139511346817
0.0 0.0768384113907814
0.0 0.076982781291008
0.0 0.07702552527189255
0.0 0.07703246176242828
0.0 0.07707974314689636
0.0 0.07720769941806793
0.0 0.07723896950483322
0.0 0.07737601548433304
0.0 0.07747054845094681
0.0 0.07748804241418839
0.0 0.0775279700756073
0.0 0.0775495171546936
0.0 0.07768156379461288
0.0 0.07775576412677765
0.0 0.07799062132835388
0.0 0.07810112088918686
0.0 0.07816606760025024
0.0 0.078404501080513
0.0 0.07847698777914047
0.0 0.07848386466503143
0.0 0.07849442958831787
0.0 0.07852562516927719
0.0 0.07853832840919495
0.0 0.0785624161362648
0.0 0.07877194881439209
0.0 0.07881111651659012
0.0 0.07900117337703705
0.0 0.0790233463048935
0.0 0.07910414785146713
0.0 0.07928887009620667
0.0 0.07958775013685226
0.0 0.07964516431093216
0.0 0.07971794903278351
0.0 0.07989434897899628
0.0 0.08009276539087296
0.0 0.08029783517122269
0.0 0.0804734006524086
0.0 0.08053770661354065
0.0 0.0806475430727005
0.0 0.0806942954659462
0.0 0.08078422397375107
0.0 0.08131728321313858
0.0 0.08152619749307632
0.0 0.08153372257947922
0.0 0.08155737817287445
0.0 0.08161712437868118
0.0 0.0816810354590416
0.0 0.08216812461614609
0.0 0.08252875506877899
0.0 0.08260422945022583
0.0 0.08266441524028778
0.0 0.08275142312049866
0.0 0.08277276158332825
0.0 0.08278973400592804
0.0 0.08300798386335373
0.0 0.08307553082704544
0.0 0.08313179761171341
0.0 0.08327221125364304
0.0 0.08341190963983536
0.0 0.08345674723386765
0.0 0.08359763771295547
0.0 0.08362359553575516
0.0 0.08363914489746094
0.0 0.08370316028594971
0.0 0.08373276144266129
0.0 0.08384526520967484
0.0 0.08435895293951035
0.0 0.08440792560577393
0.0 0.08441899716854095
0.0 0.0845397412776947
0.0 0.08471858501434326
0.0 0.0847400575876236
0.0 0.08480600267648697
0.0 0.08482244610786438
0.0 0.0848710760474205
0.0 0.08514194935560226
0.0 0.08517265319824219
0.0 0.08522891253232956
0.0 0.08531340211629868
0.0 0.08537773042917252
0.0 0.08577113598585129
0.0 0.085814468562603
0.0 0.08600839972496033
0.0 0.08600952476263046
0.0 0.08611152321100235
0.0 0.08613099902868271
0.0 0.0861864760518074
0.0 0.08631948381662369
0.0 0.08656877279281616
0.0 0.08681802451610565
0.0 0.08682576566934586
0.0 0.08689221739768982
0.0 0.08706876635551453
0.0 0.08735334128141403
0.0 0.0873844102025032
0.0 0.0874391570687294
0.0 0.08745816349983215
0.0 0.08767511695623398
0.0 0.08787517994642258
0.0 0.08833272755146027
0.0 0.08839765191078186
0.0 0.08845466375350952
0.0 0.08877288550138474
0.0 0.08895092457532883
0.0 0.08921333402395248
0.0 0.08982066065073013
0.0 0.08987853676080704
0.0 0.0902947261929512
0.0 0.09029614925384521
0.0 0.09040354937314987
0.0 0.09043470770120621
0.0 0.09048204869031906
0.0 0.09050418436527252
0.0 0.09057402610778809
0.0 0.09092692285776138
0.0 0.09139103442430496
0.0 0.09141605347394943
0.0 0.09163545072078705
0.0 0.09251532703638077
0.0 0.0927020013332367
0.0 0.09280893206596375
0.0 0.09282670170068741
0.0 0.09285251796245575
0.0 0.09285832941532135
0.0 0.09301815927028656
0.0 0.09316400438547134
0.0 0.09334874153137207
0.0 0.09336622059345245
0.0 0.09365776926279068
0.0 0.093788743019104
0.0 0.09388605505228043
0.0 0.0938878282904625
0.0 0.09409505128860474
0.0 0.09415260702371597
0.0 0.09424784779548645
0.0 0.09443225711584091
0.0 0.09449420869350433
0.0 0.09470557421445847
0.0 0.09472547471523285
0.0 0.09473168849945068
0.0 0.09498445689678192
0.0 0.09507425874471664
0.0 0.09516237676143646
0.0 0.09527057409286499
0.0 0.09532079845666885
0.0 0.09543813765048981
0.0 0.09549982100725174
0.0 0.09563897550106049
0.0 0.09615156054496765
0.0 0.09637999534606934
0.0 0.09689736366271973
0.0 0.097032330930233
0.0 0.09715896844863892
0.0 0.09788073599338531
0.0 0.09797968715429306
0.0 0.09829577058553696
0.0 0.09843754023313522
0.0 0.09852592647075653
0.0 0.09880664199590683
0.0 0.09882745891809464
0.0 0.09909529238939285
0.0 0.09943157434463501
0.0 0.09945383667945862
0.0 0.0995422750711441
0.0 0.09962572902441025
0.0 0.09992678463459015
0.0 0.10011811554431915
0.0 0.10018979758024216
0.0 0.10021574795246124
0.0 0.10024018585681915
0.0 0.10039772093296051
0.0 0.10040412098169327
0.0 0.10047520697116852
0.0 0.10053308308124542
0.0 0.10099544376134872
0.0 0.10115823894739151
0.0 0.10122161358594894
0.0 0.10195006430149078
0.0 0.10205723345279694
0.0 0.10223657637834549
0.0 0.10236731171607971
0.0 0.10260716825723648
0.0 0.10261832177639008
0.0 0.10311564058065414
0.0 0.10357391834259033
0.0 0.1038176491856575
0.0 0.10444464534521103
0.0 0.1052740290760994
0.0 0.10566043108701706
0.0 0.10742074251174927
0.0 0.10833941400051117
0.0 0.10852963477373123
0.0 0.10899177193641663
0.0 0.10963119566440582
0.0 0.10968371480703354
0.0 0.11023611575365067
0.0 0.11071402579545975
0.0 0.11110717058181763
0.0 0.11190856993198395
0.0 0.11279094964265823
0.0 0.11543905735015869
0.0 0.11711066961288452
0.0 0.11793897300958633
0.0 0.11847269535064697
0.0 0.11862640082836151
0.0 0.1263921856880188
0.0 0.1273365169763565
0.0 0.12947997450828552
0.0 0.13831686973571777
0.0 0.138998344540596
0.0 0.14521394670009613
0.0 inf
