0.0 0.038196858018636703
0.0 0.03905101865530014
0.0 0.0394795760512352
0.0 0.039517953991889954
0.0 0.04101639613509178
0.0 0.042153242975473404
0.0 0.04260852560400963
0.0 0.04300585016608238
0.0 0.04394898563623428
0.0 0.04398242384195328
0.0 0.04410642385482788
0.0 0.044151920825242996
0.0 0.04565922170877457
0.0 0.04592382162809372
0.0 0.04635181277990341
0.0 0.046682026237249374
0.0 0.04726672172546387
0.0 0.047562699764966965
0.0 0.04831983894109726
0.0 0.04835652932524681
0.0 0.04867452383041382
0.0 0.04868833348155022
0.0 0.04871271923184395
0.0 0.04892406612634659
0.0 0.04916345328092575
0.0 0.049247581511735916
0.0 0.049372702836990356
0.0 0.04949081689119339
0.0 0.049509890377521515
0.0 0.04967968910932541
0.0 0.04978324845433235
0.0 0.049816954880952835
0.0 0.049863301217556
0.0 0.0499185249209404
0.0 0.04995718225836754
0.0 0.049988292157649994
0.0 0.04998943209648132
0.0 0.05006420612335205
0.0 0.05033900588750839
0.0 0.05034622922539711
0.0 0.05040549859404564
0.0 0.05041256919503212
0.0 0.05044864863157272
0.0 0.0505853071808815
0.0 0.05075369402766228
0.0 0.050775330513715744
0.0 0.050812359899282455
0.0 0.05085540935397148
0.0 0.05093760043382645
0.0 0.051085215061903
0.0 0.05114331096410751
0.0 0.05127842351794243
0.0 0.051291681826114655
0.0 0.051378123462200165
0.0 0.05154779925942421
0.0 0.05173267424106598
0.0 0.05191574990749359
0.0 0.05196744576096535
0.0 0.05197596549987793
0.0 0.052047282457351685
0.0 0.05223522335290909
0.0 0.05230797082185745
0.0 0.052451204508543015
0.0 0.052504900842905045
0.0 0.052536722272634506
0.0 0.05259891599416733
0.0 0.05262206122279167
0.0 0.052623145282268524
0.0 0.052626147866249084
0.0 0.05262772738933563
0.0 0.05270780622959137
0.0 0.052862122654914856
0.0 0.05312797799706459
0.0 0.053266651928424835
0.0 0.053330548107624054
0.0 0.05342530831694603
0.0 0.05354858562350273
0.0 0.05357429385185242
0.0 0.053821440786123276
0.0 0.05399413779377937
0.0 0.05400368198752403
0.0 0.05405456945300102
0.0 0.05408414080739021
0.0 0.05411491543054581
0.0 0.05416647344827652
0.0 0.05424170196056366
0.0 0.054264843463897705
0.0 0.05427649989724159
0.0 0.05428018048405647
0.0 0.05428163707256317
0.0 0.05430006980895996
0.0 0.054338883608579636
0.0 0.05434118211269379
0.0 0.05447359010577202
0.0 0.05454355478286743
0.0 0.05460337921977043
0.0 0.05462746322154999
0.0 0.05474146828055382
0.0 0.05476957932114601
0.0 0.05480467900633812
0.0 0.054829590022563934
0.0 0.0550568550825119
0.0 0.05506649240851402
0.0 0.0550786517560482
0.0 0.05510900169610977
0.0 0.05513661727309227
0.0 0.055159952491521835
0.0 0.05516108497977257
0.0 0.05519256740808487
0.0 0.05522962659597397
0.0 0.05531013384461403
0.0 0.05532640218734741
0.0 0.05534837022423744
0.0 0.055352114140987396
0.0 0.055564314126968384
0.0 0.05556975305080414
0.0 0.05567923188209534
0.0 0.05575171485543251
0.0 0.055779434740543365
0.0 0.055886995047330856
0.0 0.05599410459399223
0.0 0.056028809398412704
0.0 0.056075528264045715
0.0 0.05615935102105141
0.0 0.0563591793179512
0.0 0.0563618540763855
0.0 0.05636497586965561
0.0 0.05667431652545929
0.0 0.05673859640955925
0.0 0.05679976940155029
0.0 0.05683596432209015
0.0 0.05695453658699989
0.0 0.05729946121573448
0.0 0.05744287371635437
0.0 0.05747389420866966
0.0 0.05749818682670593
0.0 0.057605355978012085
0.0 0.057941123843193054
0.0 0.058115482330322266
0.0 0.05813921242952347
0.0 0.05816163495182991
0.0 0.058257896453142166
0.0 0.05831706151366234
0.0 0.058353327214717865
0.0 0.058425422757864
0.0 0.05849934369325638
0.0 0.05861058086156845
0.0 0.05864058807492256
0.0 0.058683812618255615
0.0 0.05869224667549133
0.0 0.058736417442560196
0.0 0.058774929493665695
0.0 0.05879266932606697
0.0 0.058848943561315536
0.0 0.05892835929989815
0.0 0.0590832494199276
0.0 0.05918202921748161
0.0 0.05925383418798447
0.0 0.05928700044751167
0.0 0.05933472514152527
0.0 0.05934540182352066
0.0 0.05942302569746971
0.0 0.05944981798529625
0.0 0.0594959557056427
0.0 0.05953998491168022
0.0 0.05960677191615105
0.0 0.0596202053129673
0.0 0.05962192639708519
0.0 0.05974597483873367
0.0 0.05986882001161575
0.0 0.059883926063776016
0.0 0.06003095954656601
0.0 0.06006251648068428
0.0 0.06017915904521942
0.0 0.06018293276429176
0.0 0.06018395721912384
0.0 0.060244448482990265
0.0 0.060318347066640854
0.0 0.060319386422634125
0.0 0.0603480264544487
0.0 0.06040143221616745
0.0 0.060441210865974426
0.0 0.06045229732990265
0.0 0.06068917736411095
0.0 0.060690928250551224
0.0 0.06071923300623894
0.0 0.06074963137507439
0.0 0.06083524227142334
0.0 0.06086390092968941
0.0 0.061026349663734436
0.0 0.06104179844260216
0.0 0.061117228120565414
0.0 0.061137523502111435
0.0 0.06128052622079849
0.0 0.06139053404331207
0.0 0.06140749901533127
0.0 0.061597567051649094
0.0 0.06163792684674263
0.0 0.06170668080449104
0.0 0.061751484870910645
0.0 0.0618092380464077
0.0 0.06200354918837547
0.0 0.06203337386250496
0.0 0.062175240367650986
0.0 0.0622067004442215
0.0 0.06222723796963692
0.0 0.06223364919424057
0.0 0.062235090881586075
0.0 0.06224682927131653
0.0 0.0623067170381546
0.0 0.06251660734415054
0.0 0.06252960115671158
0.0 0.06263253837823868
0.0 0.06264299899339676
0.0 0.06266678124666214
0.0 0.06277790665626526
0.0 0.06283366680145264
0.0 0.06292255222797394
0.0 0.06296677142381668
0.0 0.0630420595407486
0.0 0.06320669502019882
0.0 0.06320686638355255
0.0 0.06321148574352264
0.0 0.06325001269578934
0.0 0.06353070586919785
0.0 0.06355509161949158
0.0 0.06362468004226685
0.0 0.06380768120288849
0.0 0.06386205554008484
0.0 0.06394543498754501
0.0 0.06407435238361359
0.0 0.06408189237117767
0.0 0.06408984214067459
0.0 0.06412563472986221
0.0 0.06414265185594559
0.0 0.06436135619878769
0.0 0.06455356627702713
0.0 0.06460080295801163
0.0 0.06461579352617264
0.0 0.06469562649726868
0.0 0.06471125781536102
0.0 0.06472107023000717
0.0 0.06543909758329391
0.0 0.06543942540884018
0.0 0.06554491817951202
0.0 0.0656660720705986
0.0 0.06569967418909073
0.0 0.06574933230876923
0.0 0.06577631086111069
0.0 0.0659048929810524
0.0 0.06594023108482361
0.0 0.0660230964422226
0.0 0.06622719019651413
0.0 0.06623218953609467
0.0 0.06628205627202988
0.0 0.06633653491735458
0.0 0.06676693260669708
0.0 0.06679010391235352
0.0 0.06679348647594452
0.0 0.06682754307985306
0.0 0.06686273217201233
0.0 0.066953144967556
0.0 0.0669536292552948
0.0 0.06700798124074936
0.0 0.0670546144247055
0.0 0.0671372041106224
0.0 0.0675264373421669
0.0 0.06767686456441879
0.0 0.06767838448286057
0.0 0.06787522882223129
0.0 0.06788709759712219
0.0 0.06792604178190231
0.0 0.06795451045036316
0.0 0.06796225905418396
0.0 0.06805723905563354
0.0 0.06805959343910217
0.0 0.06810769438743591
0.0 0.0682651475071907
0.0 0.06837624311447144
0.0 0.06863732635974884
0.0 0.06882001459598541
0.0 0.06916183978319168
0.0 0.06920021772384644
0.0 0.06929916888475418
0.0 0.06943681091070175
0.0 0.0699404776096344
0.0 0.0700129047036171
0.0 0.07002732902765274
0.0 0.07006032764911652
0.0 0.07007745653390884
0.0 0.07025101035833359
0.0 0.07028236240148544
0.0 0.07051324844360352
0.0 0.07057937979698181
0.0 0.0706043541431427
0.0 0.07063039392232895
0.0 0.07063672691583633
0.0 0.07073131948709488
0.0 0.07084959000349045
0.0 0.07096056640148163
0.0 0.07098390907049179
0.0 0.07101187109947205
0.0 0.07101583480834961
0.0 0.07115544378757477
0.0 0.07125600427389145
0.0 0.0712667778134346
0.0 0.07141456753015518
0.0 0.07163934409618378
0.0 0.07173413783311844
0.0 0.07176148891448975
0.0 0.0717957615852356
0.0 0.07186765968799591
0.0 0.07221470028162003
0.0 0.07236052304506302
0.0 0.07237556576728821
0.0 0.07249853760004044
0.0 0.07257120311260223
0.0 0.07259014993906021
0.0 0.07266904413700104
0.0 0.07281188666820526
0.0 0.07283328473567963
0.0 0.07288689911365509
0.0 0.07291529327630997
0.0 0.07293745130300522
0.0 0.07297541946172714
0.0 0.07298742979764938
0.0 0.07346489280462265
0.0 0.07348237931728363
0.0 0.07348262518644333
0.0 0.07349765300750732
0.0 0.0735405907034874
0.0 0.0736030638217926
0.0 0.07360780239105225
0.0 0.07376165688037872
0.0 0.0738086998462677
0.0 0.07387946546077728
0.0 0.0739101693034172
0.0 0.07392711192369461
0.0 0.07403954863548279
0.0 0.07409937679767609
0.0 0.07425118237733841
0.0 0.07425368577241898
0.0 0.07431402057409286
0.0 0.07432477921247482
0.0 0.07440705597400665
0.0 0.07444503903388977
0.0 0.074501633644104
0.0 0.07455046474933624
0.0 0.07461211085319519
0.0 0.07461876422166824
0.0 0.07465790957212448
0.0 0.07469701766967773
0.0 0.07471048831939697
0.0 0.07472658157348633
0.0 0.07476675510406494
0.0 0.07483704388141632
0.0 0.07486183196306229
0.0 0.0749342292547226
0.0 0.07514174282550812
0.0 0.07517139613628387
0.0 0.07518763840198517
0.0 0.07540498673915863
0.0 0.07540977746248245
0.0 0.07541684061288834
0.0 0.07549822330474854
0.0 0.07560566067695618
0.0 0.0756801962852478
0.0 0.07572074234485626
0.0 0.07580303400754929
0.0 0.07604537904262543
0.0 0.07615496963262558
0.0 0.07617367058992386
0.0 0.07624596357345581
0.0 0.07628074288368225
0.0 0.0762830376625061
0.0 0.07631582021713257
0.0 0.07636210322380066
0.0 0.07678946852684021
0.0 0.07683087140321732
0.0 0.07694551348686218
0.0 0.07704773545265198
0.0 0.07708139717578888
0.0 0.07711412757635117
0.0 0.07714368402957916
0.0 0.07715694606304169
0.0 0.07731366902589798
0.0 0.07751172035932541
0.0 0.07755360007286072
0.0 0.07777227461338043
0.0 0.07816918194293976
0.0 0.0783555656671524
0.0 0.07851953059434891
0.0 0.07857733964920044
0.0 0.07879745960235596
0.0 0.07882183790206909
0.0 0.07901757210493088
0.0 0.0792376920580864
0.0 0.07957209646701813
0.0 0.07972065359354019
0.0 0.07978618890047073
0.0 0.07991409301757812
0.0 0.07992219924926758
0.0 0.08002220839262009
0.0 0.08007697761058807
0.0 0.08017033338546753
0.0 0.0805748924612999
0.0 0.08068518340587616
0.0 0.08077199757099152
0.0 0.08082418888807297
0.0 0.08140821754932404
0.0 0.08143579959869385
0.0 0.08200448006391525
0.0 0.08210816234350204
0.0 0.0825454592704773
0.0 0.08296532928943634
0.0 0.08333484083414078
0.0 0.08341743052005768
0.0 0.08357727527618408
0.0 0.08365586400032043
0.0 0.08387860655784607
0.0 0.08408305794000626
0.0 0.08414961397647858
0.0 0.08449617028236389
0.0 0.08451826125383377
0.0 0.08482179045677185
0.0 0.08489269018173218
0.0 0.08500005304813385
0.0 0.08500974625349045
0.0 0.08530869334936142
0.0 0.08564696460962296
0.0 0.08585183322429657
0.0 0.08591282367706299
0.0 0.08629155158996582
0.0 0.08630618453025818
0.0 0.08641032874584198
0.0 0.08642729371786118
0.0 0.08651918172836304
0.0 0.08683636784553528
0.0 0.08723514527082443
0.0 0.08736026287078857
0.0 0.08742653578519821
0.0 0.08765743672847748
0.0 0.08778326958417892
0.0 0.0877874493598938
0.0 0.08789776265621185
0.0 0.08801985532045364
0.0 0.08804450929164886
0.0 0.08805576711893082
0.0 0.08808404207229614
0.0 0.08808804303407669
0.0 0.0881168395280838
0.0 0.08864883333444595
0.0 0.08868509531021118
0.0 0.08874177932739258
0.0 0.08875664323568344
0.0 0.08890774101018906
0.0 0.08895514160394669
0.0 0.0890449807047844
0.0 0.08912304043769836
0.0 0.0891251415014267
0.0 0.08975961059331894
0.0 0.09008410573005676
0.0 0.09021831303834915
0.0 0.0902310237288475
0.0 0.09063995629549026
0.0 0.09086097031831741
0.0 0.0909733697772026
0.0 0.09122756868600845
0.0 0.09150886535644531
0.0 0.09153741598129272
0.0 0.09169086813926697
0.0 0.09195858985185623
0.0 0.0920027494430542
0.0 0.09206035733222961
0.0 0.09266047179698944
0.0 0.09309805184602737
0.0 0.0936165452003479
0.0 0.09392964094877243
0.0 0.09414879977703094
0.0 0.09477616846561432
0.0 0.09536964446306229
0.0 0.09556981176137924
0.0 0.0959530919790268
0.0 0.09639715403318405
0.0 0.09681776911020279
0.0 0.09724590182304382
0.0 0.09771621972322464
0.0 0.09785006940364838
0.0 0.0983874648809433
0.0 0.09843206405639648
0.0 0.09884189069271088
0.0 0.09964907169342041
0.0 0.10090178996324539
0.0 0.10149413347244263
0.0 0.10151815414428711
0.0 0.10153334587812424
0.0 0.10206910222768784
0.0 0.10212741047143936
0.0 0.1033463403582573
0.0 0.10508625954389572
0.0 0.10564756393432617
0.0 0.10572928190231323
0.0 0.10680349171161652
0.0 0.10851859301328659
0.0 0.10905661433935165
0.0 0.1102478876709938
0.0 0.11024899780750275
0.0 0.11033927649259567
0.0 0.11161430925130844
0.0 0.11477300524711609
0.0 0.11791559308767319
0.0 inf
