0.0 0.01595223695039749
0.0 0.018022138625383377
0.0 0.018625855445861816
0.0 0.021040810272097588
0.0 0.021146118640899658
0.0 0.021554648876190186
0.0 0.02246362715959549
0.0 0.022957220673561096
0.0 0.023854175582528114
0.0 0.024094492197036743
0.0 0.02416185475885868
0.0 0.024460474029183388
0.0 0.02491864562034607
0.0 0.025145595893263817
0.0 0.025375360623002052
0.0 0.025850918143987656
0.0 0.026176530867815018
0.0 0.02641686052083969
0.0 0.026417341083288193
0.0 0.02671974152326584
0.0 0.02674032188951969
0.0 0.02698768861591816
0.0 0.027079615741968155
0.0 0.027226030826568604
0.0 0.02727748081088066
0.0 0.027338845655322075
0.0 0.027489133179187775
0.0 0.02748928777873516
0.0 0.027499955147504807
0.0 0.02754734829068184
0.0 0.02759537659585476
0.0 0.027776235714554787
0.0 0.027860557660460472
0.0 0.027963809669017792
0.0 0.02797914296388626
0.0 0.02806391939520836
0.0 0.02821378968656063
0.0 0.02840777114033699
0.0 0.028420623391866684
0.0 0.02851208858191967
0.0 0.028560752049088478
0.0 0.02861519530415535
0.0 0.028637804090976715
0.0 0.028713786974549294
0.0 0.028788087889552116
0.0 0.028906922787427902
0.0 0.028999511152505875
0.0 0.029108267277479172
0.0 0.02912907674908638
0.0 0.029178865253925323
0.0 0.029264725744724274
0.0 0.029314687475562096
0.0 0.029328729957342148
0.0 0.02937535010278225
0.0 0.029473748058080673
0.0 0.029480580240488052
0.0 0.029486171901226044
0.0 0.02952488511800766
0.0 0.02952730283141136
0.0 0.029537135735154152
0.0 0.02955184318125248
0.0 0.02957446686923504
0.0 0.029592519626021385
0.0 0.029601512476801872
0.0 0.029621539637446404
0.0 0.029660159721970558
0.0 0.029693860560655594
0.0 0.029706813395023346
0.0 0.02980934828519821
0.0 0.029910139739513397
0.0 0.029973018914461136
0.0 0.030076874420046806
0.0 0.030151039361953735
0.0 0.03015945479273796
0.0 0.03017919324338436
0.0 0.030199499800801277
0.0 0.030203593894839287
0.0 0.03036157228052616
0.0 0.030362501740455627
0.0 0.03040166385471821
0.0 0.030493104830384254
0.0 0.030528586357831955
0.0 0.030579188838601112
0.0 0.030649026855826378
0.0 0.03072500415146351
0.0 0.03075316734611988
0.0 0.030787765979766846
0.0 0.030829722061753273
0.0 0.03085637278854847
0.0 0.030882375314831734
0.0 0.03090864047408104
0.0 0.03091415762901306
0.0 0.030917251482605934
0.0 0.03097107633948326
0.0 0.031019939109683037
0.0 0.031024804338812828
0.0 0.031102119013667107
0.0 0.03111208789050579
0.0 0.03128170594573021
0.0 0.03134186193346977
0.0 0.03136606514453888
0.0 0.03139752149581909
0.0 0.03142222762107849
0.0 0.031446412205696106
0.0 0.03150155767798424
0.0 0.03150612488389015
0.0 0.031525544822216034
0.0 0.03160560876131058
0.0 0.031709738075733185
0.0 0.031719304621219635
0.0 0.03173919767141342
0.0 0.03187146410346031
0.0 0.031876686960458755
0.0 0.03190738335251808
0.0 0.031910330057144165
0.0 0.031922515481710434
0.0 0.031973790377378464
0.0 0.03200354799628258
0.0 0.03201143071055412
0.0 0.03210024908185005
0.0 0.03215237706899643
0.0 0.03216344490647316
0.0 0.032196611166000366
0.0 0.0322064645588398
0.0 0.032277293503284454
0.0 0.03230378404259682
0.0 0.03232209384441376
0.0 0.032422807067632675
0.0 0.03245067968964577
0.0 0.03247535973787308
0.0 0.03249469771981239
0.0 0.03250831738114357
0.0 0.0325300395488739
0.0 0.032556794583797455
0.0 0.032566703855991364
0.0 0.032567501068115234
0.0 0.03262992575764656
0.0 0.03264657407999039
0.0 0.03266391158103943
0.0 0.032705456018447876
0.0 0.032851651310920715
0.0 0.032950811088085175
0.0 0.032954439520835876
0.0 0.03300125524401665
0.0 0.033021364361047745
0.0 0.03302665799856186
0.0 0.0330611951649189
0.0 0.03311379998922348
0.0 0.033204954117536545
0.0 0.033234380185604095
0.0 0.03338797762989998
0.0 0.03350356966257095
0.0 0.033545367419719696
0.0 0.033575840294361115
0.0 0.0336141400039196
0.0 0.03370323032140732
0.0 0.03370505943894386
0.0 0.03373295068740845
0.0 0.03374826908111572
0.0 0.033802494406700134
0.0 0.033807024359703064
0.0 0.0338125117123127
0.0 0.03389167785644531
0.0 0.03390855714678764
0.0 0.033931996673345566
0.0 0.03402862325310707
0.0 0.03403143957257271
0.0 0.03407563269138336
0.0 0.034124426543712616
0.0 0.03414696082472801
0.0 0.034178778529167175
0.0 0.03430620953440666
0.0 0.03446318209171295
0.0 0.034560494124889374
0.0 0.03457600250840187
0.0 0.034588612616062164
0.0 0.03460884839296341
0.0 0.03461044281721115
0.0 0.03467363864183426
0.0 0.0346764400601387
0.0 0.03471538424491882
0.0 0.03471672907471657
0.0 0.034807126969099045
0.0 0.03493407741189003
0.0 0.03495033457875252
0.0 0.03500787913799286
0.0 0.03502393886446953
0.0 0.03510936349630356
0.0 0.03517058864235878
0.0 0.03524770960211754
0.0 0.035282958298921585
0.0 0.0353814996778965
0.0 0.035631224513053894
0.0 0.03583379462361336
0.0 0.03590826317667961
0.0 0.0359133742749691
0.0 0.035920400172472
0.0 0.035998255014419556
0.0 0.036075688898563385
0.0 0.036131612956523895
0.0 0.036225371062755585
0.0 0.03631167486310005
0.0 0.0363236628472805
0.0 0.03633461892604828
0.0 0.03634949028491974
0.0 0.03634955734014511
0.0 0.03640269115567207
0.0 0.03656549006700516
0.0 0.036573898047208786
0.0 0.036656491458415985
0.0 0.03675425052642822
0.0 0.03678285330533981
0.0 0.036816712468862534
0.0 0.036826733499765396
0.0 0.03683824464678764
0.0 0.036890674382448196
0.0 0.03689081221818924
0.0 0.036898817867040634
0.0 0.03698977455496788
0.0 0.036994997411966324
0.0 0.03702743723988533
0.0 0.03710784390568733
0.0 0.03722552955150604
0.0 0.037261951714754105
0.0 0.037331704050302505
0.0 0.03738192096352577
0.0 0.03741787374019623
0.0 0.03746912255883217
0.0 0.03747822716832161
0.0 0.03751517832279205
0.0 0.03758429363369942
0.0 0.03759424015879631
0.0 0.03768463432788849
0.0 0.037723325192928314
0.0 0.037743356078863144
0.0 0.0377621203660965
0.0 0.03777007386088371
0.0 0.03777148947119713
0.0 0.037784021347761154
0.0 0.03782007470726967
0.0 0.03788163885474205
0.0 0.037890151143074036
0.0 0.03790999948978424
0.0 0.037936992943286896
0.0 0.03795160353183746
0.0 0.03801855444908142
0.0 0.03805604577064514
0.0 0.03810395672917366
0.0 0.03810693696141243
0.0 0.03814733400940895
0.0 0.038163818418979645
0.0 0.03818851709365845
0.0 0.0382314994931221
0.0 0.0382651649415493
0.0 0.038324080407619476
0.0 0.038355469703674316
0.0 0.03838341310620308
0.0 0.03846178948879242
0.0 0.03856569156050682
0.0 0.03859766572713852
0.0 0.03862181678414345
0.0 0.03867824003100395
0.0 0.038683533668518066
0.0 0.038716938346624374
0.0 0.03872254863381386
0.0 0.03875445947051048
0.0 0.03876031935214996
0.0 0.03878258913755417
0.0 0.03880894184112549
0.0 0.03883027285337448
0.0 0.03884284198284149
0.0 0.03885584697127342
0.0 0.03890961408615112
0.0 0.0389825813472271
0.0 0.039038628339767456
0.0 0.03905056044459343
0.0 0.03905852138996124
0.0 0.03908386826515198
0.0 0.03918803483247757
0.0 0.039286933839321136
0.0 0.039304666221141815
0.0 0.03931570425629616
0.0 0.039324868470430374
0.0 0.03933228552341461
0.0 0.03937080502510071
0.0 0.03938501328229904
0.0 0.0394526943564415
0.0 0.03947201371192932
0.0 0.03948524221777916
0.0 0.039665769785642624
0.0 0.03968647122383118
0.0 0.03973975032567978
0.0 0.039747174829244614
0.0 0.03975068777799606
0.0 0.03980989009141922
0.0 0.03982626274228096
0.0 0.03984106704592705
0.0 0.03985840082168579
0.0 0.039887577295303345
0.0 0.039888858795166016
0.0 0.03989151120185852
0.0 0.03997065871953964
0.0 0.03999677300453186
0.0 0.040030550211668015
0.0 0.04016109183430672
0.0 0.04018425568938255
0.0 0.040239375084638596
0.0 0.04026632383465767
0.0 0.04027789458632469
0.0 0.04030277207493782
0.0 0.04038974642753601
0.0 0.040394753217697144
0.0 0.04042526334524155
0.0 0.04047341272234917
0.0 0.040502071380615234
0.0 0.040540363639593124
0.0 0.04054935276508331
0.0 0.04056086391210556
0.0 0.040568817406892776
0.0 0.040602702647447586
0.0 0.04061652719974518
0.0 0.04067208245396614
0.0 0.04072035476565361
0.0 0.04076545313000679
0.0 0.04090233892202377
0.0 0.040921203792095184
0.0 0.040994975715875626
0.0 0.04101066291332245
0.0 0.041124377399683
0.0 0.04116091877222061
0.0 0.04121878370642662
0.0 0.0412612222135067
0.0 0.04142625257372856
0.0 0.041455671191215515
0.0 0.04149271547794342
0.0 0.041526149958372116
0.0 0.041549474000930786
0.0 0.0416126549243927
0.0 0.04168976470828056
0.0 0.04186718538403511
0.0 0.04192761704325676
0.0 0.04205292463302612
0.0 0.04218246042728424
0.0 0.042246680706739426
0.0 0.04231518879532814
0.0 0.04252733290195465
0.0 0.04256882518529892
0.0 0.04264071583747864
0.0 0.042712949216365814
0.0 0.042871903628110886
0.0 0.04305380955338478
0.0 0.0430922731757164
0.0 0.04322245344519615
0.0 0.043230727314949036
0.0 0.04325484856963158
0.0 0.043297190219163895
0.0 0.04330329969525337
0.0 0.04335818067193031
0.0 0.04336906597018242
0.0 0.043413177132606506
0.0 0.04342864081263542
0.0 0.0434846505522728
0.0 0.043687861412763596
0.0 0.04370119795203209
0.0 0.04373578354716301
0.0 0.04374969005584717
0.0 0.0438472144305706
0.0 0.04394131153821945
0.0 0.04404563084244728
0.0 0.04408345744013786
0.0 0.04414615407586098
0.0 0.04418642818927765
0.0 0.0442834198474884
0.0 0.044481124728918076
0.0 0.04458525776863098
0.0 0.04494648426771164
0.0 0.04494878277182579
0.0 0.04516656696796417
0.0 0.045177288353443146
0.0 0.04518739506602287
0.0 0.045250292867422104
0.0 0.04561939835548401
0.0 0.04575270786881447
0.0 0.04580521956086159
0.0 0.045844897627830505
0.0 0.04588301107287407
0.0 0.04604340344667435
0.0 0.04625947028398514
0.0 0.0463440865278244
0.0 0.04635917395353317
0.0 0.046365886926651
0.0 0.04643993452191353
0.0 0.04654577374458313
0.0 0.046577129513025284
0.0 0.04661637917160988
0.0 0.04678701236844063
0.0 0.04682113602757454
0.0 0.0468272790312767
0.0 0.04687953367829323
0.0 0.04707971215248108
0.0 0.04716138169169426
0.0 0.04716623201966286
0.0 0.04723648354411125
0.0 0.04725876450538635
0.0 0.04734637588262558
0.0 0.04744282737374306
0.0 0.04746466130018234
0.0 0.04746964946389198
0.0 0.047518014907836914
0.0 0.04752349108457565
0.0 0.04754900559782982
0.0 0.04756852984428406
0.0 0.04772043600678444
0.0 0.04777147248387337
0.0 0.047793254256248474
0.0 0.04783857613801956
0.0 0.04787680506706238
0.0 0.048061661422252655
0.0 0.04814581945538521
0.0 0.0483497716486454
0.0 0.048390213400125504
0.0 0.048437878489494324
0.0 0.04848209396004677
0.0 0.048554401844739914
0.0 0.048918455839157104
0.0 0.048929646611213684
0.0 0.04898613318800926
0.0 0.04915029928088188
0.0 0.04924106225371361
0.0 0.049353260546922684
0.0 0.04942556098103523
0.0 0.04960303753614426
0.0 0.0496862530708313
0.0 0.04983510822057724
0.0 0.04993877932429314
0.0 0.050029855221509933
0.0 0.050349391996860504
0.0 0.05053160339593887
0.0 0.050721731036901474
0.0 0.050861261785030365
0.0 0.05090012773871422
0.0 0.0510585755109787
0.0 0.05111537128686905
0.0 0.0512513667345047
0.0 0.05158329755067825
0.0 0.05159793049097061
0.0 0.051614198833703995
0.0 0.051736459136009216
0.0 0.051902301609516144
0.0 0.0523408018052578
0.0 0.05240980163216591
0.0 0.05302176624536514
0.0 0.0530976876616478
0.0 0.05329279229044914
0.0 0.05338499695062637
0.0 0.05340813472867012
0.0 0.053890351206064224
0.0 0.054101090878248215
0.0 0.054291173815727234
0.0 0.05487889423966408
0.0 0.05495966225862503
0.0 0.05496646836400032
0.0 0.055154215544462204
0.0 0.05544450879096985
0.0 0.05548406392335892
0.0 0.05555695667862892
0.0 0.05576006695628166
0.0 0.05595189332962036
0.0 0.055952128022909164
0.0 0.056301627308130264
0.0 0.05654669553041458
0.0 0.05667006969451904
0.0 0.05708709731698036
0.0 0.05721743404865265
0.0 0.057661935687065125
0.0 0.05784706026315689
0.0 0.05787522718310356
0.0 0.05787865072488785
0.0 0.0582440048456192
0.0 0.0583171583712101
0.0 0.05892520770430565
0.0 0.05945509299635887
0.0 0.05960369482636452
0.0 0.06036417558789253
0.0 0.060483068227767944
0.0 0.060950201004743576
0.0 0.06138276681303978
0.0 0.062301747500896454
0.0 0.0627438873052597
0.0 0.0629967600107193
0.0 0.0633387342095375
0.0 0.06363946944475174
0.0 0.06425275653600693
0.0 0.0646897628903389
0.0 0.06484891474246979
0.0 0.06487040221691132
0.0 0.06504691392183304
0.0 0.06510552018880844
0.0 0.06511060148477554
0.0 0.06527139991521835
0.0 0.06648173183202744
0.0 0.06683839112520218
0.0 0.06740184128284454
0.0 0.06808264553546906
0.0 0.06836351007223129
0.0 0.06972827762365341
0.0 0.0723566859960556
0.0 0.07595852762460709
0.0 0.08225893974304199
0.0 0.08354324847459793
0.0 0.08948633074760437
0.0 inf
