0.0 0.03282995522022247
0.0 0.036567557603120804
0.0 0.040089741349220276
0.0 0.04098276421427727
0.0 0.042339954525232315
0.0 0.04332681745290756
0.0 0.043982796370983124
0.0 0.04414470121264458
0.0 0.0452207587659359
0.0 0.045315444469451904
0.0 0.04549055173993111
0.0 0.045640576630830765
0.0 0.04568271338939667
0.0 0.046781040728092194
0.0 0.04694433882832527
0.0 0.04699371010065079
0.0 0.04711740463972092
0.0 0.04712976515293121
0.0 0.047136664390563965
0.0 0.047340746968984604
0.0 0.04736415669322014
0.0 0.04738868400454521
0.0 0.047402460128068924
0.0 0.04750630632042885
0.0 0.04756196588277817
0.0 0.04765665903687477
0.0 0.04773387312889099
0.0 0.047811489552259445
0.0 0.04786733537912369
0.0 0.04797545447945595
0.0 0.04810851439833641
0.0 0.04813045635819435
0.0 0.04817948490381241
0.0 0.04831049218773842
0.0 0.04831719025969505
0.0 0.04844335839152336
0.0 0.048645537346601486
0.0 0.04871451109647751
0.0 0.0487646609544754
0.0 0.048878803849220276
0.0 0.04892802610993385
0.0 0.04894927144050598
0.0 0.04895263910293579
0.0 0.048955511301755905
0.0 0.048974599689245224
0.0 0.04898003488779068
0.0 0.048991136252880096
0.0 0.04903426766395569
0.0 0.04909646883606911
0.0 0.049150027334690094
0.0 0.04919196665287018
0.0 0.049426767975091934
0.0 0.04946528375148773
0.0 0.049529701471328735
0.0 0.04954485222697258
0.0 0.049596156924963
0.0 0.04971197992563248
0.0 0.04985759034752846
0.0 0.04988454282283783
0.0 0.0499933660030365
0.0 0.05001378804445267
0.0 0.05007448047399521
0.0 0.05019020289182663
0.0 0.050319820642471313
0.0 0.050569500774145126
0.0 0.05058561637997627
0.0 0.05064231902360916
0.0 0.050724342465400696
0.0 0.05076756700873375
0.0 0.05077143386006355
0.0 0.05097519978880882
0.0 0.051022157073020935
0.0 0.051037661731243134
0.0 0.05104455724358559
0.0 0.05111069977283478
0.0 0.05113084614276886
0.0 0.05138206109404564
0.0 0.05139589309692383
0.0 0.05145492032170296
0.0 0.05148451402783394
0.0 0.05163683369755745
0.0 0.051642339676618576
0.0 0.05165214091539383
0.0 0.05176207795739174
0.0 0.051828622817993164
0.0 0.051944442093372345
0.0 0.051974859088659286
0.0 0.05208484083414078
0.0 0.05214573070406914
0.0 0.05217375233769417
0.0 0.05221739783883095
0.0 0.0523206889629364
0.0 0.05232229828834534
0.0 0.05242423713207245
0.0 0.05250418186187744
0.0 0.052508872002363205
0.0 0.0525941327214241
0.0 0.05264829099178314
0.0 0.05269879475235939
0.0 0.0527350977063179
0.0 0.052784524857997894
0.0 0.05286331847310066
0.0 0.0528651662170887
0.0 0.05297376587986946
0.0 0.05301351100206375
0.0 0.053164370357990265
0.0 0.0532701313495636
0.0 0.053289223462343216
0.0 0.05329997465014458
0.0 0.053398363292217255
0.0 0.053411368280649185
0.0 0.05361344665288925
0.0 0.053646527230739594
0.0 0.053691256791353226
0.0 0.053764522075653076
0.0 0.053812455385923386
0.0 0.053857769817113876
0.0 0.05386512726545334
0.0 0.053940024226903915
0.0 0.054070912301540375
0.0 0.05414368212223053
0.0 0.05416133627295494
0.0 0.05424229055643082
0.0 0.054428648203611374
0.0 0.05445162579417229
0.0 0.054457198828458786
0.0 0.054553963243961334
0.0 0.0546010360121727
0.0 0.054683707654476166
0.0 0.05482811480760574
0.0 0.05483546853065491
0.0 0.05484048277139664
0.0 0.054843608289957047
0.0 0.05490065738558769
0.0 0.05492579564452171
0.0 0.054935526102781296
0.0 0.05493929237127304
0.0 0.0550093799829483
0.0 0.05516202375292778
0.0 0.05525759607553482
0.0 0.05528881028294563
0.0 0.05529889091849327
0.0 0.055314358323812485
0.0 0.05532582104206085
0.0 0.055349208414554596
0.0 0.05537033453583717
0.0 0.05549686402082443
0.0 0.05551496893167496
0.0 0.055601488798856735
0.0 0.0556989386677742
0.0 0.05573105067014694
0.0 0.05580328777432442
0.0 0.055846892297267914
0.0 0.055858314037323
0.0 0.05592891573905945
0.0 0.05595671012997627
0.0 0.05596796050667763
0.0 0.05600156635046005
0.0 0.05611405149102211
0.0 0.056120458990335464
0.0 0.056172747164964676
0.0 0.05618172511458397
0.0 0.05632232874631882
0.0 0.05632925033569336
0.0 0.05634593963623047
0.0 0.056367676705121994
0.0 0.056388482451438904
0.0 0.0564144141972065
0.0 0.05643513798713684
0.0 0.0564686581492424
0.0 0.05647718533873558
0.0 0.05650119110941887
0.0 0.056526731699705124
0.0 0.05664576590061188
0.0 0.05678607150912285
0.0 0.05681268125772476
0.0 0.056854743510484695
0.0 0.05696284770965576
0.0 0.05700456351041794
0.0 0.05711083486676216
0.0 0.05712465941905975
0.0 0.05715316906571388
0.0 0.05719626322388649
0.0 0.057202890515327454
0.0 0.057243749499320984
0.0 0.057266246527433395
0.0 0.0572853684425354
0.0 0.05736172944307327
0.0 0.05740975961089134
0.0 0.05747535452246666
0.0 0.05755549296736717
0.0 0.057726141065359116
0.0 0.057864751666784286
0.0 0.05804913118481636
0.0 0.0580538809299469
0.0 0.05811852961778641
0.0 0.05814061313867569
0.0 0.05822496861219406
0.0 0.0582277737557888
0.0 0.058238834142684937
0.0 0.05828951299190521
0.0 0.05830344185233116
0.0 0.058331914246082306
0.0 0.058365583419799805
0.0 0.05847083404660225
0.0 0.05860019475221634
0.0 0.05861249566078186
0.0 0.058736007660627365
0.0 0.05875978618860245
0.0 0.05878344923257828
0.0 0.058893218636512756
0.0 0.058957528322935104
0.0 0.059046901762485504
0.0 0.05905766040086746
0.0 0.05907480791211128
0.0 0.05908426642417908
0.0 0.05919385701417923
0.0 0.05920203775167465
0.0 0.05924968048930168
0.0 0.05925239622592926
0.0 0.05926946550607681
0.0 0.05933455005288124
0.0 0.05935610830783844
0.0 0.0593835785984993
0.0 0.059509046375751495
0.0 0.0595480352640152
0.0 0.05962258577346802
0.0 0.05962701514363289
0.0 0.059681233018636703
0.0 0.05983496457338333
0.0 0.059846196323633194
0.0 0.05987309291958809
0.0 0.05991144850850105
0.0 0.05995511636137962
0.0 0.059987593442201614
0.0 0.05999508500099182
0.0 0.060010749846696854
0.0 0.06006889417767525
0.0 0.06008191406726837
0.0 0.06008332222700119
0.0 0.06011511757969856
0.0 0.060133714228868484
0.0 0.06015992909669876
0.0 0.060218214988708496
0.0 0.06025340408086777
0.0 0.060479313135147095
0.0 0.06050441041588783
0.0 0.06054949015378952
0.0 0.060564830899238586
0.0 0.060613807290792465
0.0 0.0606248639523983
0.0 0.060696158558130264
0.0 0.06070973351597786
0.0 0.06073844060301781
0.0 0.060959555208683014
0.0 0.06097998097538948
0.0 0.06107521057128906
0.0 0.0611453652381897
0.0 0.061148978769779205
0.0 0.06114927679300308
0.0 0.06117415055632591
0.0 0.061198003590106964
0.0 0.06144064664840698
0.0 0.0616457462310791
0.0 0.061672817915678024
0.0 0.0618102066218853
0.0 0.061850108206272125
0.0 0.06185605004429817
0.0 0.06192897632718086
0.0 0.061984360218048096
0.0 0.06207834556698799
0.0 0.06214328110218048
0.0 0.06228800490498543
0.0 0.06257458031177521
0.0 0.06259579211473465
0.0 0.06276439130306244
0.0 0.06278615444898605
0.0 0.06300544738769531
0.0 0.06307198107242584
0.0 0.06307842582464218
0.0 0.06308527290821075
0.0 0.06311838328838348
0.0 0.06315980851650238
0.0 0.06337469816207886
0.0 0.06341014057397842
0.0 0.06345755606889725
0.0 0.06350158154964447
0.0 0.0635456070303917
0.0 0.06359511613845825
0.0 0.06363728642463684
0.0 0.06369852274656296
0.0 0.06394053250551224
0.0 0.06394470483064651
0.0 0.06399676948785782
0.0 0.06409141421318054
0.0 0.06426838785409927
0.0 0.06430808454751968
0.0 0.06440813839435577
0.0 0.0644930973649025
0.0 0.06455715745687485
0.0 0.06467736512422562
0.0 0.06481007486581802
0.0 0.06521828472614288
0.0 0.06528204679489136
0.0 0.06530742347240448
0.0 0.06531636416912079
0.0 0.06534262746572495
0.0 0.0654241070151329
0.0 0.06545660644769669
0.0 0.06546596437692642
0.0 0.06551504135131836
0.0 0.06560065597295761
0.0 0.06561708450317383
0.0 0.0656239241361618
0.0 0.06591355055570602
0.0 0.06598151475191116
0.0 0.06601722538471222
0.0 0.06606215238571167
0.0 0.06609485298395157
0.0 0.06629007309675217
0.0 0.06629373878240585
0.0 0.06632517278194427
0.0 0.066337950527668
0.0 0.06634116172790527
0.0 0.06648001074790955
0.0 0.06671539694070816
0.0 0.06681625545024872
0.0 0.06689365953207016
0.0 0.06689594686031342
0.0 0.06696613132953644
0.0 0.06705430150032043
0.0 0.06706542521715164
0.0 0.06715695559978485
0.0 0.06716223061084747
0.0 0.06716854870319366
0.0 0.06724102795124054
0.0 0.0674235075712204
0.0 0.06744848936796188
0.0 0.06750188022851944
0.0 0.06750455498695374
0.0 0.06755246222019196
0.0 0.06758847087621689
0.0 0.06781270354986191
0.0 0.0678505077958107
0.0 0.0678548663854599
0.0 0.06790401041507721
0.0 0.06791079044342041
0.0 0.06811805069446564
0.0 0.06813807040452957
0.0 0.06824486702680588
0.0 0.06827911734580994
0.0 0.06828024238348007
0.0 0.06845210492610931
0.0 0.06858327239751816
0.0 0.06860844045877457
0.0 0.06861039251089096
0.0 0.06873472779989243
0.0 0.0690404549241066
0.0 0.06908963620662689
0.0 0.06918831914663315
0.0 0.0693243220448494
0.0 0.06942833960056305
0.0 0.06943684071302414
0.0 0.06945230811834335
0.0 0.06952719390392303
0.0 0.06955020129680634
0.0 0.06965898722410202
0.0 0.06968795508146286
0.0 0.06983161717653275
0.0 0.0699649378657341
0.0 0.07026304304599762
0.0 0.07035528123378754
0.0 0.07037956267595291
0.0 0.07040426135063171
0.0 0.07069464772939682
0.0 0.07090151309967041
0.0 0.07096244394779205
0.0 0.07099908590316772
0.0 0.0710962787270546
0.0 0.07135389745235443
0.0 0.07151462137699127
0.0 0.07167890667915344
0.0 0.07169853150844574
0.0 0.07181788980960846
0.0 0.07184004783630371
0.0 0.07184351235628128
0.0 0.07192143052816391
0.0 0.07195090502500534
0.0 0.07202506810426712
0.0 0.07205813378095627
0.0 0.07207923382520676
0.0 0.07223847508430481
0.0 0.07231147587299347
0.0 0.07237893342971802
0.0 0.07250238955020905
0.0 0.07265868037939072
0.0 0.07266172021627426
0.0 0.07273171842098236
0.0 0.07286105304956436
0.0 0.07293955236673355
0.0 0.07300834357738495
0.0 0.07316402345895767
0.0 0.07318371534347534
0.0 0.07326216250658035
0.0 0.07371631264686584
0.0 0.07386893779039383
0.0 0.07391385734081268
0.0 0.07400468736886978
0.0 0.07400589436292648
0.0 0.07400915771722794
0.0 0.07401486486196518
0.0 0.07425590604543686
0.0 0.07436253875494003
0.0 0.07445933669805527
0.0 0.07448463886976242
0.0 0.07465074956417084
0.0 0.07491936534643173
0.0 0.07497449219226837
0.0 0.0750543624162674
0.0 0.07511774450540543
0.0 0.07533317804336548
0.0 0.07570187002420425
0.0 0.07572374492883682
0.0 0.07575098425149918
0.0 0.07596048712730408
0.0 0.07615852355957031
0.0 0.07622291147708893
0.0 0.07659679651260376
0.0 0.07674062997102737
0.0 0.07678552716970444
0.0 0.07742049545049667
0.0 0.07755722105503082
0.0 0.07768938690423965
0.0 0.07783206552267075
0.0 0.07794200628995895
0.0 0.07809648662805557
0.0 0.07820992916822433
0.0 0.07857119292020798
0.0 0.0786876305937767
0.0 0.07878503203392029
0.0 0.078823022544384
0.0 0.07887094467878342
0.0 0.07909639924764633
0.0 0.07919155806303024
0.0 0.07926193624734879
0.0 0.07962530851364136
0.0 0.07967483997344971
0.0 0.07967758178710938
0.0 0.0798802450299263
0.0 0.07988833636045456
0.0 0.07989891618490219
0.0 0.07992584258317947
0.0 0.0799371525645256
0.0 0.08028605580329895
0.0 0.08055237680673599
0.0 0.08063668012619019
0.0 0.08098343014717102
0.0 0.08102451264858246
0.0 0.08119714260101318
0.0 0.08136050403118134
0.0 0.0814378559589386
0.0 0.08145636320114136
0.0 0.08146058768033981
0.0 0.0817137286067009
0.0 0.08186385035514832
0.0 0.08194313198328018
0.0 0.0823875367641449
0.0 0.08240115642547607
0.0 0.08252806216478348
0.0 0.08266473561525345
0.0 0.08277130126953125
0.0 0.08368226140737534
0.0 0.08371701836585999
0.0 0.08425263315439224
0.0 0.08432219922542572
0.0 0.08443919569253922
0.0 0.0846022218465805
0.0 0.08486201614141464
0.0 0.08508468419313431
0.0 0.0852828323841095
0.0 0.08548025041818619
0.0 0.08559662848711014
0.0 0.08585139364004135
0.0 0.08599019795656204
0.0 0.0859922245144844
0.0 0.08600800484418869
0.0 0.08673978596925735
0.0 0.08681880682706833
0.0 0.08739160746335983
0.0 0.08765120804309845
0.0 0.08776731044054031
0.0 0.08796043694019318
0.0 0.08867434412240982
0.0 0.08875329792499542
0.0 0.08926807343959808
0.0 0.09082670509815216
0.0 0.09262344986200333
0.0 0.09275294840335846
0.0 0.09465347975492477
0.0 0.09524304419755936
0.0 0.0974995568394661
0.0 0.09965158998966217
0.0 0.10105276107788086
0.0 0.10536719113588333
0.0 0.10739947855472565
0.0 0.10756809264421463
0.0 0.10939709097146988
0.0 0.12123272567987442
0.0 0.12170764803886414
0.0 0.12230228632688522
0.0 0.13167744874954224
0.0 inf
