0.0 0.035710155963897705
0.0 0.035732291638851166
0.0 0.036229778081178665
0.0 0.037764180451631546
0.0 0.03777005150914192
0.0 0.03810577094554901
0.0 0.0384017676115036
0.0 0.03853169456124306
0.0 0.03870171308517456
0.0 0.03887183964252472
0.0 0.03898577019572258
0.0 0.03917195647954941
0.0 0.03923462703824043
0.0 0.04008683189749718
0.0 0.04043223336338997
0.0 0.04056863486766815
0.0 0.04076340049505234
0.0 0.041582100093364716
0.0 0.04172121733427048
0.0 0.04196374863386154
0.0 0.042085323482751846
0.0 0.04209365323185921
0.0 0.04218655079603195
0.0 0.04219880327582359
0.0 0.04267778992652893
0.0 0.0427517406642437
0.0 0.04283814877271652
0.0 0.042946651577949524
0.0 0.04296788573265076
0.0 0.042994800955057144
0.0 0.04304127022624016
0.0 0.04322762042284012
0.0 0.04326966032385826
0.0 0.04354235529899597
0.0 0.04369207099080086
0.0 0.043774526566267014
0.0 0.04379836469888687
0.0 0.04389951005578041
0.0 0.044118333607912064
0.0 0.04421653971076012
0.0 0.044292110949754715
0.0 0.044379957020282745
0.0 0.044410157948732376
0.0 0.04457169398665428
0.0 0.044602829962968826
0.0 0.04463393986225128
0.0 0.044808048754930496
0.0 0.04482945054769516
0.0 0.04484451562166214
0.0 0.04501556232571602
0.0 0.04525158926844597
0.0 0.045393772423267365
0.0 0.04548341780900955
0.0 0.04548829793930054
0.0 0.04552274942398071
0.0 0.04560893401503563
0.0 0.04565388709306717
0.0 0.04570666700601578
0.0 0.045925840735435486
0.0 0.04593045637011528
0.0 0.04598122462630272
0.0 0.046067919582128525
0.0 0.046198345720767975
0.0 0.04623715952038765
0.0 0.046280790120363235
0.0 0.0464043915271759
0.0 0.04640874266624451
0.0 0.04644838348031044
0.0 0.04655825346708298
0.0 0.04656975343823433
0.0 0.04669361189007759
0.0 0.046728674322366714
0.0 0.04687903821468353
0.0 0.04690498113632202
0.0 0.047096580266952515
0.0 0.047152139246463776
0.0 0.04722824692726135
0.0 0.04727932810783386
0.0 0.04730547219514847
0.0 0.047473784536123276
0.0 0.04750421643257141
0.0 0.047538939863443375
0.0 0.04758019000291824
0.0 0.04762972891330719
0.0 0.04787541553378105
0.0 0.048019446432590485
0.0 0.04804722219705582
0.0 0.04810453951358795
0.0 0.04841228947043419
0.0 0.048536498099565506
0.0 0.04878983646631241
0.0 0.04884551092982292
0.0 0.04887871444225311
0.0 0.0489475391805172
0.0 0.04895268753170967
0.0 0.048953328281641006
0.0 0.048971399664878845
0.0 0.048985108733177185
0.0 0.049032822251319885
0.0 0.04911600053310394
0.0 0.04915105924010277
0.0 0.04920561984181404
0.0 0.04920622333884239
0.0 0.049235470592975616
0.0 0.04925473406910896
0.0 0.04925520345568657
0.0 0.04929132014513016
0.0 0.04945092275738716
0.0 0.04950558766722679
0.0 0.049513064324855804
0.0 0.049519918859004974
0.0 0.04968057572841644
0.0 0.04969453066587448
0.0 0.0497184656560421
0.0 0.04983878508210182
0.0 0.049949146807193756
0.0 0.04997360706329346
0.0 0.05010216683149338
0.0 0.050107017159461975
0.0 0.05012330412864685
0.0 0.050265759229660034
0.0 0.05030209571123123
0.0 0.05034177750349045
0.0 0.0503644198179245
0.0 0.05037519335746765
0.0 0.050385165959596634
0.0 0.05044876039028168
0.0 0.05053431913256645
0.0 0.05060777813196182
0.0 0.0506376177072525
0.0 0.05071720480918884
0.0 0.05077951401472092
0.0 0.050898391753435135
0.0 0.05095028504729271
0.0 0.05107381194829941
0.0 0.051083870232105255
0.0 0.05114344507455826
0.0 0.05114637687802315
0.0 0.05115029215812683
0.0 0.05116952583193779
0.0 0.05121741071343422
0.0 0.051223207265138626
0.0 0.05122901126742363
0.0 0.051255278289318085
0.0 0.051255907863378525
0.0 0.05126407369971275
0.0 0.051369283348321915
0.0 0.051374875009059906
0.0 0.05138184502720833
0.0 0.0514192171394825
0.0 0.051459453999996185
0.0 0.05148126184940338
0.0 0.05150265619158745
0.0 0.051515452563762665
0.0 0.051536187529563904
0.0 0.051543205976486206
0.0 0.051569197326898575
0.0 0.05159119889140129
0.0 0.051675327122211456
0.0 0.05167689546942711
0.0 0.05174002796411514
0.0 0.05176622048020363
0.0 0.05177292600274086
0.0 0.05180557072162628
0.0 0.05189565196633339
0.0 0.05190814658999443
0.0 0.05200982466340065
0.0 0.05201437696814537
0.0 0.05208553746342659
0.0 0.05218322575092316
0.0 0.05221746489405632
0.0 0.05222605913877487
0.0 0.052351899445056915
0.0 0.05237552523612976
0.0 0.05240927264094353
0.0 0.052465979009866714
0.0 0.05253177508711815
0.0 0.052586182951927185
0.0 0.05260089784860611
0.0 0.0526338554918766
0.0 0.052732810378074646
0.0 0.052732888609170914
0.0 0.05273811146616936
0.0 0.05278761684894562
0.0 0.052811142057180405
0.0 0.05281999334692955
0.0 0.05283033847808838
0.0 0.05283078923821449
0.0 0.05295131728053093
0.0 0.05295548215508461
0.0 0.05301252752542496
0.0 0.0530250184237957
0.0 0.053062282502651215
0.0 0.05309602618217468
0.0 0.05309893935918808
0.0 0.05321505665779114
0.0 0.0532362125813961
0.0 0.05332668498158455
0.0 0.05341096222400665
0.0 0.0534217432141304
0.0 0.05343446135520935
0.0 0.05344115570187569
0.0 0.053462523967027664
0.0 0.053535640239715576
0.0 0.053640201687812805
0.0 0.053725894540548325
0.0 0.05373039096593857
0.0 0.05375419184565544
0.0 0.05392839387059212
0.0 0.0540226586163044
0.0 0.054150182753801346
0.0 0.0542590394616127
0.0 0.05440663546323776
0.0 0.054420504719018936
0.0 0.05445283278822899
0.0 0.05447227880358696
0.0 0.05451582372188568
0.0 0.05456322059035301
0.0 0.054675497114658356
0.0 0.054692186415195465
0.0 0.05470743402838707
0.0 0.05471530556678772
0.0 0.05476785823702812
0.0 0.05482259392738342
0.0 0.05485051870346069
0.0 0.0548643097281456
0.0 0.05491902679204941
0.0 0.05493846908211708
0.0 0.05504891648888588
0.0 0.05508139356970787
0.0 0.05520988628268242
0.0 0.05528854951262474
0.0 0.05534075200557709
0.0 0.05536412447690964
0.0 0.055366385728120804
0.0 0.055423803627491
0.0 0.055516816675662994
0.0 0.05571573227643967
0.0 0.05574600026011467
0.0 0.05581755191087723
0.0 0.055846527218818665
0.0 0.055846959352493286
0.0 0.05584830045700073
0.0 0.05594884231686592
0.0 0.05595603212714195
0.0 0.05603300780057907
0.0 0.05615593120455742
0.0 0.056219011545181274
0.0 0.056326620280742645
0.0 0.056342583149671555
0.0 0.056390754878520966
0.0 0.05662781372666359
0.0 0.0566495843231678
0.0 0.056722577661275864
0.0 0.05676122382283211
0.0 0.056821104139089584
0.0 0.056921184062957764
0.0 0.056935206055641174
0.0 0.05695387348532677
0.0 0.05696557089686394
0.0 0.056992050260305405
0.0 0.057061709463596344
0.0 0.0570976659655571
0.0 0.057168103754520416
0.0 0.057182878255844116
0.0 0.057193007320165634
0.0 0.05721024051308632
0.0 0.05737713724374771
0.0 0.05737767741084099
0.0 0.05739472061395645
0.0 0.057462748140096664
0.0 0.0576024129986763
0.0 0.05764443427324295
0.0 0.05771990492939949
0.0 0.05785226449370384
0.0 0.05789753794670105
0.0 0.058022599667310715
0.0 0.058200422674417496
0.0 0.0582328662276268
0.0 0.058260027319192886
0.0 0.05833529680967331
0.0 0.05834899842739105
0.0 0.05836894363164902
0.0 0.05838329344987869
0.0 0.05841540917754173
0.0 0.0585237480700016
0.0 0.05852636322379112
0.0 0.05857757106423378
0.0 0.05861685425043106
0.0 0.05866696313023567
0.0 0.05867617949843407
0.0 0.058698445558547974
0.0 0.058784905821084976
0.0 0.05888250842690468
0.0 0.058907244354486465
0.0 0.05894561856985092
0.0 0.05895201861858368
0.0 0.058952849358320236
0.0 0.059207040816545486
0.0 0.05928664654493332
0.0 0.05929313227534294
0.0 0.05943714454770088
0.0 0.05944553017616272
0.0 0.05948231741786003
0.0 0.059515878558158875
0.0 0.05953868106007576
0.0 0.05962315574288368
0.0 0.05964924022555351
0.0 0.059671562165021896
0.0 0.05975325405597687
0.0 0.05978013202548027
0.0 0.05981021746993065
0.0 0.060151029378175735
0.0 0.06021387130022049
0.0 0.060262128710746765
0.0 0.060282349586486816
0.0 0.060305919498205185
0.0 0.06035024672746658
0.0 0.06046934798359871
0.0 0.06054265797138214
0.0 0.0606260672211647
0.0 0.060675643384456635
0.0 0.060677915811538696
0.0 0.060684509575366974
0.0 0.060722466558218
0.0 0.060751378536224365
0.0 0.0607588030397892
0.0 0.06097136437892914
0.0 0.06124354898929596
0.0 0.06128585711121559
0.0 0.06129743158817291
0.0 0.06138469651341438
0.0 0.06140507757663727
0.0 0.06148334965109825
0.0 0.06151045113801956
0.0 0.06154979020357132
0.0 0.061645373702049255
0.0 0.061822377145290375
0.0 0.0618615560233593
0.0 0.06187738850712776
0.0 0.06197226420044899
0.0 0.06200871244072914
0.0 0.06202060729265213
0.0 0.062169115990400314
0.0 0.06222589313983917
0.0 0.062280040234327316
0.0 0.062282025814056396
0.0 0.062423285096883774
0.0 0.06249502673745155
0.0 0.06250125914812088
0.0 0.06251498311758041
0.0 0.06256341189146042
0.0 0.0628916397690773
0.0 0.06292463093996048
0.0 0.06307270377874374
0.0 0.06307300180196762
0.0 0.06312166154384613
0.0 0.06324174255132675
0.0 0.06327835470438004
0.0 0.063285693526268
0.0 0.0633196085691452
0.0 0.06335755437612534
0.0 0.0633908361196518
0.0 0.06349844485521317
0.0 0.06358316540718079
0.0 0.06360761821269989
0.0 0.06409946084022522
0.0 0.06410375237464905
0.0 0.0642603412270546
0.0 0.0643327534198761
0.0 0.0643593892455101
0.0 0.06462999433279037
0.0 0.06477583944797516
0.0 0.06480718404054642
0.0 0.06488121300935745
0.0 0.06511402130126953
0.0 0.06515537202358246
0.0 0.06516694277524948
0.0 0.06517356634140015
0.0 0.06525067985057831
0.0 0.06531158089637756
0.0 0.06590157002210617
0.0 0.06592456251382828
0.0 0.06608796864748001
0.0 0.06612315028905869
0.0 0.06612973660230637
0.0 0.06619153171777725
0.0 0.0663401260972023
0.0 0.06635313481092453
0.0 0.06644921749830246
0.0 0.06655625253915787
0.0 0.06671357899904251
0.0 0.06694577634334564
0.0 0.06710541993379593
0.0 0.0671953558921814
0.0 0.06728047132492065
0.0 0.0672999694943428
0.0 0.06732956320047379
0.0 0.06735454499721527
0.0 0.06742648035287857
0.0 0.0674765333533287
0.0 0.06758153438568115
0.0 0.06767550110816956
0.0 0.06772688031196594
0.0 0.06775403022766113
0.0 0.06791660934686661
0.0 0.06793393194675446
0.0 0.06799127161502838
0.0 0.06800510734319687
0.0 0.06805888563394547
0.0 0.06806769967079163
0.0 0.06812623143196106
0.0 0.0681348368525505
0.0 0.06830045580863953
0.0 0.06834308058023453
0.0 0.06868043541908264
0.0 0.06869637966156006
0.0 0.06879231333732605
0.0 0.06905519217252731
0.0 0.06910841166973114
0.0 0.06916505843400955
0.0 0.0692388191819191
0.0 0.06929569691419601
0.0 0.06933869421482086
0.0 0.06946306675672531
0.0 0.06950776278972626
0.0 0.06956464052200317
0.0 0.06960627436637878
0.0 0.0696108266711235
0.0 0.07023987174034119
0.0 0.07040321081876755
0.0 0.07090897113084793
0.0 0.07099282741546631
0.0 0.07108566164970398
0.0 0.07126335799694061
0.0 0.0713038221001625
0.0 0.07180069386959076
0.0 0.07195087522268295
0.0 0.0720139741897583
0.0 0.07224978506565094
0.0 0.07225282490253448
0.0 0.07233203202486038
0.0 0.07241710275411606
0.0 0.07255278527736664
0.0 0.07260272651910782
0.0 0.07266231626272202
0.0 0.07266663759946823
0.0 0.07273755222558975
0.0 0.07291547954082489
0.0 0.07312237471342087
0.0 0.07339023053646088
0.0 0.07341215759515762
0.0 0.07343000918626785
0.0 0.07346824556589127
0.0 0.07360409200191498
0.0 0.07365190237760544
0.0 0.07378630340099335
0.0 0.07413060963153839
0.0 0.07416534423828125
0.0 0.07424511015415192
0.0 0.07427629828453064
0.0 0.07470390200614929
0.0 0.07472702860832214
0.0 0.07485654205083847
0.0 0.07503319531679153
0.0 0.07526475936174393
0.0 0.07548927515745163
0.0 0.07576099038124084
0.0 0.07580110430717468
0.0 0.07596612721681595
0.0 0.07631317526102066
0.0 0.07632506638765335
0.0 0.0770217701792717
0.0 0.07780597358942032
0.0 0.07796264439821243
0.0 0.07803298532962799
0.0 0.07821625471115112
0.0 0.07869163900613785
0.0 0.07892342656850815
0.0 0.07893446087837219
0.0 0.07899205386638641
0.0 0.07906743139028549
0.0 0.0791642814874649
0.0 0.07939956337213516
0.0 0.07948732376098633
0.0 0.07968008518218994
0.0 0.08047202974557877
0.0 0.08067147433757782
0.0 0.08095315843820572
0.0 0.08100813627243042
0.0 0.08161484450101852
0.0 0.08175373077392578
0.0 0.0817738026380539
0.0 0.08219759166240692
0.0 0.08269384503364563
0.0 0.08280682563781738
0.0 0.08320347219705582
0.0 0.08403720706701279
0.0 0.08453217148780823
0.0 0.08478427678346634
0.0 0.08478710800409317
0.0 0.08504738658666611
0.0 0.08516697585582733
0.0 0.0864977315068245
0.0 0.08656665682792664
0.0 0.08691265434026718
0.0 0.0906892865896225
0.0 0.09184674173593521
0.0 0.09221266210079193
0.0 0.09581064432859421
0.0 0.13398689031600952
0.0 inf
