0.0 0.04549943655729294
0.0 0.04688161611557007
0.0 0.04733734577894211
0.0 0.0473991334438324
0.0 0.04790893942117691
0.0 0.048241257667541504
0.0 0.04869869723916054
0.0 0.04886431619524956
0.0 0.049041129648685455
0.0 0.04908768832683563
0.0 0.049335405230522156
0.0 0.04993411898612976
0.0 0.050166502594947815
0.0 0.05033115670084953
0.0 0.05061819404363632
0.0 0.050752442330121994
0.0 0.05076056346297264
0.0 0.05080386623740196
0.0 0.05088851973414421
0.0 0.050896864384412766
0.0 0.051447656005620956
0.0 0.052088379859924316
0.0 0.05212583765387535
0.0 0.0524834506213665
0.0 0.052555590867996216
0.0 0.0526767261326313
0.0 0.05272987484931946
0.0 0.05285874009132385
0.0 0.05305653437972069
0.0 0.0531574971973896
0.0 0.05317392572760582
0.0 0.05318111553788185
0.0 0.05390598997473717
0.0 0.05399620532989502
0.0 0.05401613563299179
0.0 0.05415801331400871
0.0 0.05420445278286934
0.0 0.055054765194654465
0.0 0.05516017973423004
0.0 0.055250924080610275
0.0 0.055399321019649506
0.0 0.055745966732501984
0.0 0.05590181425213814
0.0 0.05607181414961815
0.0 0.056075211614370346
0.0 0.05616801604628563
0.0 0.05619795620441437
0.0 0.056264955550432205
0.0 0.05647144839167595
0.0 0.056480772793293
0.0 0.05653461813926697
0.0 0.05671371892094612
0.0 0.056722261011600494
0.0 0.05680704116821289
0.0 0.05699966475367546
0.0 0.05738336592912674
0.0 0.05754074454307556
0.0 0.057723283767700195
0.0 0.05787453055381775
0.0 0.05791370943188667
0.0 0.057945143431425095
0.0 0.057974692434072495
0.0 0.0581471286714077
0.0 0.058209046721458435
0.0 0.05822150409221649
0.0 0.05833960324525833
0.0 0.058454275131225586
0.0 0.058485087007284164
0.0 0.05849117785692215
0.0 0.05854673683643341
0.0 0.05856786668300629
0.0 0.05858803540468216
0.0 0.05865970253944397
0.0 0.05868768319487572
0.0 0.05875048413872719
0.0 0.05883021652698517
0.0 0.05892029404640198
0.0 0.058940574526786804
0.0 0.058956269174814224
0.0 0.05899027734994888
0.0 0.05901579558849335
0.0 0.059047333896160126
0.0 0.05914337560534477
0.0 0.05920321121811867
0.0 0.059247665107250214
0.0 0.05950402095913887
0.0 0.05955371633172035
0.0 0.0595647469162941
0.0 0.05967777967453003
0.0 0.05979232117533684
0.0 0.05979368835687637
0.0 0.059805091470479965
0.0 0.05985967069864273
0.0 0.059997107833623886
0.0 0.06004174426198006
0.0 0.060059256851673126
0.0 0.06006278097629547
0.0 0.06016835942864418
0.0 0.06017126142978668
0.0 0.06043132394552231
0.0 0.060434311628341675
0.0 0.060526784509420395
0.0 0.06073163077235222
0.0 0.06077571213245392
0.0 0.060943931341171265
0.0 0.06098177656531334
0.0 0.06099195033311844
0.0 0.06123126298189163
0.0 0.06124354153871536
0.0 0.06124670431017876
0.0 0.061272457242012024
0.0 0.06130050867795944
0.0 0.06130945682525635
0.0 0.061349574476480484
0.0 0.06141890212893486
0.0 0.061434946954250336
0.0 0.061483949422836304
0.0 0.061542339622974396
0.0 0.06156137213110924
0.0 0.0615900456905365
0.0 0.06159704178571701
0.0 0.06159775331616402
0.0 0.06160248443484306
0.0 0.061621494591236115
0.0 0.061793386936187744
0.0 0.06180425360798836
0.0 0.06186877563595772
0.0 0.0619826465845108
0.0 0.061983127146959305
0.0 0.06203307956457138
0.0 0.062201954424381256
0.0 0.06225332245230675
0.0 0.06242140755057335
0.0 0.0624513253569603
0.0 0.0625113993883133
0.0 0.06258988380432129
0.0 0.06263037770986557
0.0 0.0626724511384964
0.0 0.06283042579889297
0.0 0.06296556442975998
0.0 0.06310807168483734
0.0 0.06311994791030884
0.0 0.06312192231416702
0.0 0.06317805498838425
0.0 0.06318224966526031
0.0 0.06331978738307953
0.0 0.06333249807357788
0.0 0.06334798783063889
0.0 0.06368952989578247
0.0 0.06372539699077606
0.0 0.06379246711730957
0.0 0.06379347294569016
0.0 0.06381193548440933
0.0 0.06390105932950974
0.0 0.06397397071123123
0.0 0.06407938152551651
0.0 0.06417431682348251
0.0 0.06433399766683578
0.0 0.06456384062767029
0.0 0.06470631808042526
0.0 0.06472974270582199
0.0 0.06499364972114563
0.0 0.0650494173169136
0.0 0.06518819183111191
0.0 0.06519939005374908
0.0 0.06531628966331482
0.0 0.06532194465398788
0.0 0.06536908447742462
0.0 0.06537074595689774
0.0 0.06540423631668091
0.0 0.06547882407903671
0.0 0.06548280268907547
0.0 0.0655432641506195
0.0 0.06558971107006073
0.0 0.06582599133253098
0.0 0.06590857356786728
0.0 0.06592748314142227
0.0 0.06617169827222824
0.0 0.06630495935678482
0.0 0.06645647436380386
0.0 0.06663110107183456
0.0 0.06679799407720566
0.0 0.06694427877664566
0.0 0.06697234511375427
0.0 0.06709589809179306
0.0 0.06711582839488983
0.0 0.06718915700912476
0.0 0.06727740168571472
0.0 0.06730766594409943
0.0 0.0674610286951065
0.0 0.0675695538520813
0.0 0.06758233159780502
0.0 0.06767094880342484
0.0 0.06778880953788757
0.0 0.06779312342405319
0.0 0.0678567886352539
0.0 0.0679580345749855
0.0 0.06811516731977463
0.0 0.06813111156225204
0.0 0.06821641325950623
0.0 0.06832017749547958
0.0 0.06841231137514114
0.0 0.06851080805063248
0.0 0.06851768493652344
0.0 0.06853983551263809
0.0 0.06866127252578735
0.0 0.06874344497919083
0.0 0.0687544047832489
0.0 0.06878183037042618
0.0 0.06889277696609497
0.0 0.06892554461956024
0.0 0.06895243376493454
0.0 0.06900384277105331
0.0 0.06908877193927765
0.0 0.06915853917598724
0.0 0.069412000477314
0.0 0.06961003690958023
0.0 0.06963260471820831
0.0 0.06967917084693909
0.0 0.06985492259263992
0.0 0.06988727301359177
0.0 0.06995666027069092
0.0 0.07014115899801254
0.0 0.07026717066764832
0.0 0.07035113126039505
0.0 0.07038753479719162
0.0 0.0703950896859169
0.0 0.07039801776409149
0.0 0.07040192186832428
0.0 0.0705840140581131
0.0 0.070675790309906
0.0 0.07067857682704926
0.0 0.0707571879029274
0.0 0.07083059847354889
0.0 0.07091935724020004
0.0 0.07094570249319077
0.0 0.07100363820791245
0.0 0.07104839384555817
0.0 0.07117918878793716
0.0 0.071190245449543
0.0 0.07119832187891006
0.0 0.07127977907657623
0.0 0.07146710902452469
0.0 0.07147973030805588
0.0 0.07175909727811813
0.0 0.07185102254152298
0.0 0.07200299948453903
0.0 0.07211960852146149
0.0 0.07226864993572235
0.0 0.072461798787117
0.0 0.07248784601688385
0.0 0.07253727316856384
0.0 0.07258617877960205
0.0 0.07259992510080338
0.0 0.07263892889022827
0.0 0.07265794277191162
0.0 0.07269442826509476
0.0 0.07284189760684967
0.0 0.07288597524166107
0.0 0.07291552424430847
0.0 0.07313985377550125
0.0 0.07316165417432785
0.0 0.07335621118545532
0.0 0.07343915849924088
0.0 0.07378213852643967
0.0 0.0738006979227066
0.0 0.07393185049295425
0.0 0.07417967170476913
0.0 0.07419709116220474
0.0 0.07420318573713303
0.0 0.07433449476957321
0.0 0.07434911280870438
0.0 0.07445564866065979
0.0 0.07447022944688797
0.0 0.07455740869045258
0.0 0.07462427765130997
0.0 0.07475519925355911
0.0 0.07484128326177597
0.0 0.07492544502019882
0.0 0.07503654062747955
0.0 0.07508339732885361
0.0 0.0751366838812828
0.0 0.075362429022789
0.0 0.07544577866792679
0.0 0.07545208930969238
0.0 0.07546744495630264
0.0 0.07554265856742859
0.0 0.07569839060306549
0.0 0.07589840143918991
0.0 0.07591782510280609
0.0 0.07596825808286667
0.0 0.07605529576539993
0.0 0.07624924927949905
0.0 0.07633339613676071
0.0 0.07636447250843048
0.0 0.07661975175142288
0.0 0.07676688581705093
0.0 0.07678280025720596
0.0 0.07683835178613663
0.0 0.07713176310062408
0.0 0.07714876532554626
0.0 0.07748329639434814
0.0 0.07788588106632233
0.0 0.07792379707098007
0.0 0.07795528322458267
0.0 0.07810191810131073
0.0 0.07817761600017548
0.0 0.07819736748933792
0.0 0.07846049219369888
0.0 0.07859914004802704
0.0 0.07860960066318512
0.0 0.07865087687969208
0.0 0.07867413014173508
0.0 0.07883214205503464
0.0 0.07894755154848099
0.0 0.07895047962665558
0.0 0.07916878908872604
0.0 0.07923967391252518
0.0 0.07936859875917435
0.0 0.07941333204507828
0.0 0.07947706431150436
0.0 0.07964660972356796
0.0 0.07965176552534103
0.0 0.07981888949871063
0.0 0.07984786480665207
0.0 0.08016323298215866
0.0 0.08018498122692108
0.0 0.0802905485033989
0.0 0.08030751347541809
0.0 0.08050166815519333
0.0 0.0809449702501297
0.0 0.08108308166265488
0.0 0.08122790604829788
0.0 0.08131258189678192
0.0 0.08138394355773926
0.0 0.08190329372882843
0.0 0.08199665695428848
0.0 0.08199993520975113
0.0 0.08205468207597733
0.0 0.08206518739461899
0.0 0.08225714415311813
0.0 0.08233929425477982
0.0 0.0827023908495903
0.0 0.08275347948074341
0.0 0.08277696371078491
0.0 0.08282187581062317
0.0 0.08292070031166077
0.0 0.0831628292798996
0.0 0.08321830630302429
0.0 0.08328115195035934
0.0 0.08330322057008743
0.0 0.08376799523830414
0.0 0.08387991040945053
0.0 0.08390103280544281
0.0 0.08405187726020813
0.0 0.08413869142532349
0.0 0.08416801691055298
0.0 0.08454736322164536
0.0 0.08457436412572861
0.0 0.08480461686849594
0.0 0.08505439013242722
0.0 0.08527153730392456
0.0 0.08528997004032135
0.0 0.08540260046720505
0.0 0.08551902323961258
0.0 0.0855848491191864
0.0 0.08561446517705917
0.0 0.08564260601997375
0.0 0.08579381555318832
0.0 0.08614148199558258
0.0 0.08627235889434814
0.0 0.0864543542265892
0.0 0.0865188017487526
0.0 0.0865967720746994
0.0 0.08672600239515305
0.0 0.0871095061302185
0.0 0.08713110536336899
0.0 0.08713649958372116
0.0 0.08723431825637817
0.0 0.0872526541352272
0.0 0.08744445443153381
0.0 0.08753525465726852
0.0 0.08769461512565613
0.0 0.08802822977304459
0.0 0.08804529160261154
0.0 0.08821184188127518
0.0 0.08824192732572556
0.0 0.08824937045574188
0.0 0.08829138427972794
0.0 0.08840865641832352
0.0 0.08867120742797852
0.0 0.08895758539438248
0.0 0.08922947943210602
0.0 0.08931953459978104
0.0 0.0893717110157013
0.0 0.08946439623832703
0.0 0.08952352404594421
0.0 0.0896565318107605
0.0 0.0897069200873375
0.0 0.08997780829668045
0.0 0.08998870849609375
0.0 0.09001678973436356
0.0 0.09006575495004654
0.0 0.09010148048400879
0.0 0.09013952314853668
0.0 0.09015914052724838
0.0 0.09022147208452225
0.0 0.0902530774474144
0.0 0.09030761569738388
0.0 0.09034263342618942
0.0 0.09066426753997803
0.0 0.09082690626382828
0.0 0.09084345400333405
0.0 0.09112286567687988
0.0 0.0913943350315094
0.0 0.09152302891016006
0.0 0.09229575097560883
0.0 0.09241947531700134
0.0 0.09248482435941696
0.0 0.09258639067411423
0.0 0.09263721853494644
0.0 0.09297801554203033
0.0 0.0930134579539299
0.0 0.09305603802204132
0.0 0.09367689490318298
0.0 0.09371654689311981
0.0 0.09382396936416626
0.0 0.09399404376745224
0.0 0.09422130882740021
0.0 0.09431158006191254
0.0 0.09439847618341446
0.0 0.09450975060462952
0.0 0.09483267366886139
0.0 0.09529412537813187
0.0 0.09534800052642822
0.0 0.0953826904296875
0.0 0.09564114362001419
0.0 0.09567946940660477
0.0 0.09570465236902237
0.0 0.09603371471166611
0.0 0.0961264967918396
0.0 0.09614725410938263
0.0 0.09617090225219727
0.0 0.09666160494089127
0.0 0.09702146798372269
0.0 0.09712443500757217
0.0 0.09723759442567825
0.0 0.09751773625612259
0.0 0.09760332107543945
0.0 0.09782222658395767
0.0 0.09788249433040619
0.0 0.09791629761457443
0.0 0.09800272434949875
0.0 0.0982246994972229
0.0 0.09835678339004517
0.0 0.09869024157524109
0.0 0.09875774383544922
0.0 0.09885705262422562
0.0 0.10041304677724838
0.0 0.10044103115797043
0.0 0.10061512887477875
0.0 0.10103458166122437
0.0 0.10115083307027817
0.0 0.10116808861494064
0.0 0.10137636959552765
0.0 0.10147928446531296
0.0 0.10169060528278351
0.0 0.10179773718118668
0.0 0.10224339365959167
0.0 0.1027628630399704
0.0 0.10380621254444122
0.0 0.10397624224424362
0.0 0.10404312610626221
0.0 0.10505227744579315
0.0 0.10509128123521805
0.0 0.1052880734205246
0.0 0.10547582060098648
0.0 0.10550962388515472
0.0 0.10588359832763672
0.0 0.10642646998167038
0.0 0.10686802119016647
0.0 0.10686861723661423
0.0 0.10714684426784515
0.0 0.10719446837902069
0.0 0.10776496678590775
0.0 0.10777946561574936
0.0 0.10860416293144226
0.0 0.108742356300354
0.0 0.10878695547580719
0.0 0.10934703797101974
0.0 0.10951422154903412
0.0 0.10954596102237701
0.0 0.10969914495944977
0.0 0.11070486158132553
0.0 0.1112990602850914
0.0 0.11255712807178497
0.0 0.11276083439588547
0.0 0.11311427503824234
0.0 0.11336707323789597
0.0 0.11351451277732849
0.0 0.11435788124799728
0.0 0.11449794471263885
0.0 0.11470302194356918
0.0 0.11478237062692642
0.0 0.11612752825021744
0.0 0.11701568216085434
0.0 0.11731268465518951
0.0 0.12153494358062744
0.0 0.1219465360045433
0.0 0.1251404881477356
0.0 0.1265772432088852
0.0 inf
