0.0 0.05020125210285187
0.0 0.052858736366033554
0.0 0.05306708440184593
0.0 0.054900337010622025
0.0 0.05556350573897362
0.0 0.05688565596938133
0.0 0.05822695419192314
0.0 0.0586312934756279
0.0 0.05868343636393547
0.0 0.058879539370536804
0.0 0.05973399803042412
0.0 0.06022323668003082
0.0 0.06053060293197632
0.0 0.06067356839776039
0.0 0.06132939085364342
0.0 0.0613623708486557
0.0 0.06163281202316284
0.0 0.061692941933870316
0.0 0.061763327568769455
0.0 0.0623428113758564
0.0 0.06252332031726837
0.0 0.06272835284471512
0.0 0.06289900839328766
0.0 0.06304405629634857
0.0 0.0637841522693634
0.0 0.06392320990562439
0.0 0.06406456977128983
0.0 0.06430438160896301
0.0 0.06436843425035477
0.0 0.06439157575368881
0.0 0.06449092924594879
0.0 0.06481199711561203
0.0 0.06508957594633102
0.0 0.06514061987400055
0.0 0.06543546169996262
0.0 0.06574582308530807
0.0 0.06585568934679031
0.0 0.06592701375484467
0.0 0.06605461239814758
0.0 0.06605619192123413
0.0 0.06619799882173538
0.0 0.06626065075397491
0.0 0.06637807190418243
0.0 0.06641700118780136
0.0 0.06649863719940186
0.0 0.06668835878372192
0.0 0.0667026937007904
0.0 0.06672688573598862
0.0 0.06674250215291977
0.0 0.0667540431022644
0.0 0.06708020716905594
0.0 0.0672277957201004
0.0 0.0673031210899353
0.0 0.06762181967496872
0.0 0.06776100397109985
0.0 0.06780658662319183
0.0 0.06785496324300766
0.0 0.06794170290231705
0.0 0.06817247718572617
0.0 0.06832834333181381
0.0 0.06842585653066635
0.0 0.06864027678966522
0.0 0.06868119537830353
0.0 0.06870421767234802
0.0 0.06875845789909363
0.0 0.06916970014572144
0.0 0.06951212137937546
0.0 0.06956125050783157
0.0 0.0696028396487236
0.0 0.06960930675268173
0.0 0.06982804089784622
0.0 0.06985552608966827
0.0 0.06987909227609634
0.0 0.07010708749294281
0.0 0.0702507346868515
0.0 0.07041721791028976
0.0 0.07052361965179443
0.0 0.07056165486574173
0.0 0.0706179291009903
0.0 0.07082311064004898
0.0 0.07096586376428604
0.0 0.07098687440156937
0.0 0.071048803627491
0.0 0.07109551131725311
0.0 0.07130265235900879
0.0 0.07133244723081589
0.0 0.07140117138624191
0.0 0.07159010320901871
0.0 0.07160519808530807
0.0 0.07161493599414825
0.0 0.07173663377761841
0.0 0.07177802920341492
0.0 0.07194088399410248
0.0 0.07194706797599792
0.0 0.07198194414377213
0.0 0.07199273258447647
0.0 0.07211218029260635
0.0 0.07217728346586227
0.0 0.07221648097038269
0.0 0.07227837294340134
0.0 0.07229708135128021
0.0 0.07233598083257675
0.0 0.07247313857078552
0.0 0.07248441129922867
0.0 0.07261145859956741
0.0 0.07276836782693863
0.0 0.07289230823516846
0.0 0.07289354503154755
0.0 0.07289449125528336
0.0 0.07292944192886353
0.0 0.07301808148622513
0.0 0.07305414974689484
0.0 0.07308299839496613
0.0 0.07308407127857208
0.0 0.0732281506061554
0.0 0.07323472201824188
0.0 0.07332119345664978
0.0 0.07343554496765137
0.0 0.0735175609588623
0.0 0.0736369714140892
0.0 0.07366388291120529
0.0 0.0736832395195961
0.0 0.07371266186237335
0.0 0.07373164594173431
0.0 0.07373462617397308
0.0 0.07375942170619965
0.0 0.073778435587883
0.0 0.07391444593667984
0.0 0.07408969849348068
0.0 0.07409758120775223
0.0 0.07415127009153366
0.0 0.07415933907032013
0.0 0.07415957748889923
0.0 0.07433731108903885
0.0 0.07444990426301956
0.0 0.0744505524635315
0.0 0.07446175068616867
0.0 0.07459621131420135
0.0 0.07460346072912216
0.0 0.07473190128803253
0.0 0.0748383030295372
0.0 0.07494889944791794
0.0 0.0749494656920433
0.0 0.07499793916940689
0.0 0.07503838837146759
0.0 0.07515157759189606
0.0 0.07521945238113403
0.0 0.07531241327524185
0.0 0.0755692645907402
0.0 0.07559241354465485
0.0 0.07559358328580856
0.0 0.07572827488183975
0.0 0.07585177570581436
0.0 0.07592453807592392
0.0 0.07596811652183533
0.0 0.07598605006933212
0.0 0.07653839141130447
0.0 0.07669957727193832
0.0 0.07672585546970367
0.0 0.07690907269716263
0.0 0.07692881673574448
0.0 0.07701972126960754
0.0 0.07706872373819351
0.0 0.07712060958147049
0.0 0.07722803950309753
0.0 0.07731259614229202
0.0 0.0773324966430664
0.0 0.07738977670669556
0.0 0.07742417603731155
0.0 0.07746976613998413
0.0 0.07749387621879578
0.0 0.07754593342542648
0.0 0.07759031653404236
0.0 0.07775908708572388
0.0 0.07777127623558044
0.0 0.07780708372592926
0.0 0.0778418555855751
0.0 0.07788367569446564
0.0 0.07800710946321487
0.0 0.07807677239179611
0.0 0.07815154641866684
0.0 0.07821717858314514
0.0 0.07828985899686813
0.0 0.0783463642001152
0.0 0.07845757156610489
0.0 0.0785837471485138
0.0 0.07869717478752136
0.0 0.0788021832704544
0.0 0.07888606190681458
0.0 0.07912464439868927
0.0 0.07912484556436539
0.0 0.07920805364847183
0.0 0.07929300516843796
0.0 0.07937175035476685
0.0 0.07938126474618912
0.0 0.07939241081476212
0.0 0.07950033992528915
0.0 0.07955097407102585
0.0 0.07956264168024063
0.0 0.07983969897031784
0.0 0.07988105714321136
0.0 0.0799647867679596
0.0 0.07999436557292938
0.0 0.08015533536672592
0.0 0.0801587849855423
0.0 0.08021153509616852
0.0 0.08046816289424896
0.0 0.0809083804488182
0.0 0.08111238479614258
0.0 0.08111313730478287
0.0 0.08127254992723465
0.0 0.08129747956991196
0.0 0.081316277384758
0.0 0.0814698189496994
0.0 0.08153338730335236
0.0 0.08163486421108246
0.0 0.0816856101155281
0.0 0.08169983327388763
0.0 0.08190032094717026
0.0 0.08191294223070145
0.0 0.08193589746952057
0.0 0.08199027925729752
0.0 0.08205729722976685
0.0 0.08209612220525742
0.0 0.08227494359016418
0.0 0.08229067176580429
0.0 0.08241552114486694
0.0 0.08241699635982513
0.0 0.08274221420288086
0.0 0.08282743394374847
0.0 0.08283774554729462
0.0 0.08285751938819885
0.0 0.08289943635463715
0.0 0.08293948322534561
0.0 0.08295956999063492
0.0 0.08297138661146164
0.0 0.08341863006353378
0.0 0.0834621712565422
0.0 0.08349549025297165
0.0 0.08356521278619766
0.0 0.0839010626077652
0.0 0.08408965170383453
0.0 0.08428759127855301
0.0 0.08431854099035263
0.0 0.0845458135008812
0.0 0.08462665975093842
0.0 0.08464547246694565
0.0 0.08465299755334854
0.0 0.08484093844890594
0.0 0.08485270291566849
0.0 0.08488301187753677
0.0 0.08504504710435867
0.0 0.08506743609905243
0.0 0.08507946133613586
0.0 0.08513855189085007
0.0 0.08522626012563705
0.0 0.08530841022729874
0.0 0.0854487344622612
0.0 0.08547354489564896
0.0 0.08547808229923248
0.0 0.08556684106588364
0.0 0.08563631772994995
0.0 0.0859484076499939
0.0 0.08607997745275497
0.0 0.08608289808034897
0.0 0.08610750734806061
0.0 0.08615082502365112
0.0 0.08619502186775208
0.0 0.08634904772043228
0.0 0.08642446249723434
0.0 0.08643797039985657
0.0 0.08664942532777786
0.0 0.08669202774763107
0.0 0.08669702708721161
0.0 0.08698496967554092
0.0 0.08701097965240479
0.0 0.08707869797945023
0.0 0.08713686466217041
0.0 0.08722905814647675
0.0 0.08726008236408234
0.0 0.08728455007076263
0.0 0.0873078778386116
0.0 0.0873459205031395
0.0 0.08756951987743378
0.0 0.08765646070241928
0.0 0.08776085823774338
0.0 0.0878576785326004
0.0 0.08797715604305267
0.0 0.08799505978822708
0.0 0.08801838010549545
0.0 0.08805440366268158
0.0 0.08818788826465607
0.0 0.08822014927864075
0.0 0.08822370320558548
0.0 0.08823869377374649
0.0 0.0883500948548317
0.0 0.08850632607936859
0.0 0.08862107992172241
0.0 0.08866780251264572
0.0 0.08882375061511993
0.0 0.08890074491500854
0.0 0.08899521827697754
0.0 0.08907389640808105
0.0 0.08909143507480621
0.0 0.08916493505239487
0.0 0.08932171761989594
0.0 0.08951694518327713
0.0 0.08958347886800766
0.0 0.08959484100341797
0.0 0.08982070535421371
0.0 0.08999677747488022
0.0 0.09011824429035187
0.0 0.09019500017166138
0.0 0.09026145935058594
0.0 0.09028290212154388
0.0 0.09032493084669113
0.0 0.09046652913093567
0.0 0.0905255377292633
0.0 0.0907428041100502
0.0 0.09075800329446793
0.0 0.09093093127012253
0.0 0.09101028740406036
0.0 0.09103037416934967
0.0 0.09114918112754822
0.0 0.09121161699295044
0.0 0.09136894345283508
0.0 0.09140203893184662
0.0 0.09148959815502167
0.0 0.09151548892259598
0.0 0.09164375811815262
0.0 0.09168623387813568
0.0 0.09182597696781158
0.0 0.09186900407075882
0.0 0.0918700322508812
0.0 0.09189224988222122
0.0 0.09190639108419418
0.0 0.09197887033224106
0.0 0.09200205653905869
0.0 0.09200331568717957
0.0 0.09201841801404953
0.0 0.09204532206058502
0.0 0.09206283092498779
0.0 0.0921136736869812
0.0 0.09230140596628189
0.0 0.09246163815259933
0.0 0.0924755111336708
0.0 0.0926911011338234
0.0 0.09290764480829239
0.0 0.09293477237224579
0.0 0.0930684432387352
0.0 0.09308302402496338
0.0 0.09325592964887619
0.0 0.09331730753183365
0.0 0.09340574592351913
0.0 0.09346118569374084
0.0 0.09346725046634674
0.0 0.09362825006246567
0.0 0.09386204928159714
0.0 0.09390439093112946
0.0 0.09391869604587555
0.0 0.09392809122800827
0.0 0.09406664967536926
0.0 0.09406905621290207
0.0 0.09415599703788757
0.0 0.09419284760951996
0.0 0.09428876638412476
0.0 0.09432687610387802
0.0 0.09438683837652206
0.0 0.094471275806427
0.0 0.09447596222162247
0.0 0.09453605115413666
0.0 0.0945817306637764
0.0 0.09504973888397217
0.0 0.09506110101938248
0.0 0.09516113996505737
0.0 0.09532535076141357
0.0 0.09539568424224854
0.0 0.09550227224826813
0.0 0.09567521512508392
0.0 0.09584036469459534
0.0 0.09594748914241791
0.0 0.0960189625620842
0.0 0.09611658751964569
0.0 0.09625314921140671
0.0 0.09630322456359863
0.0 0.09648281335830688
0.0 0.09660547971725464
0.0 0.09662272036075592
0.0 0.09699030965566635
0.0 0.0971168503165245
0.0 0.09729782491922379
0.0 0.09739042818546295
0.0 0.09756188094615936
0.0 0.09759616106748581
0.0 0.09770257771015167
0.0 0.09774651378393173
0.0 0.09775253385305405
0.0 0.0978320986032486
0.0 0.09809789806604385
0.0 0.09813212603330612
0.0 0.09826664626598358
0.0 0.09866265952587128
0.0 0.09887827932834625
0.0 0.0989205464720726
0.0 0.09902267158031464
0.0 0.09904006123542786
0.0 0.09904909133911133
0.0 0.09912611544132233
0.0 0.09940274804830551
0.0 0.09951070696115494
0.0 0.0996139645576477
0.0 0.09964045137166977
0.0 0.09973929822444916
0.0 0.09989970177412033
0.0 0.1003217101097107
0.0 0.10033068805932999
0.0 0.10033709555864334
0.0 0.10041716694831848
0.0 0.10122796148061752
0.0 0.10126007348299026
0.0 0.10161923617124557
0.0 0.10167939960956573
0.0 0.10169095546007156
0.0 0.10170724987983704
0.0 0.10300245136022568
0.0 0.10320362448692322
0.0 0.10332714766263962
0.0 0.10334811359643936
0.0 0.1034068763256073
0.0 0.10357066243886948
0.0 0.10366205126047134
0.0 0.10373678803443909
0.0 0.1037457063794136
0.0 0.1037813276052475
0.0 0.10418630391359329
0.0 0.10442528873682022
0.0 0.10454481095075607
0.0 0.10455373674631119
0.0 0.10496294498443604
0.0 0.10614831000566483
0.0 0.10616926103830338
0.0 0.10638898611068726
0.0 0.10645373910665512
0.0 0.10650157928466797
0.0 0.10659271478652954
0.0 0.10681063681840897
0.0 0.10705436021089554
0.0 0.10707338899374008
0.0 0.10730858147144318
0.0 0.10736068338155746
0.0 0.1073610857129097
0.0 0.10743464529514313
0.0 0.10780111700296402
0.0 0.10863225162029266
0.0 0.10872306674718857
0.0 0.10895948112010956
0.0 0.109039805829525
0.0 0.10924098640680313
0.0 0.10954709351062775
0.0 0.10954847931861877
0.0 0.1101183295249939
0.0 0.1105949878692627
0.0 0.11083593219518661
0.0 0.11098581552505493
0.0 0.11099700629711151
0.0 0.11119820922613144
0.0 0.1112569198012352
0.0 0.11127529293298721
0.0 0.11223553121089935
0.0 0.11244647204875946
0.0 0.11248671263456345
0.0 0.11381266266107559
0.0 0.114398293197155
0.0 0.11457449942827225
0.0 0.1147429496049881
0.0 0.11494450271129608
0.0 0.11523366719484329
0.0 0.11583312600851059
0.0 0.1158788800239563
0.0 0.11638801544904709
0.0 0.11697240173816681
0.0 0.117314912378788
0.0 0.11734361201524734
0.0 0.11802894622087479
0.0 0.11829093843698502
0.0 0.11884922534227371
0.0 0.11954684555530548
0.0 0.11964258551597595
0.0 0.11990015208721161
0.0 0.12010015547275543
0.0 0.12040961533784866
0.0 0.12146960198879242
0.0 0.12165751308202744
0.0 0.12247105687856674
0.0 0.12300603836774826
0.0 0.12329496443271637
0.0 0.12369666248559952
0.0 0.12471630424261093
0.0 0.1249312236905098
0.0 0.1259250044822693
0.0 0.12824447453022003
0.0 0.12919995188713074
0.0 0.12955884635448456
0.0 0.13057750463485718
0.0 0.13224484026432037
0.0 0.13289949297904968
0.0 0.13741426169872284
0.0 0.13868170976638794
0.0 0.13927975296974182
0.0 0.15217043459415436
0.0 0.18045102059841156
0.0 inf
