0.0 0.032460398972034454
0.0 0.03552965819835663
0.0 0.03710081800818443
0.0 0.03774316608905792
0.0 0.03929309546947479
0.0 0.039523400366306305
0.0 0.03956802934408188
0.0 0.040219053626060486
0.0 0.040364474058151245
0.0 0.04102351516485214
0.0 0.04105810821056366
0.0 0.04154298081994057
0.0 0.04165477678179741
0.0 0.04179457575082779
0.0 0.04215279594063759
0.0 0.04261327162384987
0.0 0.04281255602836609
0.0 0.04283581301569939
0.0 0.042846813797950745
0.0 0.04298395290970802
0.0 0.04333479702472687
0.0 0.04344543442130089
0.0 0.04358052462339401
0.0 0.04372626170516014
0.0 0.04374697804450989
0.0 0.043803777545690536
0.0 0.04384441673755646
0.0 0.043856214731931686
0.0 0.04405040666460991
0.0 0.044062480330467224
0.0 0.04411885142326355
0.0 0.04412512108683586
0.0 0.04424036666750908
0.0 0.04424867779016495
0.0 0.04435066506266594
0.0 0.044443946331739426
0.0 0.0444958321750164
0.0 0.04491663724184036
0.0 0.04498424008488655
0.0 0.0449850857257843
0.0 0.04499666392803192
0.0 0.04506290331482887
0.0 0.045080672949552536
0.0 0.045184265822172165
0.0 0.04540093615651131
0.0 0.045449480414390564
0.0 0.04549635201692581
0.0 0.045569632202386856
0.0 0.0459786057472229
0.0 0.04602199047803879
0.0 0.04607132822275162
0.0 0.04613756388425827
0.0 0.04646729305386543
0.0 0.046536948531866074
0.0 0.0465681254863739
0.0 0.046570129692554474
0.0 0.04662049189209938
0.0 0.04665210470557213
0.0 0.04665978252887726
0.0 0.04671035334467888
0.0 0.046746209263801575
0.0 0.046804480254650116
0.0 0.04681515321135521
0.0 0.046833448112010956
0.0 0.04686934873461723
0.0 0.04688932001590729
0.0 0.0469336062669754
0.0 0.046967752277851105
0.0 0.047004055231809616
0.0 0.047166239470243454
0.0 0.047172028571367264
0.0 0.047276571393013
0.0 0.04730245843529701
0.0 0.04741548374295235
0.0 0.047461602836847305
0.0 0.04755879566073418
0.0 0.047577355057001114
0.0 0.04767654463648796
0.0 0.04769652336835861
0.0 0.047714199870824814
0.0 0.04774898290634155
0.0 0.04775761812925339
0.0 0.04778407886624336
0.0 0.047824788838624954
0.0 0.04783901572227478
0.0 0.0479922853410244
0.0 0.0480441153049469
0.0 0.04818861186504364
0.0 0.0482587106525898
0.0 0.04837493225932121
0.0 0.04850129410624504
0.0 0.04854060709476471
0.0 0.04861687496304512
0.0 0.04864542558789253
0.0 0.048651427030563354
0.0 0.04865342378616333
0.0 0.0487351156771183
0.0 0.04882353916764259
0.0 0.04885230213403702
0.0 0.04912591353058815
0.0 0.04914914816617966
0.0 0.049154315143823624
0.0 0.049265213310718536
0.0 0.04942631721496582
0.0 0.049447376281023026
0.0 0.04944765940308571
0.0 0.049619484692811966
0.0 0.04964379221200943
0.0 0.04966258257627487
0.0 0.04978477582335472
0.0 0.049912698566913605
0.0 0.04995882511138916
0.0 0.04997168108820915
0.0 0.05002778768539429
0.0 0.05005907267332077
0.0 0.050101447850465775
0.0 0.05022119730710983
0.0 0.05041445046663284
0.0 0.0504184253513813
0.0 0.050594888627529144
0.0 0.05074267461895943
0.0 0.05092950910329819
0.0 0.05099690333008766
0.0 0.05124490335583687
0.0 0.05129632726311684
0.0 0.05133025348186493
0.0 0.05134763941168785
0.0 0.05135155841708183
0.0 0.051361534744501114
0.0 0.05137639120221138
0.0 0.05138184875249863
0.0 0.05143146589398384
0.0 0.05143677443265915
0.0 0.05143902078270912
0.0 0.051442522555589676
0.0 0.051489174365997314
0.0 0.05151805281639099
0.0 0.05164686590433121
0.0 0.05169869586825371
0.0 0.05170023813843727
0.0 0.05171821266412735
0.0 0.05177398398518562
0.0 0.05178922042250633
0.0 0.051789313554763794
0.0 0.05185854434967041
0.0 0.05192471668124199
0.0 0.0519542433321476
0.0 0.052041102200746536
0.0 0.052121601998806
0.0 0.052310287952423096
0.0 0.05244932696223259
0.0 0.05248458310961723
0.0 0.05249445512890816
0.0 0.052570030093193054
0.0 0.05261566489934921
0.0 0.05261677876114845
0.0 0.052700988948345184
0.0 0.05279242619872093
0.0 0.052811071276664734
0.0 0.0528312548995018
0.0 0.052846334874629974
0.0 0.05288456752896309
0.0 0.052900392562150955
0.0 0.05295717716217041
0.0 0.05326034873723984
0.0 0.0534495934844017
0.0 0.053461894392967224
0.0 0.053523335605859756
0.0 0.05353209376335144
0.0 0.0536949522793293
0.0 0.053784508258104324
0.0 0.05384593456983566
0.0 0.053848009556531906
0.0 0.053854700177907944
0.0 0.0538620799779892
0.0 0.0539863184094429
0.0 0.05399284511804581
0.0 0.053998913615942
0.0 0.05400947853922844
0.0 0.054034117609262466
0.0 0.054053131490945816
0.0 0.05412016808986664
0.0 0.05413909628987312
0.0 0.054263222962617874
0.0 0.05431141331791878
0.0 0.054492611438035965
0.0 0.054530493915081024
0.0 0.054596200585365295
0.0 0.05475230887532234
0.0 0.054840799421072006
0.0 0.05484733358025551
0.0 0.05487789213657379
0.0 0.05492735281586647
0.0 0.05499875918030739
0.0 0.05502213537693024
0.0 0.05518585070967674
0.0 0.0551920086145401
0.0 0.05522556230425835
0.0 0.055453721433877945
0.0 0.055529817938804626
0.0 0.05560707300901413
0.0 0.05564785748720169
0.0 0.055700644850730896
0.0 0.05576131492853165
0.0 0.055855073034763336
0.0 0.05591362342238426
0.0 0.05594847351312637
0.0 0.056059639900922775
0.0 0.05608599632978439
0.0 0.056221045553684235
0.0 0.05629085376858711
0.0 0.05641387775540352
0.0 0.056487612426280975
0.0 0.0565170980989933
0.0 0.056551992893218994
0.0 0.056568220257759094
0.0 0.05657961964607239
0.0 0.056589365005493164
0.0 0.0566982664167881
0.0 0.056796614080667496
0.0 0.05687031149864197
0.0 0.05687098950147629
0.0 0.056963443756103516
0.0 0.05696849897503853
0.0 0.05699519068002701
0.0 0.05700027942657471
0.0 0.05706281587481499
0.0 0.0571088045835495
0.0 0.05711952969431877
0.0 0.05718187615275383
0.0 0.0572514571249485
0.0 0.057560328394174576
0.0 0.057591237127780914
0.0 0.057613007724285126
0.0 0.05763711407780647
0.0 0.057900894433259964
0.0 0.058035414665937424
0.0 0.05823596566915512
0.0 0.05824100598692894
0.0 0.05835568532347679
0.0 0.05836955085396767
0.0 0.058372460305690765
0.0 0.058381859213113785
0.0 0.05853325128555298
0.0 0.05854322388768196
0.0 0.058561015874147415
0.0 0.05858207494020462
0.0 0.058593958616256714
0.0 0.05873169004917145
0.0 0.05873221158981323
0.0 0.058787643909454346
0.0 0.05880653113126755
0.0 0.058808401226997375
0.0 0.058829620480537415
0.0 0.05885191634297371
0.0 0.05888644605875015
0.0 0.05895025655627251
0.0 0.05895824730396271
0.0 0.05901794508099556
0.0 0.0590241514146328
0.0 0.05914568528532982
0.0 0.059165775775909424
0.0 0.05924464762210846
0.0 0.059268951416015625
0.0 0.05929868295788765
0.0 0.05935570225119591
0.0 0.05937288701534271
0.0 0.05939163640141487
0.0 0.05939498916268349
0.0 0.05944301187992096
0.0 0.05953267589211464
0.0 0.05956137180328369
0.0 0.05956225469708443
0.0 0.059647515416145325
0.0 0.05964981019496918
0.0 0.05969185009598732
0.0 0.05975132808089256
0.0 0.059783320873975754
0.0 0.059819988906383514
0.0 0.05985913425683975
0.0 0.0598752461373806
0.0 0.06012214720249176
0.0 0.06038808450102806
0.0 0.060388706624507904
0.0 0.06044860929250717
0.0 0.060481175780296326
0.0 0.06053682416677475
0.0 0.06068655103445053
0.0 0.06070137768983841
0.0 0.06070316210389137
0.0 0.0607394240796566
0.0 0.06084836274385452
0.0 0.060888539999723434
0.0 0.0609210766851902
0.0 0.0609387531876564
0.0 0.06094652786850929
0.0 0.06106926128268242
0.0 0.061114270240068436
0.0 0.06113975867629051
0.0 0.061167117208242416
0.0 0.06126706674695015
0.0 0.06129272282123566
0.0 0.061355188488960266
0.0 0.06140318885445595
0.0 0.061446063220500946
0.0 0.0614553764462471
0.0 0.06152160093188286
0.0 0.061566077172756195
0.0 0.06158224120736122
0.0 0.06159312650561333
0.0 0.06162996590137482
0.0 0.0616489015519619
0.0 0.0618315227329731
0.0 0.06183768808841705
0.0 0.06191796809434891
0.0 0.06199194863438606
0.0 0.06204872950911522
0.0 0.062136538326740265
0.0 0.06237276270985603
0.0 0.06240227818489075
0.0 0.06244770437479019
0.0 0.06249019131064415
0.0 0.0625436082482338
0.0 0.06271147727966309
0.0 0.06286171823740005
0.0 0.06286937743425369
0.0 0.06298339366912842
0.0 0.06303714215755463
0.0 0.06309638917446136
0.0 0.06313937902450562
0.0 0.06318584829568863
0.0 0.06331592798233032
0.0 0.06331990659236908
0.0 0.06359513103961945
0.0 0.06361782550811768
0.0 0.06365717947483063
0.0 0.06368832290172577
0.0 0.06385882943868637
0.0 0.06387006491422653
0.0 0.06394973397254944
0.0 0.0641975924372673
0.0 0.0642082691192627
0.0 0.06430425494909286
0.0 0.06432726979255676
0.0 0.06436873972415924
0.0 0.06441141664981842
0.0 0.06444937735795975
0.0 0.06456436216831207
0.0 0.06462549418210983
0.0 0.06482677161693573
0.0 0.06487919390201569
0.0 0.06502334028482437
0.0 0.06503494828939438
0.0 0.06513236463069916
0.0 0.0654488354921341
0.0 0.06547576189041138
0.0 0.06548217684030533
0.0 0.06557027995586395
0.0 0.0656212642788887
0.0 0.06566597521305084
0.0 0.06576015055179596
0.0 0.0658152773976326
0.0 0.06633629649877548
0.0 0.06637734919786453
0.0 0.06643213331699371
0.0 0.066675566136837
0.0 0.06670904159545898
0.0 0.06693250685930252
0.0 0.06697696447372437
0.0 0.06705548614263535
0.0 0.06710703670978546
0.0 0.06710848957300186
0.0 0.06714579463005066
0.0 0.06728969514369965
0.0 0.06736195832490921
0.0 0.06737187504768372
0.0 0.06737663596868515
0.0 0.06781839579343796
0.0 0.06816468387842178
0.0 0.06817582249641418
0.0 0.06833548843860626
0.0 0.06833849847316742
0.0 0.06836656481027603
0.0 0.06841648370027542
0.0 0.06847599893808365
0.0 0.06848692893981934
0.0 0.06849563121795654
0.0 0.06853961199522018
0.0 0.06864000856876373
0.0 0.06875554472208023
0.0 0.06889860332012177
0.0 0.06904260814189911
0.0 0.06916949152946472
0.0 0.06933825463056564
0.0 0.06938701122999191
0.0 0.06971921771764755
0.0 0.06991951912641525
0.0 0.0700666531920433
0.0 0.07006708532571793
0.0 0.07027085870504379
0.0 0.0703454539179802
0.0 0.07045222818851471
0.0 0.07048237323760986
0.0 0.07055194675922394
0.0 0.07064070552587509
0.0 0.07065405696630478
0.0 0.07086367905139923
0.0 0.07119550555944443
0.0 0.07134552299976349
0.0 0.07143813371658325
0.0 0.07144010066986084
0.0 0.07147426158189774
0.0 0.07153460383415222
0.0 0.0716567113995552
0.0 0.07181106507778168
0.0 0.07182065397500992
0.0 0.07188674062490463
0.0 0.07192469388246536
0.0 0.07217008620500565
0.0 0.07228151708841324
0.0 0.07237318158149719
0.0 0.07253043353557587
0.0 0.0726119801402092
0.0 0.07269102334976196
0.0 0.07272640615701675
0.0 0.07291682809591293
0.0 0.07297851890325546
0.0 0.07328257709741592
0.0 0.07328289747238159
0.0 0.07333926856517792
0.0 0.07340514659881592
0.0 0.0737547054886818
0.0 0.07389508932828903
0.0 0.07426952570676804
0.0 0.07427088916301727
0.0 0.07432180643081665
0.0 0.074875608086586
0.0 0.07489430904388428
0.0 0.07503631711006165
0.0 0.07509317994117737
0.0 0.07524902373552322
0.0 0.07539296895265579
0.0 0.07542581856250763
0.0 0.07553459703922272
0.0 0.07564939558506012
0.0 0.07589269429445267
0.0 0.07600217312574387
0.0 0.07626151293516159
0.0 0.07640372216701508
0.0 0.07686302065849304
0.0 0.07704339176416397
0.0 0.077151820063591
0.0 0.07772549986839294
0.0 0.07780072093009949
0.0 0.07795805484056473
0.0 0.07802095264196396
0.0 0.07803646475076675
0.0 0.07834082841873169
0.0 0.07841826975345612
0.0 0.07848469913005829
0.0 0.07864115387201309
0.0 0.0787564218044281
0.0 0.07888464629650116
0.0 0.07900676131248474
0.0 0.07914485782384872
0.0 0.07915954291820526
0.0 0.07943976670503616
0.0 0.07955741882324219
0.0 0.07957682758569717
0.0 0.07976226508617401
0.0 0.07979433983564377
0.0 0.07988709211349487
0.0 0.0804709941148758
0.0 0.08082016557455063
0.0 0.08120798319578171
0.0 0.08182638138532639
0.0 0.08228342235088348
0.0 0.08339886367321014
0.0 0.08367934823036194
0.0 0.08373337239027023
0.0 0.0838068276643753
0.0 0.08407258242368698
0.0 0.08437079936265945
0.0 0.0851406678557396
0.0 0.0859195664525032
0.0 0.08665402978658676
0.0 0.08670065551996231
0.0 0.08713628351688385
0.0 0.08727920800447464
0.0 0.08816348761320114
0.0 0.08879196643829346
0.0 0.08974023163318634
0.0 0.09004825353622437
0.0 0.09228195995092392
0.0 0.09324081987142563
0.0 0.09343460947275162
0.0 0.09434754401445389
0.0 0.09502427279949188
0.0 0.09523160755634308
0.0 0.09530371427536011
0.0 0.09618151187896729
0.0 0.0984707921743393
0.0 0.10126449167728424
0.0 0.10214700549840927
0.0 0.10219777375459671
0.0 0.11074485629796982
0.0 0.11260563135147095
0.0 0.11285398155450821
0.0 0.11626911908388138
0.0 0.13140051066875458
0.0 0.134847953915596
0.0 inf
