0.0 0.029774973168969154
0.0 0.03191615641117096
0.0 0.03432063013315201
0.0 0.03576252982020378
0.0 0.035996776074171066
0.0 0.03682449832558632
0.0 0.03692774847149849
0.0 0.03701542317867279
0.0 0.03757261484861374
0.0 0.0382918119430542
0.0 0.038612451404333115
0.0 0.03895416855812073
0.0 0.03898702189326286
0.0 0.03905074670910835
0.0 0.03955097869038582
0.0 0.03963769972324371
0.0 0.039905451238155365
0.0 0.03997524827718735
0.0 0.03999650478363037
0.0 0.0400695726275444
0.0 0.04012823849916458
0.0 0.04018225520849228
0.0 0.0402710847556591
0.0 0.04037635400891304
0.0 0.04053165763616562
0.0 0.040776435285806656
0.0 0.040798503905534744
0.0 0.04088868573307991
0.0 0.041312821209430695
0.0 0.04135126993060112
0.0 0.041352637112140656
0.0 0.04139777272939682
0.0 0.041421663016080856
0.0 0.0414772555232048
0.0 0.041580796241760254
0.0 0.04163288325071335
0.0 0.04163295030593872
0.0 0.04163410887122154
0.0 0.04165984317660332
0.0 0.041835635900497437
0.0 0.04211573675274849
0.0 0.04213954508304596
0.0 0.042182691395282745
0.0 0.042260318994522095
0.0 0.04227955639362335
0.0 0.04241040721535683
0.0 0.04242377728223801
0.0 0.04249143600463867
0.0 0.042500097304582596
0.0 0.042572807520627975
0.0 0.042595814913511276
0.0 0.04268725588917732
0.0 0.04270763695240021
0.0 0.042716216295957565
0.0 0.042790498584508896
0.0 0.04283434525132179
0.0 0.04295973479747772
0.0 0.04302457720041275
0.0 0.0430578850209713
0.0 0.04311799630522728
0.0 0.0432574599981308
0.0 0.043307434767484665
0.0 0.04334336519241333
0.0 0.04334954917430878
0.0 0.04338071867823601
0.0 0.043381936848163605
0.0 0.04340154305100441
0.0 0.04341175779700279
0.0 0.04345767945051193
0.0 0.04364559426903725
0.0 0.04366916045546532
0.0 0.04379617050290108
0.0 0.043813563883304596
0.0 0.043822307139635086
0.0 0.04387278854846954
0.0 0.043931882828474045
0.0 0.04396532475948334
0.0 0.04402770474553108
0.0 0.044101644307374954
0.0 0.04417770728468895
0.0 0.044221434742212296
0.0 0.044289033859968185
0.0 0.04429198056459427
0.0 0.044303957372903824
0.0 0.044328462332487106
0.0 0.0444144606590271
0.0 0.04443762078881264
0.0 0.04466761276125908
0.0 0.04487783834338188
0.0 0.04494426026940346
0.0 0.04495406523346901
0.0 0.04501980543136597
0.0 0.04505331069231033
0.0 0.04513086751103401
0.0 0.04536355286836624
0.0 0.04550294205546379
0.0 0.045513901859521866
0.0 0.045526210218667984
0.0 0.04559025168418884
0.0 0.04566650837659836
0.0 0.04571440443396568
0.0 0.04577000066637993
0.0 0.045862723141908646
0.0 0.04586954414844513
0.0 0.04588637873530388
0.0 0.046091772615909576
0.0 0.04611778259277344
0.0 0.04616745561361313
0.0 0.04618900641798973
0.0 0.046213772147893906
0.0 0.04630241170525551
0.0 0.04636642336845398
0.0 0.046436406672000885
0.0 0.04646531865000725
0.0 0.046544697135686874
0.0 0.04656766355037689
0.0 0.0465681217610836
0.0 0.04664870724081993
0.0 0.046651795506477356
0.0 0.046719714999198914
0.0 0.04673303663730621
0.0 0.046741850674152374
0.0 0.0468195416033268
0.0 0.04682056978344917
0.0 0.04684668406844139
0.0 0.0468536838889122
0.0 0.04695897921919823
0.0 0.04700519144535065
0.0 0.0470600388944149
0.0 0.04706035926938057
0.0 0.047065313905477524
0.0 0.047124188393354416
0.0 0.04713474214076996
0.0 0.04714684188365936
0.0 0.04720615968108177
0.0 0.047276392579078674
0.0 0.047315940260887146
0.0 0.047354232519865036
0.0 0.04735531657934189
0.0 0.04736683890223503
0.0 0.04742591083049774
0.0 0.04753547161817551
0.0 0.04755448177456856
0.0 0.04762083664536476
0.0 0.0476582907140255
0.0 0.04769635945558548
0.0 0.04778750240802765
0.0 0.04781565070152283
0.0 0.047955818474292755
0.0 0.048029035329818726
0.0 0.04807678237557411
0.0 0.04809112846851349
0.0 0.04811893403530121
0.0 0.04833166301250458
0.0 0.04837093502283096
0.0 0.04841640964150429
0.0 0.04844652861356735
0.0 0.048456620424985886
0.0 0.048461321741342545
0.0 0.04849763214588165
0.0 0.04851914197206497
0.0 0.04852329194545746
0.0 0.048549506813287735
0.0 0.04862300679087639
0.0 0.04863427206873894
0.0 0.048686377704143524
0.0 0.048694025725126266
0.0 0.04874696582555771
0.0 0.04878068342804909
0.0 0.048815179616212845
0.0 0.04891875013709068
0.0 0.04896702617406845
0.0 0.0489908903837204
0.0 0.049024950712919235
0.0 0.04903286322951317
0.0 0.049061570316553116
0.0 0.049071915447711945
0.0 0.049185965210199356
0.0 0.04920167475938797
0.0 0.049264807254076004
0.0 0.04931352660059929
0.0 0.04946071654558182
0.0 0.04951336234807968
0.0 0.04958873242139816
0.0 0.04961897432804108
0.0 0.04963644966483116
0.0 0.049640215933322906
0.0 0.04967862740159035
0.0 0.04971567913889885
0.0 0.04979987442493439
0.0 0.04983383044600487
0.0 0.04987333342432976
0.0 0.049892961978912354
0.0 0.04996601864695549
0.0 0.04999242722988129
0.0 0.05000044405460358
0.0 0.050065089017152786
0.0 0.050084058195352554
0.0 0.050206150859594345
0.0 0.050477031618356705
0.0 0.05055771768093109
0.0 0.050558991730213165
0.0 0.05059051513671875
0.0 0.05059560760855675
0.0 0.05061944201588631
0.0 0.05063941702246666
0.0 0.05068608745932579
0.0 0.05076872184872627
0.0 0.05084364488720894
0.0 0.0508902408182621
0.0 0.05090777203440666
0.0 0.05101175606250763
0.0 0.05101720616221428
0.0 0.051035597920417786
0.0 0.051098618656396866
0.0 0.05114949867129326
0.0 0.05117914825677872
0.0 0.05118158459663391
0.0 0.05119914934039116
0.0 0.05124988034367561
0.0 0.05128045752644539
0.0 0.05128449201583862
0.0 0.051434438675642014
0.0 0.05143870413303375
0.0 0.051450446248054504
0.0 0.05155681446194649
0.0 0.05158109962940216
0.0 0.051606301218271255
0.0 0.051632463932037354
0.0 0.051672905683517456
0.0 0.05169402435421944
0.0 0.051719747483730316
0.0 0.05174762010574341
0.0 0.051767632365226746
0.0 0.051778484135866165
0.0 0.05178007856011391
0.0 0.051858413964509964
0.0 0.05197397992014885
0.0 0.051986705511808395
0.0 0.05200011655688286
0.0 0.05205618590116501
0.0 0.052088622003793716
0.0 0.05216959863901138
0.0 0.052180543541908264
0.0 0.05225776135921478
0.0 0.052306633442640305
0.0 0.052440185099840164
0.0 0.05250326171517372
0.0 0.05253190919756889
0.0 0.05266896262764931
0.0 0.0527452751994133
0.0 0.05293342098593712
0.0 0.05295497179031372
0.0 0.05312409624457359
0.0 0.053144052624702454
0.0 0.05315026640892029
0.0 0.05317927151918411
0.0 0.053190287202596664
0.0 0.05319035053253174
0.0 0.053190503269433975
0.0 0.053203560411930084
0.0 0.05323285609483719
0.0 0.05344637483358383
0.0 0.05349167808890343
0.0 0.05351518839597702
0.0 0.053585633635520935
0.0 0.05363619327545166
0.0 0.053763169795274734
0.0 0.05379633232951164
0.0 0.05381796136498451
0.0 0.05383937805891037
0.0 0.05387129262089729
0.0 0.05391176789999008
0.0 0.053927432745695114
0.0 0.054079268127679825
0.0 0.05407972261309624
0.0 0.05419426038861275
0.0 0.05433185398578644
0.0 0.05434234440326691
0.0 0.05439683794975281
0.0 0.054411277174949646
0.0 0.054429296404123306
0.0 0.05449043959379196
0.0 0.05457407608628273
0.0 0.05458195507526398
0.0 0.05467086657881737
0.0 0.05478285625576973
0.0 0.054875001311302185
0.0 0.05498277395963669
0.0 0.05499127134680748
0.0 0.054992493242025375
0.0 0.05522056296467781
0.0 0.05524822324514389
0.0 0.055440664291381836
0.0 0.055474814027547836
0.0 0.05553518980741501
0.0 0.05558272823691368
0.0 0.05558456853032112
0.0 0.05559947341680527
0.0 0.05560070648789406
0.0 0.05560515820980072
0.0 0.05567767843604088
0.0 0.05570606514811516
0.0 0.0557267852127552
0.0 0.055770184844732285
0.0 0.05586720630526543
0.0 0.05602691322565079
0.0 0.05604170262813568
0.0 0.05608806014060974
0.0 0.05615675821900368
0.0 0.05643093213438988
0.0 0.05645327642560005
0.0 0.056726500391960144
0.0 0.056818637996912
0.0 0.056914396584033966
0.0 0.05734970048069954
0.0 0.05743565410375595
0.0 0.0574401430785656
0.0 0.057459719479084015
0.0 0.05749858543276787
0.0 0.057506684213876724
0.0 0.05754037946462631
0.0 0.05759679898619652
0.0 0.05760955065488815
0.0 0.057637784630060196
0.0 0.05767630413174629
0.0 0.057710807770490646
0.0 0.05772184208035469
0.0 0.057741131633520126
0.0 0.05776166543364525
0.0 0.05798593536019325
0.0 0.058300457894802094
0.0 0.0583108514547348
0.0 0.05832119286060333
0.0 0.0586235374212265
0.0 0.05879325047135353
0.0 0.05880613252520561
0.0 0.05882097780704498
0.0 0.05883907154202461
0.0 0.058873701840639114
0.0 0.058890774846076965
0.0 0.05909369885921478
0.0 0.05913838744163513
0.0 0.05914812535047531
0.0 0.05946851521730423
0.0 0.05956273153424263
0.0 0.05983283370733261
0.0 0.059836748987436295
0.0 0.0598890483379364
0.0 0.060076773166656494
0.0 0.06013644486665726
0.0 0.06017182767391205
0.0 0.06022695079445839
0.0 0.06031960994005203
0.0 0.060480717569589615
0.0 0.060493554919958115
0.0 0.06058953329920769
0.0 0.060633763670921326
0.0 0.060638755559921265
0.0 0.06066832318902016
0.0 0.06073092669248581
0.0 0.06082145869731903
0.0 0.06106190383434296
0.0 0.06107550486922264
0.0 0.061103805899620056
0.0 0.06110391020774841
0.0 0.061130937188863754
0.0 0.06125929206609726
0.0 0.061317022889852524
0.0 0.06134158745408058
0.0 0.061414532363414764
0.0 0.06151619553565979
0.0 0.061560653150081635
0.0 0.061632707715034485
0.0 0.06182811036705971
0.0 0.061909742653369904
0.0 0.06202613562345505
0.0 0.06205263361334801
0.0 0.06207982078194618
0.0 0.062146008014678955
0.0 0.06229760870337486
0.0 0.06238061562180519
0.0 0.062446363270282745
0.0 0.062466710805892944
0.0 0.06248985603451729
0.0 0.062723308801651
0.0 0.0627388283610344
0.0 0.06279530376195908
0.0 0.0627962201833725
0.0 0.06289765238761902
0.0 0.0630006417632103
0.0 0.0630042552947998
0.0 0.06303326785564423
0.0 0.06307290494441986
0.0 0.06322940438985825
0.0 0.0632362812757492
0.0 0.06324559450149536
0.0 0.06332205981016159
0.0 0.06337310373783112
0.0 0.06344129890203476
0.0 0.06350057572126389
0.0 0.06357807666063309
0.0 0.06361165642738342
0.0 0.06367915123701096
0.0 0.06369087100028992
0.0 0.0638062134385109
0.0 0.0638832300901413
0.0 0.06409395486116409
0.0 0.06419068574905396
0.0 0.06419280916452408
0.0 0.06427215784788132
0.0 0.06436687707901001
0.0 0.06439787894487381
0.0 0.06444622576236725
0.0 0.06454187631607056
0.0 0.06461138278245926
0.0 0.06465886533260345
0.0 0.06496179103851318
0.0 0.06504854559898376
0.0 0.06506360322237015
0.0 0.06507878750562668
0.0 0.0653088241815567
0.0 0.06600814312696457
0.0 0.06611564755439758
0.0 0.06623232364654541
0.0 0.06638392060995102
0.0 0.06643670797348022
0.0 0.06664368510246277
0.0 0.06664960086345673
0.0 0.06674482673406601
0.0 0.06680724024772644
0.0 0.06697987020015717
0.0 0.06703637540340424
0.0 0.06706099957227707
0.0 0.06707914173603058
0.0 0.06718853861093521
0.0 0.06720656901597977
0.0 0.06729045510292053
0.0 0.06761430948972702
0.0 0.06762732565402985
0.0 0.06772724539041519
0.0 0.06790798157453537
0.0 0.0684482678771019
0.0 0.06856803596019745
0.0 0.06883544474840164
0.0 0.06950398534536362
0.0 0.06954780220985413
0.0 0.06955055892467499
0.0 0.06956169754266739
0.0 0.06963891535997391
0.0 0.06964574754238129
0.0 0.06971806287765503
0.0 0.06984003633260727
0.0 0.0698593333363533
0.0 0.07092860341072083
0.0 0.07127565145492554
0.0 0.07138939946889877
0.0 0.07153000682592392
0.0 0.07157210260629654
0.0 0.07178815454244614
0.0 0.07246708124876022
0.0 0.0727631226181984
0.0 0.07293069362640381
0.0 0.07295433431863785
0.0 0.07308387011289597
0.0 0.07309805601835251
0.0 0.07325576990842819
0.0 0.07328693568706512
0.0 0.07345213741064072
0.0 0.07387196272611618
0.0 0.07404737174510956
0.0 0.07424639910459518
0.0 0.07453124225139618
0.0 0.07483052462339401
0.0 0.07484734803438187
0.0 0.07516490668058395
0.0 0.07553425431251526
0.0 0.07565654069185257
0.0 0.07583034038543701
0.0 0.0759914442896843
0.0 0.07625916600227356
0.0 0.07680881023406982
0.0 0.0769919604063034
0.0 0.07731715589761734
0.0 0.07763359695672989
0.0 0.07774923741817474
0.0 0.07779886573553085
0.0 0.07782380282878876
0.0 0.07836800813674927
0.0 0.07894989103078842
0.0 0.07918167859315872
0.0 0.07973494380712509
0.0 0.07995112985372543
0.0 0.08023705333471298
0.0 0.08081074804067612
0.0 0.08135790377855301
0.0 0.08157898485660553
0.0 0.08323843032121658
0.0 0.08441426604986191
0.0 0.08467669785022736
0.0 0.08613403141498566
0.0 0.08779314160346985
0.0 0.08905767649412155
0.0 0.08933806419372559
0.0 0.08984693139791489
0.0 0.09029659628868103
0.0 0.09224077314138412
0.0 0.09991525113582611
0.0 0.10134702920913696
0.0 0.12504614889621735
0.0 0.1374211609363556
0.0 inf
