0.0 0.027249300852417946
0.0 0.027774566784501076
0.0 0.028474437072873116
0.0 0.030508358031511307
0.0 0.03057876229286194
0.0 0.031034551560878754
0.0 0.03103950247168541
0.0 0.031692393124103546
0.0 0.0318920724093914
0.0 0.03204154223203659
0.0 0.032132163643836975
0.0 0.0321466289460659
0.0 0.03219024837017059
0.0 0.033006325364112854
0.0 0.033072929829359055
0.0 0.03309711441397667
0.0 0.03325590863823891
0.0 0.03326600790023804
0.0 0.03351657837629318
0.0 0.03352268040180206
0.0 0.03362693265080452
0.0 0.03364615514874458
0.0 0.033656131476163864
0.0 0.03395968675613403
0.0 0.03401695191860199
0.0 0.034166205674409866
0.0 0.03426195681095123
0.0 0.034263916313648224
0.0 0.034323692321777344
0.0 0.03443581238389015
0.0 0.034540846943855286
0.0 0.03460898995399475
0.0 0.034688517451286316
0.0 0.034744102507829666
0.0 0.03476567938923836
0.0 0.03479596599936485
0.0 0.0348878875374794
0.0 0.03493868187069893
0.0 0.034966036677360535
0.0 0.03506341576576233
0.0 0.03513103723526001
0.0 0.03529658168554306
0.0 0.03537895902991295
0.0 0.03542535379528999
0.0 0.0354594923555851
0.0 0.03550998866558075
0.0 0.03555262088775635
0.0 0.03565312549471855
0.0 0.0357108935713768
0.0 0.03572499379515648
0.0 0.03588460385799408
0.0 0.03594749793410301
0.0 0.0359908863902092
0.0 0.03601962327957153
0.0 0.036098722368478775
0.0 0.03611588105559349
0.0 0.03620867431163788
0.0 0.03633270040154457
0.0 0.036365047097206116
0.0 0.03641131520271301
0.0 0.03644104301929474
0.0 0.03648560121655464
0.0 0.03651593253016472
0.0 0.036547720432281494
0.0 0.036638226360082626
0.0 0.03667284548282623
0.0 0.036679308861494064
0.0 0.03669256344437599
0.0 0.03670709580183029
0.0 0.03671722859144211
0.0 0.03673943132162094
0.0 0.036745261400938034
0.0 0.03683220595121384
0.0 0.03683246299624443
0.0 0.03688068687915802
0.0 0.03689811751246452
0.0 0.0369190014898777
0.0 0.03694005310535431
0.0 0.03698563575744629
0.0 0.03701667860150337
0.0 0.03704935312271118
0.0 0.037094324827194214
0.0 0.03716786205768585
0.0 0.03721219673752785
0.0 0.03729939088225365
0.0 0.037439726293087006
0.0 0.03747433051466942
0.0 0.03761669248342514
0.0 0.03767414391040802
0.0 0.03770408406853676
0.0 0.03772255778312683
0.0 0.037772756069898605
0.0 0.037775784730911255
0.0 0.037777986377477646
0.0 0.03788323327898979
0.0 0.03792398050427437
0.0 0.03800531476736069
0.0 0.038021646440029144
0.0 0.03805381432175636
0.0 0.03808610513806343
0.0 0.03821754455566406
0.0 0.03826865553855896
0.0 0.03829905390739441
0.0 0.03830664977431297
0.0 0.038330432027578354
0.0 0.03840260207653046
0.0 0.03844255208969116
0.0 0.03852472081780434
0.0 0.03856941685080528
0.0 0.038620613515377045
0.0 0.038638386875391006
0.0 0.03866637870669365
0.0 0.038709837943315506
0.0 0.03871004655957222
0.0 0.038835372775793076
0.0 0.03884503245353699
0.0 0.03887491673231125
0.0 0.03889256343245506
0.0 0.03893568366765976
0.0 0.03896690160036087
0.0 0.0390302948653698
0.0 0.03904984891414642
0.0 0.03911823034286499
0.0 0.039191875606775284
0.0 0.03925137594342232
0.0 0.03925834223628044
0.0 0.039289411157369614
0.0 0.03931794688105583
0.0 0.03936352953314781
0.0 0.039423272013664246
0.0 0.03943488374352455
0.0 0.03946688398718834
0.0 0.03952307626605034
0.0 0.03963557258248329
0.0 0.03970642760396004
0.0 0.039775948971509933
0.0 0.039843086153268814
0.0 0.03984806314110756
0.0 0.03988175094127655
0.0 0.03990769013762474
0.0 0.039918094873428345
0.0 0.03994221240282059
0.0 0.03999220207333565
0.0 0.04026023671030998
0.0 0.040329258888959885
0.0 0.04043631628155708
0.0 0.04049592837691307
0.0 0.040550507605075836
0.0 0.040558330714702606
0.0 0.04063903167843819
0.0 0.0407445952296257
0.0 0.04098871722817421
0.0 0.04109689220786095
0.0 0.04114439710974693
0.0 0.04128476604819298
0.0 0.04131464660167694
0.0 0.04136199876666069
0.0 0.04138757288455963
0.0 0.04145379364490509
0.0 0.04146033525466919
0.0 0.04150376841425896
0.0 0.041747622191905975
0.0 0.041780754923820496
0.0 0.04189406707882881
0.0 0.04190564900636673
0.0 0.041953183710575104
0.0 0.04197150096297264
0.0 0.042183391749858856
0.0 0.04222389683127403
0.0 0.04225974902510643
0.0 0.04230654984712601
0.0 0.04232648015022278
0.0 0.04233497008681297
0.0 0.04238170012831688
0.0 0.04242238774895668
0.0 0.04246613755822182
0.0 0.04248863086104393
0.0 0.04252977669239044
0.0 0.042626794427633286
0.0 0.04283381998538971
0.0 0.04285750165581703
0.0 0.04296301305294037
0.0 0.04304082691669464
0.0 0.04305533319711685
0.0 0.04305597022175789
0.0 0.04312519356608391
0.0 0.04316466301679611
0.0 0.04327230155467987
0.0 0.04331112280488014
0.0 0.043369367718696594
0.0 0.043439894914627075
0.0 0.04350049048662186
0.0 0.04351471737027168
0.0 0.04351900890469551
0.0 0.04353615269064903
0.0 0.04354481399059296
0.0 0.043546222150325775
0.0 0.04358053579926491
0.0 0.04364486038684845
0.0 0.04365639016032219
0.0 0.04375958442687988
0.0 0.04388335719704628
0.0 0.043953053653240204
0.0 0.04397885501384735
0.0 0.044035762548446655
0.0 0.044069502502679825
0.0 0.044104449450969696
0.0 0.044198356568813324
0.0 0.04420725256204605
0.0 0.04421115666627884
0.0 0.04427072033286095
0.0 0.04431317374110222
0.0 0.04431798309087753
0.0 0.04432809725403786
0.0 0.044344689697027206
0.0 0.0444691963493824
0.0 0.04452980309724808
0.0 0.04455430433154106
0.0 0.0446348674595356
0.0 0.04467364028096199
0.0 0.044677622616291046
0.0 0.04470238834619522
0.0 0.04474244266748428
0.0 0.044774387031793594
0.0 0.04480600357055664
0.0 0.04488305374979973
0.0 0.044902414083480835
0.0 0.04497765749692917
0.0 0.045089252293109894
0.0 0.04512497037649155
0.0 0.04516241326928139
0.0 0.04530538618564606
0.0 0.04533255472779274
0.0 0.045380931347608566
0.0 0.045425355434417725
0.0 0.0456666424870491
0.0 0.045688845217227936
0.0 0.04571811109781265
0.0 0.045745134353637695
0.0 0.04575955867767334
0.0 0.04579336196184158
0.0 0.045814238488674164
0.0 0.04589499905705452
0.0 0.04602177441120148
0.0 0.046081945300102234
0.0 0.046089306473731995
0.0 0.046102266758680344
0.0 0.04619421437382698
0.0 0.046240776777267456
0.0 0.04625646024942398
0.0 0.04626339301466942
0.0 0.046265583485364914
0.0 0.04630834981799126
0.0 0.04632630571722984
0.0 0.04653658717870712
0.0 0.04659661650657654
0.0 0.04660699889063835
0.0 0.04662105813622475
0.0 0.046646859496831894
0.0 0.04665791988372803
0.0 0.04667086899280548
0.0 0.04669139161705971
0.0 0.04670441150665283
0.0 0.04674176871776581
0.0 0.046820227056741714
0.0 0.04685508459806442
0.0 0.04687945544719696
0.0 0.046961504966020584
0.0 0.047169700264930725
0.0 0.04723425582051277
0.0 0.047303467988967896
0.0 0.04739909619092941
0.0 0.04745931923389435
0.0 0.04748133197426796
0.0 0.047555916011333466
0.0 0.04756150022149086
0.0 0.0476263128221035
0.0 0.04773606359958649
0.0 0.04782114177942276
0.0 0.04783622547984123
0.0 0.047844432294368744
0.0 0.04788820818066597
0.0 0.04795948043465614
0.0 0.04796525463461876
0.0 0.047974783927202225
0.0 0.04798319190740585
0.0 0.04800630733370781
0.0 0.04801468551158905
0.0 0.04803839698433876
0.0 0.04805300384759903
0.0 0.048266977071762085
0.0 0.04842795059084892
0.0 0.048451017588377
0.0 0.0484614372253418
0.0 0.048901334404945374
0.0 0.04893495887517929
0.0 0.04895680770277977
0.0 0.04900156706571579
0.0 0.04901796206831932
0.0 0.04906190559267998
0.0 0.04923538491129875
0.0 0.049446891993284225
0.0 0.04949713498353958
0.0 0.04953131824731827
0.0 0.04955800250172615
0.0 0.049595631659030914
0.0 0.04961904510855675
0.0 0.04974924772977829
0.0 0.04978368803858757
0.0 0.04981369897723198
0.0 0.04993974417448044
0.0 0.049970757216215134
0.0 0.04998430609703064
0.0 0.050015196204185486
0.0 0.050058092921972275
0.0 0.05012098327279091
0.0 0.05021815747022629
0.0 0.05025908350944519
0.0 0.050340618938207626
0.0 0.05039219185709953
0.0 0.05046843737363815
0.0 0.0506143756210804
0.0 0.0506390742957592
0.0 0.05066922307014465
0.0 0.050744108855724335
0.0 0.050765860825777054
0.0 0.050776027143001556
0.0 0.05088625103235245
0.0 0.05090166628360748
0.0 0.050974100828170776
0.0 0.051019154489040375
0.0 0.05111081898212433
0.0 0.051272232085466385
0.0 0.05130569636821747
0.0 0.05144580453634262
0.0 0.0514909029006958
0.0 0.05171186476945877
0.0 0.0517134852707386
0.0 0.051722452044487
0.0 0.05173691734671593
0.0 0.05174372345209122
0.0 0.05180809646844864
0.0 0.05189424753189087
0.0 0.051929593086242676
0.0 0.052002064883708954
0.0 0.05204784870147705
0.0 0.052071694284677505
0.0 0.0520888976752758
0.0 0.05216320976614952
0.0 0.052201513200998306
0.0 0.05242263898253441
0.0 0.052465662360191345
0.0 0.05248355120420456
0.0 0.052501145750284195
0.0 0.05253751203417778
0.0 0.05261455103754997
0.0 0.05265933647751808
0.0 0.05266645923256874
0.0 0.05267351493239403
0.0 0.052696142345666885
0.0 0.05278031900525093
0.0 0.05284729599952698
0.0 0.052871525287628174
0.0 0.05288577824831009
0.0 0.053120046854019165
0.0 0.05320095270872116
0.0 0.053259365260601044
0.0 0.05334634706377983
0.0 0.053411733359098434
0.0 0.05352892354130745
0.0 0.0535464845597744
0.0 0.05362624675035477
0.0 0.053727876394987106
0.0 0.05376084893941879
0.0 0.053776856511831284
0.0 0.053811125457286835
0.0 0.05384259670972824
0.0 0.05386057868599892
0.0 0.05393406003713608
0.0 0.05407802760601044
0.0 0.054081834852695465
0.0 0.05410650372505188
0.0 0.054168108850717545
0.0 0.05428321287035942
0.0 0.05431140214204788
0.0 0.05431150645017624
0.0 0.05442915856838226
0.0 0.05451754853129387
0.0 0.05463394895195961
0.0 0.05463704839348793
0.0 0.054702334105968475
0.0 0.05480615794658661
0.0 0.05481848120689392
0.0 0.05483273044228554
0.0 0.05488310009241104
0.0 0.054976969957351685
0.0 0.055020298808813095
0.0 0.05503479391336441
0.0 0.055047597736120224
0.0 0.05582188814878464
0.0 0.05585648864507675
0.0 0.055861055850982666
0.0 0.05588729679584503
0.0 0.05593269318342209
0.0 0.056121163070201874
0.0 0.056143805384635925
0.0 0.05616368353366852
0.0 0.05638035014271736
0.0 0.05638924241065979
0.0 0.05641771852970123
0.0 0.05643455311655998
0.0 0.05646488443017006
0.0 0.05649908259510994
0.0 0.056550513952970505
0.0 0.05675067752599716
0.0 0.05682848021388054
0.0 0.05687215179204941
0.0 0.05688685178756714
0.0 0.05696849152445793
0.0 0.05703344568610191
0.0 0.057099323719739914
0.0 0.05718090757727623
0.0 0.057187724858522415
0.0 0.05722152814269066
0.0 0.05725809931755066
0.0 0.057308655232191086
0.0 0.057328272610902786
0.0 0.05735882744193077
0.0 0.057423148304224014
0.0 0.05759618803858757
0.0 0.05774577334523201
0.0 0.05775149539113045
0.0 0.057899653911590576
0.0 0.05794515460729599
0.0 0.057966869324445724
0.0 0.058063261210918427
0.0 0.05809543654322624
0.0 0.05811072885990143
0.0 0.05813642963767052
0.0 0.0581602044403553
0.0 0.058165352791547775
0.0 0.05824633315205574
0.0 0.05826937034726143
0.0 0.0583333894610405
0.0 0.058619529008865356
0.0 0.05870670825242996
0.0 0.05884690210223198
0.0 0.058978378772735596
0.0 0.05901549383997917
0.0 0.059163764119148254
0.0 0.059410594403743744
0.0 0.0594872310757637
0.0 0.05978895351290703
0.0 0.059851355850696564
0.0 0.06000630185008049
0.0 0.06025313585996628
0.0 0.06029872968792915
0.0 0.06033869832754135
0.0 0.06045624613761902
0.0 0.06053100898861885
0.0 0.06059575453400612
0.0 0.060811836272478104
0.0 0.06086643785238266
0.0 0.060967955738306046
0.0 0.06105756014585495
0.0 0.061364881694316864
0.0 0.06146976351737976
0.0 0.06178789213299751
0.0 0.06208222731947899
0.0 0.062182385474443436
0.0 0.06266038864850998
0.0 0.06276597827672958
0.0 0.06284868717193604
0.0 0.06286542862653732
0.0 0.06291502714157104
0.0 0.06293299049139023
0.0 0.0631193071603775
0.0 0.06313660740852356
0.0 0.06336410343647003
0.0 0.06347691267728806
0.0 0.06365284323692322
0.0 0.06389032304286957
0.0 0.06410016119480133
0.0 0.06420253217220306
0.0 0.06431374698877335
0.0 0.06433659791946411
0.0 0.06473296135663986
0.0 0.06483166664838791
0.0 0.06506450474262238
0.0 0.06588423997163773
0.0 0.0666508823633194
0.0 0.06706349551677704
0.0 0.06756541877985
0.0 0.06862161308526993
0.0 0.0687071681022644
0.0 0.06890357285737991
0.0 0.06991785019636154
0.0 0.06997934728860855
0.0 0.0710730105638504
0.0 0.0711868554353714
0.0 0.07328402996063232
0.0 0.07537657022476196
0.0 0.07665135711431503
0.0 0.07681217044591904
0.0 0.07705207914113998
0.0 0.07801675796508789
0.0 0.07838107645511627
0.0 0.08363077789545059
0.0 0.08785516023635864
0.0 0.1042695865035057
0.0 0.11343560367822647
0.0 inf
