0.0 0.043866973370313644
0.0 0.044617146253585815
0.0 0.04514104872941971
0.0 0.045728929340839386
0.0 0.05148766189813614
0.0 0.05239805579185486
0.0 0.052636533975601196
0.0 0.0528557114303112
0.0 0.052885740995407104
0.0 0.052892204374074936
0.0 0.052896443754434586
0.0 0.05414242297410965
0.0 0.05445140227675438
0.0 0.05460292473435402
0.0 0.055003225803375244
0.0 0.05503519997000694
0.0 0.05511634424328804
0.0 0.05544957146048546
0.0 0.05556101351976395
0.0 0.05577046796679497
0.0 0.05590265244245529
0.0 0.05619769170880318
0.0 0.05622163787484169
0.0 0.05632070079445839
0.0 0.05647267773747444
0.0 0.05670718103647232
0.0 0.05677694454789162
0.0 0.05685659125447273
0.0 0.05698123201727867
0.0 0.057182155549526215
0.0 0.0573267936706543
0.0 0.05734478309750557
0.0 0.05740838497877121
0.0 0.057589754462242126
0.0 0.057976577430963516
0.0 0.05824044719338417
0.0 0.05825997143983841
0.0 0.058299463242292404
0.0 0.05848069489002228
0.0 0.058538660407066345
0.0 0.05868786573410034
0.0 0.058922987431287766
0.0 0.05897611007094383
0.0 0.05925094708800316
0.0 0.059299107640981674
0.0 0.05940213426947594
0.0 0.059432949870824814
0.0 0.06001823768019676
0.0 0.06007564440369606
0.0 0.06013590469956398
0.0 0.060240522027015686
0.0 0.06031635031104088
0.0 0.060327135026454926
0.0 0.06050189957022667
0.0 0.06051723286509514
0.0 0.060804832726716995
0.0 0.06085522845387459
0.0 0.06121797114610672
0.0 0.061517927795648575
0.0 0.06155098229646683
0.0 0.06162495166063309
0.0 0.06190503388643265
0.0 0.061947356909513474
0.0 0.062204938381910324
0.0 0.06246801093220711
0.0 0.06252333521842957
0.0 0.06264039129018784
0.0 0.06272260844707489
0.0 0.06357767432928085
0.0 0.06382958590984344
0.0 0.06402204185724258
0.0 0.0641595721244812
0.0 0.06421442329883575
0.0 0.06443861126899719
0.0 0.06461094319820404
0.0 0.06462861597537994
0.0 0.06504044681787491
0.0 0.06507368385791779
0.0 0.06569448858499527
0.0 0.06587449461221695
0.0 0.06590795516967773
0.0 0.06605591624975204
0.0 0.06622029840946198
0.0 0.0664704442024231
0.0 0.06649961322546005
0.0 0.06654004752635956
0.0 0.0666358694434166
0.0 0.06677820533514023
0.0 0.06677860766649246
0.0 0.06684020161628723
0.0 0.06692739576101303
0.0 0.06695523113012314
0.0 0.06707065552473068
0.0 0.06727071106433868
0.0 0.06737087666988373
0.0 0.06750581413507462
0.0 0.06754875928163528
0.0 0.06782130151987076
0.0 0.0679456889629364
0.0 0.06798969954252243
0.0 0.06801311671733856
0.0 0.0681067481637001
0.0 0.06812527775764465
0.0 0.06821837276220322
0.0 0.06837311387062073
0.0 0.06850937008857727
0.0 0.06869935244321823
0.0 0.06885287910699844
0.0 0.06888400763273239
0.0 0.06889527291059494
0.0 0.06901542842388153
0.0 0.0690515860915184
0.0 0.06908237189054489
0.0 0.06912236660718918
0.0 0.06913191825151443
0.0 0.06915686279535294
0.0 0.06919857114553452
0.0 0.06928905844688416
0.0 0.06938821077346802
0.0 0.06942250579595566
0.0 0.06951490044593811
0.0 0.06951847672462463
0.0 0.06965957581996918
0.0 0.06968338787555695
0.0 0.0697542354464531
0.0 0.06980019807815552
0.0 0.0698554739356041
0.0 0.06987731158733368
0.0 0.06992940604686737
0.0 0.07004918903112411
0.0 0.0700649544596672
0.0 0.0700921043753624
0.0 0.07011091709136963
0.0 0.07013363391160965
0.0 0.07016178965568542
0.0 0.07042020559310913
0.0 0.07045061886310577
0.0 0.07050229609012604
0.0 0.07057423889636993
0.0 0.07078611105680466
0.0 0.07080021500587463
0.0 0.07080592960119247
0.0 0.07085143029689789
0.0 0.07090067118406296
0.0 0.07095461338758469
0.0 0.07100487500429153
0.0 0.07122975587844849
0.0 0.07126279175281525
0.0 0.07133258879184723
0.0 0.07134701311588287
0.0 0.071354940533638
0.0 0.07138479501008987
0.0 0.07139930129051208
0.0 0.0715138241648674
0.0 0.07152270525693893
0.0 0.07163781672716141
0.0 0.07190022617578506
0.0 0.07191567122936249
0.0 0.07200150936841965
0.0 0.07214365154504776
0.0 0.07215991616249084
0.0 0.07223524153232574
0.0 0.07229480147361755
0.0 0.07245717942714691
0.0 0.0725163072347641
0.0 0.07253984361886978
0.0 0.0725499615073204
0.0 0.07267992198467255
0.0 0.0726822167634964
0.0 0.07271333783864975
0.0 0.07274983078241348
0.0 0.07276809960603714
0.0 0.0728205144405365
0.0 0.07287128269672394
0.0 0.0729626938700676
0.0 0.07298211753368378
0.0 0.07309107482433319
0.0 0.07311674952507019
0.0 0.07329180836677551
0.0 0.07335032522678375
0.0 0.07351592928171158
0.0 0.07362832874059677
0.0 0.07363799214363098
0.0 0.07368378341197968
0.0 0.07374288141727448
0.0 0.07388459891080856
0.0 0.07403501123189926
0.0 0.07406622171401978
0.0 0.07407303899526596
0.0 0.07429011911153793
0.0 0.07438867539167404
0.0 0.07439184188842773
0.0 0.0743962973356247
0.0 0.07440976798534393
0.0 0.07442406564950943
0.0 0.07445670664310455
0.0 0.07447392493486404
0.0 0.07451892644166946
0.0 0.07470710575580597
0.0 0.07472134381532669
0.0 0.07474016398191452
0.0 0.07479438185691833
0.0 0.07482189685106277
0.0 0.07530281692743301
0.0 0.07545268535614014
0.0 0.07550205290317535
0.0 0.07555481046438217
0.0 0.07586769014596939
0.0 0.0758691355586052
0.0 0.07594776898622513
0.0 0.07609174400568008
0.0 0.07609900087118149
0.0 0.07612409442663193
0.0 0.07617335021495819
0.0 0.07617338746786118
0.0 0.076178178191185
0.0 0.0763179361820221
0.0 0.07631883025169373
0.0 0.07634291052818298
0.0 0.07657668739557266
0.0 0.07664843648672104
0.0 0.07668112963438034
0.0 0.07672609388828278
0.0 0.07674125581979752
0.0 0.07677925378084183
0.0 0.07684357464313507
0.0 0.0768439993262291
0.0 0.07690142840147018
0.0 0.07718494534492493
0.0 0.07719285786151886
0.0 0.07726993411779404
0.0 0.07732320576906204
0.0 0.07735465466976166
0.0 0.07745316624641418
0.0 0.07752899825572968
0.0 0.0777972936630249
0.0 0.0779787227511406
0.0 0.07801805436611176
0.0 0.07802906632423401
0.0 0.07804381847381592
0.0 0.07806140929460526
0.0 0.07817789912223816
0.0 0.0782049223780632
0.0 0.07823390513658524
0.0 0.07838086038827896
0.0 0.07838740199804306
0.0 0.07839729636907578
0.0 0.07850828021764755
0.0 0.07856877148151398
0.0 0.07874452322721481
0.0 0.07875264436006546
0.0 0.07875872403383255
0.0 0.07884007692337036
0.0 0.07888231426477432
0.0 0.07895711809396744
0.0 0.07907684892416
0.0 0.07913544028997421
0.0 0.07916434854269028
0.0 0.07920687645673752
0.0 0.07929359376430511
0.0 0.07955024391412735
0.0 0.0798029750585556
0.0 0.07990414649248123
0.0 0.07991063594818115
0.0 0.07994234561920166
0.0 0.07995036244392395
0.0 0.07995440810918808
0.0 0.0799616351723671
0.0 0.08004014194011688
0.0 0.08004643768072128
0.0 0.08010886609554291
0.0 0.0801384449005127
0.0 0.08025375753641129
0.0 0.08032867312431335
0.0 0.0803874284029007
0.0 0.08051186054944992
0.0 0.08051813393831253
0.0 0.08052238076925278
0.0 0.08059236407279968
0.0 0.08065653592348099
0.0 0.08075188845396042
0.0 0.08082720637321472
0.0 0.08101639151573181
0.0 0.08122122287750244
0.0 0.08122694492340088
0.0 0.08129019290208817
0.0 0.08129645884037018
0.0 0.08136921375989914
0.0 0.08157622069120407
0.0 0.0815977081656456
0.0 0.0817328467965126
0.0 0.0817330852150917
0.0 0.08176076412200928
0.0 0.08178955316543579
0.0 0.08182594180107117
0.0 0.08197727054357529
0.0 0.0822424665093422
0.0 0.08274628221988678
0.0 0.08277947455644608
0.0 0.08279553800821304
0.0 0.08279785513877869
0.0 0.0828118622303009
0.0 0.08284526318311691
0.0 0.08284945785999298
0.0 0.08293753117322922
0.0 0.08295679092407227
0.0 0.08312083780765533
0.0 0.08326585590839386
0.0 0.08344247192144394
0.0 0.0836583822965622
0.0 0.08395351469516754
0.0 0.08415611833333969
0.0 0.08480315655469894
0.0 0.08482113480567932
0.0 0.08483278751373291
0.0 0.08504568040370941
0.0 0.08517038822174072
0.0 0.08547788858413696
0.0 0.08555859327316284
0.0 0.0856628566980362
0.0 0.08566447347402573
0.0 0.08569112420082092
0.0 0.08581625670194626
0.0 0.08582157641649246
0.0 0.08613069355487823
0.0 0.08613796532154083
0.0 0.0862363874912262
0.0 0.08633009344339371
0.0 0.08643005043268204
0.0 0.08662520349025726
0.0 0.08687464892864227
0.0 0.08689150959253311
0.0 0.0870046615600586
0.0 0.08701921999454498
0.0 0.08725479990243912
0.0 0.08731788396835327
0.0 0.08737538754940033
0.0 0.08740370720624924
0.0 0.08750296384096146
0.0 0.08777939528226852
0.0 0.0878039002418518
0.0 0.08815959095954895
0.0 0.08817268908023834
0.0 0.08823107182979584
0.0 0.08826477080583572
0.0 0.0887606218457222
0.0 0.0887635350227356
0.0 0.08887828886508942
0.0 0.08894583582878113
0.0 0.08901287615299225
0.0 0.08910037577152252
0.0 0.0894995778799057
0.0 0.0895203948020935
0.0 0.0896308645606041
0.0 0.08965148031711578
0.0 0.0897194966673851
0.0 0.08982239663600922
0.0 0.08995004743337631
0.0 0.09004876017570496
0.0 0.09012848138809204
0.0 0.09015724807977676
0.0 0.09024561941623688
0.0 0.09050725400447845
0.0 0.0906076654791832
0.0 0.09091658890247345
0.0 0.09103067964315414
0.0 0.09136905521154404
0.0 0.09164317697286606
0.0 0.09184480458498001
0.0 0.0918450728058815
0.0 0.09223233163356781
0.0 0.09252364933490753
0.0 0.09285089373588562
0.0 0.0928836390376091
0.0 0.09303999692201614
0.0 0.09314175695180893
0.0 0.09317436814308167
0.0 0.0932595282793045
0.0 0.09359635412693024
0.0 0.09376569837331772
0.0 0.09398103505373001
0.0 0.09412304311990738
0.0 0.09413904696702957
0.0 0.09438882768154144
0.0 0.09489278495311737
0.0 0.09500353038311005
0.0 0.09513986110687256
0.0 0.09534456580877304
0.0 0.0954185351729393
0.0 0.0955648273229599
0.0 0.09580200910568237
0.0 0.09582491219043732
0.0 0.0958424061536789
0.0 0.09585753828287125
0.0 0.09626512229442596
0.0 0.09665617346763611
0.0 0.09680360555648804
0.0 0.09694681316614151
0.0 0.09695804864168167
0.0 0.09709490835666656
0.0 0.09743336588144302
0.0 0.09748031198978424
0.0 0.09766287356615067
0.0 0.09782126545906067
0.0 0.0978439450263977
0.0 0.09785347431898117
0.0 0.09795564413070679
0.0 0.09799712896347046
0.0 0.09804829210042953
0.0 0.09810122847557068
0.0 0.09816192090511322
0.0 0.09850724786520004
0.0 0.0986706092953682
0.0 0.09878600388765335
0.0 0.09879106283187866
0.0 0.09884621948003769
0.0 0.09893840551376343
0.0 0.09898069500923157
0.0 0.09901783615350723
0.0 0.09908859431743622
0.0 0.09927956759929657
0.0 0.09956467151641846
0.0 0.09998439252376556
0.0 0.10000716149806976
0.0 0.10010763257741928
0.0 0.10015955567359924
0.0 0.10043928772211075
0.0 0.10115907341241837
0.0 0.10121221840381622
0.0 0.10134624689817429
0.0 0.10163884609937668
0.0 0.10185527801513672
0.0 0.1021675318479538
0.0 0.10217569768428802
0.0 0.10227859020233154
0.0 0.10263994336128235
0.0 0.10270630568265915
0.0 0.10301244258880615
0.0 0.10304079949855804
0.0 0.10316777974367142
0.0 0.10355847328901291
0.0 0.10379810631275177
0.0 0.10380136221647263
0.0 0.10382454842329025
0.0 0.10388147085905075
0.0 0.1040458157658577
0.0 0.10465917736291885
0.0 0.10483205318450928
0.0 0.10535822808742523
0.0 0.10548292100429535
0.0 0.10549793392419815
0.0 0.10556259751319885
0.0 0.10573595017194748
0.0 0.10580012947320938
0.0 0.10597366839647293
0.0 0.10608439892530441
0.0 0.10663027316331863
0.0 0.1067689061164856
0.0 0.10680224746465683
0.0 0.1069822758436203
0.0 0.10714668035507202
0.0 0.1072644516825676
0.0 0.10762877762317657
0.0 0.10771548002958298
0.0 0.10793048143386841
0.0 0.10794472694396973
0.0 0.1080566942691803
0.0 0.10823678225278854
0.0 0.10833559185266495
0.0 0.1090032309293747
0.0 0.10908740758895874
0.0 0.10967985540628433
0.0 0.10989698022603989
0.0 0.10995028913021088
0.0 0.11043918877840042
0.0 0.11066696047782898
0.0 0.11079321056604385
0.0 0.11084066331386566
0.0 0.11089367419481277
0.0 0.11133769899606705
0.0 0.11173009127378464
0.0 0.11192682385444641
0.0 0.11256295442581177
0.0 0.11267741769552231
0.0 0.11378391087055206
0.0 0.11426487565040588
0.0 0.11427275091409683
0.0 0.11484230309724808
0.0 0.11552628874778748
0.0 0.11560183763504028
0.0 0.11620252579450607
0.0 0.11831585317850113
0.0 0.11851879954338074
0.0 0.11883094906806946
0.0 0.11888016015291214
0.0 0.1188848689198494
0.0 0.1192440539598465
0.0 0.12002214789390564
0.0 0.12146542221307755
0.0 0.12184479832649231
0.0 0.12602244317531586
0.0 0.12724587321281433
0.0 0.12760792672634125
0.0 0.12983766198158264
0.0 0.13297542929649353
0.0 0.134722501039505
0.0 0.13590584695339203
0.0 0.13859811425209045
0.0 0.1400877684354782
0.0 0.1456144154071808
0.0 0.15347740054130554
0.0 inf
