0.0 0.011147785000503063
0.0 0.011940079741179943
0.0 0.012193904258310795
0.0 0.012461184523999691
0.0 0.012944218702614307
0.0 0.013168797828257084
0.0 0.013201745226979256
0.0 0.013288120739161968
0.0 0.013468444347381592
0.0 0.013480676338076591
0.0 0.013598280027508736
0.0 0.013659047894179821
0.0 0.013685878366231918
0.0 0.01369861513376236
0.0 0.013705847784876823
0.0 0.013706127181649208
0.0 0.013707246631383896
0.0 0.013759443536400795
0.0 0.013761711306869984
0.0 0.013763342052698135
0.0 0.013766022399067879
0.0 0.013791683129966259
0.0 0.013830332085490227
0.0 0.013895774260163307
0.0 0.013900186866521835
0.0 0.01393168792128563
0.0 0.013998881913721561
0.0 0.014009016565978527
0.0 0.014011845923960209
0.0 0.014055551961064339
0.0 0.014075708575546741
0.0 0.014082788489758968
0.0 0.014088684692978859
0.0 0.014091115444898605
0.0 0.014135024510324001
0.0 0.014140103943645954
0.0 0.014166425913572311
0.0 0.014177546836435795
0.0 0.014211743138730526
0.0 0.014213500544428825
0.0 0.014237574301660061
0.0 0.014255676418542862
0.0 0.014302008785307407
0.0 0.014304688200354576
0.0 0.014313088729977608
0.0 0.01431612391024828
0.0 0.014340818859636784
0.0 0.014358690939843655
0.0 0.014389870688319206
0.0 0.014401513151824474
0.0 0.014406831003725529
0.0 0.014427851885557175
0.0 0.014460996724665165
0.0 0.014467129483819008
0.0 0.014481783844530582
0.0 0.01449410431087017
0.0 0.014508090913295746
0.0 0.014557168819010258
0.0 0.01455784309655428
0.0 0.014560520648956299
0.0 0.014601864852011204
0.0 0.014637760818004608
0.0 0.01466011069715023
0.0 0.014702369458973408
0.0 0.01470970455557108
0.0 0.014732393436133862
0.0 0.014760063961148262
0.0 0.01476130448281765
0.0 0.014772750437259674
0.0 0.014779770746827126
0.0 0.014789637178182602
0.0 0.014800626784563065
0.0 0.014845218509435654
0.0 0.014863245189189911
0.0 0.014879672788083553
0.0 0.014889565296471119
0.0 0.014901692979037762
0.0 0.01490300614386797
0.0 0.014940191991627216
0.0 0.014954468235373497
0.0 0.01500888541340828
0.0 0.0150140430778265
0.0 0.015039169229567051
0.0 0.015068082138895988
0.0 0.015074626542627811
0.0 0.015100579708814621
0.0 0.015110213309526443
0.0 0.015189270488917828
0.0 0.015206016600131989
0.0 0.015218349173665047
0.0 0.015260923653841019
0.0 0.015284138731658459
0.0 0.015285496599972248
0.0 0.015291211195290089
0.0 0.015296791680157185
0.0 0.01530319545418024
0.0 0.015303575433790684
0.0 0.015323295257985592
0.0 0.015336369164288044
0.0 0.015340003184974194
0.0 0.015340900048613548
0.0 0.015391102060675621
0.0 0.015394333750009537
0.0 0.015423273667693138
0.0 0.015425664372742176
0.0 0.015428411774337292
0.0 0.0154286939650774
0.0 0.015447518788278103
0.0 0.01546140480786562
0.0 0.015463764779269695
0.0 0.015474881045520306
0.0 0.015496358275413513
0.0 0.015507153235375881
0.0 0.015508138574659824
0.0 0.015509319491684437
0.0 0.015509926714003086
0.0 0.015532245859503746
0.0 0.015539159998297691
0.0 0.015572703443467617
0.0 0.0155732287093997
0.0 0.01560699287801981
0.0 0.015618812292814255
0.0 0.015622138045728207
0.0 0.015634123235940933
0.0 0.01565532386302948
0.0 0.015658900141716003
0.0 0.01566145569086075
0.0 0.015700586140155792
0.0 0.015708332881331444
0.0 0.015719324350357056
0.0 0.015725741162896156
0.0 0.015752892941236496
0.0 0.015771588310599327
0.0 0.015789695084095
0.0 0.01584739424288273
0.0 0.01586495339870453
0.0 0.015872281044721603
0.0 0.015874577686190605
0.0 0.015881190076470375
0.0 0.015889102593064308
0.0 0.015925077721476555
0.0 0.015958663076162338
0.0 0.015960559248924255
0.0 0.0159690510481596
0.0 0.015988092869520187
0.0 0.016007285565137863
0.0 0.016023101285099983
0.0 0.016024967655539513
0.0 0.016025524586439133
0.0 0.01603115350008011
0.0 0.016065388917922974
0.0 0.016081612557172775
0.0 0.016105065122246742
0.0 0.016129743307828903
0.0 0.01617349311709404
0.0 0.016203859820961952
0.0 0.01620516926050186
0.0 0.016207845881581306
0.0 0.01621915213763714
0.0 0.01622399501502514
0.0 0.016249364241957664
0.0 0.016254277899861336
0.0 0.01625997945666313
0.0 0.01626812480390072
0.0 0.016320938244462013
0.0 0.016330135986208916
0.0 0.016344262287020683
0.0 0.016357136890292168
0.0 0.01635972410440445
0.0 0.016383390873670578
0.0 0.016401054337620735
0.0 0.01641862839460373
0.0 0.016458742320537567
0.0 0.01647571288049221
0.0 0.016496634110808372
0.0 0.016521288082003593
0.0 0.016533462330698967
0.0 0.01654217392206192
0.0 0.016599338501691818
0.0 0.0166203323751688
0.0 0.016645004972815514
0.0 0.016648098826408386
0.0 0.016657551750540733
0.0 0.016675151884555817
0.0 0.01668378710746765
0.0 0.016687557101249695
0.0 0.01671568863093853
0.0 0.016771599650382996
0.0 0.01677645742893219
0.0 0.016793759539723396
0.0 0.01682301051914692
0.0 0.016879843547940254
0.0 0.016926337033510208
0.0 0.016968093812465668
0.0 0.016979217529296875
0.0 0.017003890126943588
0.0 0.017061496153473854
0.0 0.017072103917598724
0.0 0.01707570068538189
0.0 0.017118515446782112
0.0 0.017120713368058205
0.0 0.017125101760029793
0.0 0.01716483198106289
0.0 0.017172934487462044
0.0 0.01718270592391491
0.0 0.017183782532811165
0.0 0.01718544401228428
0.0 0.017189301550388336
0.0 0.01720558851957321
0.0 0.017207128927111626
0.0 0.017261948436498642
0.0 0.017262877896428108
0.0 0.017288845032453537
0.0 0.017320621758699417
0.0 0.017325509339571
0.0 0.01733153872191906
0.0 0.017343822866678238
0.0 0.017361784353852272
0.0 0.017384039238095284
0.0 0.0173916257917881
0.0 0.01740175485610962
0.0 0.017419585958123207
0.0 0.017428375780582428
0.0 0.01744558848440647
0.0 0.017455292865633965
0.0 0.017470214515924454
0.0 0.017473561689257622
0.0 0.01750774309039116
0.0 0.017533713951706886
0.0 0.017553605139255524
0.0 0.017555419355630875
0.0 0.01761704497039318
0.0 0.017631810158491135
0.0 0.01763729378581047
0.0 0.017645329236984253
0.0 0.01765047386288643
0.0 0.01772482693195343
0.0 0.01773642748594284
0.0 0.01773807965219021
0.0 0.017763277515769005
0.0 0.017783045768737793
0.0 0.017796849831938744
0.0 0.017827291041612625
0.0 0.017830865457654
0.0 0.017851781100034714
0.0 0.01787588559091091
0.0 0.017880722880363464
0.0 0.017950136214494705
0.0 0.017960775643587112
0.0 0.017972838133573532
0.0 0.0179786067456007
0.0 0.017980361357331276
0.0 0.018078748136758804
0.0 0.018105553463101387
0.0 0.018127255141735077
0.0 0.018147751688957214
0.0 0.018160993233323097
0.0 0.018179072067141533
0.0 0.018190748989582062
0.0 0.018210554495453835
0.0 0.01826074719429016
0.0 0.018279222771525383
0.0 0.01829420030117035
0.0 0.01829482801258564
0.0 0.0183024313300848
0.0 0.018331460654735565
0.0 0.018363116309046745
0.0 0.01836426928639412
0.0 0.01838437095284462
0.0 0.018412891775369644
0.0 0.018413696438074112
0.0 0.018464185297489166
0.0 0.018486442044377327
0.0 0.018490716814994812
0.0 0.018537014722824097
0.0 0.018537521362304688
0.0 0.018540620803833008
0.0 0.018541524186730385
0.0 0.018545497208833694
0.0 0.01854606904089451
0.0 0.01855200156569481
0.0 0.018567265942692757
0.0 0.018582995980978012
0.0 0.01859278231859207
0.0 0.018616747111082077
0.0 0.018617819994688034
0.0 0.01864778622984886
0.0 0.018666857853531837
0.0 0.018671566620469093
0.0 0.018692467361688614
0.0 0.018695689737796783
0.0 0.018696889281272888
0.0 0.01870253123342991
0.0 0.018751727417111397
0.0 0.018764153122901917
0.0 0.018779071047902107
0.0 0.0188140831887722
0.0 0.018839487805962563
0.0 0.01884036883711815
0.0 0.018903126940131187
0.0 0.01892043650150299
0.0 0.018922168761491776
0.0 0.018925251439213753
0.0 0.018951227888464928
0.0 0.018991773948073387
0.0 0.018991965800523758
0.0 0.019014699384570122
0.0 0.019025694578886032
0.0 0.019040174782276154
0.0 0.019068293273448944
0.0 0.019070971757173538
0.0 0.019074691459536552
0.0 0.01909567229449749
0.0 0.019115939736366272
0.0 0.01911601424217224
0.0 0.019118759781122208
0.0 0.019129838794469833
0.0 0.019145039841532707
0.0 0.019145658239722252
0.0 0.01915978267788887
0.0 0.019186971709132195
0.0 0.019205963239073753
0.0 0.019264210015535355
0.0 0.019304193556308746
0.0 0.019324492663145065
0.0 0.01934904418885708
0.0 0.019395558163523674
0.0 0.019414443522691727
0.0 0.019442901015281677
0.0 0.019455645233392715
0.0 0.019508300349116325
0.0 0.019551433622837067
0.0 0.019604934379458427
0.0 0.019701305776834488
0.0 0.019707683473825455
0.0 0.019744394347071648
0.0 0.01975606009364128
0.0 0.01984400302171707
0.0 0.019856804981827736
0.0 0.019857481122016907
0.0 0.019857533276081085
0.0 0.019860776141285896
0.0 0.019866814836859703
0.0 0.019884297624230385
0.0 0.01992117241024971
0.0 0.02001076377928257
0.0 0.020011933520436287
0.0 0.020015116780996323
0.0 0.020053617656230927
0.0 0.02006326988339424
0.0 0.020069558173418045
0.0 0.020084165036678314
0.0 0.020117105916142464
0.0 0.02013510651886463
0.0 0.020145829766988754
0.0 0.020217452198266983
0.0 0.020272083580493927
0.0 0.020295968279242516
0.0 0.02036997489631176
0.0 0.020375162363052368
0.0 0.020378516986966133
0.0 0.02038104273378849
0.0 0.020413385704159737
0.0 0.020424561575055122
0.0 0.02044413797557354
0.0 0.020469479262828827
0.0 0.020546089857816696
0.0 0.02054903469979763
0.0 0.020551912486553192
0.0 0.02055520750582218
0.0 0.02063845843076706
0.0 0.02067907527089119
0.0 0.020716173574328423
0.0 0.020761510357260704
0.0 0.020773209631443024
0.0 0.02077985554933548
0.0 0.020807668566703796
0.0 0.020808273926377296
0.0 0.020809218287467957
0.0 0.020811930298805237
0.0 0.020829319953918457
0.0 0.020847881212830544
0.0 0.020910704508423805
0.0 0.02095135487616062
0.0 0.020958872511982918
0.0 0.020974529907107353
0.0 0.020983433350920677
0.0 0.02102493681013584
0.0 0.021025970578193665
0.0 0.021029332652688026
0.0 0.02103394642472267
0.0 0.021069083362817764
0.0 0.021113185212016106
0.0 0.021133827045559883
0.0 0.021140556782484055
0.0 0.021145222708582878
0.0 0.021181251853704453
0.0 0.021181529387831688
0.0 0.021188931539654732
0.0 0.021215327084064484
0.0 0.021328536793589592
0.0 0.02151675522327423
0.0 0.021558331325650215
0.0 0.02163262665271759
0.0 0.021666213870048523
0.0 0.02170521765947342
0.0 0.021748295053839684
0.0 0.021772904321551323
0.0 0.021809430792927742
0.0 0.021874863654375076
0.0 0.021895524114370346
0.0 0.02197154611349106
0.0 0.0220503993332386
0.0 0.022120961919426918
0.0 0.022138627246022224
0.0 0.022144315764307976
0.0 0.02215246856212616
0.0 0.022180194035172462
0.0 0.022199930623173714
0.0 0.022223616018891335
0.0 0.022238846868276596
0.0 0.022249145433306694
0.0 0.022261476144194603
0.0 0.022270310670137405
0.0 0.022301532328128815
0.0 0.022386645898222923
0.0 0.02239731326699257
0.0 0.022422797977924347
0.0 0.02247721515595913
0.0 0.022494647651910782
0.0 0.022511230781674385
0.0 0.02254248596727848
0.0 0.022576039656996727
0.0 0.022619349882006645
0.0 0.0226307176053524
0.0 0.022669723257422447
0.0 0.022885046899318695
0.0 0.022924723103642464
0.0 0.02295844443142414
0.0 0.023008933290839195
0.0 0.0231647752225399
0.0 0.0231651458889246
0.0 0.02332560531795025
0.0 0.023348268121480942
0.0 0.023450421169400215
0.0 0.02346366085112095
0.0 0.0235097948461771
0.0 0.023540105670690536
0.0 0.02355869486927986
0.0 0.023585421964526176
0.0 0.02360287308692932
0.0 0.02364984340965748
0.0 0.02379634790122509
0.0 0.023808058351278305
0.0 0.02392324060201645
0.0 0.0239490307867527
0.0 0.023997364565730095
0.0 0.024070022627711296
0.0 0.02407425455749035
0.0 0.0241620484739542
0.0 0.024287309497594833
0.0 0.02436186373233795
0.0 0.024366915225982666
0.0 0.02439071796834469
0.0 0.024420175701379776
0.0 0.024501673877239227
0.0 0.024557968601584435
0.0 0.024628907442092896
0.0 0.024639809504151344
0.0 0.024680541828274727
0.0 0.02474246174097061
0.0 0.024749867618083954
0.0 0.024821091443300247
0.0 0.024935433641076088
0.0 0.02523745596408844
0.0 0.025252340361475945
0.0 0.025435835123062134
0.0 0.025492405518889427
0.0 0.025501228868961334
0.0 0.02578221634030342
0.0 0.0259180199354887
0.0 0.02613021433353424
0.0 0.026200970634818077
0.0 0.02622755616903305
0.0 0.026327017694711685
0.0 0.02655341476202011
0.0 0.026633920148015022
0.0 0.026644648984074593
0.0 0.026801513507962227
0.0 0.02687322534620762
0.0 0.027135172858834267
0.0 0.027150901034474373
0.0 0.02739701420068741
0.0 0.02766699343919754
0.0 0.027668945491313934
0.0 0.027698133140802383
0.0 0.028827335685491562
0.0 0.02949470281600952
0.0 0.029656708240509033
0.0 0.030633404850959778
0.0 0.030705781653523445
0.0 0.0313359834253788
0.0 0.03367698937654495
0.0 0.03523271530866623
0.0 0.040017396211624146
0.0 0.04543736204504967
0.0 0.04829435423016548
0.0 0.058555539697408676
0.0 0.07346873730421066
0.0 0.10376286506652832
0.0 0.11393186450004578
0.0 inf
