0.0 0.03699955716729164
0.0 0.03791114687919617
0.0 0.03992411494255066
0.0 0.04006640240550041
0.0 0.042248934507369995
0.0 0.04244958236813545
0.0 0.04254578799009323
0.0 0.043236732482910156
0.0 0.04374299943447113
0.0 0.04514612630009651
0.0 0.045198846608400345
0.0 0.04557086154818535
0.0 0.04565931111574173
0.0 0.04607604816555977
0.0 0.04637923091650009
0.0 0.04760533943772316
0.0 0.04785687103867531
0.0 0.04787507280707359
0.0 0.04788202792406082
0.0 0.04815081134438515
0.0 0.04829392209649086
0.0 0.04873966798186302
0.0 0.04882214218378067
0.0 0.04884548857808113
0.0 0.04907380789518356
0.0 0.049310266971588135
0.0 0.049346961081027985
0.0 0.04938161373138428
0.0 0.04940583556890488
0.0 0.04975156486034393
0.0 0.0500936321914196
0.0 0.05011345446109772
0.0 0.05026892572641373
0.0 0.05028242990374565
0.0 0.05036039650440216
0.0 0.050564441829919815
0.0 0.050630368292331696
0.0 0.050732363015413284
0.0 0.050772178918123245
0.0 0.050812993198633194
0.0 0.05137038603425026
0.0 0.051438912749290466
0.0 0.05153866112232208
0.0 0.05156601220369339
0.0 0.0516466461122036
0.0 0.051750410348176956
0.0 0.05209967866539955
0.0 0.05211050063371658
0.0 0.05223899334669113
0.0 0.05234542489051819
0.0 0.052420713007450104
0.0 0.05244489014148712
0.0 0.05247857794165611
0.0 0.05249898508191109
0.0 0.05260143056511879
0.0 0.05278400331735611
0.0 0.05308147147297859
0.0 0.05310807749629021
0.0 0.05314197018742561
0.0 0.05323144048452377
0.0 0.053253136575222015
0.0 0.053359504789114
0.0 0.05336492136120796
0.0 0.05351785197854042
0.0 0.053591448813676834
0.0 0.053646307438611984
0.0 0.05378377437591553
0.0 0.0539291612803936
0.0 0.05410275235772133
0.0 0.05418705940246582
0.0 0.054371561855077744
0.0 0.054380837827920914
0.0 0.05442303419113159
0.0 0.05453471466898918
0.0 0.05453701317310333
0.0 0.054643239825963974
0.0 0.05465754494071007
0.0 0.0548187680542469
0.0 0.05487149953842163
0.0 0.0549132414162159
0.0 0.05500934273004532
0.0 0.055027127265930176
0.0 0.05512082576751709
0.0 0.055200252681970596
0.0 0.05521906912326813
0.0 0.055241819471120834
0.0 0.05527703836560249
0.0 0.05533643811941147
0.0 0.055347833782434464
0.0 0.055394161492586136
0.0 0.05564595386385918
0.0 0.05572295933961868
0.0 0.05587690696120262
0.0 0.055924832820892334
0.0 0.055937547236680984
0.0 0.056120630353689194
0.0 0.056156888604164124
0.0 0.056159865111112595
0.0 0.05617121234536171
0.0 0.056222133338451385
0.0 0.0564366839826107
0.0 0.05650445446372032
0.0 0.056552957743406296
0.0 0.056584957987070084
0.0 0.056842174381017685
0.0 0.05686914175748825
0.0 0.056978192180395126
0.0 0.056979719549417496
0.0 0.05707112327218056
0.0 0.05727747827768326
0.0 0.05733950808644295
0.0 0.05742315202951431
0.0 0.057543788105249405
0.0 0.05769746005535126
0.0 0.057812973856925964
0.0 0.057901568710803986
0.0 0.05797132849693298
0.0 0.058026593178510666
0.0 0.05811774358153343
0.0 0.058124423027038574
0.0 0.05813715234398842
0.0 0.0581657737493515
0.0 0.05818568170070648
0.0 0.058285877108573914
0.0 0.05829837545752525
0.0 0.0583445280790329
0.0 0.05838937684893608
0.0 0.058409083634614944
0.0 0.058491043746471405
0.0 0.05863165482878685
0.0 0.058990832418203354
0.0 0.05915120616555214
0.0 0.059193506836891174
0.0 0.059260718524456024
0.0 0.0593622624874115
0.0 0.059421077370643616
0.0 0.059564247727394104
0.0 0.0596359558403492
0.0 0.059636205434799194
0.0 0.05965830013155937
0.0 0.059663962572813034
0.0 0.059917982667684555
0.0 0.059971507638692856
0.0 0.060174476355314255
0.0 0.06021033599972725
0.0 0.06029460206627846
0.0 0.06041819602251053
0.0 0.06047261878848076
0.0 0.06048111617565155
0.0 0.060535404831171036
0.0 0.06058458983898163
0.0 0.060595542192459106
0.0 0.06063389033079147
0.0 0.060693081468343735
0.0 0.06072939187288284
0.0 0.060767922550439835
0.0 0.06093885377049446
0.0 0.060957230627536774
0.0 0.06111651286482811
0.0 0.06123572587966919
0.0 0.06131221726536751
0.0 0.061423543840646744
0.0 0.061495281755924225
0.0 0.06151537597179413
0.0 0.061553262174129486
0.0 0.061556167900562286
0.0 0.061575256288051605
0.0 0.061632364988327026
0.0 0.06183512136340141
0.0 0.061882488429546356
0.0 0.06189073622226715
0.0 0.06189265474677086
0.0 0.061925869435071945
0.0 0.06203017011284828
0.0 0.06229071691632271
0.0 0.062409304082393646
0.0 0.0625031366944313
0.0 0.06257816404104233
0.0 0.06260072439908981
0.0 0.06264841556549072
0.0 0.06270090490579605
0.0 0.06270965933799744
0.0 0.06282875686883926
0.0 0.06285086274147034
0.0 0.06312067806720734
0.0 0.06313584744930267
0.0 0.06323272734880447
0.0 0.06326272338628769
0.0 0.06329774856567383
0.0 0.06331781297922134
0.0 0.06336396932601929
0.0 0.06338686496019363
0.0 0.06345004588365555
0.0 0.06348686665296555
0.0 0.06349971890449524
0.0 0.06352351605892181
0.0 0.06372947245836258
0.0 0.06376397609710693
0.0 0.06378542631864548
0.0 0.06410200148820877
0.0 0.06421208381652832
0.0 0.06425542384386063
0.0 0.06433363258838654
0.0 0.06433431804180145
0.0 0.06433717161417007
0.0 0.06447367370128632
0.0 0.06451249867677689
0.0 0.06453617662191391
0.0 0.06454246491193771
0.0 0.06457895785570145
0.0 0.06462807953357697
0.0 0.06488209962844849
0.0 0.06500940769910812
0.0 0.06514543294906616
0.0 0.06517580896615982
0.0 0.06540033966302872
0.0 0.06549199670553207
0.0 0.06556249409914017
0.0 0.06563416868448257
0.0 0.06563623994588852
0.0 0.06590155512094498
0.0 0.06599485129117966
0.0 0.06608929485082626
0.0 0.0661020278930664
0.0 0.0662526935338974
0.0 0.06635253131389618
0.0 0.06665103882551193
0.0 0.06667958945035934
0.0 0.06669770181179047
0.0 0.06674402952194214
0.0 0.06693370640277863
0.0 0.06696514040231705
0.0 0.06698808819055557
0.0 0.06705974787473679
0.0 0.06717640906572342
0.0 0.06725762784481049
0.0 0.06729298830032349
0.0 0.0674082413315773
0.0 0.06747559458017349
0.0 0.06749215722084045
0.0 0.0676286518573761
0.0 0.06765053421258926
0.0 0.06776008754968643
0.0 0.06778549402952194
0.0 0.06788866966962814
0.0 0.06789769232273102
0.0 0.06793640553951263
0.0 0.06800571829080582
0.0 0.06809292733669281
0.0 0.068168044090271
0.0 0.0681895837187767
0.0 0.06821577250957489
0.0 0.06827136129140854
0.0 0.06831572949886322
0.0 0.06838701665401459
0.0 0.06847076117992401
0.0 0.06848114728927612
0.0 0.06852404773235321
0.0 0.06854340434074402
0.0 0.06869307160377502
0.0 0.0688893273472786
0.0 0.06895395368337631
0.0 0.06907965242862701
0.0 0.06909888237714767
0.0 0.06918656826019287
0.0 0.0692533478140831
0.0 0.06937053054571152
0.0 0.06951073557138443
0.0 0.06952991336584091
0.0 0.06958457082509995
0.0 0.069600410759449
0.0 0.06962336599826813
0.0 0.06979597359895706
0.0 0.07000833004713058
0.0 0.07010967284440994
0.0 0.07027965784072876
0.0 0.07030469179153442
0.0 0.07042189687490463
0.0 0.07056013494729996
0.0 0.07077181339263916
0.0 0.07082857191562653
0.0 0.070857934653759
0.0 0.07094556838274002
0.0 0.07103421539068222
0.0 0.07119953632354736
0.0 0.07123619318008423
0.0 0.07124045491218567
0.0 0.07126451283693314
0.0 0.07140259444713593
0.0 0.0714903250336647
0.0 0.07149761915206909
0.0 0.07157701253890991
0.0 0.07173324376344681
0.0 0.07180492579936981
0.0 0.0718773826956749
0.0 0.0718967616558075
0.0 0.07203836739063263
0.0 0.07204456627368927
0.0 0.0720536857843399
0.0 0.0721466913819313
0.0 0.07219348102807999
0.0 0.07229532301425934
0.0 0.07231482863426208
0.0 0.07245057076215744
0.0 0.072750024497509
0.0 0.07283196598291397
0.0 0.07291945815086365
0.0 0.07295447587966919
0.0 0.07296863943338394
0.0 0.0730089321732521
0.0 0.07309521734714508
0.0 0.0731472373008728
0.0 0.07317200303077698
0.0 0.07322858273983002
0.0 0.07328623533248901
0.0 0.0734420046210289
0.0 0.07344722002744675
0.0 0.07345369458198547
0.0 0.07347513735294342
0.0 0.07370084524154663
0.0 0.07377716898918152
0.0 0.07384555041790009
0.0 0.0739627331495285
0.0 0.07403320074081421
0.0 0.07434383779764175
0.0 0.0746859610080719
0.0 0.0747130811214447
0.0 0.07476689666509628
0.0 0.0747997835278511
0.0 0.07493359595537186
0.0 0.07502149790525436
0.0 0.07502511888742447
0.0 0.07512439787387848
0.0 0.0751790851354599
0.0 0.07533065229654312
0.0 0.07540223747491837
0.0 0.07542356103658676
0.0 0.07552315294742584
0.0 0.075626902282238
0.0 0.07566747814416885
0.0 0.07584971189498901
0.0 0.07586522400379181
0.0 0.07624775171279907
0.0 0.07626082748174667
0.0 0.07633139193058014
0.0 0.07639186829328537
0.0 0.0764801949262619
0.0 0.07649913430213928
0.0 0.07652394473552704
0.0 0.0766267254948616
0.0 0.07664602994918823
0.0 0.07676500827074051
0.0 0.07676669955253601
0.0 0.0767669528722763
0.0 0.07678578048944473
0.0 0.07692457735538483
0.0 0.07705166935920715
0.0 0.07708241045475006
0.0 0.07716578245162964
0.0 0.07735054194927216
0.0 0.07781337201595306
0.0 0.07795301824808121
0.0 0.07832500338554382
0.0 0.07838495820760727
0.0 0.07841350138187408
0.0 0.07842288911342621
0.0 0.07847405225038528
0.0 0.078485406935215
0.0 0.07849282771348953
0.0 0.07852756232023239
0.0 0.07863529026508331
0.0 0.0786847472190857
0.0 0.07869847863912582
0.0 0.07872781157493591
0.0 0.07885643094778061
0.0 0.07888173311948776
0.0 0.07889848202466965
0.0 0.07896344363689423
0.0 0.07901567965745926
0.0 0.07915584743022919
0.0 0.07915712147951126
0.0 0.07938377559185028
0.0 0.07942609488964081
0.0 0.07968312501907349
0.0 0.07976317405700684
0.0 0.07989385724067688
0.0 0.07991035282611847
0.0 0.07996749132871628
0.0 0.0800311416387558
0.0 0.08013222366571426
0.0 0.08015388995409012
0.0 0.08024387806653976
0.0 0.08041086792945862
0.0 0.0811493992805481
0.0 0.08123571425676346
0.0 0.08128617703914642
0.0 0.08131852000951767
0.0 0.08136238157749176
0.0 0.08155471831560135
0.0 0.08183049410581589
0.0 0.08202260732650757
0.0 0.08202407509088516
0.0 0.08224859833717346
0.0 0.08225015550851822
0.0 0.08235712349414825
0.0 0.08237374573945999
0.0 0.0824066624045372
0.0 0.08260620385408401
0.0 0.08292002975940704
0.0 0.08310268074274063
0.0 0.08337030559778214
0.0 0.08340781182050705
0.0 0.08347196877002716
0.0 0.08358965814113617
0.0 0.08369825780391693
0.0 0.08376016467809677
0.0 0.08381439000368118
0.0 0.0838979110121727
0.0 0.08399036526679993
0.0 0.08413426578044891
0.0 0.08447550982236862
0.0 0.08459888398647308
0.0 0.08461321145296097
0.0 0.0848807767033577
0.0 0.08492740243673325
0.0 0.08547932654619217
0.0 0.0855327770113945
0.0 0.08559683710336685
0.0 0.08628176897764206
0.0 0.08641528338193893
0.0 0.08663097023963928
0.0 0.08669732511043549
0.0 0.0872936099767685
0.0 0.08734062314033508
0.0 0.08745628595352173
0.0 0.0875089019536972
0.0 0.08785387873649597
0.0 0.08797337114810944
0.0 0.08815624564886093
0.0 0.0884082019329071
0.0 0.08845821022987366
0.0 0.08864757418632507
0.0 0.08877802640199661
0.0 0.08896657824516296
0.0 0.08903242647647858
0.0 0.0895003229379654
0.0 0.09060662984848022
0.0 0.0906212329864502
0.0 0.09071564674377441
0.0 0.09103259444236755
0.0 0.09103712439537048
0.0 0.09116664528846741
0.0 0.09250085800886154
0.0 0.09272882342338562
0.0 0.09278102964162827
0.0 0.09295325726270676
0.0 0.09300197660923004
0.0 0.09302130341529846
0.0 0.09331012517213821
0.0 0.09345392137765884
0.0 0.09425108134746552
0.0 0.09513673186302185
0.0 0.09524809569120407
0.0 0.09526560455560684
0.0 0.09546779841184616
0.0 0.09554576128721237
0.0 0.095735564827919
0.0 0.09627369046211243
0.0 0.09680359810590744
0.0 0.09801596403121948
0.0 0.09806662052869797
0.0 0.09856569021940231
0.0 0.09867319464683533
0.0 0.09930765628814697
0.0 0.09931329637765884
0.0 0.10049387067556381
0.0 0.10102523863315582
0.0 0.10143828392028809
0.0 0.10158179700374603
0.0 0.10200781375169754
0.0 0.10231596231460571
0.0 0.10258357971906662
0.0 0.10262416303157806
0.0 0.1027650386095047
0.0 0.10329578071832657
0.0 0.10329794138669968
0.0 0.10369134694337845
0.0 0.10407334566116333
0.0 0.10422058403491974
0.0 0.10514942556619644
0.0 0.10596831887960434
0.0 0.10639218986034393
0.0 0.10735086351633072
0.0 0.11044947803020477
0.0 0.11183065921068192
0.0 0.11191915720701218
0.0 0.11269044131040573
0.0 0.11392159014940262
0.0 0.11653543263673782
0.0 0.11958494037389755
0.0 0.12001218646764755
0.0 0.12116237729787827
0.0 0.12348867207765579
0.0 0.12582935392856598
0.0 0.12629330158233643
0.0 0.1272977739572525
0.0 0.12958167493343353
0.0 0.13330769538879395
0.0 0.13523057103157043
0.0 0.1357971876859665
0.0 0.1431564837694168
0.0 inf
