0.0 0.03311292454600334
0.0 0.036245837807655334
0.0 0.03763384371995926
0.0 0.04209371656179428
0.0 0.04338298365473747
0.0 0.043746545910835266
0.0 0.04396931827068329
0.0 0.044659968465566635
0.0 0.04477263242006302
0.0 0.04504071921110153
0.0 0.04506159946322441
0.0 0.04549639672040939
0.0 0.0455792136490345
0.0 0.04560662433505058
0.0 0.045801352709531784
0.0 0.04597252607345581
0.0 0.04617941007018089
0.0 0.04641089588403702
0.0 0.04661773517727852
0.0 0.04714730381965637
0.0 0.04758628457784653
0.0 0.047789301723241806
0.0 0.047794848680496216
0.0 0.04780932515859604
0.0 0.04791584238409996
0.0 0.04795607551932335
0.0 0.048057105392217636
0.0 0.04823150113224983
0.0 0.04831470921635628
0.0 0.04849117249250412
0.0 0.04850437492132187
0.0 0.048847496509552
0.0 0.049008630216121674
0.0 0.04902394860982895
0.0 0.04909965768456459
0.0 0.049295686185359955
0.0 0.0493834912776947
0.0 0.049395084381103516
0.0 0.049714554101228714
0.0 0.04984993487596512
0.0 0.049947597086429596
0.0 0.05069851502776146
0.0 0.05076718330383301
0.0 0.05077807232737541
0.0 0.05082356557250023
0.0 0.051138125360012054
0.0 0.05132394656538963
0.0 0.05141003429889679
0.0 0.05147317424416542
0.0 0.05164026468992233
0.0 0.051831234246492386
0.0 0.05198979377746582
0.0 0.0520622543990612
0.0 0.052189722657203674
0.0 0.052251655608415604
0.0 0.052302539348602295
0.0 0.05240998789668083
0.0 0.05241395905613899
0.0 0.05245066434144974
0.0 0.0527559295296669
0.0 0.05276510864496231
0.0 0.05277974158525467
0.0 0.052828218787908554
0.0 0.05298921465873718
0.0 0.053296588361263275
0.0 0.053307510912418365
0.0 0.05342136323451996
0.0 0.05345087870955467
0.0 0.053529899567365646
0.0 0.05357903987169266
0.0 0.05430484190583229
0.0 0.05431411415338516
0.0 0.054338548332452774
0.0 0.05444202199578285
0.0 0.0545063354074955
0.0 0.05464673787355423
0.0 0.05467209964990616
0.0 0.05470831319689751
0.0 0.05473797395825386
0.0 0.05479709059000015
0.0 0.054987139999866486
0.0 0.055036745965480804
0.0 0.055140770971775055
0.0 0.05523068457841873
0.0 0.05527414008975029
0.0 0.0554109662771225
0.0 0.055411361157894135
0.0 0.055472396314144135
0.0 0.055478837341070175
0.0 0.05554501339793205
0.0 0.055578310042619705
0.0 0.0555984266102314
0.0 0.055636268109083176
0.0 0.055684126913547516
0.0 0.055705949664115906
0.0 0.05573606118559837
0.0 0.055753760039806366
0.0 0.05585251748561859
0.0 0.05596794933080673
0.0 0.05598164349794388
0.0 0.05599207058548927
0.0 0.05605755001306534
0.0 0.05615311861038208
0.0 0.056153565645217896
0.0 0.05617564171552658
0.0 0.05641684681177139
0.0 0.05642068013548851
0.0 0.05651162192225456
0.0 0.05654505267739296
0.0 0.05678002908825874
0.0 0.05679534748196602
0.0 0.05681819096207619
0.0 0.05684198439121246
0.0 0.056881383061409
0.0 0.05707317218184471
0.0 0.05709202215075493
0.0 0.05714386701583862
0.0 0.05724269151687622
0.0 0.057287126779556274
0.0 0.057383254170417786
0.0 0.057421013712882996
0.0 0.057442598044872284
0.0 0.05751514062285423
0.0 0.05753195658326149
0.0 0.057551443576812744
0.0 0.05757453292608261
0.0 0.05768964812159538
0.0 0.05770432576537132
0.0 0.05770956724882126
0.0 0.05773801729083061
0.0 0.05778020620346069
0.0 0.05779622122645378
0.0 0.057890262454748154
0.0 0.05792302265763283
0.0 0.05794297158718109
0.0 0.058049071580171585
0.0 0.05811039358377457
0.0 0.05819135904312134
0.0 0.0582866407930851
0.0 0.05863674357533455
0.0 0.05870913714170456
0.0 0.05875068157911301
0.0 0.05876743793487549
0.0 0.058808378875255585
0.0 0.05880846083164215
0.0 0.0589333139359951
0.0 0.05893880873918533
0.0 0.05897127091884613
0.0 0.05905664339661598
0.0 0.059164468199014664
0.0 0.05916662514209747
0.0 0.05934707075357437
0.0 0.05958401784300804
0.0 0.05970306321978569
0.0 0.059840139001607895
0.0 0.05984344705939293
0.0 0.05993170663714409
0.0 0.059937622398138046
0.0 0.05999549850821495
0.0 0.05999757722020149
0.0 0.06001727283000946
0.0 0.06003929674625397
0.0 0.060236379504203796
0.0 0.060240406543016434
0.0 0.06024888902902603
0.0 0.06033724173903465
0.0 0.06041381135582924
0.0 0.0604446679353714
0.0 0.06059301644563675
0.0 0.06070627272129059
0.0 0.060835033655166626
0.0 0.060918133705854416
0.0 0.06111469492316246
0.0 0.061267975717782974
0.0 0.061399150639772415
0.0 0.0614582858979702
0.0 0.06148533895611763
0.0 0.06149553880095482
0.0 0.06150101497769356
0.0 0.06160614266991615
0.0 0.06172269955277443
0.0 0.061733026057481766
0.0 0.06183968111872673
0.0 0.061888545751571655
0.0 0.06193244457244873
0.0 0.062059368938207626
0.0 0.062154676765203476
0.0 0.06229794770479202
0.0 0.06235550343990326
0.0 0.06241714581847191
0.0 0.06248698756098747
0.0 0.06262622028589249
0.0 0.06266575306653976
0.0 0.06287654489278793
0.0 0.06293229758739471
0.0 0.0630093365907669
0.0 0.06304933875799179
0.0 0.06311407685279846
0.0 0.06317280977964401
0.0 0.06326236575841904
0.0 0.06329630315303802
0.0 0.06332550197839737
0.0 0.0633435845375061
0.0 0.06343148648738861
0.0 0.06345927715301514
0.0 0.06350462138652802
0.0 0.06354261189699173
0.0 0.06379842758178711
0.0 0.06383827328681946
0.0 0.0638764351606369
0.0 0.06395965814590454
0.0 0.06397120654582977
0.0 0.06410328298807144
0.0 0.06414537876844406
0.0 0.06437895447015762
0.0 0.06441349536180496
0.0 0.06443455070257187
0.0 0.06458791345357895
0.0 0.06459171324968338
0.0 0.06472079455852509
0.0 0.06473664939403534
0.0 0.06492878496646881
0.0 0.06496468186378479
0.0 0.06501881033182144
0.0 0.06513126939535141
0.0 0.06514240056276321
0.0 0.06517702341079712
0.0 0.06530380249023438
0.0 0.06545465439558029
0.0 0.06545671820640564
0.0 0.06547544151544571
0.0 0.06552887707948685
0.0 0.06560856848955154
0.0 0.06590815633535385
0.0 0.06591877341270447
0.0 0.06593196839094162
0.0 0.06604000926017761
0.0 0.0660826563835144
0.0 0.06617717444896698
0.0 0.0662112832069397
0.0 0.06629212945699692
0.0 0.06641215085983276
0.0 0.06678973883390427
0.0 0.06679174304008484
0.0 0.06679797172546387
0.0 0.06681057065725327
0.0 0.06693653017282486
0.0 0.0669378712773323
0.0 0.06698425114154816
0.0 0.06703352928161621
0.0 0.06706693768501282
0.0 0.06722697615623474
0.0 0.06727921962738037
0.0 0.06732899695634842
0.0 0.06735149025917053
0.0 0.06738436222076416
0.0 0.06765502691268921
0.0 0.06773708015680313
0.0 0.06780372560024261
0.0 0.0678558200597763
0.0 0.0678957998752594
0.0 0.06803743541240692
0.0 0.06805218011140823
0.0 0.06807128340005875
0.0 0.06810804456472397
0.0 0.06813620775938034
0.0 0.06824523210525513
0.0 0.06826317310333252
0.0 0.06833235919475555
0.0 0.06863189488649368
0.0 0.0686982050538063
0.0 0.06871716678142548
0.0 0.06890764087438583
0.0 0.06902182847261429
0.0 0.06905470043420792
0.0 0.06913954019546509
0.0 0.06919008493423462
0.0 0.06919494271278381
0.0 0.0692223310470581
0.0 0.06932513415813446
0.0 0.06948981434106827
0.0 0.06950407475233078
0.0 0.06957574188709259
0.0 0.06962765008211136
0.0 0.06964249908924103
0.0 0.06965991109609604
0.0 0.06966862827539444
0.0 0.06980029493570328
0.0 0.07006258517503738
0.0 0.07014206051826477
0.0 0.0701504796743393
0.0 0.0704478770494461
0.0 0.07044891268014908
0.0 0.07047782838344574
0.0 0.07069095224142075
0.0 0.07071711122989655
0.0 0.07077222317457199
0.0 0.07077240198850632
0.0 0.07092693448066711
0.0 0.07104012370109558
0.0 0.07104054093360901
0.0 0.07104469835758209
0.0 0.07104702293872833
0.0 0.0711134821176529
0.0 0.07116103917360306
0.0 0.07117737084627151
0.0 0.07121232897043228
0.0 0.07121257483959198
0.0 0.07124558091163635
0.0 0.0713079497218132
0.0 0.07152403146028519
0.0 0.07166136056184769
0.0 0.07177328318357468
0.0 0.07177809625864029
0.0 0.07188410311937332
0.0 0.07190768420696259
0.0 0.07191167771816254
0.0 0.07192724943161011
0.0 0.07200033962726593
0.0 0.07203391194343567
0.0 0.07208195328712463
0.0 0.07238708436489105
0.0 0.07253274321556091
0.0 0.07263679802417755
0.0 0.07266772538423538
0.0 0.07287350296974182
0.0 0.07289984077215195
0.0 0.07294498383998871
0.0 0.07297775149345398
0.0 0.07301370799541473
0.0 0.07306700944900513
0.0 0.07310189306735992
0.0 0.07327882945537567
0.0 0.07338056713342667
0.0 0.07343726605176926
0.0 0.0737241730093956
0.0 0.0739770233631134
0.0 0.07398468255996704
0.0 0.07403407990932465
0.0 0.07427428662776947
0.0 0.07427950203418732
0.0 0.07442402839660645
0.0 0.07449184358119965
0.0 0.07456377148628235
0.0 0.07466815412044525
0.0 0.07470318675041199
0.0 0.07483415305614471
0.0 0.07497227936983109
0.0 0.07499376684427261
0.0 0.07510916143655777
0.0 0.07523787021636963
0.0 0.07529798895120621
0.0 0.07537484914064407
0.0 0.07555348426103592
0.0 0.07560651749372482
0.0 0.0756136029958725
0.0 0.07564205676317215
0.0 0.07577197998762131
0.0 0.07583104074001312
0.0 0.07592760771512985
0.0 0.0760645642876625
0.0 0.07615810632705688
0.0 0.07616250962018967
0.0 0.07622724771499634
0.0 0.07628504931926727
0.0 0.07669974118471146
0.0 0.0768004059791565
0.0 0.07690294086933136
0.0 0.076906718313694
0.0 0.0770416259765625
0.0 0.07707273215055466
0.0 0.07749374210834503
0.0 0.07763171195983887
0.0 0.07764269411563873
0.0 0.07771909981966019
0.0 0.07811611145734787
0.0 0.07818242162466049
0.0 0.07836636155843735
0.0 0.07838879525661469
0.0 0.07840239256620407
0.0 0.07849905639886856
0.0 0.07857445627450943
0.0 0.07870341092348099
0.0 0.07873935997486115
0.0 0.07880063354969025
0.0 0.07891412824392319
0.0 0.07903271168470383
0.0 0.07906020432710648
0.0 0.07909450680017471
0.0 0.0791427418589592
0.0 0.07928729802370071
0.0 0.07929413765668869
0.0 0.07931452244520187
0.0 0.07936712354421616
0.0 0.07972609251737595
0.0 0.079805888235569
0.0 0.07983405143022537
0.0 0.07989685237407684
0.0 0.07998080551624298
0.0 0.08023523539304733
0.0 0.08110890537500381
0.0 0.08119374513626099
0.0 0.08139254152774811
0.0 0.08146948367357254
0.0 0.08163582533597946
0.0 0.08174315840005875
0.0 0.08218521624803543
0.0 0.08219310641288757
0.0 0.0823461264371872
0.0 0.08241584151983261
0.0 0.08265919238328934
0.0 0.08266961574554443
0.0 0.08278264105319977
0.0 0.08284925669431686
0.0 0.08290806412696838
0.0 0.0830058827996254
0.0 0.0830078274011612
0.0 0.08307056874036789
0.0 0.08359510451555252
0.0 0.08421599119901657
0.0 0.0843384638428688
0.0 0.08439657092094421
0.0 0.08458444476127625
0.0 0.0847204327583313
0.0 0.08485832810401917
0.0 0.08565033972263336
0.0 0.0857044905424118
0.0 0.08574768155813217
0.0 0.08613049238920212
0.0 0.08618076890707016
0.0 0.08619564026594162
0.0 0.0864601880311966
0.0 0.08646727353334427
0.0 0.08651387691497803
0.0 0.08653387427330017
0.0 0.08663279563188553
0.0 0.08673904091119766
0.0 0.08717145025730133
0.0 0.08730793744325638
0.0 0.08756043761968613
0.0 0.0876724049448967
0.0 0.08808957040309906
0.0 0.08856494724750519
0.0 0.08865176141262054
0.0 0.08865915238857269
0.0 0.08881408721208572
0.0 0.08883817493915558
0.0 0.08883967995643616
0.0 0.08907785266637802
0.0 0.08921434730291367
0.0 0.08952132612466812
0.0 0.08958333730697632
0.0 0.0896521806716919
0.0 0.08992107212543488
0.0 0.0900661051273346
0.0 0.09030882269144058
0.0 0.09063081443309784
0.0 0.09077651053667068
0.0 0.09167755395174026
0.0 0.09189554303884506
0.0 0.09212982654571533
0.0 0.09217528253793716
0.0 0.09240107983350754
0.0 0.09240724891424179
0.0 0.0929938480257988
0.0 0.09304427355527878
0.0 0.09308134764432907
0.0 0.0931466668844223
0.0 0.09342896193265915
0.0 0.09376239031553268
0.0 0.09402414411306381
0.0 0.09456165134906769
0.0 0.09479296207427979
0.0 0.09526924043893814
0.0 0.09545662999153137
0.0 0.09650123864412308
0.0 0.09746873378753662
0.0 0.09750804305076599
0.0 0.09780663996934891
0.0 0.09849148988723755
0.0 0.09853829443454742
0.0 0.09898170828819275
0.0 0.0998450219631195
0.0 0.09984588623046875
0.0 0.10056085884571075
0.0 0.10171938687562943
0.0 0.10176776349544525
0.0 0.10229130834341049
0.0 0.1034238263964653
0.0 0.10396280139684677
0.0 0.10409022867679596
0.0 0.10442380607128143
0.0 0.10632777214050293
0.0 0.10662941634654999
0.0 0.10767223685979843
0.0 0.1081719622015953
0.0 0.10867227613925934
0.0 0.10896024852991104
0.0 0.10928956419229507
0.0 0.10959786176681519
0.0 0.11047650873661041
0.0 0.1120447888970375
0.0 0.11319802701473236
0.0 0.11503934115171432
0.0 0.11838187277317047
0.0 0.11937780678272247
0.0 0.12215238064527512
0.0 0.1235150471329689
0.0 0.123553566634655
0.0 0.12610381841659546
0.0 0.13419106602668762
0.0 inf
