0.0 0.04887569323182106
0.0 0.050773125141859055
0.0 0.05358562245965004
0.0 0.054809071123600006
0.0 0.054834067821502686
0.0 0.05549198389053345
0.0 0.05689726024866104
0.0 0.060369573533535004
0.0 0.06087072193622589
0.0 0.06184961274266243
0.0 0.06306219846010208
0.0 0.06314228475093842
0.0 0.06341063231229782
0.0 0.06346521526575089
0.0 0.06360448151826859
0.0 0.06372489780187607
0.0 0.06373900175094604
0.0 0.06376432627439499
0.0 0.0640917420387268
0.0 0.0645269900560379
0.0 0.06467711180448532
0.0 0.06565091758966446
0.0 0.0662451982498169
0.0 0.06659634411334991
0.0 0.06747204065322876
0.0 0.06775462627410889
0.0 0.06930480152368546
0.0 0.06944140046834946
0.0 0.06962550431489944
0.0 0.06988365203142166
0.0 0.07003114372491837
0.0 0.07003400474786758
0.0 0.0702618733048439
0.0 0.0702882930636406
0.0 0.07039367407560349
0.0 0.0703943520784378
0.0 0.07040692865848541
0.0 0.07065055519342422
0.0 0.07082211971282959
0.0 0.07084722071886063
0.0 0.0708760917186737
0.0 0.07089963555335999
0.0 0.07093437761068344
0.0 0.07141906023025513
0.0 0.07149481028318405
0.0 0.07163882255554199
0.0 0.07172868400812149
0.0 0.07178852707147598
0.0 0.07201511412858963
0.0 0.07218111306428909
0.0 0.07220189273357391
0.0 0.07243351638317108
0.0 0.07247357070446014
0.0 0.07264949381351471
0.0 0.07276470959186554
0.0 0.07347612082958221
0.0 0.07384861260652542
0.0 0.0740111768245697
0.0 0.07406924664974213
0.0 0.07409695535898209
0.0 0.07420044392347336
0.0 0.07421796023845673
0.0 0.07429413497447968
0.0 0.07433518022298813
0.0 0.07461976259946823
0.0 0.07494813203811646
0.0 0.07511776685714722
0.0 0.07523193955421448
0.0 0.07527027279138565
0.0 0.0753999575972557
0.0 0.07541728764772415
0.0 0.07543203979730606
0.0 0.07543960213661194
0.0 0.07548444718122482
0.0 0.07581309974193573
0.0 0.07588456571102142
0.0 0.0759911984205246
0.0 0.07633168250322342
0.0 0.07656174153089523
0.0 0.07666885107755661
0.0 0.07692790031433105
0.0 0.07695084810256958
0.0 0.07716067135334015
0.0 0.07728314399719238
0.0 0.0773565024137497
0.0 0.07738659530878067
0.0 0.07746095210313797
0.0 0.07769531011581421
0.0 0.07774116843938828
0.0 0.07794395089149475
0.0 0.07828810811042786
0.0 0.07878658175468445
0.0 0.07886652648448944
0.0 0.07893291860818863
0.0 0.07897000014781952
0.0 0.07911568135023117
0.0 0.07916418462991714
0.0 0.07918565720319748
0.0 0.07925088703632355
0.0 0.07933999598026276
0.0 0.07941733300685883
0.0 0.0796716958284378
0.0 0.07972568273544312
0.0 0.07975929975509644
0.0 0.07995638251304626
0.0 0.08005856722593307
0.0 0.0800989642739296
0.0 0.08010903745889664
0.0 0.08015574514865875
0.0 0.08018623292446136
0.0 0.08022579550743103
0.0 0.08031421899795532
0.0 0.08059602975845337
0.0 0.08068957924842834
0.0 0.08071447163820267
0.0 0.0808013454079628
0.0 0.08094178885221481
0.0 0.08102504163980484
0.0 0.08107184618711472
0.0 0.08149819821119308
0.0 0.08153586089611053
0.0 0.08155214786529541
0.0 0.08155863732099533
0.0 0.08158502727746964
0.0 0.08170183002948761
0.0 0.08173971623182297
0.0 0.08178851753473282
0.0 0.0819389596581459
0.0 0.0820363238453865
0.0 0.08212931454181671
0.0 0.08225283026695251
0.0 0.08231519907712936
0.0 0.08239229768514633
0.0 0.08273627609014511
0.0 0.08279453963041306
0.0 0.08297643065452576
0.0 0.0829838365316391
0.0 0.08299794793128967
0.0 0.08317932486534119
0.0 0.08325234055519104
0.0 0.08330418169498444
0.0 0.08353685587644577
0.0 0.08358792215585709
0.0 0.0837760642170906
0.0 0.08379893004894257
0.0 0.08385369926691055
0.0 0.08391555398702621
0.0 0.08419433981180191
0.0 0.08448397368192673
0.0 0.08452653884887695
0.0 0.08452893048524857
0.0 0.08453437685966492
0.0 0.0845724567770958
0.0 0.0847911685705185
0.0 0.08479519188404083
0.0 0.08492729812860489
0.0 0.08497987687587738
0.0 0.08502112329006195
0.0 0.08508560061454773
0.0 0.08512146025896072
0.0 0.08512406796216965
0.0 0.08518458902835846
0.0 0.08526784926652908
0.0 0.08540491759777069
0.0 0.0854528397321701
0.0 0.08580906689167023
0.0 0.08585707098245621
0.0 0.08597549796104431
0.0 0.08598193526268005
0.0 0.08604689687490463
0.0 0.08611391484737396
0.0 0.086208775639534
0.0 0.08632226288318634
0.0 0.08632994443178177
0.0 0.08639854192733765
0.0 0.08668607473373413
0.0 0.0867343619465828
0.0 0.08684885501861572
0.0 0.08685002475976944
0.0 0.08694829046726227
0.0 0.0870986357331276
0.0 0.08721853047609329
0.0 0.08735467493534088
0.0 0.08737176656723022
0.0 0.08767835050821304
0.0 0.08770006150007248
0.0 0.0878753662109375
0.0 0.08788465708494186
0.0 0.08789613842964172
0.0 0.0880609080195427
0.0 0.08820098638534546
0.0 0.08824598789215088
0.0 0.08840592205524445
0.0 0.08846699446439743
0.0 0.08847896754741669
0.0 0.0886116549372673
0.0 0.08888838440179825
0.0 0.08897464722394943
0.0 0.0890529528260231
0.0 0.08919371664524078
0.0 0.08926090598106384
0.0 0.08926410228013992
0.0 0.08936439454555511
0.0 0.08951360732316971
0.0 0.08973003178834915
0.0 0.08974313735961914
0.0 0.08979359269142151
0.0 0.0898289903998375
0.0 0.0900070071220398
0.0 0.09011033177375793
0.0 0.09053412824869156
0.0 0.09058871120214462
0.0 0.09065055847167969
0.0 0.09066615998744965
0.0 0.0907018631696701
0.0 0.09102354943752289
0.0 0.09105834364891052
0.0 0.0915069729089737
0.0 0.09155429899692535
0.0 0.09159553796052933
0.0 0.0917055681347847
0.0 0.0917753055691719
0.0 0.09180988371372223
0.0 0.09181498736143112
0.0 0.09186296164989471
0.0 0.09206187725067139
0.0 0.09235422313213348
0.0 0.09241235256195068
0.0 0.09247956424951553
0.0 0.09255365282297134
0.0 0.09275513142347336
0.0 0.09317746013402939
0.0 0.09321446716785431
0.0 0.0932968407869339
0.0 0.09330207109451294
0.0 0.09343910217285156
0.0 0.09346545487642288
0.0 0.0935850515961647
0.0 0.09382058680057526
0.0 0.09388935565948486
0.0 0.09400162100791931
0.0 0.09411155432462692
0.0 0.09418150037527084
0.0 0.09433077275753021
0.0 0.09437298774719238
0.0 0.09448003768920898
0.0 0.09462428092956543
0.0 0.09465135633945465
0.0 0.0948118194937706
0.0 0.09512271732091904
0.0 0.09514766931533813
0.0 0.09533555060625076
0.0 0.09552925825119019
0.0 0.09555800259113312
0.0 0.09571576863527298
0.0 0.09576597809791565
0.0 0.09579899162054062
0.0 0.09604984521865845
0.0 0.09706201404333115
0.0 0.09706588089466095
0.0 0.09718689322471619
0.0 0.09719475358724594
0.0 0.09724695980548859
0.0 0.09753665328025818
0.0 0.09757109731435776
0.0 0.09764614701271057
0.0 0.09777647256851196
0.0 0.09786692261695862
0.0 0.09798881411552429
0.0 0.09811181575059891
0.0 0.09812240302562714
0.0 0.09814073890447617
0.0 0.09826208651065826
0.0 0.09842659533023834
0.0 0.09845660626888275
0.0 0.09848498553037643
0.0 0.09853210300207138
0.0 0.09864743053913116
0.0 0.09867046773433685
0.0 0.09879914671182632
0.0 0.0988306850194931
0.0 0.09900791198015213
0.0 0.09918835014104843
0.0 0.09927847981452942
0.0 0.09935016185045242
0.0 0.09946492314338684
0.0 0.09949319809675217
0.0 0.09971123933792114
0.0 0.09974078834056854
0.0 0.09991604089736938
0.0 0.09992817044258118
0.0 0.09995812922716141
0.0 0.10007431358098984
0.0 0.10015980154275894
0.0 0.10017218440771103
0.0 0.10057055950164795
0.0 0.10058459639549255
0.0 0.10064855217933655
0.0 0.10071764886379242
0.0 0.1007796972990036
0.0 0.10079581290483475
0.0 0.10105857998132706
0.0 0.1010822206735611
0.0 0.10117576271295547
0.0 0.10135050117969513
0.0 0.10137661546468735
0.0 0.10152337700128555
0.0 0.10157181322574615
0.0 0.1015854924917221
0.0 0.10165239870548248
0.0 0.10169167816638947
0.0 0.10180214047431946
0.0 0.10183834284543991
0.0 0.10189230740070343
0.0 0.10196522623300552
0.0 0.10235261917114258
0.0 0.10240314155817032
0.0 0.10311295837163925
0.0 0.1033727303147316
0.0 0.10370084643363953
0.0 0.10372081398963928
0.0 0.1037866398692131
0.0 0.10379654169082642
0.0 0.10382862389087677
0.0 0.10387507826089859
0.0 0.10406909137964249
0.0 0.10428839921951294
0.0 0.10436784476041794
0.0 0.10440096259117126
0.0 0.10469131171703339
0.0 0.1047147810459137
0.0 0.10506781935691833
0.0 0.10527356714010239
0.0 0.10573367029428482
0.0 0.10589557886123657
0.0 0.1062096580862999
0.0 0.10635040700435638
0.0 0.10702544450759888
0.0 0.10719824582338333
0.0 0.10738226026296616
0.0 0.10743414610624313
0.0 0.1075165793299675
0.0 0.1075366884469986
0.0 0.10769146680831909
0.0 0.10791626572608948
0.0 0.1079251691699028
0.0 0.10813726484775543
0.0 0.1082644835114479
0.0 0.10831321030855179
0.0 0.10839806497097015
0.0 0.10858737677335739
0.0 0.10868418961763382
0.0 0.10869534313678741
0.0 0.10889696329832077
0.0 0.10890442878007889
0.0 0.10892928391695023
0.0 0.10909660160541534
0.0 0.10920408368110657
0.0 0.10942263156175613
0.0 0.10950013995170593
0.0 0.10957619547843933
0.0 0.10983564704656601
0.0 0.11002493649721146
0.0 0.11004874855279922
0.0 0.11005225777626038
0.0 0.11020954698324203
0.0 0.11037356406450272
0.0 0.11048895865678787
0.0 0.11056496948003769
0.0 0.11093860864639282
0.0 0.11102582514286041
0.0 0.111636221408844
0.0 0.11168058216571808
0.0 0.11168798059225082
0.0 0.11195403337478638
0.0 0.11201595515012741
0.0 0.11228355765342712
0.0 0.11228501051664352
0.0 0.1124499961733818
0.0 0.11248328536748886
0.0 0.11267151683568954
0.0 0.11269406229257584
0.0 0.11333781480789185
0.0 0.11346704512834549
0.0 0.11347823590040207
0.0 0.1134955957531929
0.0 0.11363396793603897
0.0 0.1136767715215683
0.0 0.11399922519922256
0.0 0.11410224437713623
0.0 0.11430784314870834
0.0 0.11440309137105942
0.0 0.11466657370328903
0.0 0.11507382988929749
0.0 0.11508765816688538
0.0 0.11517892777919769
0.0 0.11616206169128418
0.0 0.11681029200553894
0.0 0.11681748926639557
0.0 0.11754393577575684
0.0 0.11765465885400772
0.0 0.11770004034042358
0.0 0.11770216375589371
0.0 0.11789406090974808
0.0 0.1179610937833786
0.0 0.1182275116443634
0.0 0.11860162019729614
0.0 0.11889995634555817
0.0 0.1191856786608696
0.0 0.11921997368335724
0.0 0.11938346922397614
0.0 0.11975076049566269
0.0 0.11981306970119476
0.0 0.11982647329568863
0.0 0.1198410838842392
0.0 0.12045350670814514
0.0 0.12058696150779724
0.0 0.12068768590688705
0.0 0.12097232043743134
0.0 0.12103761732578278
0.0 0.12105817347764969
0.0 0.12107295542955399
0.0 0.12122877687215805
0.0 0.12172175943851471
0.0 0.12206496298313141
0.0 0.12214455008506775
0.0 0.12217741459608078
0.0 0.1234842985868454
0.0 0.12359380722045898
0.0 0.12366953492164612
0.0 0.12367971986532211
0.0 0.12393057346343994
0.0 0.12397320568561554
0.0 0.12397933006286621
0.0 0.12457086145877838
0.0 0.12479118257761002
0.0 0.12486862391233444
0.0 0.1249425932765007
0.0 0.12533172965049744
0.0 0.1256168782711029
0.0 0.1256476193666458
0.0 0.1260594129562378
0.0 0.12606677412986755
0.0 0.12618348002433777
0.0 0.126200869679451
0.0 0.12694914638996124
0.0 0.1273275464773178
0.0 0.12741729617118835
0.0 0.1277763396501541
0.0 0.1283111274242401
0.0 0.12858693301677704
0.0 0.12861402332782745
0.0 0.1286788284778595
0.0 0.1290442794561386
0.0 0.12952320277690887
0.0 0.12986795604228973
0.0 0.12991365790367126
0.0 0.13066096603870392
0.0 0.13073822855949402
0.0 0.13075533509254456
0.0 0.13080698251724243
0.0 0.13150987029075623
0.0 0.1317594349384308
0.0 0.13215743005275726
0.0 0.13249923288822174
0.0 0.1325524002313614
0.0 0.13274243474006653
0.0 0.13283619284629822
0.0 0.13368260860443115
0.0 0.1356508433818817
0.0 0.13572049140930176
0.0 0.1359899789094925
0.0 0.13764570653438568
0.0 0.13984689116477966
0.0 0.14109334349632263
0.0 0.14177089929580688
0.0 0.14177724719047546
0.0 0.14178094267845154
0.0 0.1424865424633026
0.0 0.1427592933177948
0.0 0.14302346110343933
0.0 0.14334645867347717
0.0 0.14353682100772858
0.0 0.1447605937719345
0.0 0.14611221849918365
0.0 0.14627256989479065
0.0 0.1480715423822403
0.0 0.14808210730552673
0.0 0.14816537499427795
0.0 0.14823612570762634
0.0 0.14824026823043823
0.0 0.14848019182682037
0.0 0.148527130484581
0.0 0.1491835117340088
0.0 0.15028764307498932
0.0 0.15210257470607758
0.0 0.1560533195734024
0.0 0.15791186690330505
0.0 0.1630803644657135
0.0 0.1681956946849823
0.0 0.1686420440673828
0.0 0.17432332038879395
0.0 0.17695190012454987
0.0 0.17903313040733337
0.0 0.18879470229148865
0.0 0.1901206225156784
0.0 0.19324032962322235
0.0 0.19553694128990173
0.0 0.2089756578207016
0.0 0.2190995216369629
0.0 0.22129930555820465
0.0 inf
