0.0 0.04247156158089638
0.0 0.042671989649534225
0.0 0.046025730669498444
0.0 0.04647722840309143
0.0 0.047548651695251465
0.0 0.04758722335100174
0.0 0.047800567001104355
0.0 0.04814818501472473
0.0 0.04919525608420372
0.0 0.050471410155296326
0.0 0.050797175616025925
0.0 0.050891079008579254
0.0 0.05120382457971573
0.0 0.05233330279588699
0.0 0.05312098190188408
0.0 0.05319364368915558
0.0 0.05322209373116493
0.0 0.05436304211616516
0.0 0.05450636148452759
0.0 0.054517749696969986
0.0 0.0545320101082325
0.0 0.05481204390525818
0.0 0.054881926625967026
0.0 0.05540357530117035
0.0 0.055405743420124054
0.0 0.05567241460084915
0.0 0.05622241273522377
0.0 0.05653831362724304
0.0 0.05669744685292244
0.0 0.05710586905479431
0.0 0.057128503918647766
0.0 0.057229090481996536
0.0 0.057335637509822845
0.0 0.05735267326235771
0.0 0.05738833546638489
0.0 0.05746622756123543
0.0 0.057831183075904846
0.0 0.0578860267996788
0.0 0.05796363204717636
0.0 0.05820180103182793
0.0 0.05851801112294197
0.0 0.05890661105513573
0.0 0.05893564224243164
0.0 0.058943863958120346
0.0 0.05896526202559471
0.0 0.05923886224627495
0.0 0.05944046005606651
0.0 0.05951179563999176
0.0 0.05963406711816788
0.0 0.05963735282421112
0.0 0.05966227129101753
0.0 0.05973130837082863
0.0 0.05985834822058678
0.0 0.05996626615524292
0.0 0.06003858149051666
0.0 0.06010936573147774
0.0 0.060147691518068314
0.0 0.06032392755150795
0.0 0.060336221009492874
0.0 0.06038239598274231
0.0 0.06042827293276787
0.0 0.060457512736320496
0.0 0.06047729402780533
0.0 0.06058896705508232
0.0 0.06075897440314293
0.0 0.06079557538032532
0.0 0.06090903654694557
0.0 0.06097429618239403
0.0 0.060977064073085785
0.0 0.06101188436150551
0.0 0.06107616797089577
0.0 0.061345793306827545
0.0 0.061455074697732925
0.0 0.061630334705114365
0.0 0.0617605522274971
0.0 0.061831917613744736
0.0 0.06187444552779198
0.0 0.061932921409606934
0.0 0.06200788915157318
0.0 0.062059227377176285
0.0 0.06220280006527901
0.0 0.06221269816160202
0.0 0.062237150967121124
0.0 0.062487952411174774
0.0 0.06252201646566391
0.0 0.0626697912812233
0.0 0.06279471516609192
0.0 0.0628122016787529
0.0 0.06283316016197205
0.0 0.06285585463047028
0.0 0.06286414712667465
0.0 0.06289474666118622
0.0 0.0629558265209198
0.0 0.06296433508396149
0.0 0.06296898424625397
0.0 0.06299567222595215
0.0 0.06308971345424652
0.0 0.06317700445652008
0.0 0.06328937411308289
0.0 0.06336133182048798
0.0 0.06337488442659378
0.0 0.06338141858577728
0.0 0.06346466392278671
0.0 0.0635342076420784
0.0 0.06353958696126938
0.0 0.06355652958154678
0.0 0.06361810863018036
0.0 0.06369702517986298
0.0 0.063755564391613
0.0 0.06380527466535568
0.0 0.06384304910898209
0.0 0.06386419385671616
0.0 0.06392034143209457
0.0 0.06407478451728821
0.0 0.0640908032655716
0.0 0.06412869691848755
0.0 0.06412878632545471
0.0 0.06413852423429489
0.0 0.06451982259750366
0.0 0.0646524578332901
0.0 0.06474819779396057
0.0 0.06478394567966461
0.0 0.06485146284103394
0.0 0.06514966487884521
0.0 0.06530170887708664
0.0 0.06531046330928802
0.0 0.0653451606631279
0.0 0.06539846956729889
0.0 0.06567435711622238
0.0 0.0656757578253746
0.0 0.06568773835897446
0.0 0.06569105386734009
0.0 0.06572864949703217
0.0 0.06611613929271698
0.0 0.06622515618801117
0.0 0.06635924428701401
0.0 0.06647419929504395
0.0 0.06658506393432617
0.0 0.06658821552991867
0.0 0.06667955219745636
0.0 0.06668569892644882
0.0 0.0667247399687767
0.0 0.06678803265094757
0.0 0.06683115661144257
0.0 0.06699652224779129
0.0 0.06699787080287933
0.0 0.06763166189193726
0.0 0.06764636188745499
0.0 0.06776721775531769
0.0 0.06782607734203339
0.0 0.06786341965198517
0.0 0.06790053099393845
0.0 0.06793861836194992
0.0 0.06805092841386795
0.0 0.06810662150382996
0.0 0.06812680512666702
0.0 0.06820172816514969
0.0 0.06834769994020462
0.0 0.06835096329450607
0.0 0.06845841556787491
0.0 0.0686107948422432
0.0 0.06870990991592407
0.0 0.0687573254108429
0.0 0.06878943741321564
0.0 0.06883507966995239
0.0 0.06884022802114487
0.0 0.06891237944364548
0.0 0.06903068721294403
0.0 0.06917625665664673
0.0 0.06922262161970139
0.0 0.06923216581344604
0.0 0.06923867762088776
0.0 0.06969456374645233
0.0 0.06977753341197968
0.0 0.06983733177185059
0.0 0.06995819509029388
0.0 0.07004759460687637
0.0 0.07029637694358826
0.0 0.07038009911775589
0.0 0.07039866596460342
0.0 0.07050144672393799
0.0 0.07067835330963135
0.0 0.07067900151014328
0.0 0.0707349181175232
0.0 0.07086338102817535
0.0 0.07093862444162369
0.0 0.0710040032863617
0.0 0.07117795944213867
0.0 0.07123663276433945
0.0 0.07130800932645798
0.0 0.07140246778726578
0.0 0.0716891661286354
0.0 0.07182043045759201
0.0 0.07190398871898651
0.0 0.07193543016910553
0.0 0.0720381960272789
0.0 0.0721486285328865
0.0 0.07222157716751099
0.0 0.07224174588918686
0.0 0.07240378111600876
0.0 0.07246041297912598
0.0 0.07246443629264832
0.0 0.07261502742767334
0.0 0.07263176888227463
0.0 0.07270458340644836
0.0 0.07280649989843369
0.0 0.07282306253910065
0.0 0.07283566892147064
0.0 0.07284475862979889
0.0 0.07284697890281677
0.0 0.07312183082103729
0.0 0.07314654439687729
0.0 0.0732472836971283
0.0 0.07325580716133118
0.0 0.07331769913434982
0.0 0.07344881445169449
0.0 0.07360929250717163
0.0 0.07361744344234467
0.0 0.07364712655544281
0.0 0.0737026035785675
0.0 0.07381995767354965
0.0 0.07386559247970581
0.0 0.073935866355896
0.0 0.0740029588341713
0.0 0.07409562915563583
0.0 0.07440505176782608
0.0 0.07454930990934372
0.0 0.07454963773488998
0.0 0.07455524802207947
0.0 0.07464604824781418
0.0 0.07472606748342514
0.0 0.07497826218605042
0.0 0.07526003569364548
0.0 0.07535532861948013
0.0 0.07545729726552963
0.0 0.07566922158002853
0.0 0.07571394741535187
0.0 0.07593446969985962
0.0 0.07640216499567032
0.0 0.07657942920923233
0.0 0.07660634070634842
0.0 0.0766228586435318
0.0 0.07669059187173843
0.0 0.07671317458152771
0.0 0.07674756646156311
0.0 0.07686632126569748
0.0 0.07695168256759644
0.0 0.07698290795087814
0.0 0.07700539380311966
0.0 0.07703840732574463
0.0 0.07713107019662857
0.0 0.0771646648645401
0.0 0.07757160067558289
0.0 0.0777522474527359
0.0 0.07780636847019196
0.0 0.07785043865442276
0.0 0.07791581004858017
0.0 0.07791927456855774
0.0 0.07805906981229782
0.0 0.0780908390879631
0.0 0.07821588218212128
0.0 0.07827720046043396
0.0 0.07836950570344925
0.0 0.07852281630039215
0.0 0.07863515615463257
0.0 0.07885267585515976
0.0 0.0789121687412262
0.0 0.07892676442861557
0.0 0.0790606290102005
0.0 0.0790773555636406
0.0 0.07915207743644714
0.0 0.07917014509439468
0.0 0.07930882275104523
0.0 0.07937629520893097
0.0 0.07940228283405304
0.0 0.07945489138364792
0.0 0.07981346547603607
0.0 0.07983239740133286
0.0 0.0799504742026329
0.0 0.07995962351560593
0.0 0.08003848046064377
0.0 0.08011476695537567
0.0 0.0802115648984909
0.0 0.08024054020643234
0.0 0.0805758535861969
0.0 0.08081609755754471
0.0 0.0808851569890976
0.0 0.08100947737693787
0.0 0.08101973682641983
0.0 0.08105049282312393
0.0 0.08116666227579117
0.0 0.08125139027833939
0.0 0.08127769827842712
0.0 0.0813170075416565
0.0 0.08152628690004349
0.0 0.0817788690328598
0.0 0.08180822432041168
0.0 0.08185671269893646
0.0 0.08186384290456772
0.0 0.08190682530403137
0.0 0.0819326862692833
0.0 0.08198671042919159
0.0 0.0822918713092804
0.0 0.08229881525039673
0.0 0.08234190940856934
0.0 0.08248744159936905
0.0 0.08271082490682602
0.0 0.08284325152635574
0.0 0.08292008191347122
0.0 0.08294811844825745
0.0 0.08296641707420349
0.0 0.08302875608205795
0.0 0.08319641649723053
0.0 0.0832153931260109
0.0 0.08342031389474869
0.0 0.08360825479030609
0.0 0.0836763083934784
0.0 0.08368492871522903
0.0 0.0837041437625885
0.0 0.08372422307729721
0.0 0.08377277851104736
0.0 0.08380809426307678
0.0 0.0838770642876625
0.0 0.08388572931289673
0.0 0.0839991346001625
0.0 0.08409706503152847
0.0 0.08418622612953186
0.0 0.0842357948422432
0.0 0.0842638835310936
0.0 0.08446851372718811
0.0 0.08451785147190094
0.0 0.08514273911714554
0.0 0.08516383916139603
0.0 0.08518209308385849
0.0 0.08520727604627609
0.0 0.08529206365346909
0.0 0.08543810993432999
0.0 0.08567168563604355
0.0 0.08576267212629318
0.0 0.08583023399114609
0.0 0.08585943281650543
0.0 0.08595501631498337
0.0 0.08603020012378693
0.0 0.08605284988880157
0.0 0.086102694272995
0.0 0.0862107127904892
0.0 0.08638722449541092
0.0 0.08655817806720734
0.0 0.08666613698005676
0.0 0.08680538833141327
0.0 0.08690930157899857
0.0 0.08699669688940048
0.0 0.08701203763484955
0.0 0.0871242955327034
0.0 0.0871272161602974
0.0 0.08715062588453293
0.0 0.08722814917564392
0.0 0.08726267516613007
0.0 0.08761268109083176
0.0 0.08762393891811371
0.0 0.08767447620630264
0.0 0.08785025030374527
0.0 0.0878656804561615
0.0 0.08794676512479782
0.0 0.08809724450111389
0.0 0.08811955899000168
0.0 0.0881287008523941
0.0 0.08813398331403732
0.0 0.08821579068899155
0.0 0.08827650547027588
0.0 0.08837355673313141
0.0 0.08847104758024216
0.0 0.08849690854549408
0.0 0.08864518254995346
0.0 0.0886627659201622
0.0 0.08869609236717224
0.0 0.08875392377376556
0.0 0.08888997882604599
0.0 0.08893325924873352
0.0 0.08909503370523453
0.0 0.08915774524211884
0.0 0.08921220153570175
0.0 0.08928298205137253
0.0 0.08958445489406586
0.0 0.08962438255548477
0.0 0.08965113013982773
0.0 0.08974973857402802
0.0 0.08979320526123047
0.0 0.08986975252628326
0.0 0.09006626158952713
0.0 0.09012206643819809
0.0 0.09013590961694717
0.0 0.0901467427611351
0.0 0.0902642011642456
0.0 0.09066412597894669
0.0 0.090697281062603
0.0 0.09078993648290634
0.0 0.09089357405900955
0.0 0.0911940485239029
0.0 0.09151402860879898
0.0 0.09164015203714371
0.0 0.09169656783342361
0.0 0.09171007573604584
0.0 0.09184558689594269
0.0 0.09197492152452469
0.0 0.09202798455953598
0.0 0.09222624450922012
0.0 0.09224943071603775
0.0 0.09256333857774734
0.0 0.09263481944799423
0.0 0.09266336262226105
0.0 0.0928792878985405
0.0 0.09290099889039993
0.0 0.09297482669353485
0.0 0.09311493486166
0.0 0.09315648674964905
0.0 0.09316457808017731
0.0 0.09349119663238525
0.0 0.09349905699491501
0.0 0.09350872039794922
0.0 0.0935678631067276
0.0 0.09372801333665848
0.0 0.09415483474731445
0.0 0.09423889964818954
0.0 0.09429500997066498
0.0 0.0943513736128807
0.0 0.09465498477220535
0.0 0.09477689117193222
0.0 0.09482909739017487
0.0 0.0951501727104187
0.0 0.09519745409488678
0.0 0.09529252350330353
0.0 0.09534479677677155
0.0 0.09542927891016006
0.0 0.09545768797397614
0.0 0.09583216905593872
0.0 0.09597921371459961
0.0 0.09616149961948395
0.0 0.09643477201461792
0.0 0.09648175537586212
0.0 0.0966164842247963
0.0 0.09664635360240936
0.0 0.09674404561519623
0.0 0.09675531834363937
0.0 0.09681706875562668
0.0 0.09706437587738037
0.0 0.09706683456897736
0.0 0.09715152531862259
0.0 0.0972818061709404
0.0 0.09748207032680511
0.0 0.0976981520652771
0.0 0.09818249940872192
0.0 0.09843465685844421
0.0 0.09887415915727615
0.0 0.09889012575149536
0.0 0.09889385104179382
0.0 0.09929882735013962
0.0 0.0993286520242691
0.0 0.09942787140607834
0.0 0.09950749576091766
0.0 0.09953390061855316
0.0 0.09961564093828201
0.0 0.09967545419931412
0.0 0.09970933198928833
0.0 0.09972821176052094
0.0 0.09978395700454712
0.0 0.10005423426628113
0.0 0.10020267963409424
0.0 0.10037728399038315
0.0 0.10051178932189941
0.0 0.10056883096694946
0.0 0.10061639547348022
0.0 0.10094135254621506
0.0 0.10094189643859863
0.0 0.10127736628055573
0.0 0.10221374034881592
0.0 0.10249201208353043
0.0 0.10343586653470993
0.0 0.10352503508329391
0.0 0.10353739559650421
0.0 0.10354436188936234
0.0 0.1040131151676178
0.0 0.10412885993719101
0.0 0.1044042780995369
0.0 0.10473528504371643
0.0 0.1050741896033287
0.0 0.10518815368413925
0.0 0.10540036112070084
0.0 0.1057812049984932
0.0 0.10607123374938965
0.0 0.10660650581121445
0.0 0.10831832140684128
0.0 0.10866829752922058
0.0 0.10879867523908615
0.0 0.10893949866294861
0.0 0.10906141251325607
0.0 0.10984286665916443
0.0 0.11040270328521729
0.0 0.11163555830717087
0.0 0.11224387586116791
0.0 0.11251967400312424
0.0 0.1134997308254242
0.0 0.11664319783449173
0.0 0.11704426258802414
0.0 0.11744757741689682
0.0 0.1194244921207428
0.0 0.12179689854383469
0.0 0.1327618807554245
0.0 0.13917115330696106
0.0 0.14257682859897614
0.0 0.14324472844600677
0.0 inf
