0.0 0.043295055627822876
0.0 0.044125523418188095
0.0 0.04507548362016678
0.0 0.046661391854286194
0.0 0.046886786818504333
0.0 0.0478200726211071
0.0 0.04819299280643463
0.0 0.05029132217168808
0.0 0.050316840410232544
0.0 0.050488490611314774
0.0 0.0506613627076149
0.0 0.05085510388016701
0.0 0.05153408274054527
0.0 0.05187057703733444
0.0 0.05198490992188454
0.0 0.05207541212439537
0.0 0.05220241844654083
0.0 0.05296317860484123
0.0 0.05299084261059761
0.0 0.0533745251595974
0.0 0.05342854559421539
0.0 0.0534396767616272
0.0 0.05381099879741669
0.0 0.05386142432689667
0.0 0.05392462760210037
0.0 0.05403375253081322
0.0 0.0540849044919014
0.0 0.05416015535593033
0.0 0.05439111217856407
0.0 0.054932527244091034
0.0 0.05514310672879219
0.0 0.05536291375756264
0.0 0.05568230524659157
0.0 0.05592982843518257
0.0 0.05593925714492798
0.0 0.05620011314749718
0.0 0.05628447234630585
0.0 0.05652711167931557
0.0 0.056567732244729996
0.0 0.05661572143435478
0.0 0.05680333077907562
0.0 0.05682151019573212
0.0 0.056844331324100494
0.0 0.05693010240793228
0.0 0.05695342645049095
0.0 0.05695571377873421
0.0 0.05697100982069969
0.0 0.057066138833761215
0.0 0.057114068418741226
0.0 0.05715420842170715
0.0 0.05729440227150917
0.0 0.05731381103396416
0.0 0.057400815188884735
0.0 0.0575278177857399
0.0 0.057805635035037994
0.0 0.057825617492198944
0.0 0.05814548209309578
0.0 0.05817262828350067
0.0 0.05818164721131325
0.0 0.058278314769268036
0.0 0.05841006711125374
0.0 0.05851122364401817
0.0 0.05863998085260391
0.0 0.058767180889844894
0.0 0.05877833068370819
0.0 0.05901028588414192
0.0 0.059214890003204346
0.0 0.05922874063253403
0.0 0.059251997619867325
0.0 0.05926896631717682
0.0 0.05940932035446167
0.0 0.059484198689460754
0.0 0.059639088809490204
0.0 0.05982142686843872
0.0 0.05986616760492325
0.0 0.06001497432589531
0.0 0.060076504945755005
0.0 0.060112353414297104
0.0 0.06015466898679733
0.0 0.06018739193677902
0.0 0.06020249426364899
0.0 0.06035156175494194
0.0 0.06035757064819336
0.0 0.06036286801099777
0.0 0.06036617234349251
0.0 0.06044766679406166
0.0 0.060493290424346924
0.0 0.0605851411819458
0.0 0.06067192554473877
0.0 0.060683563351631165
0.0 0.06074989587068558
0.0 0.06089143827557564
0.0 0.0609377883374691
0.0 0.06103678047657013
0.0 0.061132535338401794
0.0 0.06116536632180214
0.0 0.06117166951298714
0.0 0.06132388859987259
0.0 0.06140616163611412
0.0 0.06149088591337204
0.0 0.06150708720088005
0.0 0.06161414086818695
0.0 0.061627428978681564
0.0 0.06165487691760063
0.0 0.06174248829483986
0.0 0.06175810098648071
0.0 0.06183859705924988
0.0 0.06191134452819824
0.0 0.061985719949007034
0.0 0.06218006834387779
0.0 0.06230772286653519
0.0 0.06244957447052002
0.0 0.062450338155031204
0.0 0.06257154047489166
0.0 0.06267301738262177
0.0 0.0627002865076065
0.0 0.06277868151664734
0.0 0.06284546107053757
0.0 0.06291567534208298
0.0 0.06300191581249237
0.0 0.06316202878952026
0.0 0.06317711621522903
0.0 0.06327465921640396
0.0 0.06327993422746658
0.0 0.06329071521759033
0.0 0.06333944946527481
0.0 0.06336299329996109
0.0 0.06346717476844788
0.0 0.06352093815803528
0.0 0.06356191635131836
0.0 0.06362023204565048
0.0 0.0636368840932846
0.0 0.0636894553899765
0.0 0.06371957063674927
0.0 0.06380315870046616
0.0 0.06391648203134537
0.0 0.06392603367567062
0.0 0.06398256123065948
0.0 0.06404159963130951
0.0 0.06408010423183441
0.0 0.06415919214487076
0.0 0.0641663670539856
0.0 0.0641733855009079
0.0 0.06420519948005676
0.0 0.06434651464223862
0.0 0.06444290280342102
0.0 0.0644548088312149
0.0 0.06448306143283844
0.0 0.06448476016521454
0.0 0.06450051814317703
0.0 0.0646543875336647
0.0 0.06469430774450302
0.0 0.06471480429172516
0.0 0.06474579870700836
0.0 0.06475435197353363
0.0 0.06480571627616882
0.0 0.06481009721755981
0.0 0.06482686847448349
0.0 0.06493794918060303
0.0 0.06494904309511185
0.0 0.06496548652648926
0.0 0.06497520208358765
0.0 0.06502890586853027
0.0 0.06503304094076157
0.0 0.06505531072616577
0.0 0.06530844420194626
0.0 0.06536978483200073
0.0 0.06537418812513351
0.0 0.0654124766588211
0.0 0.06541290879249573
0.0 0.06557483971118927
0.0 0.06560108810663223
0.0 0.06561614573001862
0.0 0.06563126295804977
0.0 0.06568672508001328
0.0 0.06585553288459778
0.0 0.06593037396669388
0.0 0.06596260517835617
0.0 0.06607061624526978
0.0 0.06616371870040894
0.0 0.06617449969053268
0.0 0.06636153161525726
0.0 0.06642357259988785
0.0 0.06645835191011429
0.0 0.06646997481584549
0.0 0.06669554114341736
0.0 0.06669580936431885
0.0 0.06678653508424759
0.0 0.06681350618600845
0.0 0.06702173501253128
0.0 0.06707192212343216
0.0 0.06709656119346619
0.0 0.06711549311876297
0.0 0.06713271141052246
0.0 0.06726500391960144
0.0 0.06727588921785355
0.0 0.06730268895626068
0.0 0.06756296753883362
0.0 0.06766873598098755
0.0 0.06770311295986176
0.0 0.06775116175413132
0.0 0.06786344945430756
0.0 0.06788896024227142
0.0 0.06800580769777298
0.0 0.06810566782951355
0.0 0.06813117861747742
0.0 0.0682452991604805
0.0 0.06825142353773117
0.0 0.0682937279343605
0.0 0.06837160140275955
0.0 0.06838947534561157
0.0 0.06839199364185333
0.0 0.06841390579938889
0.0 0.06847167015075684
0.0 0.06852398812770844
0.0 0.06859894841909409
0.0 0.06860988587141037
0.0 0.06868094950914383
0.0 0.0688365250825882
0.0 0.06893181055784225
0.0 0.06896401941776276
0.0 0.06931811571121216
0.0 0.06932458281517029
0.0 0.0693255215883255
0.0 0.06939851492643356
0.0 0.06960909068584442
0.0 0.06982862204313278
0.0 0.06987707316875458
0.0 0.07001373171806335
0.0 0.07013775408267975
0.0 0.07014134526252747
0.0 0.07017283886671066
0.0 0.07023576647043228
0.0 0.07024401426315308
0.0 0.07024916261434555
0.0 0.0702749639749527
0.0 0.07037381082773209
0.0 0.0705038532614708
0.0 0.07057596743106842
0.0 0.07069037854671478
0.0 0.07072150707244873
0.0 0.07074171304702759
0.0 0.07081053406000137
0.0 0.0708441436290741
0.0 0.07096082717180252
0.0 0.07108556479215622
0.0 0.07108593732118607
0.0 0.07114273309707642
0.0 0.0711938887834549
0.0 0.07136509567499161
0.0 0.07137306779623032
0.0 0.07138942182064056
0.0 0.07140291482210159
0.0 0.0715554729104042
0.0 0.07159410417079926
0.0 0.07171329855918884
0.0 0.0717587023973465
0.0 0.07177198678255081
0.0 0.07187414169311523
0.0 0.07187715917825699
0.0 0.07197945564985275
0.0 0.07206778973340988
0.0 0.07209032028913498
0.0 0.07219526171684265
0.0 0.07250171154737473
0.0 0.07261567562818527
0.0 0.07269913703203201
0.0 0.07277954369783401
0.0 0.0728229507803917
0.0 0.07284470647573471
0.0 0.07287722080945969
0.0 0.07294507324695587
0.0 0.07309611886739731
0.0 0.07332498580217361
0.0 0.07346999645233154
0.0 0.0734710618853569
0.0 0.07349652051925659
0.0 0.07353202253580093
0.0 0.07359436899423599
0.0 0.07374558597803116
0.0 0.07382864505052567
0.0 0.07385437190532684
0.0 0.07387170940637589
0.0 0.07387427985668182
0.0 0.07390210777521133
0.0 0.07390524446964264
0.0 0.07402948290109634
0.0 0.07442476600408554
0.0 0.07445529848337173
0.0 0.07479842007160187
0.0 0.07485923171043396
0.0 0.07487809658050537
0.0 0.07509772479534149
0.0 0.07546766847372055
0.0 0.07553239911794662
0.0 0.07553942501544952
0.0 0.07556602358818054
0.0 0.07559063285589218
0.0 0.07573755085468292
0.0 0.0757773369550705
0.0 0.07584331184625626
0.0 0.07602649927139282
0.0 0.07602925598621368
0.0 0.07617489993572235
0.0 0.07618255168199539
0.0 0.07629701495170593
0.0 0.07631222903728485
0.0 0.07631456851959229
0.0 0.07650816440582275
0.0 0.07664895057678223
0.0 0.07675045728683472
0.0 0.07684393972158432
0.0 0.07691965252161026
0.0 0.07694448530673981
0.0 0.07707218080759048
0.0 0.0771636813879013
0.0 0.07720497250556946
0.0 0.0772363469004631
0.0 0.07725497335195541
0.0 0.077265165746212
0.0 0.07731816172599792
0.0 0.07743275910615921
0.0 0.07765084505081177
0.0 0.07811228185892105
0.0 0.07811374217271805
0.0 0.0782112181186676
0.0 0.0782298743724823
0.0 0.07836243510246277
0.0 0.07839767634868622
0.0 0.0784083753824234
0.0 0.07844966650009155
0.0 0.07858064770698547
0.0 0.07863356173038483
0.0 0.07867181301116943
0.0 0.07907802611589432
0.0 0.07910504937171936
0.0 0.07945504039525986
0.0 0.07950844615697861
0.0 0.07954909652471542
0.0 0.07958922535181046
0.0 0.079612597823143
0.0 0.07976601272821426
0.0 0.07979529350996017
0.0 0.08018971234560013
0.0 0.08021467179059982
0.0 0.08021913468837738
0.0 0.08021988719701767
0.0 0.08028300106525421
0.0 0.08059783279895782
0.0 0.08063794672489166
0.0 0.08081446588039398
0.0 0.08089863508939743
0.0 0.08100076764822006
0.0 0.0815320834517479
0.0 0.08153217285871506
0.0 0.08174179494380951
0.0 0.08179698139429092
0.0 0.08197302371263504
0.0 0.08202686160802841
0.0 0.08210862427949905
0.0 0.08211211860179901
0.0 0.08213091641664505
0.0 0.08215922862291336
0.0 0.08220406621694565
0.0 0.08234012871980667
0.0 0.08249186724424362
0.0 0.0825439840555191
0.0 0.0828193798661232
0.0 0.08284198492765427
0.0 0.08291435986757278
0.0 0.08294553309679031
0.0 0.08296435326337814
0.0 0.08300422132015228
0.0 0.08302895724773407
0.0 0.08311295509338379
0.0 0.08314362168312073
0.0 0.0831589326262474
0.0 0.08342400938272476
0.0 0.08376218378543854
0.0 0.08383557200431824
0.0 0.08408902585506439
0.0 0.0842590481042862
0.0 0.08427390456199646
0.0 0.08434615284204483
0.0 0.08450473845005035
0.0 0.08452864736318588
0.0 0.08457691967487335
0.0 0.08458449691534042
0.0 0.08480514585971832
0.0 0.08482692390680313
0.0 0.08484262973070145
0.0 0.08490730077028275
0.0 0.08521036058664322
0.0 0.08527886867523193
0.0 0.0853840708732605
0.0 0.08554326742887497
0.0 0.08557120710611343
0.0 0.08568519353866577
0.0 0.08572766929864883
0.0 0.08582212775945663
0.0 0.08595386147499084
0.0 0.08603125065565109
0.0 0.08607374131679535
0.0 0.08613309264183044
0.0 0.08619572967290878
0.0 0.0862608328461647
0.0 0.08650020509958267
0.0 0.08652684837579727
0.0 0.08655247092247009
0.0 0.0871824100613594
0.0 0.08720184117555618
0.0 0.08731791377067566
0.0 0.08732392638921738
0.0 0.08733128756284714
0.0 0.08743473142385483
0.0 0.08755048364400864
0.0 0.08762451261281967
0.0 0.08772347867488861
0.0 0.08779433369636536
0.0 0.08781936019659042
0.0 0.08783850073814392
0.0 0.08812853693962097
0.0 0.08826681226491928
0.0 0.08867991715669632
0.0 0.08874048292636871
0.0 0.08878109604120255
0.0 0.08886057138442993
0.0 0.08944451063871384
0.0 0.08953237533569336
0.0 0.08954686671495438
0.0 0.0898488461971283
0.0 0.08991410583257675
0.0 0.0904560536146164
0.0 0.09046231210231781
0.0 0.09054968506097794
0.0 0.09075307846069336
0.0 0.09103897213935852
0.0 0.09123024344444275
0.0 0.09148348122835159
0.0 0.09157190471887589
0.0 0.09167938679456711
0.0 0.09187214076519012
0.0 0.09193913638591766
0.0 0.09206274896860123
0.0 0.09207486361265182
0.0 0.09220191836357117
0.0 0.09234362840652466
0.0 0.09263235330581665
0.0 0.09280815720558167
0.0 0.09292525798082352
0.0 0.09337075054645538
0.0 0.09338246285915375
0.0 0.09365992248058319
0.0 0.09372951090335846
0.0 0.09388382732868195
0.0 0.09426867216825485
0.0 0.09431034326553345
0.0 0.0943249762058258
0.0 0.09448602050542831
0.0 0.09462743997573853
0.0 0.09473507851362228
0.0 0.09475304186344147
0.0 0.09477143734693527
0.0 0.0949787124991417
0.0 0.09518598020076752
0.0 0.09523390978574753
0.0 0.0954100489616394
0.0 0.09588175266981125
0.0 0.09619870036840439
0.0 0.09635502099990845
0.0 0.0966363474726677
0.0 0.09680555015802383
0.0 0.09690894931554794
0.0 0.09728395193815231
0.0 0.09736071527004242
0.0 0.09743286669254303
0.0 0.09794311970472336
0.0 0.09804486483335495
0.0 0.09880460053682327
0.0 0.09957447648048401
0.0 0.10003874450922012
0.0 0.10010192543268204
0.0 0.10060103982686996
0.0 0.10077580064535141
0.0 0.10079639405012131
0.0 0.10083209723234177
0.0 0.10091482102870941
0.0 0.10118811577558517
0.0 0.10119003057479858
0.0 0.10155549645423889
0.0 0.1017795279622078
0.0 0.10195125639438629
0.0 0.10247351229190826
0.0 0.10270658880472183
0.0 0.10304812341928482
0.0 0.10373540967702866
0.0 0.10500328987836838
0.0 0.105457603931427
0.0 0.10686030983924866
0.0 0.10763635486364365
0.0 0.10799510031938553
0.0 0.10806502401828766
0.0 0.10970800369977951
0.0 0.10987954586744308
0.0 0.11148122698068619
0.0 0.11286435276269913
0.0 0.11333179473876953
0.0 0.11391600966453552
0.0 0.11650388687849045
0.0 0.11919449269771576
0.0 0.12070121616125107
0.0 inf
