0.0 0.029380545020103455
0.0 0.033359553664922714
0.0 0.03392687067389488
0.0 0.033999472856521606
0.0 0.03417975455522537
0.0 0.034331370145082474
0.0 0.03433183953166008
0.0 0.03439262881875038
0.0 0.034411415457725525
0.0 0.034448251128196716
0.0 0.03449179604649544
0.0 0.03450932726264
0.0 0.034602753818035126
0.0 0.03466518595814705
0.0 0.03479427844285965
0.0 0.03479428216814995
0.0 0.03485767915844917
0.0 0.034956227988004684
0.0 0.03499374911189079
0.0 0.035122837871313095
0.0 0.03516695275902748
0.0 0.03521008789539337
0.0 0.03524770215153694
0.0 0.035677023231983185
0.0 0.03575107082724571
0.0 0.035847779363393784
0.0 0.03585129976272583
0.0 0.035989776253700256
0.0 0.0360291562974453
0.0 0.03619791194796562
0.0 0.036264095455408096
0.0 0.036301225423812866
0.0 0.03632979840040207
0.0 0.03650680556893349
0.0 0.03680796176195145
0.0 0.03690188750624657
0.0 0.03691402077674866
0.0 0.03709573298692703
0.0 0.03710881620645523
0.0 0.03725361451506615
0.0 0.03735329583287239
0.0 0.037459224462509155
0.0 0.03748951107263565
0.0 0.03749566897749901
0.0 0.037976816296577454
0.0 0.03803277388215065
0.0 0.03803519159555435
0.0 0.03815501555800438
0.0 0.038205087184906006
0.0 0.03828887268900871
0.0 0.03829468414187431
0.0 0.03841264918446541
0.0 0.03848039358854294
0.0 0.038487087935209274
0.0 0.03886640816926956
0.0 0.038918670266866684
0.0 0.03906197100877762
0.0 0.03929214924573898
0.0 0.039297401905059814
0.0 0.03934923931956291
0.0 0.03939301148056984
0.0 0.03964434564113617
0.0 0.03983118385076523
0.0 0.039844315499067307
0.0 0.0400746650993824
0.0 0.040128257125616074
0.0 0.04014785587787628
0.0 0.04035711660981178
0.0 0.04038087651133537
0.0 0.040407903492450714
0.0 0.04057220369577408
0.0 0.04060516133904457
0.0 0.040617745369672775
0.0 0.040646977722644806
0.0 0.04102061316370964
0.0 0.041040513664484024
0.0 0.04112940654158592
0.0 0.04115738347172737
0.0 0.041188210248947144
0.0 0.041250698268413544
0.0 0.04125503823161125
0.0 0.04135553911328316
0.0 0.0413818322122097
0.0 0.04143967851996422
0.0 0.04155309125781059
0.0 0.04158193990588188
0.0 0.04160614311695099
0.0 0.04161616414785385
0.0 0.04171520471572876
0.0 0.041865941137075424
0.0 0.041895151138305664
0.0 0.04195551201701164
0.0 0.042044710367918015
0.0 0.04207152873277664
0.0 0.042080484330654144
0.0 0.04208660125732422
0.0 0.04208879917860031
0.0 0.04215947911143303
0.0 0.042196910828351974
0.0 0.04221932590007782
0.0 0.04236123338341713
0.0 0.0423753447830677
0.0 0.0423884317278862
0.0 0.04243798926472664
0.0 0.04248008131980896
0.0 0.04273220896720886
0.0 0.042801935225725174
0.0 0.04290255159139633
0.0 0.0429222397506237
0.0 0.042941972613334656
0.0 0.04295874014496803
0.0 0.04296283796429634
0.0 0.043036088347435
0.0 0.04304729402065277
0.0 0.04312026873230934
0.0 0.04318585246801376
0.0 0.043319959193468094
0.0 0.043378107249736786
0.0 0.04338587820529938
0.0 0.04344996064901352
0.0 0.043541666120290756
0.0 0.043657273054122925
0.0 0.043698642402887344
0.0 0.04372412711381912
0.0 0.04376118630170822
0.0 0.043931592255830765
0.0 0.0440552793443203
0.0 0.044056858867406845
0.0 0.044074032455682755
0.0 0.04408251494169235
0.0 0.04421166330575943
0.0 0.044440191239118576
0.0 0.044451624155044556
0.0 0.04446211829781532
0.0 0.044516123831272125
0.0 0.04458991810679436
0.0 0.04461671784520149
0.0 0.04465896636247635
0.0 0.044664718210697174
0.0 0.044691622257232666
0.0 0.04470799118280411
0.0 0.04474623501300812
0.0 0.04475107416510582
0.0 0.04480888321995735
0.0 0.044809550046920776
0.0 0.044848889112472534
0.0 0.044875096529722214
0.0 0.04488344490528107
0.0 0.04489763081073761
0.0 0.04519515857100487
0.0 0.0452607087790966
0.0 0.04527146741747856
0.0 0.04533453285694122
0.0 0.045408956706523895
0.0 0.04554707929491997
0.0 0.04569068178534508
0.0 0.045827679336071014
0.0 0.04586637020111084
0.0 0.04587539657950401
0.0 0.045878008008003235
0.0 0.045887529850006104
0.0 0.04614153876900673
0.0 0.0461597666144371
0.0 0.04634028673171997
0.0 0.04647371545433998
0.0 0.046562593430280685
0.0 0.04657233506441116
0.0 0.04657500237226486
0.0 0.04664158076047897
0.0 0.04665640369057655
0.0 0.046684931963682175
0.0 0.046756528317928314
0.0 0.04692821949720383
0.0 0.04701120778918266
0.0 0.047078609466552734
0.0 0.047230951488018036
0.0 0.047304026782512665
0.0 0.04730493202805519
0.0 0.04731786623597145
0.0 0.04734698310494423
0.0 0.04738882556557655
0.0 0.04740795120596886
0.0 0.0474318265914917
0.0 0.047443777322769165
0.0 0.04745804890990257
0.0 0.047470543533563614
0.0 0.04752417653799057
0.0 0.04764741659164429
0.0 0.04766102880239487
0.0 0.04785650223493576
0.0 0.04791387915611267
0.0 0.04792892932891846
0.0 0.04797183349728584
0.0 0.048062536865472794
0.0 0.048063043504953384
0.0 0.04809122532606125
0.0 0.04813677445054054
0.0 0.04816972091794014
0.0 0.0481739267706871
0.0 0.04822971671819687
0.0 0.04825544357299805
0.0 0.048278339207172394
0.0 0.048282526433467865
0.0 0.04828380420804024
0.0 0.04829308018088341
0.0 0.04829428344964981
0.0 0.048318516463041306
0.0 0.04836984723806381
0.0 0.04843075945973396
0.0 0.04845510795712471
0.0 0.04850374162197113
0.0 0.048680514097213745
0.0 0.04877540096640587
0.0 0.04899618402123451
0.0 0.049098044633865356
0.0 0.0491669736802578
0.0 0.04917708784341812
0.0 0.04918742552399635
0.0 0.049255162477493286
0.0 0.04933444410562515
0.0 0.04938157647848129
0.0 0.04940018057823181
0.0 0.04946273937821388
0.0 0.049462929368019104
0.0 0.049491267651319504
0.0 0.049511753022670746
0.0 0.04954342916607857
0.0 0.049640536308288574
0.0 0.04971899092197418
0.0 0.04976678639650345
0.0 0.04976841062307358
0.0 0.0497850626707077
0.0 0.04989864304661751
0.0 0.049947768449783325
0.0 0.050048597157001495
0.0 0.05007588863372803
0.0 0.050124045461416245
0.0 0.050141897052526474
0.0 0.05017602816224098
0.0 0.05021726340055466
0.0 0.05030209571123123
0.0 0.050339847803115845
0.0 0.050449345260858536
0.0 0.050482720136642456
0.0 0.05048904940485954
0.0 0.05071446672081947
0.0 0.05072155222296715
0.0 0.0507364496588707
0.0 0.050770360976457596
0.0 0.05091162398457527
0.0 0.05104152113199234
0.0 0.051056116819381714
0.0 0.05119190365076065
0.0 0.051312774419784546
0.0 0.05131665617227554
0.0 0.051333535462617874
0.0 0.05133974179625511
0.0 0.051360122859478
0.0 0.051401734352111816
0.0 0.051439180970191956
0.0 0.05153321474790573
0.0 0.0515533871948719
0.0 0.051638808101415634
0.0 0.05173804238438606
0.0 0.051775019615888596
0.0 0.051836639642715454
0.0 0.05188561975955963
0.0 0.05189632996916771
0.0 0.05200406536459923
0.0 0.05205696076154709
0.0 0.05210456997156143
0.0 0.05212991312146187
0.0 0.05223920941352844
0.0 0.052260756492614746
0.0 0.052270956337451935
0.0 0.05230993777513504
0.0 0.05235280841588974
0.0 0.05236261337995529
0.0 0.052607372403144836
0.0 0.05276203528046608
0.0 0.05279151350259781
0.0 0.0528055801987648
0.0 0.052878379821777344
0.0 0.0529477596282959
0.0 0.052985068410634995
0.0 0.05301386117935181
0.0 0.053043536841869354
0.0 0.05305248498916626
0.0 0.05308322235941887
0.0 0.053140755742788315
0.0 0.05314619094133377
0.0 0.05317453667521477
0.0 0.05318058654665947
0.0 0.05323847383260727
0.0 0.053333211690187454
0.0 0.053468313068151474
0.0 0.05355391651391983
0.0 0.05357486009597778
0.0 0.05363072082400322
0.0 0.05363340675830841
0.0 0.05363453924655914
0.0 0.05380593240261078
0.0 0.05395196005702019
0.0 0.05412321910262108
0.0 0.05413931980729103
0.0 0.05415773019194603
0.0 0.05418311804533005
0.0 0.05419214069843292
0.0 0.054193273186683655
0.0 0.05427435413002968
0.0 0.05445774644613266
0.0 0.05446280911564827
0.0 0.0544758066534996
0.0 0.054517582058906555
0.0 0.05459018424153328
0.0 0.05475301668047905
0.0 0.05477561801671982
0.0 0.05479171872138977
0.0 0.05486084148287773
0.0 0.05502179637551308
0.0 0.05506271496415138
0.0 0.05506414920091629
0.0 0.055144377052783966
0.0 0.055272117257118225
0.0 0.055309269577264786
0.0 0.05531541630625725
0.0 0.055321428924798965
0.0 0.05539945885539055
0.0 0.05557836964726448
0.0 0.05558512359857559
0.0 0.05563252046704292
0.0 0.0556616373360157
0.0 0.055776000022888184
0.0 0.055928148329257965
0.0 0.05599818378686905
0.0 0.05613120272755623
0.0 0.05614451318979263
0.0 0.056221891194581985
0.0 0.056268882006406784
0.0 0.05636022612452507
0.0 0.05641915276646614
0.0 0.0564388781785965
0.0 0.05653376504778862
0.0 0.056680113077163696
0.0 0.05670584738254547
0.0 0.05670890957117081
0.0 0.056773725897073746
0.0 0.05681348964571953
0.0 0.05690731480717659
0.0 0.05692427605390549
0.0 0.05692659318447113
0.0 0.05707072466611862
0.0 0.05715413764119148
0.0 0.05715563893318176
0.0 0.057262059301137924
0.0 0.057398948818445206
0.0 0.05740145966410637
0.0 0.05743425339460373
0.0 0.05749419331550598
0.0 0.05753081664443016
0.0 0.05767116695642471
0.0 0.05776485055685043
0.0 0.05784454196691513
0.0 0.05791567638516426
0.0 0.05796779319643974
0.0 0.05797908827662468
0.0 0.05800037831068039
0.0 0.05815994367003441
0.0 0.058396466076374054
0.0 0.05849006026983261
0.0 0.05859043449163437
0.0 0.058641038835048676
0.0 0.058776549994945526
0.0 0.058992899954319
0.0 0.05903856083750725
0.0 0.059386320412158966
0.0 0.05939564108848572
0.0 0.05943009629845619
0.0 0.059516701847314835
0.0 0.059902891516685486
0.0 0.06012634187936783
0.0 0.060212641954422
0.0 0.060310956090688705
0.0 0.06033763289451599
0.0 0.06035767123103142
0.0 0.0604001022875309
0.0 0.06048443540930748
0.0 0.06081964820623398
0.0 0.06094822660088539
0.0 0.06105993315577507
0.0 0.06109679490327835
0.0 0.061175089329481125
0.0 0.061234958469867706
0.0 0.06124318763613701
0.0 0.06148930639028549
0.0 0.06150779500603676
0.0 0.06169160455465317
0.0 0.06173637881875038
0.0 0.06187688559293747
0.0 0.06201428920030594
0.0 0.062021978199481964
0.0 0.06203249841928482
0.0 0.06208106130361557
0.0 0.06225084513425827
0.0 0.06226501241326332
0.0 0.06235773116350174
0.0 0.06265828758478165
0.0 0.06269910931587219
0.0 0.06274951994419098
0.0 0.06283547729253769
0.0 0.0628814771771431
0.0 0.06290475279092789
0.0 0.0629083663225174
0.0 0.06308829039335251
0.0 0.06324029713869095
0.0 0.06335139274597168
0.0 0.06342784315347672
0.0 0.06344399601221085
0.0 0.06347106397151947
0.0 0.06374580413103104
0.0 0.0640311986207962
0.0 0.06408051401376724
0.0 0.06441983580589294
0.0 0.0644986480474472
0.0 0.06450175493955612
0.0 0.06452073901891708
0.0 0.06472215056419373
0.0 0.0653795599937439
0.0 0.06539511680603027
0.0 0.06568506360054016
0.0 0.06574372947216034
0.0 0.06581691652536392
0.0 0.06599044054746628
0.0 0.06608529388904572
0.0 0.06633556634187698
0.0 0.06647161394357681
0.0 0.06647974997758865
0.0 0.06675945222377777
0.0 0.06684524565935135
0.0 0.06687387824058533
0.0 0.06691285967826843
0.0 0.06699803471565247
0.0 0.06719021499156952
0.0 0.06777827441692352
0.0 0.06779307126998901
0.0 0.06788703054189682
0.0 0.06793085485696793
0.0 0.06814351677894592
0.0 0.06817535310983658
0.0 0.06825800985097885
0.0 0.06839735060930252
0.0 0.06851767003536224
0.0 0.06855519860982895
0.0 0.06911803781986237
0.0 0.06958412379026413
0.0 0.06978785991668701
0.0 0.07019602507352829
0.0 0.07027173787355423
0.0 0.07030963152647018
0.0 0.07035517692565918
0.0 0.07047555595636368
0.0 0.07118063420057297
0.0 0.07122225314378738
0.0 0.07125614583492279
0.0 0.07129322737455368
0.0 0.07129839062690735
0.0 0.07141003757715225
0.0 0.07148890197277069
0.0 0.0717863142490387
0.0 0.0720459520816803
0.0 0.07228917628526688
0.0 0.07230624556541443
0.0 0.07252145558595657
0.0 0.07303357124328613
0.0 0.07335218787193298
0.0 0.07398108392953873
0.0 0.07450465112924576
0.0 0.07458243519067764
0.0 0.07468543946743011
0.0 0.07523270696401596
0.0 0.07530316710472107
0.0 0.07534219324588776
0.0 0.07564374059438705
0.0 0.07575239986181259
0.0 0.07580278068780899
0.0 0.07585947960615158
0.0 0.07648289203643799
0.0 0.07654915750026703
0.0 0.07718440890312195
0.0 0.07729629427194595
0.0 0.07739610970020294
0.0 0.07812932133674622
0.0 0.07822390645742416
0.0 0.0787058174610138
0.0 0.07873868942260742
0.0 0.07914580404758453
0.0 0.07943537086248398
0.0 0.07990704476833344
0.0 0.08014677464962006
0.0 0.08182142674922943
0.0 0.08192747086286545
0.0 0.08194231241941452
0.0 0.08212101459503174
0.0 0.08414822071790695
0.0 0.08480409532785416
0.0 0.08490628004074097
0.0 0.086245097219944
0.0 0.088835209608078
0.0 0.089845210313797
0.0 0.09113641828298569
0.0 0.09475260972976685
0.0 inf
