0.0 0.031298138201236725
0.0 0.031493913382291794
0.0 0.03232294321060181
0.0 0.03314770385622978
0.0 0.033293068408966064
0.0 0.033762890845537186
0.0 0.03412913531064987
0.0 0.0343947671353817
0.0 0.03444012627005577
0.0 0.03464965149760246
0.0 0.034664496779441833
0.0 0.03468189388513565
0.0 0.034937724471092224
0.0 0.03527269884943962
0.0 0.035492584109306335
0.0 0.03563319519162178
0.0 0.03600594401359558
0.0 0.036012936383485794
0.0 0.03612036630511284
0.0 0.03612122684717178
0.0 0.03626158460974693
0.0 0.03643033653497696
0.0 0.03645738586783409
0.0 0.03680054098367691
0.0 0.036913614720106125
0.0 0.03709767013788223
0.0 0.03719612583518028
0.0 0.03722499683499336
0.0 0.03724150359630585
0.0 0.037554673850536346
0.0 0.03761891648173332
0.0 0.03786706179380417
0.0 0.03800133243203163
0.0 0.03816220536828041
0.0 0.038235343992710114
0.0 0.03823912516236305
0.0 0.0382721982896328
0.0 0.03829148784279823
0.0 0.038446370512247086
0.0 0.03845557942986488
0.0 0.03852933272719383
0.0 0.03863726183772087
0.0 0.03887932002544403
0.0 0.03892496973276138
0.0 0.03909655660390854
0.0 0.03913400322198868
0.0 0.039215561002492905
0.0 0.03929976373910904
0.0 0.03935839980840683
0.0 0.03937487304210663
0.0 0.03948061540722847
0.0 0.03960515931248665
0.0 0.03967353701591492
0.0 0.03976793587207794
0.0 0.039982229471206665
0.0 0.03999944031238556
0.0 0.04006434231996536
0.0 0.04015444591641426
0.0 0.04016077518463135
0.0 0.040231648832559586
0.0 0.04029392451047897
0.0 0.04031473770737648
0.0 0.040346890687942505
0.0 0.04043542221188545
0.0 0.04045795276761055
0.0 0.04070070758461952
0.0 0.04077480733394623
0.0 0.04078749939799309
0.0 0.040884245187044144
0.0 0.040917955338954926
0.0 0.041067060083150864
0.0 0.041150741279125214
0.0 0.04115566238760948
0.0 0.04121504724025726
0.0 0.04123915359377861
0.0 0.04123988002538681
0.0 0.04124988988041878
0.0 0.04134213179349899
0.0 0.04137614741921425
0.0 0.04140889272093773
0.0 0.04141112416982651
0.0 0.04145216941833496
0.0 0.04148690402507782
0.0 0.04153400659561157
0.0 0.04161374643445015
0.0 0.041619569063186646
0.0 0.04172014072537422
0.0 0.041723452508449554
0.0 0.04190756008028984
0.0 0.041913487017154694
0.0 0.04195619001984596
0.0 0.04202248156070709
0.0 0.04207561910152435
0.0 0.042086489498615265
0.0 0.04210573434829712
0.0 0.04217436909675598
0.0 0.04247376322746277
0.0 0.04256490245461464
0.0 0.04265155270695686
0.0 0.042671721428632736
0.0 0.0427539199590683
0.0 0.042868293821811676
0.0 0.04302091896533966
0.0 0.04304654151201248
0.0 0.04307343065738678
0.0 0.04308733716607094
0.0 0.04309398680925369
0.0 0.04313838854432106
0.0 0.04324539378285408
0.0 0.04324818029999733
0.0 0.04331521689891815
0.0 0.04332846775650978
0.0 0.04346564784646034
0.0 0.043546922504901886
0.0 0.04355589672923088
0.0 0.043599698692560196
0.0 0.043636541813611984
0.0 0.04366643354296684
0.0 0.04368232935667038
0.0 0.043744295835494995
0.0 0.04378996044397354
0.0 0.04379628226161003
0.0 0.04380618408322334
0.0 0.04389931261539459
0.0 0.04396284371614456
0.0 0.04404808580875397
0.0 0.04413199424743652
0.0 0.044177375733852386
0.0 0.04422910511493683
0.0 0.04423382505774498
0.0 0.0444205217063427
0.0 0.04461006447672844
0.0 0.04466785863041878
0.0 0.044713087379932404
0.0 0.04473640397191048
0.0 0.044805411249399185
0.0 0.04480995237827301
0.0 0.04481866955757141
0.0 0.044907644391059875
0.0 0.04509766399860382
0.0 0.04509825259447098
0.0 0.04514048621058464
0.0 0.04517727717757225
0.0 0.045288387686014175
0.0 0.045353394001722336
0.0 0.04536081477999687
0.0 0.045363008975982666
0.0 0.045411136001348495
0.0 0.04546290263533592
0.0 0.04548380896449089
0.0 0.045591454952955246
0.0 0.04561816528439522
0.0 0.045766014605760574
0.0 0.04580644518136978
0.0 0.04585703834891319
0.0 0.04589594900608063
0.0 0.04595654830336571
0.0 0.04601222649216652
0.0 0.04601535201072693
0.0 0.04602590203285217
0.0 0.04609600082039833
0.0 0.0461401492357254
0.0 0.04614533111453056
0.0 0.0462019108235836
0.0 0.046249277889728546
0.0 0.046298641711473465
0.0 0.046335022896528244
0.0 0.04633514955639839
0.0 0.04636742174625397
0.0 0.04643401876091957
0.0 0.04649458825588226
0.0 0.04653751105070114
0.0 0.04671962186694145
0.0 0.04687971621751785
0.0 0.046900924295186996
0.0 0.046925634145736694
0.0 0.046931974589824677
0.0 0.04695915803313255
0.0 0.0470198355615139
0.0 0.047077469527721405
0.0 0.04712117463350296
0.0 0.04723266139626503
0.0 0.04732928425073624
0.0 0.047355011105537415
0.0 0.0474618561565876
0.0 0.047469574958086014
0.0 0.04749477282166481
0.0 0.04756110906600952
0.0 0.0475911870598793
0.0 0.047623466700315475
0.0 0.04787960648536682
0.0 0.048027776181697845
0.0 0.048030395060777664
0.0 0.04803764820098877
0.0 0.048088788986206055
0.0 0.04812578856945038
0.0 0.04828508943319321
0.0 0.048345472663640976
0.0 0.04837715998291969
0.0 0.04839814454317093
0.0 0.04839971289038658
0.0 0.04840189963579178
0.0 0.048461779952049255
0.0 0.04850414767861366
0.0 0.048513684421777725
0.0 0.04852007329463959
0.0 0.04855598136782646
0.0 0.04860980808734894
0.0 0.0486883819103241
0.0 0.04869099333882332
0.0 0.04869411513209343
0.0 0.048738569021224976
0.0 0.04874588921666145
0.0 0.048806365579366684
0.0 0.048855628818273544
0.0 0.04885713383555412
0.0 0.04886862263083458
0.0 0.04887588694691658
0.0 0.04888787493109703
0.0 0.04896172881126404
0.0 0.048978082835674286
0.0 0.04902028292417526
0.0 0.049160778522491455
0.0 0.04929149150848389
0.0 0.04931209981441498
0.0 0.049323540180921555
0.0 0.04939652234315872
0.0 0.04948185011744499
0.0 0.049491479992866516
0.0 0.049767930060625076
0.0 0.04979720711708069
0.0 0.04983600601553917
0.0 0.049872931092977524
0.0 0.050001077353954315
0.0 0.050050679594278336
0.0 0.05006964132189751
0.0 0.050289083272218704
0.0 0.05030994489789009
0.0 0.05042708292603493
0.0 0.050469689071178436
0.0 0.05048232898116112
0.0 0.05053307116031647
0.0 0.0505642294883728
0.0 0.05061230808496475
0.0 0.050613969564437866
0.0 0.0507064163684845
0.0 0.050763584673404694
0.0 0.050868257880210876
0.0 0.05100026726722717
0.0 0.0510481595993042
0.0 0.05105600878596306
0.0 0.051232289522886276
0.0 0.05125296860933304
0.0 0.05139269307255745
0.0 0.05151025205850601
0.0 0.05168658122420311
0.0 0.05169469863176346
0.0 0.05176100507378578
0.0 0.051798030734062195
0.0 0.05186256021261215
0.0 0.0518910177052021
0.0 0.052120503038167953
0.0 0.052204154431819916
0.0 0.05224137753248215
0.0 0.052244286984205246
0.0 0.0523056760430336
0.0 0.0523286908864975
0.0 0.05235137417912483
0.0 0.052432820200920105
0.0 0.05246548727154732
0.0 0.05249263718724251
0.0 0.052565861493349075
0.0 0.052568599581718445
0.0 0.05259775370359421
0.0 0.05262022837996483
0.0 0.05263996124267578
0.0 0.052660442888736725
0.0 0.052739791572093964
0.0 0.052807874977588654
0.0 0.052817169576883316
0.0 0.052821628749370575
0.0 0.052966225892305374
0.0 0.05304279178380966
0.0 0.053066279739141464
0.0 0.05307609960436821
0.0 0.05317861959338188
0.0 0.05323544889688492
0.0 0.053270258009433746
0.0 0.053300585597753525
0.0 0.05335710197687149
0.0 0.053395699709653854
0.0 0.0535074807703495
0.0 0.05354973301291466
0.0 0.053553953766822815
0.0 0.053585853427648544
0.0 0.05361558869481087
0.0 0.053666118532419205
0.0 0.05366724357008934
0.0 0.053698599338531494
0.0 0.05371502414345741
0.0 0.05372479557991028
0.0 0.053732797503471375
0.0 0.05375434085726738
0.0 0.05379210039973259
0.0 0.053882718086242676
0.0 0.05391978472471237
0.0 0.05392984300851822
0.0 0.05395292863249779
0.0 0.05396115779876709
0.0 0.05400152504444122
0.0 0.054039355367422104
0.0 0.054129164665937424
0.0 0.054186299443244934
0.0 0.054237935692071915
0.0 0.05431699380278587
0.0 0.05438200384378433
0.0 0.05451595038175583
0.0 0.05465402826666832
0.0 0.054781217128038406
0.0 0.05480091646313667
0.0 0.05480362847447395
0.0 0.05492861196398735
0.0 0.05494467169046402
0.0 0.054946672171354294
0.0 0.05501259118318558
0.0 0.05509743094444275
0.0 0.055154383182525635
0.0 0.05517129600048065
0.0 0.05518139898777008
0.0 0.05518447235226631
0.0 0.055190760642290115
0.0 0.05524851754307747
0.0 0.05547994375228882
0.0 0.055520761758089066
0.0 0.05559113249182701
0.0 0.05563801899552345
0.0 0.05565774813294411
0.0 0.05577364191412926
0.0 0.0557994619011879
0.0 0.055852845311164856
0.0 0.05586046352982521
0.0 0.05590585246682167
0.0 0.05596555396914482
0.0 0.05603326857089996
0.0 0.056060805916786194
0.0 0.05616634711623192
0.0 0.05617208778858185
0.0 0.056258462369441986
0.0 0.056263621896505356
0.0 0.05626881867647171
0.0 0.05628732219338417
0.0 0.056304704397916794
0.0 0.05637090280652046
0.0 0.05661805346608162
0.0 0.056624505668878555
0.0 0.056688014417886734
0.0 0.056713223457336426
0.0 0.056824393570423126
0.0 0.05685130134224892
0.0 0.05685734376311302
0.0 0.056979987770318985
0.0 0.05698961764574051
0.0 0.05701492354273796
0.0 0.05702079460024834
0.0 0.05708078294992447
0.0 0.05712587386369705
0.0 0.05713722109794617
0.0 0.05714068561792374
0.0 0.05714404955506325
0.0 0.05729784816503525
0.0 0.057375892996788025
0.0 0.057428669184446335
0.0 0.05746643617749214
0.0 0.05752650648355484
0.0 0.05753277987241745
0.0 0.05755922570824623
0.0 0.05760948359966278
0.0 0.05764654651284218
0.0 0.057664304971694946
0.0 0.05776531994342804
0.0 0.057792194187641144
0.0 0.05788624286651611
0.0 0.05804374814033508
0.0 0.05806627497076988
0.0 0.05819043144583702
0.0 0.05819160118699074
0.0 0.058205533772706985
0.0 0.058283522725105286
0.0 0.05846748501062393
0.0 0.05849699303507805
0.0 0.0585121214389801
0.0 0.058630019426345825
0.0 0.058632742613554
0.0 0.058666881173849106
0.0 0.05869973078370094
0.0 0.05870853736996651
0.0 0.05872577428817749
0.0 0.05875684693455696
0.0 0.058828018605709076
0.0 0.05887121334671974
0.0 0.058962173759937286
0.0 0.05911163613200188
0.0 0.05918668583035469
0.0 0.05927770957350731
0.0 0.05938158929347992
0.0 0.059382591396570206
0.0 0.05940965563058853
0.0 0.0594223290681839
0.0 0.059492431581020355
0.0 0.05960015952587128
0.0 0.059654515236616135
0.0 0.059768278151750565
0.0 0.05985552817583084
0.0 0.06010887399315834
0.0 0.06018441915512085
0.0 0.06022985652089119
0.0 0.060353126376867294
0.0 0.06048068404197693
0.0 0.060582973062992096
0.0 0.06068065017461777
0.0 0.060733407735824585
0.0 0.061068762093782425
0.0 0.0610971562564373
0.0 0.0612034909427166
0.0 0.06122769042849541
0.0 0.06125262752175331
0.0 0.061406102031469345
0.0 0.06140931695699692
0.0 0.06143392622470856
0.0 0.06146691367030144
0.0 0.06152937188744545
0.0 0.06153242662549019
0.0 0.06167777627706528
0.0 0.06188754737377167
0.0 0.06193029135465622
0.0 0.06193166971206665
0.0 0.06200955808162689
0.0 0.06202572584152222
0.0 0.06211758777499199
0.0 0.062150243669748306
0.0 0.06218300014734268
0.0 0.062317874282598495
0.0 0.062444135546684265
0.0 0.06246109679341316
0.0 0.06257055699825287
0.0 0.06266655772924423
0.0 0.06271380931138992
0.0 0.06278463453054428
0.0 0.06291728466749191
0.0 0.06318797171115875
0.0 0.06336814165115356
0.0 0.06358208507299423
0.0 0.06367164850234985
0.0 0.06382004171609879
0.0 0.0639001652598381
0.0 0.06390246748924255
0.0 0.0640416070818901
0.0 0.06428602337837219
0.0 0.06437014788389206
0.0 0.0644582062959671
0.0 0.06460904330015182
0.0 0.06500010192394257
0.0 0.06524038314819336
0.0 0.06531251221895218
0.0 0.06546224653720856
0.0 0.06549897789955139
0.0 0.06555499881505966
0.0 0.06560679525136948
0.0 0.06565342843532562
0.0 0.06577148288488388
0.0 0.06590388715267181
0.0 0.06624699383974075
0.0 0.06640024483203888
0.0 0.06643623858690262
0.0 0.06662417203187943
0.0 0.06692569702863693
0.0 0.06717842817306519
0.0 0.06724685430526733
0.0 0.06730258464813232
0.0 0.06755255907773972
0.0 0.06770047545433044
0.0 0.06788817048072815
0.0 0.06791040301322937
0.0 0.06796541064977646
0.0 0.0681350976228714
0.0 0.06829702109098434
0.0 0.06866646558046341
0.0 0.06906181573867798
0.0 0.06913094967603683
0.0 0.06918270885944366
0.0 0.06927371025085449
0.0 0.06946715712547302
0.0 0.06957074999809265
0.0 0.07087325304746628
0.0 0.07101424783468246
0.0 0.07123053818941116
0.0 0.07205728441476822
0.0 0.07232677191495895
0.0 0.07253538072109222
0.0 0.07277514785528183
0.0 0.07363835722208023
0.0 0.07385416328907013
0.0 0.07614456117153168
0.0 0.07708757370710373
0.0 0.0773182362318039
0.0 0.08142321556806564
0.0 0.08260566741228104
0.0 0.08293043822050095
0.0 0.08393102884292603
0.0 0.08784974366426468
0.0 0.08864938467741013
0.0 inf
