0.0 0.03525324538350105
0.0 0.03778454288840294
0.0 0.0388648584485054
0.0 0.04087565094232559
0.0 0.041211120784282684
0.0 0.042481910437345505
0.0 0.043212927877902985
0.0 0.04332737997174263
0.0 0.04431452602148056
0.0 0.044746290892362595
0.0 0.045014798641204834
0.0 0.04523517191410065
0.0 0.04531790688633919
0.0 0.04563980922102928
0.0 0.04573103040456772
0.0 0.045972757041454315
0.0 0.046299081295728683
0.0 0.04674253612756729
0.0 0.046744007617235184
0.0 0.04685147479176521
0.0 0.0468703955411911
0.0 0.0469583198428154
0.0 0.04730679839849472
0.0 0.04756251722574234
0.0 0.04757852107286453
0.0 0.04764871299266815
0.0 0.04798193648457527
0.0 0.048170167952775955
0.0 0.04850482568144798
0.0 0.04854309931397438
0.0 0.04858686402440071
0.0 0.049002278596162796
0.0 0.049019940197467804
0.0 0.04934462904930115
0.0 0.04983292520046234
0.0 0.04986286908388138
0.0 0.04989272728562355
0.0 0.05007156357169151
0.0 0.050104621797800064
0.0 0.050377849489450455
0.0 0.05045126751065254
0.0 0.05053117126226425
0.0 0.050617024302482605
0.0 0.05067194625735283
0.0 0.05067826807498932
0.0 0.050748132169246674
0.0 0.051075804978609085
0.0 0.05110735818743706
0.0 0.051209088414907455
0.0 0.05123121291399002
0.0 0.05123567208647728
0.0 0.05134052038192749
0.0 0.05136312171816826
0.0 0.05158105865120888
0.0 0.051585931330919266
0.0 0.051695626229047775
0.0 0.051759298890829086
0.0 0.05206296220421791
0.0 0.05207129940390587
0.0 0.05208053067326546
0.0 0.05214180797338486
0.0 0.05224333703517914
0.0 0.052282530814409256
0.0 0.052325665950775146
0.0 0.05236876383423805
0.0 0.052659787237644196
0.0 0.052724141627550125
0.0 0.052773118019104004
0.0 0.052865829318761826
0.0 0.05288814380764961
0.0 0.05289020761847496
0.0 0.053047217428684235
0.0 0.05313947796821594
0.0 0.05322366952896118
0.0 0.05340507626533508
0.0 0.05344372242689133
0.0 0.053529493510723114
0.0 0.05372557416558266
0.0 0.053742628544569016
0.0 0.05375799909234047
0.0 0.05407772585749626
0.0 0.05411013588309288
0.0 0.05413747951388359
0.0 0.05424919351935387
0.0 0.05429241061210632
0.0 0.05430594086647034
0.0 0.05432799085974693
0.0 0.05433599650859833
0.0 0.054507121443748474
0.0 0.054537784308195114
0.0 0.054608240723609924
0.0 0.05461876466870308
0.0 0.054621290415525436
0.0 0.05465773493051529
0.0 0.05466639995574951
0.0 0.05472195893526077
0.0 0.05490128695964813
0.0 0.05496840551495552
0.0 0.05499710887670517
0.0 0.0550372414290905
0.0 0.055084627121686935
0.0 0.05534199997782707
0.0 0.05534571036696434
0.0 0.055449098348617554
0.0 0.055485934019088745
0.0 0.055515356361866
0.0 0.05555306747555733
0.0 0.05556023493409157
0.0 0.05564224720001221
0.0 0.055652596056461334
0.0 0.0557396337389946
0.0 0.055747441947460175
0.0 0.05576906353235245
0.0 0.055829185992479324
0.0 0.056208595633506775
0.0 0.05623673275113106
0.0 0.05629898980259895
0.0 0.05630967766046524
0.0 0.05637893080711365
0.0 0.05642825365066528
0.0 0.05650804936885834
0.0 0.05680380016565323
0.0 0.05686166509985924
0.0 0.05692514032125473
0.0 0.05695854872465134
0.0 0.05699429288506508
0.0 0.05702543258666992
0.0 0.0570993535220623
0.0 0.057113442569971085
0.0 0.057145699858665466
0.0 0.05722338333725929
0.0 0.05726164951920509
0.0 0.05727052316069603
0.0 0.0572945661842823
0.0 0.05732712522149086
0.0 0.05736996978521347
0.0 0.05740415304899216
0.0 0.05742835998535156
0.0 0.057496145367622375
0.0 0.057574719190597534
0.0 0.057594213634729385
0.0 0.05772096663713455
0.0 0.05775611102581024
0.0 0.05778838321566582
0.0 0.057842522859573364
0.0 0.057846613228321075
0.0 0.05802768096327782
0.0 0.058085862547159195
0.0 0.058137062937021255
0.0 0.0582372210919857
0.0 0.058274418115615845
0.0 0.05868580937385559
0.0 0.05870389938354492
0.0 0.0587138757109642
0.0 0.05886328965425491
0.0 0.058928050100803375
0.0 0.05898147076368332
0.0 0.05901487544178963
0.0 0.05902620404958725
0.0 0.05909476801753044
0.0 0.05909622460603714
0.0 0.05929538980126381
0.0 0.0592995323240757
0.0 0.0593695268034935
0.0 0.059458136558532715
0.0 0.05948252975940704
0.0 0.05950358882546425
0.0 0.05955754965543747
0.0 0.059609174728393555
0.0 0.0596141442656517
0.0 0.059674784541130066
0.0 0.05969015881419182
0.0 0.05969622731208801
0.0 0.059751857072114944
0.0 0.0598931610584259
0.0 0.05992736667394638
0.0 0.059939805418252945
0.0 0.059974171221256256
0.0 0.06000169739127159
0.0 0.06006241217255592
0.0 0.06006433442234993
0.0 0.06009948253631592
0.0 0.06015782430768013
0.0 0.060274433344602585
0.0 0.06034163758158684
0.0 0.060349684208631516
0.0 0.06044445559382439
0.0 0.06047859415411949
0.0 0.060524340718984604
0.0 0.06057432293891907
0.0 0.06086407229304314
0.0 0.06096731126308441
0.0 0.0609942264854908
0.0 0.06110246852040291
0.0 0.061154767870903015
0.0 0.06122811138629913
0.0 0.0612323172390461
0.0 0.06130743399262428
0.0 0.061327096074819565
0.0 0.06142617389559746
0.0 0.06148803234100342
0.0 0.0615202821791172
0.0 0.06156041473150253
0.0 0.061567336320877075
0.0 0.061578892171382904
0.0 0.06161404401063919
0.0 0.06169556826353073
0.0 0.06171669065952301
0.0 0.06177107244729996
0.0 0.06180408224463463
0.0 0.0618850402534008
0.0 0.06190531700849533
0.0 0.061923861503601074
0.0 0.062211211770772934
0.0 0.06222643703222275
0.0 0.0624331496655941
0.0 0.06247633323073387
0.0 0.06250688433647156
0.0 0.06269574165344238
0.0 0.06273066997528076
0.0 0.06296391040086746
0.0 0.06298130750656128
0.0 0.06304161250591278
0.0 0.06306075304746628
0.0 0.0630832388997078
0.0 0.06310398131608963
0.0 0.06312738358974457
0.0 0.06332165747880936
0.0 0.06334563344717026
0.0 0.06335011124610901
0.0 0.06346537172794342
0.0 0.06349614262580872
0.0 0.06360118091106415
0.0 0.06364492326974869
0.0 0.06372857838869095
0.0 0.06375380605459213
0.0 0.06377168744802475
0.0 0.063885398209095
0.0 0.06388596445322037
0.0 0.06399549543857574
0.0 0.06399983912706375
0.0 0.0640794187784195
0.0 0.06420201063156128
0.0 0.06427156180143356
0.0 0.06430331617593765
0.0 0.06430475413799286
0.0 0.06450308114290237
0.0 0.06453640758991241
0.0 0.06457265466451645
0.0 0.0645948126912117
0.0 0.06462644040584564
0.0 0.06469133496284485
0.0 0.06475257128477097
0.0 0.06482511758804321
0.0 0.06495565921068192
0.0 0.06497237831354141
0.0 0.06501495093107224
0.0 0.06503351777791977
0.0 0.06505649536848068
0.0 0.06515250355005264
0.0 0.06516183912754059
0.0 0.06518387049436569
0.0 0.06523468345403671
0.0 0.06552507728338242
0.0 0.0655672550201416
0.0 0.06566236168146133
0.0 0.06570041179656982
0.0 0.0657101571559906
0.0 0.06583654135465622
0.0 0.06594427675008774
0.0 0.06613560020923615
0.0 0.06617037951946259
0.0 0.0661749467253685
0.0 0.06617982685565948
0.0 0.06622349470853806
0.0 0.06640710681676865
0.0 0.06656630337238312
0.0 0.06664588302373886
0.0 0.0666581392288208
0.0 0.06668518483638763
0.0 0.06670942902565002
0.0 0.0667995736002922
0.0 0.06701390445232391
0.0 0.06717629730701447
0.0 0.0672939345240593
0.0 0.06734753400087357
0.0 0.06744415313005447
0.0 0.06747734546661377
0.0 0.06750377267599106
0.0 0.06755310297012329
0.0 0.06759411096572876
0.0 0.06760931015014648
0.0 0.06763683259487152
0.0 0.0676860511302948
0.0 0.0678286999464035
0.0 0.06800881773233414
0.0 0.06814538687467575
0.0 0.06826487928628922
0.0 0.06836836040019989
0.0 0.06843015551567078
0.0 0.06844796985387802
0.0 0.06857112050056458
0.0 0.06858883053064346
0.0 0.06866392493247986
0.0 0.06873684376478195
0.0 0.06879059225320816
0.0 0.06885039806365967
0.0 0.06896322965621948
0.0 0.069074347615242
0.0 0.06909094750881195
0.0 0.0691833645105362
0.0 0.0692383348941803
0.0 0.06934192776679993
0.0 0.0693792849779129
0.0 0.06938955187797546
0.0 0.0694379135966301
0.0 0.06951397657394409
0.0 0.06955447047948837
0.0 0.06961284577846527
0.0 0.06978511065244675
0.0 0.07001251727342606
0.0 0.07003749907016754
0.0 0.07010853290557861
0.0 0.07022615522146225
0.0 0.07038164138793945
0.0 0.07040119171142578
0.0 0.07043056190013885
0.0 0.07054774463176727
0.0 0.07056377083063126
0.0 0.0706789642572403
0.0 0.07074740529060364
0.0 0.07091116905212402
0.0 0.07123734802007675
0.0 0.07128778845071793
0.0 0.07129441201686859
0.0 0.07129553705453873
0.0 0.07131464779376984
0.0 0.07131645828485489
0.0 0.07138299196958542
0.0 0.0715118795633316
0.0 0.07168853282928467
0.0 0.0716952234506607
0.0 0.07174205780029297
0.0 0.0718400627374649
0.0 0.07194163650274277
0.0 0.07200200110673904
0.0 0.0720585361123085
0.0 0.07220837473869324
0.0 0.07222394645214081
0.0 0.07227195799350739
0.0 0.07241348922252655
0.0 0.07249708473682404
0.0 0.07257804274559021
0.0 0.07265529781579971
0.0 0.07285787910223007
0.0 0.07302412390708923
0.0 0.07319661974906921
0.0 0.0732739195227623
0.0 0.07328915596008301
0.0 0.07347819954156876
0.0 0.0734831690788269
0.0 0.07348810136318207
0.0 0.07390390336513519
0.0 0.07395948469638824
0.0 0.07404251396656036
0.0 0.07406588643789291
0.0 0.07412732392549515
0.0 0.07417404651641846
0.0 0.07419554889202118
0.0 0.07420362532138824
0.0 0.07439067214727402
0.0 0.07439683377742767
0.0 0.07441969215869904
0.0 0.07443889230489731
0.0 0.07462538778781891
0.0 0.07481294125318527
0.0 0.07493134588003159
0.0 0.07494374364614487
0.0 0.07506321370601654
0.0 0.0750708058476448
0.0 0.07510243356227875
0.0 0.07513365149497986
0.0 0.07528357952833176
0.0 0.07543060928583145
0.0 0.07544994354248047
0.0 0.0754876434803009
0.0 0.0755075067281723
0.0 0.07562901824712753
0.0 0.07595621794462204
0.0 0.07598324865102768
0.0 0.0760037824511528
0.0 0.07602402567863464
0.0 0.07615014165639877
0.0 0.07648369669914246
0.0 0.07657985389232635
0.0 0.07667694985866547
0.0 0.07700315862894058
0.0 0.07700905948877335
0.0 0.07709623873233795
0.0 0.07731177657842636
0.0 0.07757769525051117
0.0 0.07764646410942078
0.0 0.07779180258512497
0.0 0.07779951393604279
0.0 0.07811729609966278
0.0 0.07813074439764023
0.0 0.07813319563865662
0.0 0.07819904386997223
0.0 0.07839688658714294
0.0 0.07845114916563034
0.0 0.07846619188785553
0.0 0.07892639935016632
0.0 0.0789676383137703
0.0 0.07915835082530975
0.0 0.07922136038541794
0.0 0.07931863516569138
0.0 0.0796063169836998
0.0 0.07961507886648178
0.0 0.07968521118164062
0.0 0.0797894299030304
0.0 0.07985889166593552
0.0 0.08005338907241821
0.0 0.08014653623104095
0.0 0.08060679584741592
0.0 0.0806707814335823
0.0 0.08092769980430603
0.0 0.0809653103351593
0.0 0.08103371411561966
0.0 0.08194205909967422
0.0 0.08224888890981674
0.0 0.08234131336212158
0.0 0.08234474807977676
0.0 0.08237285912036896
0.0 0.08251851052045822
0.0 0.08259981125593185
0.0 0.08260679244995117
0.0 0.08268913626670837
0.0 0.08287817984819412
0.0 0.08289355784654617
0.0 0.08293960988521576
0.0 0.0829484760761261
0.0 0.08335092663764954
0.0 0.08339790999889374
0.0 0.08347346633672714
0.0 0.08349613845348358
0.0 0.08388122916221619
0.0 0.08423177152872086
0.0 0.08427304774522781
0.0 0.08428569883108139
0.0 0.08438178896903992
0.0 0.08464625477790833
0.0 0.08484049141407013
0.0 0.08512309193611145
0.0 0.0855356901884079
0.0 0.08561597764492035
0.0 0.08577585220336914
0.0 0.08583672344684601
0.0 0.08590888231992722
0.0 0.0860690027475357
0.0 0.08614042401313782
0.0 0.0863059014081955
0.0 0.08648641407489777
0.0 0.08707936108112335
0.0 0.08721326291561127
0.0 0.08728179335594177
0.0 0.08732593804597855
0.0 0.08735459297895432
0.0 0.08757477253675461
0.0 0.08790475875139236
0.0 0.08841954171657562
0.0 0.08937911689281464
0.0 0.0895330160856247
0.0 0.08971531689167023
0.0 0.08986262232065201
0.0 0.08997880667448044
0.0 0.09001658111810684
0.0 0.0904928520321846
0.0 0.09094607084989548
0.0 0.09152451902627945
0.0 0.09172677248716354
0.0 0.09175063669681549
0.0 0.09250273555517197
0.0 0.0927577093243599
0.0 0.09294454008340836
0.0 0.09368561208248138
0.0 0.09398351609706879
0.0 0.09413634985685349
0.0 0.09455270320177078
0.0 0.09500345587730408
0.0 0.09518015384674072
0.0 0.09556306153535843
0.0 0.09624757617712021
0.0 0.09636072814464569
0.0 0.0965079590678215
0.0 0.09659095108509064
0.0 0.09673383831977844
0.0 0.0969780907034874
0.0 0.09726541489362717
0.0 0.09826251119375229
0.0 0.09871402382850647
0.0 0.0989157184958458
0.0 0.1000194102525711
0.0 0.10198736935853958
0.0 0.10454434156417847
0.0 0.10833819210529327
0.0 0.10939011722803116
0.0 0.11166944354772568
0.0 0.11407215148210526
0.0 0.12467543035745621
0.0 0.1269005984067917
0.0 0.13042587041854858
0.0 inf
