0.0 0.029904242604970932
0.0 0.033779531717300415
0.0 0.03410257771611214
0.0 0.03824486583471298
0.0 0.03869764879345894
0.0 0.03983556851744652
0.0 0.04101429507136345
0.0 0.04102310538291931
0.0 0.04107680544257164
0.0 0.04118122532963753
0.0 0.04138509929180145
0.0 0.04188589006662369
0.0 0.041929904371500015
0.0 0.04204201325774193
0.0 0.042080432176589966
0.0 0.042192183434963226
0.0 0.04229090362787247
0.0 0.04247329756617546
0.0 0.04252450913190842
0.0 0.04275544732809067
0.0 0.04294103756546974
0.0 0.04296760633587837
0.0 0.04300221428275108
0.0 0.043083712458610535
0.0 0.04308528080582619
0.0 0.043091997504234314
0.0 0.043270256370306015
0.0 0.043425172567367554
0.0 0.04358846694231033
0.0 0.043594785034656525
0.0 0.043707944452762604
0.0 0.043910957872867584
0.0 0.04420117288827896
0.0 0.044309962540864944
0.0 0.044321343302726746
0.0 0.04458954185247421
0.0 0.04486099258065224
0.0 0.04503268003463745
0.0 0.04507862776517868
0.0 0.0455285906791687
0.0 0.04557831957936287
0.0 0.04571475833654404
0.0 0.04578075557947159
0.0 0.04594307392835617
0.0 0.04612801969051361
0.0 0.04632911458611488
0.0 0.046722762286663055
0.0 0.047120168805122375
0.0 0.04718267172574997
0.0 0.047318823635578156
0.0 0.047487471252679825
0.0 0.04750052094459534
0.0 0.047500621527433395
0.0 0.04765370860695839
0.0 0.047728825360536575
0.0 0.04786371439695358
0.0 0.04787178710103035
0.0 0.047906674444675446
0.0 0.04796538129448891
0.0 0.04810091108083725
0.0 0.04819171503186226
0.0 0.048220567405223846
0.0 0.048260390758514404
0.0 0.04826304316520691
0.0 0.04849260672926903
0.0 0.04850867763161659
0.0 0.04889465495944023
0.0 0.04890173301100731
0.0 0.04894820600748062
0.0 0.04908617585897446
0.0 0.049087706953287125
0.0 0.049174800515174866
0.0 0.04952500760555267
0.0 0.049642886966466904
0.0 0.050051476806402206
0.0 0.05007985979318619
0.0 0.05013623461127281
0.0 0.05026400461792946
0.0 0.050345033407211304
0.0 0.050495389848947525
0.0 0.050588659942150116
0.0 0.050672076642513275
0.0 0.05071145296096802
0.0 0.050740599632263184
0.0 0.05078559368848801
0.0 0.0509064756333828
0.0 0.050913650542497635
0.0 0.05097520723938942
0.0 0.05099557712674141
0.0 0.0510997548699379
0.0 0.051100537180900574
0.0 0.051123760640621185
0.0 0.05131533369421959
0.0 0.051323357969522476
0.0 0.05150176212191582
0.0 0.051516588777303696
0.0 0.05154869705438614
0.0 0.05160083621740341
0.0 0.05174841359257698
0.0 0.051797036081552505
0.0 0.05181939899921417
0.0 0.05185486748814583
0.0 0.0518680214881897
0.0 0.05198682099580765
0.0 0.0520160049200058
0.0 0.052085909992456436
0.0 0.05209052935242653
0.0 0.05216526985168457
0.0 0.0522306002676487
0.0 0.052246250212192535
0.0 0.052270423620939255
0.0 0.05227880924940109
0.0 0.05232153832912445
0.0 0.0524170882999897
0.0 0.05255340039730072
0.0 0.05259795859456062
0.0 0.05259910598397255
0.0 0.052715957164764404
0.0 0.05276282876729965
0.0 0.052809372544288635
0.0 0.052812572568655014
0.0 0.05320155248045921
0.0 0.05321718379855156
0.0 0.05336860939860344
0.0 0.05340482294559479
0.0 0.053444672375917435
0.0 0.05352535843849182
0.0 0.053529657423496246
0.0 0.053698599338531494
0.0 0.05380854383111
0.0 0.053899701684713364
0.0 0.05402074754238129
0.0 0.054044511169195175
0.0 0.05415305495262146
0.0 0.05439191684126854
0.0 0.05446974188089371
0.0 0.054574865847826004
0.0 0.05468984320759773
0.0 0.054721325635910034
0.0 0.05473697558045387
0.0 0.05485255643725395
0.0 0.05501298978924751
0.0 0.0550861619412899
0.0 0.05509885400533676
0.0 0.055135276168584824
0.0 0.055143170058727264
0.0 0.05516543984413147
0.0 0.05519305542111397
0.0 0.05528932809829712
0.0 0.055343106389045715
0.0 0.055415280163288116
0.0 0.05556757375597954
0.0 0.05570213496685028
0.0 0.05576924979686737
0.0 0.05583292245864868
0.0 0.05583680421113968
0.0 0.05584854260087013
0.0 0.05588250234723091
0.0 0.05589712783694267
0.0 0.055903807282447815
0.0 0.05594063550233841
0.0 0.056028611958026886
0.0 0.056042999029159546
0.0 0.056149471551179886
0.0 0.05618914216756821
0.0 0.05623425915837288
0.0 0.056433551013469696
0.0 0.0564536489546299
0.0 0.05669538304209709
0.0 0.05675205588340759
0.0 0.056793276220560074
0.0 0.0568578764796257
0.0 0.057019107043743134
0.0 0.057019155472517014
0.0 0.05712346360087395
0.0 0.05716460570693016
0.0 0.057191524654626846
0.0 0.057272233068943024
0.0 0.057452235370874405
0.0 0.05755219981074333
0.0 0.0576990470290184
0.0 0.05770418420433998
0.0 0.05770884081721306
0.0 0.057900186628103256
0.0 0.058052632957696915
0.0 0.05813072249293327
0.0 0.05817634239792824
0.0 0.058303095400333405
0.0 0.05834503471851349
0.0 0.05839349702000618
0.0 0.05841531604528427
0.0 0.058512162417173386
0.0 0.05852285027503967
0.0 0.05859386548399925
0.0 0.05860396847128868
0.0 0.05864180251955986
0.0 0.058674827218055725
0.0 0.05869855359196663
0.0 0.058734696358442307
0.0 0.05876527726650238
0.0 0.058861132711172104
0.0 0.05901264771819115
0.0 0.05924967676401138
0.0 0.05929473415017128
0.0 0.05931262671947479
0.0 0.059336259961128235
0.0 0.05935768410563469
0.0 0.059399545192718506
0.0 0.059561848640441895
0.0 0.05960651859641075
0.0 0.05970059335231781
0.0 0.05984851345419884
0.0 0.059881776571273804
0.0 0.06001594290137291
0.0 0.060282934457063675
0.0 0.06038663163781166
0.0 0.06045107915997505
0.0 0.0605161115527153
0.0 0.06059886887669563
0.0 0.06062765792012215
0.0 0.060771431773900986
0.0 0.060912661254405975
0.0 0.06110622361302376
0.0 0.06124382093548775
0.0 0.06130700558423996
0.0 0.061500608921051025
0.0 0.061548613011837006
0.0 0.06161508709192276
0.0 0.06172699108719826
0.0 0.06197632476687431
0.0 0.06224047765135765
0.0 0.0622970387339592
0.0 0.062351375818252563
0.0 0.06239616498351097
0.0 0.06258702278137207
0.0 0.06262555718421936
0.0 0.06268107146024704
0.0 0.06272906064987183
0.0 0.06279727816581726
0.0 0.06282435357570648
0.0 0.06284977495670319
0.0 0.0628775954246521
0.0 0.06288239359855652
0.0 0.06289130449295044
0.0 0.06295616179704666
0.0 0.06302829086780548
0.0 0.06303337961435318
0.0 0.06304027140140533
0.0 0.06306495517492294
0.0 0.0632781982421875
0.0 0.0632973164319992
0.0 0.06342339515686035
0.0 0.06342963129281998
0.0 0.06351214647293091
0.0 0.06364686042070389
0.0 0.06368636339902878
0.0 0.06368743628263474
0.0 0.06377063691616058
0.0 0.0638311505317688
0.0 0.06387489289045334
0.0 0.06388846039772034
0.0 0.06423649191856384
0.0 0.06425731629133224
0.0 0.06436386704444885
0.0 0.06436935067176819
0.0 0.06447717547416687
0.0 0.06448028981685638
0.0 0.06452108919620514
0.0 0.06472762674093246
0.0 0.06499341875314713
0.0 0.0650290921330452
0.0 0.0650344118475914
0.0 0.06503709405660629
0.0 0.06522630900144577
0.0 0.0654260516166687
0.0 0.06554917991161346
0.0 0.065575510263443
0.0 0.06564914435148239
0.0 0.06570230424404144
0.0 0.06580531597137451
0.0 0.06581222265958786
0.0 0.0658673346042633
0.0 0.06587616354227066
0.0 0.06592421978712082
0.0 0.06605182588100433
0.0 0.06606019288301468
0.0 0.06621232628822327
0.0 0.06626271456480026
0.0 0.06635003536939621
0.0 0.06635644286870956
0.0 0.06641283631324768
0.0 0.06646185368299484
0.0 0.06651495397090912
0.0 0.0667680948972702
0.0 0.06679639220237732
0.0 0.06685792654752731
0.0 0.06688065081834793
0.0 0.06693901866674423
0.0 0.0669931173324585
0.0 0.06706344336271286
0.0 0.06715096533298492
0.0 0.06731374561786652
0.0 0.06747786700725555
0.0 0.06748194247484207
0.0 0.06750178337097168
0.0 0.06754866987466812
0.0 0.06776649504899979
0.0 0.06779102236032486
0.0 0.06787953525781631
0.0 0.06801050156354904
0.0 0.06814523786306381
0.0 0.06825452297925949
0.0 0.06828168034553528
0.0 0.06833001971244812
0.0 0.06835810095071793
0.0 0.06852546334266663
0.0 0.06856498122215271
0.0 0.06864908337593079
0.0 0.06869018077850342
0.0 0.06873165816068649
0.0 0.06886060535907745
0.0 0.06892456859350204
0.0 0.0689423605799675
0.0 0.06898673623800278
0.0 0.06901095062494278
0.0 0.06906276196241379
0.0 0.06913187354803085
0.0 0.06926169246435165
0.0 0.069322369992733
0.0 0.06944030523300171
0.0 0.06949229538440704
0.0 0.06951826810836792
0.0 0.06953686475753784
0.0 0.06963760405778885
0.0 0.06965513527393341
0.0 0.06965821981430054
0.0 0.06991348415613174
0.0 0.06994129717350006
0.0 0.06995450705289841
0.0 0.0700395479798317
0.0 0.07016225904226303
0.0 0.07041832059621811
0.0 0.07066910713911057
0.0 0.07105095684528351
0.0 0.07124857604503632
0.0 0.07125303149223328
0.0 0.07127673178911209
0.0 0.07130751013755798
0.0 0.0716128870844841
0.0 0.0716446116566658
0.0 0.07164748013019562
0.0 0.07171318680047989
0.0 0.0719476118683815
0.0 0.07208051532506943
0.0 0.07210790365934372
0.0 0.07226130366325378
0.0 0.07228219509124756
0.0 0.07231062650680542
0.0 0.07235616445541382
0.0 0.07251470535993576
0.0 0.07266389578580856
0.0 0.07267485558986664
0.0 0.07270731031894684
0.0 0.07278081029653549
0.0 0.07295649498701096
0.0 0.07337682694196701
0.0 0.0736088901758194
0.0 0.07386337965726852
0.0 0.0739407166838646
0.0 0.07409080862998962
0.0 0.07415177673101425
0.0 0.07416074723005295
0.0 0.07432462275028229
0.0 0.07441480457782745
0.0 0.07448162138462067
0.0 0.07454396039247513
0.0 0.07466702908277512
0.0 0.074704609811306
0.0 0.07497230917215347
0.0 0.07502047717571259
0.0 0.0750860869884491
0.0 0.07510887831449509
0.0 0.07522247731685638
0.0 0.07539831846952438
0.0 0.07547080516815186
0.0 0.07547909766435623
0.0 0.07555373013019562
0.0 0.07558576762676239
0.0 0.07577113807201385
0.0 0.07583416253328323
0.0 0.0759328231215477
0.0 0.07604410499334335
0.0 0.07612424343824387
0.0 0.07612594962120056
0.0 0.07623570412397385
0.0 0.07631955295801163
0.0 0.07645644247531891
0.0 0.07667595148086548
0.0 0.0768142119050026
0.0 0.07698754966259003
0.0 0.07708598673343658
0.0 0.07719606161117554
0.0 0.07790166884660721
0.0 0.07813924551010132
0.0 0.07864498347043991
0.0 0.07874389737844467
0.0 0.07886824756860733
0.0 0.07896441966295242
0.0 0.07911959290504456
0.0 0.07917553186416626
0.0 0.07923739403486252
0.0 0.0795971006155014
0.0 0.07987242192029953
0.0 0.07992139458656311
0.0 0.07998578995466232
0.0 0.08002416789531708
0.0 0.0801297128200531
0.0 0.0803896114230156
0.0 0.08045951277017593
0.0 0.0805143341422081
0.0 0.08059657365083694
0.0 0.08077576756477356
0.0 0.08081072568893433
0.0 0.08101490139961243
0.0 0.08111046254634857
0.0 0.08148536831140518
0.0 0.08156508207321167
0.0 0.08156908303499222
0.0 0.0820731446146965
0.0 0.08213537931442261
0.0 0.08216292411088943
0.0 0.08239120244979858
0.0 0.08247479796409607
0.0 0.0826520025730133
0.0 0.08276313543319702
0.0 0.08326373249292374
0.0 0.08347517997026443
0.0 0.0835401862859726
0.0 0.0836104229092598
0.0 0.08381366729736328
0.0 0.0839366614818573
0.0 0.08425390720367432
0.0 0.08462746441364288
0.0 0.08475133776664734
0.0 0.08475588262081146
0.0 0.08476152271032333
0.0 0.0847989171743393
0.0 0.0848420038819313
0.0 0.08546145260334015
0.0 0.0854903906583786
0.0 0.08661534637212753
0.0 0.08685135841369629
0.0 0.08697465807199478
0.0 0.08709939569234848
0.0 0.08729013055562973
0.0 0.08757849037647247
0.0 0.08787069469690323
0.0 0.08795442432165146
0.0 0.08817070722579956
0.0 0.08828003704547882
0.0 0.08828067034482956
0.0 0.08877769112586975
0.0 0.08903452008962631
0.0 0.08938578516244888
0.0 0.08961433917284012
0.0 0.08982516825199127
0.0 0.09039384126663208
0.0 0.09067792445421219
0.0 0.09072960913181305
0.0 0.09085457026958466
0.0 0.0924033671617508
0.0 0.09260780364274979
0.0 0.09281517565250397
0.0 0.09284084290266037
0.0 0.09328657388687134
0.0 0.09334086626768112
0.0 0.0935313031077385
0.0 0.09366888552904129
0.0 0.09404829144477844
0.0 0.09406957775354385
0.0 0.09407421201467514
0.0 0.09454993158578873
0.0 0.09478362649679184
0.0 0.09509757906198502
0.0 0.09512338042259216
0.0 0.09520696848630905
0.0 0.09615575522184372
0.0 0.09642785787582397
0.0 0.0968824028968811
0.0 0.09719762951135635
0.0 0.0977938249707222
0.0 0.09862817823886871
0.0 0.09925388544797897
0.0 0.0996478796005249
0.0 0.10105238854885101
0.0 0.101515032351017
0.0 0.10268183052539825
0.0 0.10354910790920258
0.0 0.10413717478513718
0.0 0.10482349991798401
0.0 0.10505171865224838
0.0 0.1059727743268013
0.0 0.10704199969768524
0.0 0.10794850438833237
0.0 0.11118025332689285
0.0 0.11120438575744629
0.0 0.11187173426151276
0.0 0.11222986876964569
0.0 0.11344439536333084
0.0 0.11492959409952164
0.0 0.11742322891950607
0.0 inf
