0.0 0.02702951990067959
0.0 0.028814300894737244
0.0 0.02930402383208275
0.0 0.03233887627720833
0.0 0.032797493040561676
0.0 0.03311809152364731
0.0 0.033361610025167465
0.0 0.033369261771440506
0.0 0.03377196565270424
0.0 0.03393174335360527
0.0 0.0341113843023777
0.0 0.034170474857091904
0.0 0.034232333302497864
0.0 0.034398678690195084
0.0 0.03444448113441467
0.0 0.03451675549149513
0.0 0.03454713150858879
0.0 0.03455425053834915
0.0 0.034644715487957
0.0 0.03464910387992859
0.0 0.0350203812122345
0.0 0.03507521003484726
0.0 0.03520476073026657
0.0 0.035269126296043396
0.0 0.03550655394792557
0.0 0.03560860827565193
0.0 0.035853564739227295
0.0 0.03587578237056732
0.0 0.03613340109586716
0.0 0.03615204617381096
0.0 0.03623782470822334
0.0 0.03643487021327019
0.0 0.03679931163787842
0.0 0.03684530034661293
0.0 0.03705136850476265
0.0 0.03715565800666809
0.0 0.037283141165971756
0.0 0.03748605027794838
0.0 0.03752691298723221
0.0 0.03753233328461647
0.0 0.037535518407821655
0.0 0.03763682395219803
0.0 0.037721600383520126
0.0 0.03810924291610718
0.0 0.03821047022938728
0.0 0.03824135661125183
0.0 0.038241371512413025
0.0 0.03830151632428169
0.0 0.03842083364725113
0.0 0.03846604377031326
0.0 0.03847328945994377
0.0 0.0385284349322319
0.0 0.03858736902475357
0.0 0.038740720599889755
0.0 0.038835279643535614
0.0 0.03887233883142471
0.0 0.038874950259923935
0.0 0.03893763944506645
0.0 0.03906119242310524
0.0 0.03964352235198021
0.0 0.0397036150097847
0.0 0.039744023233652115
0.0 0.03979061543941498
0.0 0.03980998694896698
0.0 0.0399208590388298
0.0 0.039932429790496826
0.0 0.04003990814089775
0.0 0.04010362923145294
0.0 0.0403657965362072
0.0 0.04043731093406677
0.0 0.04045039415359497
0.0 0.04049967601895332
0.0 0.04055360332131386
0.0 0.04059476777911186
0.0 0.04064677283167839
0.0 0.04067403823137283
0.0 0.04069714620709419
0.0 0.04071008414030075
0.0 0.04071832448244095
0.0 0.040830787271261215
0.0 0.04085303470492363
0.0 0.04086245968937874
0.0 0.04094516858458519
0.0 0.040959637612104416
0.0 0.04099111631512642
0.0 0.04103918373584747
0.0 0.041071515530347824
0.0 0.04110464081168175
0.0 0.04114656150341034
0.0 0.0411604680120945
0.0 0.04118676111102104
0.0 0.0411895215511322
0.0 0.04121435061097145
0.0 0.04122716933488846
0.0 0.04125035181641579
0.0 0.041286859661340714
0.0 0.04146949201822281
0.0 0.04149676486849785
0.0 0.04151591658592224
0.0 0.04165230318903923
0.0 0.04172597452998161
0.0 0.04175761342048645
0.0 0.041774921119213104
0.0 0.0418069027364254
0.0 0.04187557101249695
0.0 0.0420062281191349
0.0 0.042066436260938644
0.0 0.04217907041311264
0.0 0.04221724718809128
0.0 0.042272377759218216
0.0 0.04242759197950363
0.0 0.04258722439408302
0.0 0.04261785000562668
0.0 0.04262532666325569
0.0 0.042710814625024796
0.0 0.04276292026042938
0.0 0.04279759153723717
0.0 0.04284406080842018
0.0 0.04285366088151932
0.0 0.042853981256484985
0.0 0.04290466010570526
0.0 0.042952265590429306
0.0 0.0430646575987339
0.0 0.04315157234668732
0.0 0.043202634900808334
0.0 0.04322406277060509
0.0 0.043302055448293686
0.0 0.04334254190325737
0.0 0.043352946639060974
0.0 0.04343552887439728
0.0 0.04356823489069939
0.0 0.043568629771471024
0.0 0.04361777380108833
0.0 0.043626029044389725
0.0 0.04363016039133072
0.0 0.04368223622441292
0.0 0.043737564235925674
0.0 0.043748341500759125
0.0 0.04377637803554535
0.0 0.04379658401012421
0.0 0.04386536777019501
0.0 0.04392686486244202
0.0 0.04395028576254845
0.0 0.04396120086312294
0.0 0.043970752507448196
0.0 0.04403522610664368
0.0 0.04405633360147476
0.0 0.044077154248952866
0.0 0.04416990280151367
0.0 0.04425184801220894
0.0 0.044328492134809494
0.0 0.04434080794453621
0.0 0.04434620961546898
0.0 0.04437496140599251
0.0 0.0444067157804966
0.0 0.04449215158820152
0.0 0.04452523589134216
0.0 0.0446130633354187
0.0 0.04472089186310768
0.0 0.04473162814974785
0.0 0.04481559619307518
0.0 0.04495808482170105
0.0 0.044996533542871475
0.0 0.04501425102353096
0.0 0.04506009444594383
0.0 0.04508274793624878
0.0 0.04508489370346069
0.0 0.04509003832936287
0.0 0.04510723054409027
0.0 0.04511000216007233
0.0 0.04514772444963455
0.0 0.045300163328647614
0.0 0.0453331284224987
0.0 0.04551027715206146
0.0 0.045532114803791046
0.0 0.04553364962339401
0.0 0.045553240925073624
0.0 0.04557192698121071
0.0 0.045573677867650986
0.0 0.04558650776743889
0.0 0.04571755602955818
0.0 0.04575386643409729
0.0 0.045771244913339615
0.0 0.04578903317451477
0.0 0.045820415019989014
0.0 0.04583029821515083
0.0 0.045836370438337326
0.0 0.0459480881690979
0.0 0.04599945247173309
0.0 0.04602498188614845
0.0 0.04607133939862251
0.0 0.046104807406663895
0.0 0.04613673686981201
0.0 0.04615262523293495
0.0 0.046238526701927185
0.0 0.046301502734422684
0.0 0.046307679265737534
0.0 0.04631743207573891
0.0 0.04639820754528046
0.0 0.046414609998464584
0.0 0.046473536640405655
0.0 0.04649009555578232
0.0 0.04649714380502701
0.0 0.046508558094501495
0.0 0.046515706926584244
0.0 0.046680763363838196
0.0 0.04671864211559296
0.0 0.046891842037439346
0.0 0.04689475893974304
0.0 0.04696102812886238
0.0 0.04700881615281105
0.0 0.04721858724951744
0.0 0.04727047681808472
0.0 0.04730796068906784
0.0 0.04731222242116928
0.0 0.047386202961206436
0.0 0.047414958477020264
0.0 0.04743611440062523
0.0 0.04750050604343414
0.0 0.047512128949165344
0.0 0.04753446951508522
0.0 0.04754740372300148
0.0 0.04762692004442215
0.0 0.04763103276491165
0.0 0.04767315462231636
0.0 0.04777941107749939
0.0 0.04788275435566902
0.0 0.048018038272857666
0.0 0.0481773316860199
0.0 0.04823659360408783
0.0 0.048287179321050644
0.0 0.048310957849025726
0.0 0.048314519226551056
0.0 0.04842767491936684
0.0 0.048440515995025635
0.0 0.048462800681591034
0.0 0.0484793521463871
0.0 0.04861924797296524
0.0 0.048692651093006134
0.0 0.04871518909931183
0.0 0.04875974357128143
0.0 0.04880108684301376
0.0 0.048876404762268066
0.0 0.04888249561190605
0.0 0.04890015348792076
0.0 0.04896923527121544
0.0 0.04906580224633217
0.0 0.049079637974500656
0.0 0.04917668178677559
0.0 0.04920760169625282
0.0 0.04925841465592384
0.0 0.04934493079781532
0.0 0.04943499714136124
0.0 0.04943665862083435
0.0 0.04948774725198746
0.0 0.049490105360746384
0.0 0.0495145358145237
0.0 0.04953688383102417
0.0 0.04954324662685394
0.0 0.04961496219038963
0.0 0.049886178225278854
0.0 0.049890805035829544
0.0 0.049927968531847
0.0 0.04999751225113869
0.0 0.0500028096139431
0.0 0.05001368746161461
0.0 0.05004400387406349
0.0 0.0500587560236454
0.0 0.050180476158857346
0.0 0.0502716526389122
0.0 0.05035169795155525
0.0 0.050555285066366196
0.0 0.050885360687971115
0.0 0.050940271466970444
0.0 0.0510672926902771
0.0 0.051187943667173386
0.0 0.051224201917648315
0.0 0.05143750086426735
0.0 0.05145149677991867
0.0 0.051557548344135284
0.0 0.05158594250679016
0.0 0.05166010186076164
0.0 0.05171728879213333
0.0 0.051720988005399704
0.0 0.05173813924193382
0.0 0.05177794769406319
0.0 0.05180363357067108
0.0 0.05204188823699951
0.0 0.05206501483917236
0.0 0.052227459847927094
0.0 0.0523773729801178
0.0 0.05247267335653305
0.0 0.05249437317252159
0.0 0.05251127853989601
0.0 0.0525558665394783
0.0 0.052704211324453354
0.0 0.05274363234639168
0.0 0.052785180509090424
0.0 0.052846938371658325
0.0 0.052978482097387314
0.0 0.05302719399333
0.0 0.05309739336371422
0.0 0.053276050835847855
0.0 0.05329803377389908
0.0 0.0533057302236557
0.0 0.053450122475624084
0.0 0.053523458540439606
0.0 0.05361246317625046
0.0 0.05390648916363716
0.0 0.05405823513865471
0.0 0.054093651473522186
0.0 0.05417831614613533
0.0 0.054184433072805405
0.0 0.054247066378593445
0.0 0.0543363131582737
0.0 0.05449237301945686
0.0 0.05451982095837593
0.0 0.054569121450185776
0.0 0.054587941616773605
0.0 0.05468268692493439
0.0 0.05474309250712395
0.0 0.05475018918514252
0.0 0.054813120514154434
0.0 0.05503526329994202
0.0 0.055069614201784134
0.0 0.05513672158122063
0.0 0.05514344200491905
0.0 0.055179957300424576
0.0 0.055183421820402145
0.0 0.05519545078277588
0.0 0.05519803985953331
0.0 0.05521106347441673
0.0 0.05532461404800415
0.0 0.055530741810798645
0.0 0.055557843297719955
0.0 0.05558422952890396
0.0 0.05559984967112541
0.0 0.0556015744805336
0.0 0.05566220358014107
0.0 0.05581905320286751
0.0 0.05601982772350311
0.0 0.056080132722854614
0.0 0.056163765490055084
0.0 0.056242577731609344
0.0 0.05626775324344635
0.0 0.05627429857850075
0.0 0.05662858858704567
0.0 0.05674419179558754
0.0 0.05681736022233963
0.0 0.05681877210736275
0.0 0.056873567402362823
0.0 0.05692017450928688
0.0 0.05695229396224022
0.0 0.057228557765483856
0.0 0.057293087244033813
0.0 0.05733998119831085
0.0 0.057377640157938004
0.0 0.057402465492486954
0.0 0.05750402808189392
0.0 0.0577637180685997
0.0 0.05777297541499138
0.0 0.05779924616217613
0.0 0.057838719338178635
0.0 0.05784344673156738
0.0 0.057948436588048935
0.0 0.0580708384513855
0.0 0.05814332515001297
0.0 0.05836528539657593
0.0 0.0583757609128952
0.0 0.05847296491265297
0.0 0.05847391486167908
0.0 0.05848923325538635
0.0 0.0585978738963604
0.0 0.05881958082318306
0.0 0.05899762734770775
0.0 0.05928787589073181
0.0 0.05928913876414299
0.0 0.05937725305557251
0.0 0.05941447988152504
0.0 0.05970263108611107
0.0 0.05984999239444733
0.0 0.059887077659368515
0.0 0.059969477355480194
0.0 0.059980157762765884
0.0 0.06032435595989227
0.0 0.060327671468257904
0.0 0.060792043805122375
0.0 0.06083172559738159
0.0 0.060940567404031754
0.0 0.06094245985150337
0.0 0.06100338697433472
0.0 0.06102507933974266
0.0 0.06113347038626671
0.0 0.06115379557013512
0.0 0.06128151714801788
0.0 0.0614628866314888
0.0 0.06147428974509239
0.0 0.061618998646736145
0.0 0.061638105660676956
0.0 0.0618075393140316
0.0 0.0618697889149189
0.0 0.06199387460947037
0.0 0.06211186572909355
0.0 0.0625387579202652
0.0 0.06257447600364685
0.0 0.06261403113603592
0.0 0.06263313442468643
0.0 0.06290201097726822
0.0 0.0629638284444809
0.0 0.062996044754982
0.0 0.06302279233932495
0.0 0.06377355754375458
0.0 0.06384874135255814
0.0 0.06395749747753143
0.0 0.06421484053134918
0.0 0.06442740559577942
0.0 0.06481871008872986
0.0 0.06548666954040527
0.0 0.06555138528347015
0.0 0.06558158248662949
0.0 0.06559878587722778
0.0 0.06573783606290817
0.0 0.06574461609125137
0.0 0.06583299487829208
0.0 0.06602223217487335
0.0 0.06602421402931213
0.0 0.06657619774341583
0.0 0.06685877591371536
0.0 0.06702985614538193
0.0 0.06710715591907501
0.0 0.06717762351036072
0.0 0.06727583706378937
0.0 0.0676962360739708
0.0 0.06776460260152817
0.0 0.06788673996925354
0.0 0.06799967586994171
0.0 0.06824401021003723
0.0 0.06836631149053574
0.0 0.06851125508546829
0.0 0.06854623556137085
0.0 0.0688672587275505
0.0 0.06890851259231567
0.0 0.06902676075696945
0.0 0.06918113678693771
0.0 0.06930127739906311
0.0 0.06974945962429047
0.0 0.06999462842941284
0.0 0.07005015760660172
0.0 0.07023335993289948
0.0 0.07051648199558258
0.0 0.070856474339962
0.0 0.07087292522192001
0.0 0.07093283534049988
0.0 0.07110106199979782
0.0 0.07160251587629318
0.0 0.07185434550046921
0.0 0.07196226716041565
0.0 0.07225204259157181
0.0 0.07248083502054214
0.0 0.0725480392575264
0.0 0.07259764522314072
0.0 0.07282247394323349
0.0 0.07294286042451859
0.0 0.07310490310192108
0.0 0.073154978454113
0.0 0.07323217391967773
0.0 0.07327818125486374
0.0 0.07329239696264267
0.0 0.07344698905944824
0.0 0.07354287803173065
0.0 0.07380954921245575
0.0 0.07413214445114136
0.0 0.07413985580205917
0.0 0.07414548099040985
0.0 0.0747537836432457
0.0 0.07475641369819641
0.0 0.07487040758132935
0.0 0.07499241083860397
0.0 0.07537752389907837
0.0 0.07538359612226486
0.0 0.07609985768795013
0.0 0.07610680907964706
0.0 0.076136015355587
0.0 0.07628781348466873
0.0 0.07632561028003693
0.0 0.07700949907302856
0.0 0.07716581970453262
0.0 0.07735326141119003
0.0 0.07788937538862228
0.0 0.07815013825893402
0.0 0.07816409319639206
0.0 0.07833611220121384
0.0 0.07885149121284485
0.0 0.08006972074508667
0.0 0.08054309338331223
0.0 0.08212624490261078
0.0 0.08253638446331024
0.0 0.08296766877174377
0.0 0.08310969918966293
0.0 0.08315365761518478
0.0 0.08387703448534012
0.0 0.08496133983135223
0.0 0.08650423586368561
0.0 0.0865345299243927
0.0 0.08809789270162582
0.0 0.08983668684959412
0.0 0.08996879309415817
0.0 0.09056117385625839
0.0 0.09090902656316757
0.0 0.092644102871418
0.0 0.09513446688652039
0.0 inf
