0.0 0.03894820436835289
0.0 0.042119160294532776
0.0 0.04245389997959137
0.0 0.04357016459107399
0.0 0.044143520295619965
0.0 0.04422112554311752
0.0 0.04448200762271881
0.0 0.044770415872335434
0.0 0.04491562768816948
0.0 0.045037224888801575
0.0 0.04517439752817154
0.0 0.04598376154899597
0.0 0.04617691412568092
0.0 0.04665926843881607
0.0 0.04673280194401741
0.0 0.04677605628967285
0.0 0.04678088426589966
0.0 0.046833336353302
0.0 0.046884872019290924
0.0 0.04721507057547569
0.0 0.047281548380851746
0.0 0.04742302745580673
0.0 0.04756689444184303
0.0 0.04757930710911751
0.0 0.047734733670949936
0.0 0.04790094494819641
0.0 0.04829654470086098
0.0 0.04838523268699646
0.0 0.04861526936292648
0.0 0.04864747077226639
0.0 0.048808854073286057
0.0 0.04924321174621582
0.0 0.04932301491498947
0.0 0.04934297874569893
0.0 0.04948977753520012
0.0 0.04952172935009003
0.0 0.049580175429582596
0.0 0.049764301627874374
0.0 0.04982376471161842
0.0 0.049848560243844986
0.0 0.04986023157835007
0.0 0.0498775877058506
0.0 0.049881309270858765
0.0 0.049930140376091
0.0 0.04999897629022598
0.0 0.0500197559595108
0.0 0.05012217164039612
0.0 0.05012902617454529
0.0 0.050146713852882385
0.0 0.05015969276428223
0.0 0.05036420375108719
0.0 0.05037067085504532
0.0 0.05040079727768898
0.0 0.05049050599336624
0.0 0.0505184568464756
0.0 0.05058291554450989
0.0 0.050660599023103714
0.0 0.050838761031627655
0.0 0.05103452876210213
0.0 0.05113857612013817
0.0 0.051144588738679886
0.0 0.05120135843753815
0.0 0.05133376270532608
0.0 0.05139781907200813
0.0 0.051419343799352646
0.0 0.05142649635672569
0.0 0.051574308425188065
0.0 0.05161568149924278
0.0 0.05188966169953346
0.0 0.05195140093564987
0.0 0.05199667066335678
0.0 0.05204613506793976
0.0 0.0520787388086319
0.0 0.05209323763847351
0.0 0.052194446325302124
0.0 0.05229434370994568
0.0 0.05230278894305229
0.0 0.05232596769928932
0.0 0.0523575134575367
0.0 0.05246415734291077
0.0 0.05246696621179581
0.0 0.05252247676253319
0.0 0.052630215883255005
0.0 0.05273009091615677
0.0 0.05275077745318413
0.0 0.05278119444847107
0.0 0.052813488990068436
0.0 0.052858635783195496
0.0 0.052865177392959595
0.0 0.05291283130645752
0.0 0.05298174172639847
0.0 0.052982036024332047
0.0 0.05299994722008705
0.0 0.053035154938697815
0.0 0.05307527258992195
0.0 0.053085554391145706
0.0 0.05313640460371971
0.0 0.053141988813877106
0.0 0.05319417640566826
0.0 0.05323321372270584
0.0 0.05331200361251831
0.0 0.053339991718530655
0.0 0.05341435968875885
0.0 0.05345061793923378
0.0 0.05355902016162872
0.0 0.05369457229971886
0.0 0.053721025586128235
0.0 0.053843699395656586
0.0 0.05390548333525658
0.0 0.0539826825261116
0.0 0.053992316126823425
0.0 0.0540127232670784
0.0 0.054091211408376694
0.0 0.054102882742881775
0.0 0.05419201776385307
0.0 0.05422498285770416
0.0 0.054297298192977905
0.0 0.05429861322045326
0.0 0.05432114377617836
0.0 0.054474685341119766
0.0 0.054833754897117615
0.0 0.05492881312966347
0.0 0.05501591041684151
0.0 0.05503099411725998
0.0 0.055082861334085464
0.0 0.055084433406591415
0.0 0.05512571707367897
0.0 0.055168818682432175
0.0 0.05524975061416626
0.0 0.055277854204177856
0.0 0.05532022565603256
0.0 0.0553913451731205
0.0 0.05540548637509346
0.0 0.0554458387196064
0.0 0.05544787645339966
0.0 0.05547313392162323
0.0 0.055511362850666046
0.0 0.055526699870824814
0.0 0.055600959807634354
0.0 0.05562875419855118
0.0 0.055708322674036026
0.0 0.055748481303453445
0.0 0.05576726794242859
0.0 0.055787343531847
0.0 0.0558464452624321
0.0 0.05584906414151192
0.0 0.05585289001464844
0.0 0.05592383071780205
0.0 0.05599724128842354
0.0 0.056000884622335434
0.0 0.056017663329839706
0.0 0.05612596496939659
0.0 0.056417662650346756
0.0 0.05648322403430939
0.0 0.05648723989725113
0.0 0.056534890085458755
0.0 0.05653493106365204
0.0 0.056557878851890564
0.0 0.05656208097934723
0.0 0.05658137798309326
0.0 0.05661620944738388
0.0 0.05669425055384636
0.0 0.056703485548496246
0.0 0.05681745335459709
0.0 0.056891512125730515
0.0 0.057019103318452835
0.0 0.05705610290169716
0.0 0.057135891169309616
0.0 0.05725659802556038
0.0 0.057261090725660324
0.0 0.057290177792310715
0.0 0.057320304214954376
0.0 0.0573263056576252
0.0 0.05738716199994087
0.0 0.05738922581076622
0.0 0.057586874812841415
0.0 0.05779004096984863
0.0 0.05791400000452995
0.0 0.057939305901527405
0.0 0.05795133113861084
0.0 0.058009229600429535
0.0 0.05802163854241371
0.0 0.058059148490428925
0.0 0.05806845799088478
0.0 0.05808383971452713
0.0 0.05809744447469711
0.0 0.05810491368174553
0.0 0.05812425538897514
0.0 0.05816047266125679
0.0 0.058231890201568604
0.0 0.05826377496123314
0.0 0.05832049250602722
0.0 0.058389950543642044
0.0 0.05843076854944229
0.0 0.058530863374471664
0.0 0.05863920599222183
0.0 0.05867750570178032
0.0 0.05873405188322067
0.0 0.058838456869125366
0.0 0.058850519359111786
0.0 0.0588710680603981
0.0 0.05906727910041809
0.0 0.05907536298036575
0.0 0.059084583073854446
0.0 0.059201184660196304
0.0 0.05920302867889404
0.0 0.059301137924194336
0.0 0.059329260140657425
0.0 0.05944542959332466
0.0 0.05958220362663269
0.0 0.05968889221549034
0.0 0.059721317142248154
0.0 0.059722039848566055
0.0 0.05978015437722206
0.0 0.059813160449266434
0.0 0.05982977896928787
0.0 0.05983910709619522
0.0 0.05984672158956528
0.0 0.05992572009563446
0.0 0.05993136763572693
0.0 0.059955768287181854
0.0 0.06002679094672203
0.0 0.06012479588389397
0.0 0.06025945022702217
0.0 0.0603443942964077
0.0 0.06048917770385742
0.0 0.060512375086545944
0.0 0.060526490211486816
0.0 0.06059502065181732
0.0 0.060600463300943375
0.0 0.06061764061450958
0.0 0.06062200292944908
0.0 0.060713768005371094
0.0 0.06073494255542755
0.0 0.060816120356321335
0.0 0.06087286025285721
0.0 0.06103503331542015
0.0 0.0611773319542408
0.0 0.06120345741510391
0.0 0.06129918247461319
0.0 0.06136488541960716
0.0 0.06139348819851875
0.0 0.06140706315636635
0.0 0.06141310930252075
0.0 0.06155054643750191
0.0 0.06158265471458435
0.0 0.061646461486816406
0.0 0.06165335699915886
0.0 0.06170022487640381
0.0 0.061714448034763336
0.0 0.06188611313700676
0.0 0.06192907318472862
0.0 0.06198725476861
0.0 0.06204540655016899
0.0 0.06210177764296532
0.0 0.06257552653551102
0.0 0.06262000650167465
0.0 0.06263229250907898
0.0 0.06269151717424393
0.0 0.06271092593669891
0.0 0.06281503289937973
0.0 0.06284504383802414
0.0 0.06287522614002228
0.0 0.0629844143986702
0.0 0.06305863708257675
0.0 0.06309118121862411
0.0 0.06310837715864182
0.0 0.063127301633358
0.0 0.06316672265529633
0.0 0.06317063421010971
0.0 0.06326435506343842
0.0 0.06334147602319717
0.0 0.06334666907787323
0.0 0.0633697435259819
0.0 0.06339475512504578
0.0 0.06344935297966003
0.0 0.06347484886646271
0.0 0.06354457885026932
0.0 0.06360053271055222
0.0 0.06375044584274292
0.0 0.06376110017299652
0.0 0.06381922215223312
0.0 0.06382911652326584
0.0 0.06392354518175125
0.0 0.06409402191638947
0.0 0.06412189453840256
0.0 0.0643184706568718
0.0 0.06438908725976944
0.0 0.06461261212825775
0.0 0.06476601213216782
0.0 0.06484869867563248
0.0 0.0648980438709259
0.0 0.065109483897686
0.0 0.06520020961761475
0.0 0.06528330594301224
0.0 0.06529448926448822
0.0 0.06539229303598404
0.0 0.06541422009468079
0.0 0.06548479199409485
0.0 0.06551411002874374
0.0 0.06561911851167679
0.0 0.06594064086675644
0.0 0.06594087183475494
0.0 0.06602244079113007
0.0 0.06611374020576477
0.0 0.06615250557661057
0.0 0.06619991362094879
0.0 0.0662614032626152
0.0 0.0664408728480339
0.0 0.06644465774297714
0.0 0.06644833832979202
0.0 0.06646238267421722
0.0 0.06654232740402222
0.0 0.06658383458852768
0.0 0.06660453975200653
0.0 0.06673522293567657
0.0 0.06681200116872787
0.0 0.06688196957111359
0.0 0.06690920144319534
0.0 0.06697823852300644
0.0 0.06699158996343613
0.0 0.06703227758407593
0.0 0.06706396490335464
0.0 0.06707501411437988
0.0 0.06716505438089371
0.0 0.06717389822006226
0.0 0.06723164767026901
0.0 0.06731291860342026
0.0 0.06735112518072128
0.0 0.06737267225980759
0.0 0.06742814928293228
0.0 0.06743183732032776
0.0 0.06747246533632278
0.0 0.06747513264417648
0.0 0.06753560155630112
0.0 0.06755084544420242
0.0 0.06761954724788666
0.0 0.06762290745973587
0.0 0.06772974878549576
0.0 0.06781163066625595
0.0 0.06783450394868851
0.0 0.06785332411527634
0.0 0.06793399155139923
0.0 0.06798519939184189
0.0 0.06807375699281693
0.0 0.0682724118232727
0.0 0.06835953146219254
0.0 0.06841468811035156
0.0 0.06845065951347351
0.0 0.0684572234749794
0.0 0.06847108155488968
0.0 0.06847798824310303
0.0 0.06847820430994034
0.0 0.06852176785469055
0.0 0.06854470819234848
0.0 0.0687193050980568
0.0 0.06872992217540741
0.0 0.06880185753107071
0.0 0.06881256401538849
0.0 0.06901299953460693
0.0 0.06913845986127853
0.0 0.06915413588285446
0.0 0.06919772177934647
0.0 0.06935270875692368
0.0 0.06936470419168472
0.0 0.06940694153308868
0.0 0.06967107951641083
0.0 0.0697307363152504
0.0 0.06976741552352905
0.0 0.06981261074542999
0.0 0.06996943056583405
0.0 0.0700426772236824
0.0 0.07009449601173401
0.0 0.07019425183534622
0.0 0.07029780000448227
0.0 0.07049605250358582
0.0 0.0705115869641304
0.0 0.07059217989444733
0.0 0.07065127789974213
0.0 0.07077844440937042
0.0 0.07090364396572113
0.0 0.07099828869104385
0.0 0.0711522251367569
0.0 0.0712202936410904
0.0 0.0712629109621048
0.0 0.07132836431264877
0.0 0.07138711959123611
0.0 0.07164442539215088
0.0 0.07185199856758118
0.0 0.07192660868167877
0.0 0.07192952185869217
0.0 0.07193483412265778
0.0 0.07206045091152191
0.0 0.07212943583726883
0.0 0.0721757784485817
0.0 0.0722411572933197
0.0 0.0723523199558258
0.0 0.07236423343420029
0.0 0.07248200476169586
0.0 0.07256007194519043
0.0 0.07262608408927917
0.0 0.07268867641687393
0.0 0.07272329181432724
0.0 0.07275233417749405
0.0 0.07294633984565735
0.0 0.07310131937265396
0.0 0.07320588082075119
0.0 0.07331003248691559
0.0 0.07331107556819916
0.0 0.07331336289644241
0.0 0.07333102077245712
0.0 0.07362145185470581
0.0 0.07375960797071457
0.0 0.07387435436248779
0.0 0.07399053126573563
0.0 0.07414110004901886
0.0 0.0741729885339737
0.0 0.07427389919757843
0.0 0.0743429958820343
0.0 0.07444441318511963
0.0 0.07451803237199783
0.0 0.07458648085594177
0.0 0.07463965564966202
0.0 0.07471629977226257
0.0 0.07490499317646027
0.0 0.07519195973873138
0.0 0.07527034729719162
0.0 0.07528947293758392
0.0 0.0753185972571373
0.0 0.07564137130975723
0.0 0.07574352622032166
0.0 0.07578761875629425
0.0 0.07582546025514603
0.0 0.07586580514907837
0.0 0.0760711133480072
0.0 0.07622340321540833
0.0 0.07632511109113693
0.0 0.07637406140565872
0.0 0.07653730362653732
0.0 0.07690826803445816
0.0 0.07701332122087479
0.0 0.07706823945045471
0.0 0.0771888867020607
0.0 0.07726375758647919
0.0 0.0773632600903511
0.0 0.07761402428150177
0.0 0.07778746634721756
0.0 0.07782839983701706
0.0 0.07787658274173737
0.0 0.07843706756830215
0.0 0.07865265011787415
0.0 0.07868450880050659
0.0 0.07883231341838837
0.0 0.07887202501296997
0.0 0.07953400909900665
0.0 0.07966768741607666
0.0 0.07987245917320251
0.0 0.08002172410488129
0.0 0.08004876971244812
0.0 0.08020257949829102
0.0 0.08135144412517548
0.0 0.08145705610513687
0.0 0.08193877339363098
0.0 0.08218324184417725
0.0 0.08239172399044037
0.0 0.0826190710067749
0.0 0.08266937732696533
0.0 0.08303924649953842
0.0 0.08327201008796692
0.0 0.08336135745048523
0.0 0.08358793705701828
0.0 0.08375172317028046
0.0 0.08376910537481308
0.0 0.08418453484773636
0.0 0.08426276594400406
0.0 0.08458224684000015
0.0 0.08476642519235611
0.0 0.08480323851108551
0.0 0.08492321521043777
0.0 0.08581899106502533
0.0 0.08628631383180618
0.0 0.08630013465881348
0.0 0.08631980419158936
0.0 0.08666349202394485
0.0 0.0869247168302536
0.0 0.08706241846084595
0.0 0.08708755671977997
0.0 0.0873795598745346
0.0 0.08761442452669144
0.0 0.08807642012834549
0.0 0.08861840516328812
0.0 0.09024717658758163
0.0 0.09090812504291534
0.0 0.09120574593544006
0.0 0.09139633923768997
0.0 0.09182607382535934
0.0 0.09205532819032669
0.0 0.09451007843017578
0.0 0.10132461041212082
0.0 0.10669002681970596
0.0 0.11123920232057571
0.0 0.11168007552623749
0.0 0.11185243725776672
0.0 0.11400049924850464
0.0 0.1143694669008255
0.0 0.11797858774662018
0.0 0.1313343048095703
0.0 0.1358998715877533
0.0 0.14189301431179047
0.0 0.15295913815498352
0.0 0.17551781237125397
0.0 inf
