0.0 0.04346271976828575
0.0 0.04350428283214569
0.0 0.04360459744930267
0.0 0.04373190551996231
0.0 0.043819788843393326
0.0 0.04387189820408821
0.0 0.04393806308507919
0.0 0.044194161891937256
0.0 0.04422948136925697
0.0 0.0442342609167099
0.0 0.044342465698719025
0.0 0.04474756494164467
0.0 0.044823385775089264
0.0 0.04507085680961609
0.0 0.04516826942563057
0.0 0.04525227099657059
0.0 0.04544486105442047
0.0 0.04552923142910004
0.0 0.04563106223940849
0.0 0.04564938321709633
0.0 0.04571789503097534
0.0 0.04575769603252411
0.0 0.04586351662874222
0.0 0.04681166633963585
0.0 0.0471343994140625
0.0 0.04715591296553612
0.0 0.047336701303720474
0.0 0.04736689478158951
0.0 0.04739026725292206
0.0 0.04756492003798485
0.0 0.04764687642455101
0.0 0.04791268706321716
0.0 0.04800337180495262
0.0 0.04803193360567093
0.0 0.048128604888916016
0.0 0.04813328757882118
0.0 0.04819568246603012
0.0 0.04819604381918907
0.0 0.04828695207834244
0.0 0.04831104725599289
0.0 0.048640500754117966
0.0 0.048727847635746
0.0 0.049000333994627
0.0 0.049021411687135696
0.0 0.049084801226854324
0.0 0.0495925135910511
0.0 0.04960108548402786
0.0 0.04969305172562599
0.0 0.04973350465297699
0.0 0.04979922994971275
0.0 0.04983995482325554
0.0 0.05000561848282814
0.0 0.05032282695174217
0.0 0.050623681396245956
0.0 0.05065714940428734
0.0 0.05111675709486008
0.0 0.05114800110459328
0.0 0.05117100104689598
0.0 0.051220156252384186
0.0 0.05131363868713379
0.0 0.05142724886536598
0.0 0.05154582858085632
0.0 0.05157548189163208
0.0 0.05161712318658829
0.0 0.05169052258133888
0.0 0.051736168563365936
0.0 0.05184406042098999
0.0 0.05209905281662941
0.0 0.0521605983376503
0.0 0.05227741226553917
0.0 0.052303560078144073
0.0 0.05238129198551178
0.0 0.05248177424073219
0.0 0.05271107330918312
0.0 0.0527283176779747
0.0 0.05295596644282341
0.0 0.05306581035256386
0.0 0.0532066635787487
0.0 0.05336408689618111
0.0 0.05342390388250351
0.0 0.0534469299018383
0.0 0.05345829948782921
0.0 0.053544580936431885
0.0 0.05372169613838196
0.0 0.05375688523054123
0.0 0.05376677215099335
0.0 0.053873926401138306
0.0 0.05390013009309769
0.0 0.05401824042201042
0.0 0.05405827984213829
0.0 0.05407743528485298
0.0 0.0541442409157753
0.0 0.05420633777976036
0.0 0.05436868220567703
0.0 0.05440293252468109
0.0 0.05444353446364403
0.0 0.054491665214300156
0.0 0.054509393870830536
0.0 0.054527271538972855
0.0 0.05455030873417854
0.0 0.05455363541841507
0.0 0.05464595928788185
0.0 0.05468256399035454
0.0 0.05477013438940048
0.0 0.05486023798584938
0.0 0.054952096194028854
0.0 0.05501905456185341
0.0 0.055167995393276215
0.0 0.05520187318325043
0.0 0.0552125982940197
0.0 0.0552147813141346
0.0 0.05522294342517853
0.0 0.05531170591711998
0.0 0.055358678102493286
0.0 0.05539504438638687
0.0 0.05548373982310295
0.0 0.05565456300973892
0.0 0.05566389486193657
0.0 0.05576132982969284
0.0 0.05585842207074165
0.0 0.05592453479766846
0.0 0.05612882599234581
0.0 0.05620976537466049
0.0 0.05621770769357681
0.0 0.05632980167865753
0.0 0.05642285197973251
0.0 0.05653403699398041
0.0 0.056750647723674774
0.0 0.056873004883527756
0.0 0.056917354464530945
0.0 0.05693477764725685
0.0 0.05708073824644089
0.0 0.05724566802382469
0.0 0.057251185178756714
0.0 0.057308733463287354
0.0 0.05743267759680748
0.0 0.057463668286800385
0.0 0.057486895471811295
0.0 0.05753801763057709
0.0 0.0576196014881134
0.0 0.05769297108054161
0.0 0.05774405598640442
0.0 0.05785379186272621
0.0 0.05802492797374725
0.0 0.05802932009100914
0.0 0.05807112157344818
0.0 0.0581076443195343
0.0 0.0581350177526474
0.0 0.05819215625524521
0.0 0.058308761566877365
0.0 0.05846083164215088
0.0 0.058480154722929
0.0 0.058501776307821274
0.0 0.05858677998185158
0.0 0.0586063452064991
0.0 0.05861912667751312
0.0 0.058659542351961136
0.0 0.058666180819272995
0.0 0.058693304657936096
0.0 0.058741334825754166
0.0 0.058758173137903214
0.0 0.05886135995388031
0.0 0.058878134936094284
0.0 0.05917723849415779
0.0 0.05919915437698364
0.0 0.059200551360845566
0.0 0.059265732765197754
0.0 0.059389628469944
0.0 0.059414420276880264
0.0 0.05941561236977577
0.0 0.05959227308630943
0.0 0.05972697585821152
0.0 0.05991937965154648
0.0 0.060109127312898636
0.0 0.06023702770471573
0.0 0.06030828878283501
0.0 0.060459937900304794
0.0 0.06046399846673012
0.0 0.06051737815141678
0.0 0.060618799179792404
0.0 0.06063813716173172
0.0 0.06063956767320633
0.0 0.06070216745138168
0.0 0.060737915337085724
0.0 0.06076424568891525
0.0 0.0608091838657856
0.0 0.060824304819107056
0.0 0.060939330607652664
0.0 0.06099747493863106
0.0 0.061357010155916214
0.0 0.06149342283606529
0.0 0.061543580144643784
0.0 0.06158379092812538
0.0 0.06160615384578705
0.0 0.06169256567955017
0.0 0.06170924752950668
0.0 0.061795104295015335
0.0 0.061853595077991486
0.0 0.06186817213892937
0.0 0.061913665384054184
0.0 0.062002480030059814
0.0 0.06204389035701752
0.0 0.06219477951526642
0.0 0.06228749454021454
0.0 0.06231343373656273
0.0 0.062382008880376816
0.0 0.06241152808070183
0.0 0.06242597848176956
0.0 0.06243876740336418
0.0 0.06247374787926674
0.0 0.06253664195537567
0.0 0.06253831833600998
0.0 0.06264430284500122
0.0 0.06266333162784576
0.0 0.06273939460515976
0.0 0.06276362389326096
0.0 0.06287768483161926
0.0 0.06330076605081558
0.0 0.06331121176481247
0.0 0.06332513689994812
0.0 0.06339806318283081
0.0 0.06341193616390228
0.0 0.06348780542612076
0.0 0.06350811570882797
0.0 0.06351993978023529
0.0 0.06354407221078873
0.0 0.06358455866575241
0.0 0.06365668028593063
0.0 0.0636967271566391
0.0 0.0637463852763176
0.0 0.06379649043083191
0.0 0.06381382048130035
0.0 0.06381694227457047
0.0 0.06385335326194763
0.0 0.06386382132768631
0.0 0.0639052465558052
0.0 0.06400526314973831
0.0 0.06405676156282425
0.0 0.06412056088447571
0.0 0.06414678692817688
0.0 0.06415025144815445
0.0 0.06419119983911514
0.0 0.06419669091701508
0.0 0.06428366899490356
0.0 0.0644063875079155
0.0 0.06443735957145691
0.0 0.06457880884408951
0.0 0.06465727090835571
0.0 0.06469830125570297
0.0 0.06476476788520813
0.0 0.06494144350290298
0.0 0.06496454030275345
0.0 0.06504462659358978
0.0 0.06504946202039719
0.0 0.06508239358663559
0.0 0.06508474797010422
0.0 0.06519251316785812
0.0 0.0651981383562088
0.0 0.06521984934806824
0.0 0.06536461412906647
0.0 0.06541122496128082
0.0 0.06547040492296219
0.0 0.06558176130056381
0.0 0.06558515131473541
0.0 0.06578788161277771
0.0 0.06588056683540344
0.0 0.06590523570775986
0.0 0.0659293383359909
0.0 0.06594482809305191
0.0 0.06599465757608414
0.0 0.06618477404117584
0.0 0.06625939160585403
0.0 0.06638091802597046
0.0 0.0664384663105011
0.0 0.06653808802366257
0.0 0.06655879318714142
0.0 0.06655898690223694
0.0 0.0665808916091919
0.0 0.06666367501020432
0.0 0.06666431576013565
0.0 0.06685156375169754
0.0 0.06698263436555862
0.0 0.06700743734836578
0.0 0.06715375930070877
0.0 0.06717368215322495
0.0 0.06719234585762024
0.0 0.06724294275045395
0.0 0.06725860387086868
0.0 0.06727606803178787
0.0 0.06728895753622055
0.0 0.06730649620294571
0.0 0.06732315570116043
0.0 0.06734337657690048
0.0 0.06738156080245972
0.0 0.06738850474357605
0.0 0.06740802526473999
0.0 0.06741303205490112
0.0 0.0674523264169693
0.0 0.0674557015299797
0.0 0.06752323359251022
0.0 0.06753367930650711
0.0 0.06755286455154419
0.0 0.06757834553718567
0.0 0.06769432127475739
0.0 0.06771774590015411
0.0 0.06777965277433395
0.0 0.06781133264303207
0.0 0.06793342530727386
0.0 0.0679430291056633
0.0 0.06803127378225327
0.0 0.06807446479797363
0.0 0.06809692829847336
0.0 0.06821495294570923
0.0 0.06825985759496689
0.0 0.06828109174966812
0.0 0.06847044080495834
0.0 0.06848610192537308
0.0 0.06852511316537857
0.0 0.06857923418283463
0.0 0.06883352249860764
0.0 0.06897790729999542
0.0 0.06911007314920425
0.0 0.06913413107395172
0.0 0.06915517896413803
0.0 0.06920438259840012
0.0 0.06930329650640488
0.0 0.06933458149433136
0.0 0.06934326142072678
0.0 0.0694209635257721
0.0 0.06943967938423157
0.0 0.0695066750049591
0.0 0.06950736790895462
0.0 0.06983879208564758
0.0 0.06987825036048889
0.0 0.07007745653390884
0.0 0.07016423344612122
0.0 0.0702923983335495
0.0 0.07032029330730438
0.0 0.07051975280046463
0.0 0.07055582851171494
0.0 0.07058389484882355
0.0 0.07060374319553375
0.0 0.07061074674129486
0.0 0.07070696353912354
0.0 0.07079553604125977
0.0 0.07082097977399826
0.0 0.07082569599151611
0.0 0.07087521255016327
0.0 0.07088234275579453
0.0 0.07088256627321243
0.0 0.0709986612200737
0.0 0.07101154327392578
0.0 0.07101719826459885
0.0 0.07121450453996658
0.0 0.07123668491840363
0.0 0.0712544247508049
0.0 0.07129622250795364
0.0 0.07130574434995651
0.0 0.07131331413984299
0.0 0.0713672935962677
0.0 0.07138969749212265
0.0 0.07141098380088806
0.0 0.07142849266529083
0.0 0.07152097672224045
0.0 0.07156103849411011
0.0 0.07161089032888412
0.0 0.07171933352947235
0.0 0.0717400535941124
0.0 0.0718114897608757
0.0 0.07199911773204803
0.0 0.07224981486797333
0.0 0.07227852195501328
0.0 0.07247047871351242
0.0 0.07260565459728241
0.0 0.07264767587184906
0.0 0.07268909364938736
0.0 0.07275489717721939
0.0 0.0727815255522728
0.0 0.07279065996408463
0.0 0.07304799556732178
0.0 0.07306528091430664
0.0 0.07319559901952744
0.0 0.07328643649816513
0.0 0.07339654117822647
0.0 0.07341257482767105
0.0 0.07344187051057816
0.0 0.0735563263297081
0.0 0.07370850443840027
0.0 0.0737244263291359
0.0 0.07372604310512543
0.0 0.07392621785402298
0.0 0.07401027530431747
0.0 0.07404995709657669
0.0 0.07419271767139435
0.0 0.07434814423322678
0.0 0.07436507940292358
0.0 0.07438769191503525
0.0 0.0744459331035614
0.0 0.07446722686290741
0.0 0.07481692731380463
0.0 0.07486090809106827
0.0 0.07491481304168701
0.0 0.074943907558918
0.0 0.07501965016126633
0.0 0.07511256635189056
0.0 0.07512231916189194
0.0 0.07515046000480652
0.0 0.07529696077108383
0.0 0.07529944181442261
0.0 0.075333371758461
0.0 0.07537176460027695
0.0 0.07540640980005264
0.0 0.07545802742242813
0.0 0.07575426250696182
0.0 0.07576011121273041
0.0 0.07577978819608688
0.0 0.07579388469457626
0.0 0.0758427157998085
0.0 0.07603494822978973
0.0 0.07603651285171509
0.0 0.07608859986066818
0.0 0.07609299570322037
0.0 0.07609450072050095
0.0 0.07625695317983627
0.0 0.07633637636899948
0.0 0.07641267776489258
0.0 0.07662642747163773
0.0 0.07684268057346344
0.0 0.07692065089941025
0.0 0.07704129815101624
0.0 0.07709629833698273
0.0 0.0773000493645668
0.0 0.07731588184833527
0.0 0.07747894525527954
0.0 0.0779615044593811
0.0 0.07840187847614288
0.0 0.0784100815653801
0.0 0.07841160893440247
0.0 0.07841642200946808
0.0 0.07888910919427872
0.0 0.07890301197767258
0.0 0.07897385954856873
0.0 0.07913662493228912
0.0 0.07950915396213531
0.0 0.0795946791768074
0.0 0.0799277201294899
0.0 0.08011278510093689
0.0 0.08011920750141144
0.0 0.08019871264696121
0.0 0.08042794466018677
0.0 0.0804685726761818
0.0 0.08050628006458282
0.0 0.08073783665895462
0.0 0.08080334961414337
0.0 0.08101622760295868
0.0 0.08105317503213882
0.0 0.08109226077795029
0.0 0.0812406912446022
0.0 0.08137883991003036
0.0 0.08159786462783813
0.0 0.08166033774614334
0.0 0.0818953663110733
0.0 0.08201050758361816
0.0 0.08212926983833313
0.0 0.08217375725507736
0.0 0.08241378515958786
0.0 0.08273598551750183
0.0 0.08283618092536926
0.0 0.08300040662288666
0.0 0.08324911445379257
0.0 0.08342113345861435
0.0 0.08367203921079636
0.0 0.0840914323925972
0.0 0.08432777971029282
0.0 0.08434006571769714
0.0 0.08489740639925003
0.0 0.08518150448799133
0.0 0.0854053720831871
0.0 0.08542271703481674
0.0 0.08548146486282349
0.0 0.08621423691511154
0.0 0.08627617359161377
0.0 0.0863194465637207
0.0 0.08691874146461487
0.0 0.08743418753147125
0.0 0.08780808001756668
0.0 0.08848098665475845
0.0 0.08913910388946533
0.0 0.08937334269285202
0.0 0.08950722217559814
0.0 0.08985462784767151
0.0 0.08996103703975677
0.0 0.09013047069311142
0.0 0.09016545861959457
0.0 0.09073963761329651
0.0 0.09138442575931549
0.0 0.09143967181444168
0.0 0.09203662723302841
0.0 0.09240977466106415
0.0 0.09324829280376434
0.0 0.09469714760780334
0.0 0.09474878758192062
0.0 0.09521828591823578
0.0 0.09598644077777863
0.0 0.09647040069103241
0.0 0.09755706787109375
0.0 0.10223525762557983
0.0 0.10228914022445679
0.0 0.10535857081413269
0.0 0.10642276704311371
0.0 0.1265852302312851
0.0 inf
