0.0 0.05213204398751259
0.0 0.05249454081058502
0.0 0.052542585879564285
0.0 0.053551193326711655
0.0 0.05394977331161499
0.0 0.054210979491472244
0.0 0.05468917638063431
0.0 0.05544126778841019
0.0 0.056155964732170105
0.0 0.05723598599433899
0.0 0.058078981935977936
0.0 0.05834975093603134
0.0 0.05916505306959152
0.0 0.060112364590168
0.0 0.06105863302946091
0.0 0.06115426868200302
0.0 0.061621177941560745
0.0 0.0629587396979332
0.0 0.06300585716962814
0.0 0.06325872242450714
0.0 0.06341508775949478
0.0 0.06367921084165573
0.0 0.06407272815704346
0.0 0.06434246897697449
0.0 0.06445375829935074
0.0 0.06448481976985931
0.0 0.06451285630464554
0.0 0.06465653330087662
0.0 0.0652928277850151
0.0 0.06572196632623672
0.0 0.06595338881015778
0.0 0.06610304117202759
0.0 0.0661047101020813
0.0 0.06648106873035431
0.0 0.06657888740301132
0.0 0.06660480797290802
0.0 0.06669732928276062
0.0 0.06672804057598114
0.0 0.06691161543130875
0.0 0.06716694682836533
0.0 0.0672219768166542
0.0 0.06749801337718964
0.0 0.06775467842817307
0.0 0.06788037717342377
0.0 0.06798084825277328
0.0 0.06808079034090042
0.0 0.06845753639936447
0.0 0.06859757751226425
0.0 0.06866054981946945
0.0 0.06868214905261993
0.0 0.06875702738761902
0.0 0.06877804547548294
0.0 0.06882570683956146
0.0 0.06891073286533356
0.0 0.06917429715394974
0.0 0.0691777840256691
0.0 0.06935669481754303
0.0 0.06941797584295273
0.0 0.06945250183343887
0.0 0.06966432929039001
0.0 0.06972603499889374
0.0 0.0697520449757576
0.0 0.06997957825660706
0.0 0.07011131942272186
0.0 0.0702156126499176
0.0 0.0703115165233612
0.0 0.07034323364496231
0.0 0.0704391747713089
0.0 0.07046527415513992
0.0 0.07047732174396515
0.0 0.0704784020781517
0.0 0.07053693383932114
0.0 0.0705869123339653
0.0 0.07064251601696014
0.0 0.07072233408689499
0.0 0.07074007391929626
0.0 0.07077021896839142
0.0 0.0707864984869957
0.0 0.0708107203245163
0.0 0.07101736962795258
0.0 0.07105448842048645
0.0 0.07107043266296387
0.0 0.0715520903468132
0.0 0.0717814639210701
0.0 0.07183831930160522
0.0 0.07184434682130814
0.0 0.071990966796875
0.0 0.07220936566591263
0.0 0.07224762439727783
0.0 0.07228685170412064
0.0 0.07245384901762009
0.0 0.0728244036436081
0.0 0.07285776734352112
0.0 0.07300342619419098
0.0 0.07305073738098145
0.0 0.0730925127863884
0.0 0.07313346862792969
0.0 0.07314316183328629
0.0 0.07322675734758377
0.0 0.07326637953519821
0.0 0.07340772449970245
0.0 0.07352970540523529
0.0 0.07354544848203659
0.0 0.07387470453977585
0.0 0.07389313727617264
0.0 0.07391253113746643
0.0 0.07393056899309158
0.0 0.07398559898138046
0.0 0.07417327910661697
0.0 0.07420848309993744
0.0 0.07424014806747437
0.0 0.07446275651454926
0.0 0.0747695341706276
0.0 0.07477223873138428
0.0 0.07481609284877777
0.0 0.07496468722820282
0.0 0.07516845315694809
0.0 0.07516982406377792
0.0 0.07521122694015503
0.0 0.0752158835530281
0.0 0.07536652684211731
0.0 0.0756673663854599
0.0 0.07570064067840576
0.0 0.07581064850091934
0.0 0.07582434266805649
0.0 0.07593635469675064
0.0 0.07606452703475952
0.0 0.07617665082216263
0.0 0.07618498057126999
0.0 0.07619525492191315
0.0 0.07646109908819199
0.0 0.07650922983884811
0.0 0.07663516700267792
0.0 0.07670740783214569
0.0 0.07674503326416016
0.0 0.07682611048221588
0.0 0.07688246667385101
0.0 0.07693683356046677
0.0 0.0769648402929306
0.0 0.07699050009250641
0.0 0.07699371129274368
0.0 0.07701094448566437
0.0 0.07706599682569504
0.0 0.07727717608213425
0.0 0.07731705904006958
0.0 0.07741621136665344
0.0 0.0774407684803009
0.0 0.07746241241693497
0.0 0.0776510089635849
0.0 0.0776747465133667
0.0 0.07786399871110916
0.0 0.07823751866817474
0.0 0.07825211435556412
0.0 0.0782630443572998
0.0 0.07827048748731613
0.0 0.07844142615795135
0.0 0.0786307081580162
0.0 0.07865189015865326
0.0 0.07872665673494339
0.0 0.07878618687391281
0.0 0.07912681251764297
0.0 0.07918573915958405
0.0 0.07924333214759827
0.0 0.07927530258893967
0.0 0.0793161392211914
0.0 0.07946069538593292
0.0 0.0795600488781929
0.0 0.07970929145812988
0.0 0.07980042695999146
0.0 0.07982444018125534
0.0 0.07986932247877121
0.0 0.08004160970449448
0.0 0.08024298399686813
0.0 0.08026374131441116
0.0 0.080317422747612
0.0 0.08047092705965042
0.0 0.08051612228155136
0.0 0.08052671700716019
0.0 0.08063959330320358
0.0 0.08068782091140747
0.0 0.0807531327009201
0.0 0.0807989314198494
0.0 0.08085526525974274
0.0 0.08088698238134384
0.0 0.08089980483055115
0.0 0.08095375448465347
0.0 0.08106092363595963
0.0 0.08146540820598602
0.0 0.0815463736653328
0.0 0.08156563341617584
0.0 0.08160942047834396
0.0 0.08188619464635849
0.0 0.08191824704408646
0.0 0.08195934444665909
0.0 0.08207064121961594
0.0 0.08207588642835617
0.0 0.0821986272931099
0.0 0.08222610503435135
0.0 0.08224976807832718
0.0 0.08238491415977478
0.0 0.0826856940984726
0.0 0.08269977569580078
0.0 0.08279579132795334
0.0 0.08280486613512039
0.0 0.08282067626714706
0.0 0.08301759511232376
0.0 0.08318651467561722
0.0 0.08324035257101059
0.0 0.0833054780960083
0.0 0.08332931995391846
0.0 0.08343498408794403
0.0 0.08348076045513153
0.0 0.08353307098150253
0.0 0.08367456495761871
0.0 0.08392244577407837
0.0 0.08432678878307343
0.0 0.08439286798238754
0.0 0.08440319448709488
0.0 0.08448462188243866
0.0 0.08450282365083694
0.0 0.08467359095811844
0.0 0.08471113443374634
0.0 0.08477431535720825
0.0 0.08487174659967422
0.0 0.08490235358476639
0.0 0.08491005748510361
0.0 0.08497779071331024
0.0 0.0852842852473259
0.0 0.08531158417463303
0.0 0.085347481071949
0.0 0.08538773655891418
0.0 0.08558793365955353
0.0 0.08575502783060074
0.0 0.08586311340332031
0.0 0.08593539148569107
0.0 0.08598753064870834
0.0 0.08600955456495285
0.0 0.0860903337597847
0.0 0.08614376187324524
0.0 0.08614781498908997
0.0 0.08617393672466278
0.0 0.08633094280958176
0.0 0.08639483153820038
0.0 0.0864296481013298
0.0 0.08653812110424042
0.0 0.08656627684831619
0.0 0.08666019141674042
0.0 0.08666261285543442
0.0 0.0869864821434021
0.0 0.08698674291372299
0.0 0.087034672498703
0.0 0.08707455545663834
0.0 0.08709636330604553
0.0 0.08715837448835373
0.0 0.08720985800027847
0.0 0.08747242391109467
0.0 0.0874912366271019
0.0 0.0875658243894577
0.0 0.08757885545492172
0.0 0.08769939094781876
0.0 0.08786923438310623
0.0 0.08805274218320847
0.0 0.08822906762361526
0.0 0.08827219158411026
0.0 0.08830526471138
0.0 0.08837039768695831
0.0 0.08847590535879135
0.0 0.08874636888504028
0.0 0.0887802392244339
0.0 0.08879004418849945
0.0 0.08883865177631378
0.0 0.08891761302947998
0.0 0.08903643488883972
0.0 0.08908818662166595
0.0 0.08912148326635361
0.0 0.08927712589502335
0.0 0.08936652541160583
0.0 0.08949349820613861
0.0 0.08957654982805252
0.0 0.08962077647447586
0.0 0.08963871747255325
0.0 0.08966565877199173
0.0 0.08979012817144394
0.0 0.08979684859514236
0.0 0.08980909734964371
0.0 0.08987758308649063
0.0 0.09007428586483002
0.0 0.09010075032711029
0.0 0.09015800058841705
0.0 0.09030947834253311
0.0 0.09038859605789185
0.0 0.09043619781732559
0.0 0.09053060412406921
0.0 0.09067181497812271
0.0 0.09080925583839417
0.0 0.09098944067955017
0.0 0.09104011952877045
0.0 0.09107445180416107
0.0 0.09124580025672913
0.0 0.09127267450094223
0.0 0.09130265563726425
0.0 0.09155945479869843
0.0 0.09160149842500687
0.0 0.09163835644721985
0.0 0.0919436514377594
0.0 0.0921308621764183
0.0 0.09213967621326447
0.0 0.09221197664737701
0.0 0.09226374328136444
0.0 0.09246232360601425
0.0 0.09248727560043335
0.0 0.09253138303756714
0.0 0.09255091845989227
0.0 0.09267570823431015
0.0 0.09271737933158875
0.0 0.09279526770114899
0.0 0.09288200736045837
0.0 0.09295807033777237
0.0 0.09311749041080475
0.0 0.09341038018465042
0.0 0.0936708152294159
0.0 0.09374222904443741
0.0 0.09376563131809235
0.0 0.09382553398609161
0.0 0.09385066479444504
0.0 0.09385114163160324
0.0 0.09409718960523605
0.0 0.09416814148426056
0.0 0.09440005570650101
0.0 0.09457187354564667
0.0 0.09466478228569031
0.0 0.09474401921033859
0.0 0.0947548970580101
0.0 0.09491502493619919
0.0 0.09498481452465057
0.0 0.09500213712453842
0.0 0.09521347284317017
0.0 0.09525036066770554
0.0 0.09549013525247574
0.0 0.09554507583379745
0.0 0.09563256055116653
0.0 0.09564106166362762
0.0 0.09566166996955872
0.0 0.09568586200475693
0.0 0.09582414478063583
0.0 0.09610820561647415
0.0 0.09612161666154861
0.0 0.09646324068307877
0.0 0.09666727483272552
0.0 0.0968528687953949
0.0 0.09693169593811035
0.0 0.09713927656412125
0.0 0.09752142429351807
0.0 0.09781419485807419
0.0 0.09812945127487183
0.0 0.09820492565631866
0.0 0.09824834018945694
0.0 0.0985436737537384
0.0 0.09856216609477997
0.0 0.09880024194717407
0.0 0.09910561144351959
0.0 0.09930256009101868
0.0 0.09954993426799774
0.0 0.09960345178842545
0.0 0.10007786005735397
0.0 0.10018473118543625
0.0 0.10023978352546692
0.0 0.1003791093826294
0.0 0.10065486282110214
0.0 0.10094699263572693
0.0 0.10096003115177155
0.0 0.1009858250617981
0.0 0.10105255246162415
0.0 0.10111578553915024
0.0 0.10122412443161011
0.0 0.10126177221536636
0.0 0.10139032453298569
0.0 0.101397305727005
0.0 0.10147720575332642
0.0 0.10149232298135757
0.0 0.10158352553844452
0.0 0.10226385295391083
0.0 0.10232198238372803
0.0 0.10274223983287811
0.0 0.10306045413017273
0.0 0.10333341360092163
0.0 0.10367906093597412
0.0 0.10421762615442276
0.0 0.10424245893955231
0.0 0.10443423688411713
0.0 0.10443717241287231
0.0 0.10472798347473145
0.0 0.10486457496881485
0.0 0.10488633066415787
0.0 0.10494394600391388
0.0 0.10510903596878052
0.0 0.10591618716716766
0.0 0.10601527243852615
0.0 0.10651763528585434
0.0 0.1065257340669632
0.0 0.10685968399047852
0.0 0.10721243917942047
0.0 0.10751795023679733
0.0 0.10759562999010086
0.0 0.10781068354845047
0.0 0.10827656835317612
0.0 0.10837557911872864
0.0 0.10862582921981812
0.0 0.10874618589878082
0.0 0.10883831977844238
0.0 0.10890746861696243
0.0 0.10892600566148758
0.0 0.10935185849666595
0.0 0.10947266221046448
0.0 0.10955590009689331
0.0 0.1101008802652359
0.0 0.11011778563261032
0.0 0.11026625335216522
0.0 0.11144855618476868
0.0 0.11146032810211182
0.0 0.11147519946098328
0.0 0.11178871989250183
0.0 0.11209045350551605
0.0 0.11218497157096863
0.0 0.11260273307561874
0.0 0.1126498132944107
0.0 0.11271042376756668
0.0 0.11298773437738419
0.0 0.11298920214176178
0.0 0.1134108155965805
0.0 0.11351804435253143
0.0 0.11357244104146957
0.0 0.11380018293857574
0.0 0.11391263455152512
0.0 0.11428608745336533
0.0 0.11428657919168472
0.0 0.11433087289333344
0.0 0.11466281861066818
0.0 0.11476746946573257
0.0 0.11479774117469788
0.0 0.11484797298908234
0.0 0.11496956646442413
0.0 0.11505835503339767
0.0 0.11517733335494995
0.0 0.11550917476415634
0.0 0.11562942713499069
0.0 0.11572318524122238
0.0 0.11584968119859695
0.0 0.11632208526134491
0.0 0.11635427176952362
0.0 0.11643112450838089
0.0 0.11663997918367386
0.0 0.11706426739692688
0.0 0.11727728694677353
0.0 0.1176147535443306
0.0 0.11774757504463196
0.0 0.1180495023727417
0.0 0.11847756057977676
0.0 0.11882409453392029
0.0 0.11900515109300613
0.0 0.1193244680762291
0.0 0.11968709528446198
0.0 0.11994116008281708
0.0 0.12063769996166229
0.0 0.12072647362947464
0.0 0.12133870273828506
0.0 0.12145515531301498
0.0 0.12188012897968292
0.0 0.12298905849456787
0.0 0.12311018258333206
0.0 0.12328042089939117
0.0 0.12338034063577652
0.0 0.12370014935731888
0.0 0.12405979633331299
0.0 0.12412276118993759
0.0 0.12460418045520782
0.0 0.1253984272480011
0.0 0.12546461820602417
0.0 0.1263767033815384
0.0 0.12675802409648895
0.0 0.12719538807868958
0.0 0.12834444642066956
0.0 0.1285719871520996
0.0 0.1286887377500534
0.0 0.12911149859428406
0.0 0.12924832105636597
0.0 0.1293603479862213
0.0 0.1298561841249466
0.0 0.1298820525407791
0.0 0.1302841305732727
0.0 0.13216151297092438
0.0 0.13239777088165283
0.0 0.13273057341575623
0.0 0.1339867264032364
0.0 0.13434618711471558
0.0 0.13503044843673706
0.0 0.13598960638046265
0.0 0.13605919480323792
0.0 0.13634751737117767
0.0 0.1369907110929489
0.0 0.13715754449367523
0.0 0.13760191202163696
0.0 0.138839989900589
0.0 0.1391710788011551
0.0 0.13969092071056366
0.0 0.1403285413980484
0.0 0.1413809359073639
0.0 0.15338559448719025
0.0 0.15590649843215942
0.0 0.16608113050460815
0.0 0.1665419340133667
0.0 inf
