0.0 0.04777894914150238
0.0 0.049163512885570526
0.0 0.04933542758226395
0.0 0.05090271309018135
0.0 0.05298934876918793
0.0 0.05332542583346367
0.0 0.05362168326973915
0.0 0.05469248816370964
0.0 0.0549221970140934
0.0 0.05520106479525566
0.0 0.055313486605882645
0.0 0.05540280416607857
0.0 0.055700358003377914
0.0 0.056204039603471756
0.0 0.05646440014243126
0.0 0.056540731340646744
0.0 0.056630734354257584
0.0 0.05709967389702797
0.0 0.05722584202885628
0.0 0.057290710508823395
0.0 0.057346269488334656
0.0 0.05840185284614563
0.0 0.05847993865609169
0.0 0.058771271258592606
0.0 0.05893779546022415
0.0 0.05899672210216522
0.0 0.05909818038344383
0.0 0.05917740240693092
0.0 0.05994429439306259
0.0 0.060150064527988434
0.0 0.060156919062137604
0.0 0.060595083981752396
0.0 0.06064395606517792
0.0 0.06079830229282379
0.0 0.06092897430062294
0.0 0.06098777428269386
0.0 0.061086129397153854
0.0 0.06142480671405792
0.0 0.061519455164670944
0.0 0.06175238639116287
0.0 0.06183239817619324
0.0 0.062023986130952835
0.0 0.062234990298748016
0.0 0.06231454759836197
0.0 0.062362007796764374
0.0 0.062382712960243225
0.0 0.06250997632741928
0.0 0.06259041279554367
0.0 0.06278964132070541
0.0 0.0629509687423706
0.0 0.06302328407764435
0.0 0.06331033259630203
0.0 0.06338110566139221
0.0 0.06368648260831833
0.0 0.06371037662029266
0.0 0.06378227472305298
0.0 0.06383674591779709
0.0 0.06396406143903732
0.0 0.06406210362911224
0.0 0.06418223679065704
0.0 0.06424635648727417
0.0 0.06425724923610687
0.0 0.06426412612199783
0.0 0.06435307115316391
0.0 0.06454543769359589
0.0 0.06475221365690231
0.0 0.06486017256975174
0.0 0.06505168974399567
0.0 0.06517305225133896
0.0 0.06525472551584244
0.0 0.0652937963604927
0.0 0.06537898629903793
0.0 0.06554489582777023
0.0 0.0657535195350647
0.0 0.06602578610181808
0.0 0.0660899356007576
0.0 0.06626541167497635
0.0 0.06634976714849472
0.0 0.06637055426836014
0.0 0.06645699590444565
0.0 0.0665704607963562
0.0 0.06658200919628143
0.0 0.06680750846862793
0.0 0.06702311336994171
0.0 0.0670577809214592
0.0 0.06711480766534805
0.0 0.06712797284126282
0.0 0.06715096533298492
0.0 0.0672360509634018
0.0 0.06755377352237701
0.0 0.06760820746421814
0.0 0.06765095889568329
0.0 0.06766116619110107
0.0 0.06768784672021866
0.0 0.06768906861543655
0.0 0.06774967908859253
0.0 0.06777569651603699
0.0 0.06779994815587997
0.0 0.06794644892215729
0.0 0.06795921921730042
0.0 0.06801387667655945
0.0 0.06808901578187943
0.0 0.06813640892505646
0.0 0.06818285584449768
0.0 0.06821010261774063
0.0 0.06824709475040436
0.0 0.0683724507689476
0.0 0.06854461133480072
0.0 0.06857118755578995
0.0 0.06857738643884659
0.0 0.06858402490615845
0.0 0.06858731061220169
0.0 0.06858760118484497
0.0 0.06863372027873993
0.0 0.06879284977912903
0.0 0.06884448975324631
0.0 0.06889525055885315
0.0 0.06911849975585938
0.0 0.06918227672576904
0.0 0.0691998228430748
0.0 0.06963334232568741
0.0 0.06972150504589081
0.0 0.06975073367357254
0.0 0.06979738920927048
0.0 0.070005401968956
0.0 0.07005706429481506
0.0 0.0701487809419632
0.0 0.07022134214639664
0.0 0.07028146833181381
0.0 0.07035396993160248
0.0 0.07045118510723114
0.0 0.07047341018915176
0.0 0.07071706652641296
0.0 0.07079626619815826
0.0 0.07104561477899551
0.0 0.07111958414316177
0.0 0.07112620770931244
0.0 0.07120080292224884
0.0 0.07125281542539597
0.0 0.071329265832901
0.0 0.07136604934930801
0.0 0.07149318605661392
0.0 0.07156459987163544
0.0 0.07159378379583359
0.0 0.07168935984373093
0.0 0.07169190049171448
0.0 0.07169318199157715
0.0 0.07173842191696167
0.0 0.07185626775026321
0.0 0.07208873331546783
0.0 0.07223568111658096
0.0 0.07247376441955566
0.0 0.07252886891365051
0.0 0.07257264107465744
0.0 0.07267820835113525
0.0 0.07283295691013336
0.0 0.07297741621732712
0.0 0.07298125326633453
0.0 0.07331198453903198
0.0 0.073312908411026
0.0 0.07331640273332596
0.0 0.07332244515419006
0.0 0.07344990223646164
0.0 0.07349542528390884
0.0 0.07374357432126999
0.0 0.07378796488046646
0.0 0.07387584447860718
0.0 0.07389883697032928
0.0 0.0739537924528122
0.0 0.07404119521379471
0.0 0.07414394617080688
0.0 0.07418493926525116
0.0 0.07430606335401535
0.0 0.0743686854839325
0.0 0.07444196939468384
0.0 0.07444823533296585
0.0 0.07444954663515091
0.0 0.07451053708791733
0.0 0.07455378025770187
0.0 0.07461606711149216
0.0 0.074649378657341
0.0 0.07483553141355515
0.0 0.07491853833198547
0.0 0.07493340969085693
0.0 0.0749964788556099
0.0 0.07503572106361389
0.0 0.07515724748373032
0.0 0.07527828216552734
0.0 0.07529007643461227
0.0 0.07530056685209274
0.0 0.0753059834241867
0.0 0.0753358006477356
0.0 0.07540803402662277
0.0 0.07549401372671127
0.0 0.07549799233675003
0.0 0.0755578801035881
0.0 0.07574224472045898
0.0 0.07582744210958481
0.0 0.07589370012283325
0.0 0.07591713219881058
0.0 0.07604324072599411
0.0 0.07606112957000732
0.0 0.0760786160826683
0.0 0.07608052343130112
0.0 0.0762602761387825
0.0 0.0763048529624939
0.0 0.07636676728725433
0.0 0.07654555886983871
0.0 0.07662690430879593
0.0 0.07670023292303085
0.0 0.07673424482345581
0.0 0.07713760435581207
0.0 0.07726622372865677
0.0 0.07728487998247147
0.0 0.07767071574926376
0.0 0.07771244645118713
0.0 0.0777774229645729
0.0 0.07778944075107574
0.0 0.07792370766401291
0.0 0.07792580872774124
0.0 0.07805490493774414
0.0 0.07807604223489761
0.0 0.07813837379217148
0.0 0.07825607061386108
0.0 0.07829443365335464
0.0 0.07840268313884735
0.0 0.07841916382312775
0.0 0.07842957228422165
0.0 0.07847119122743607
0.0 0.07848628610372543
0.0 0.07853216677904129
0.0 0.0787213072180748
0.0 0.07876721769571304
0.0 0.07882684469223022
0.0 0.07886479794979095
0.0 0.07909879833459854
0.0 0.07921449840068817
0.0 0.07930691540241241
0.0 0.07949531823396683
0.0 0.07961912453174591
0.0 0.07967240363359451
0.0 0.07976217567920685
0.0 0.07977422326803207
0.0 0.08004945516586304
0.0 0.08021185547113419
0.0 0.08035615086555481
0.0 0.08051227778196335
0.0 0.08072226494550705
0.0 0.08081100881099701
0.0 0.0808471068739891
0.0 0.08096174895763397
0.0 0.08111453056335449
0.0 0.0811484083533287
0.0 0.08129291236400604
0.0 0.0813971683382988
0.0 0.0815233513712883
0.0 0.08158056437969208
0.0 0.08160430192947388
0.0 0.08177817612886429
0.0 0.08177918940782547
0.0 0.08178935945034027
0.0 0.08185866475105286
0.0 0.08190633356571198
0.0 0.08192574977874756
0.0 0.08215399086475372
0.0 0.08239871263504028
0.0 0.08241544663906097
0.0 0.08282168954610825
0.0 0.08311088383197784
0.0 0.08312969654798508
0.0 0.08320466428995132
0.0 0.0832461342215538
0.0 0.08342396467924118
0.0 0.08345576375722885
0.0 0.08350969851016998
0.0 0.08354981243610382
0.0 0.0836225226521492
0.0 0.08363596349954605
0.0 0.08384017646312714
0.0 0.08398847281932831
0.0 0.08411366492509842
0.0 0.08415587246417999
0.0 0.0842038094997406
0.0 0.08423517644405365
0.0 0.08437399566173553
0.0 0.08460362255573273
0.0 0.08468778431415558
0.0 0.08470471203327179
0.0 0.08475128561258316
0.0 0.08476559817790985
0.0 0.08503168076276779
0.0 0.08517768234014511
0.0 0.08520621061325073
0.0 0.08527186512947083
0.0 0.08529127389192581
0.0 0.08533614873886108
0.0 0.08551134914159775
0.0 0.08557911217212677
0.0 0.0856531634926796
0.0 0.08572441339492798
0.0 0.0858672559261322
0.0 0.08591712266206741
0.0 0.08601009845733643
0.0 0.08623553812503815
0.0 0.08646705001592636
0.0 0.08661635220050812
0.0 0.08663996309041977
0.0 0.08667613565921783
0.0 0.086717888712883
0.0 0.08678168058395386
0.0 0.08694256097078323
0.0 0.08698487281799316
0.0 0.08707886189222336
0.0 0.0872342586517334
0.0 0.08735501766204834
0.0 0.0874822735786438
0.0 0.08752729743719101
0.0 0.08757099509239197
0.0 0.08763916790485382
0.0 0.08764677494764328
0.0 0.08764699101448059
0.0 0.08769503235816956
0.0 0.08788745105266571
0.0 0.08789641410112381
0.0 0.08790047466754913
0.0 0.08807191997766495
0.0 0.08809530735015869
0.0 0.08816564083099365
0.0 0.08834131062030792
0.0 0.0883999690413475
0.0 0.08863633871078491
0.0 0.08864861726760864
0.0 0.08871006965637207
0.0 0.08887078613042831
0.0 0.08892645686864853
0.0 0.08942992985248566
0.0 0.08945707976818085
0.0 0.08950581401586533
0.0 0.08956874161958694
0.0 0.08962206542491913
0.0 0.08976463228464127
0.0 0.08987664431333542
0.0 0.08993563055992126
0.0 0.08997896313667297
0.0 0.09006823599338531
0.0 0.09014319628477097
0.0 0.0901542380452156
0.0 0.09016501158475876
0.0 0.09026780724525452
0.0 0.09028801321983337
0.0 0.09054397791624069
0.0 0.09065572917461395
0.0 0.09079936146736145
0.0 0.09095098823308945
0.0 0.09104501456022263
0.0 0.09113095700740814
0.0 0.09115947037935257
0.0 0.09117700159549713
0.0 0.0911833792924881
0.0 0.0912526547908783
0.0 0.0914217010140419
0.0 0.0915074571967125
0.0 0.0917854979634285
0.0 0.09184039384126663
0.0 0.09211620688438416
0.0 0.09231016039848328
0.0 0.0923839658498764
0.0 0.09292339533567429
0.0 0.0929945632815361
0.0 0.09343859553337097
0.0 0.09350590407848358
0.0 0.09382932633161545
0.0 0.09393082559108734
0.0 0.09401426464319229
0.0 0.0942550003528595
0.0 0.09427419304847717
0.0 0.094538614153862
0.0 0.09471644461154938
0.0 0.09485305845737457
0.0 0.09489088505506516
0.0 0.0949912890791893
0.0 0.09520740061998367
0.0 0.09570252895355225
0.0 0.09570427238941193
0.0 0.09583937376737595
0.0 0.09586937725543976
0.0 0.09605776518583298
0.0 0.0961541160941124
0.0 0.09637235850095749
0.0 0.09645292907953262
0.0 0.0965261310338974
0.0 0.09677037596702576
0.0 0.09702915698289871
0.0 0.09714977443218231
0.0 0.0973496213555336
0.0 0.09763462096452713
0.0 0.09766815602779388
0.0 0.09772304445505142
0.0 0.09782891720533371
0.0 0.09831851720809937
0.0 0.09840527921915054
0.0 0.09855218231678009
0.0 0.09861184656620026
0.0 0.09873103350400925
0.0 0.0987357422709465
0.0 0.09887608885765076
0.0 0.09902758151292801
0.0 0.09920605272054672
0.0 0.09928585588932037
0.0 0.09947546571493149
0.0 0.09985972940921783
0.0 0.09991107136011124
0.0 0.1004137173295021
0.0 0.10068267583847046
0.0 0.10074429959058762
0.0 0.10108590126037598
0.0 0.10111267864704132
0.0 0.10114986449480057
0.0 0.10146167129278183
0.0 0.10146172344684601
0.0 0.10156384110450745
0.0 0.10158434510231018
0.0 0.10188579559326172
0.0 0.10188698023557663
0.0 0.10194490104913712
0.0 0.10196938365697861
0.0 0.10200297832489014
0.0 0.10202614217996597
0.0 0.10207556188106537
0.0 0.10210617631673813
0.0 0.1022738441824913
0.0 0.10230953991413116
0.0 0.10239072889089584
0.0 0.10278349369764328
0.0 0.10287664830684662
0.0 0.10297229140996933
0.0 0.1029890924692154
0.0 0.1032230332493782
0.0 0.10335846990346909
0.0 0.10352625697851181
0.0 0.10396036505699158
0.0 0.1041024774312973
0.0 0.1047324538230896
0.0 0.1057058721780777
0.0 0.10587992519140244
0.0 0.10599587857723236
0.0 0.10611148923635483
0.0 0.10618888586759567
0.0 0.10636376589536667
0.0 0.10680200904607773
0.0 0.10715413838624954
0.0 0.10743274539709091
0.0 0.10777641832828522
0.0 0.1081603467464447
0.0 0.10829358547925949
0.0 0.10879087448120117
0.0 0.10889121145009995
0.0 0.10930855572223663
0.0 0.11026173830032349
0.0 0.11057042330503464
0.0 0.1106448844075203
0.0 0.11104834824800491
0.0 0.11132869869470596
0.0 0.11139130592346191
0.0 0.11182527989149094
0.0 0.11185422539710999
0.0 0.11192253977060318
0.0 0.11278489232063293
0.0 0.11309442669153214
0.0 0.11310520768165588
0.0 0.11333199590444565
0.0 0.11386649310588837
0.0 0.11436957865953445
0.0 0.11449994146823883
0.0 0.11451246589422226
0.0 0.11456862837076187
0.0 0.11472421139478683
0.0 0.11498476564884186
0.0 0.11587432771921158
0.0 0.11616820842027664
0.0 0.11643160879611969
0.0 0.11698653548955917
0.0 0.11700984835624695
0.0 0.1173238605260849
0.0 0.11737286299467087
0.0 0.11787009239196777
0.0 0.11790100485086441
0.0 0.11897439509630203
0.0 0.1201249286532402
0.0 0.12062190473079681
0.0 0.12323207408189774
0.0 0.12476426362991333
0.0 0.12647055089473724
0.0 0.12671998143196106
0.0 0.12699052691459656
0.0 0.12823911011219025
0.0 0.1284741312265396
0.0 0.12852269411087036
0.0 0.1297103315591812
0.0 0.1337253898382187
0.0 0.13547490537166595
0.0 0.13558776676654816
0.0 0.1369432955980301
0.0 0.13805890083312988
0.0 0.14233499765396118
0.0 0.14284926652908325
0.0 0.14321716129779816
0.0 0.14382240176200867
0.0 0.14545539021492004
0.0 0.1465526819229126
0.0 0.15273982286453247
0.0 inf
