0.0 0.04436694085597992
0.0 0.0493759848177433
0.0 0.050302889198064804
0.0 0.05048278346657753
0.0 0.05197905749082565
0.0 0.05270374193787575
0.0 0.05428555980324745
0.0 0.05436207354068756
0.0 0.0543961338698864
0.0 0.054531801491975784
0.0 0.05544085055589676
0.0 0.05625532567501068
0.0 0.05725810304284096
0.0 0.05738944932818413
0.0 0.05811667814850807
0.0 0.058141130954027176
0.0 0.05834999307990074
0.0 0.05851348116993904
0.0 0.05901466682553291
0.0 0.059328705072402954
0.0 0.05947282165288925
0.0 0.0595351904630661
0.0 0.059896070510149
0.0 0.060101114213466644
0.0 0.06055741757154465
0.0 0.06088443100452423
0.0 0.06156887859106064
0.0 0.06171395629644394
0.0 0.0618559829890728
0.0 0.06191721558570862
0.0 0.062377702444791794
0.0 0.062474220991134644
0.0 0.06291292607784271
0.0 0.06293869018554688
0.0 0.06300836056470871
0.0 0.06329745054244995
0.0 0.06337668746709824
0.0 0.063426673412323
0.0 0.06362006068229675
0.0 0.06376546621322632
0.0 0.06400750577449799
0.0 0.064083032310009
0.0 0.06431180983781815
0.0 0.0643782988190651
0.0 0.06449305266141891
0.0 0.06468026340007782
0.0 0.06469953805208206
0.0 0.06470275670289993
0.0 0.06480101495981216
0.0 0.06481675058603287
0.0 0.06493157148361206
0.0 0.06497737765312195
0.0 0.06510645151138306
0.0 0.06513089686632156
0.0 0.065141960978508
0.0 0.06528706848621368
0.0 0.06547470390796661
0.0 0.06548366695642471
0.0 0.06551902741193771
0.0 0.06561598181724548
0.0 0.0656399130821228
0.0 0.06567566841840744
0.0 0.06568267941474915
0.0 0.06572692841291428
0.0 0.0658135861158371
0.0 0.06582798063755035
0.0 0.06608133018016815
0.0 0.0662553682923317
0.0 0.06651733815670013
0.0 0.06667747348546982
0.0 0.06667820364236832
0.0 0.06671296060085297
0.0 0.06675390899181366
0.0 0.06683731824159622
0.0 0.06684745103120804
0.0 0.06685557216405869
0.0 0.06690863519906998
0.0 0.06701065599918365
0.0 0.06714123487472534
0.0 0.06732747703790665
0.0 0.06745070219039917
0.0 0.06750095635652542
0.0 0.06753773242235184
0.0 0.0676497370004654
0.0 0.06772049516439438
0.0 0.06776517629623413
0.0 0.06779618561267853
0.0 0.06789476424455643
0.0 0.06789975613355637
0.0 0.06796973943710327
0.0 0.06797102093696594
0.0 0.06797941774129868
0.0 0.06799107044935226
0.0 0.0680362656712532
0.0 0.06829775869846344
0.0 0.06840968877077103
0.0 0.06843127310276031
0.0 0.06847202777862549
0.0 0.06855279207229614
0.0 0.06870231032371521
0.0 0.06887183338403702
0.0 0.06890228390693665
0.0 0.06897389888763428
0.0 0.06902303546667099
0.0 0.06924208998680115
0.0 0.06928208470344543
0.0 0.06928359717130661
0.0 0.06938354671001434
0.0 0.06981128454208374
0.0 0.07000909745693207
0.0 0.07002181559801102
0.0 0.07018643617630005
0.0 0.07029453665018082
0.0 0.07030244171619415
0.0 0.07031045109033585
0.0 0.07032510638237
0.0 0.07040904462337494
0.0 0.07076562941074371
0.0 0.07079070806503296
0.0 0.07083760201931
0.0 0.07084666937589645
0.0 0.07086624205112457
0.0 0.0708756223320961
0.0 0.07103361189365387
0.0 0.071097232401371
0.0 0.07124023884534836
0.0 0.071395643055439
0.0 0.07151049375534058
0.0 0.07155866175889969
0.0 0.07158128172159195
0.0 0.0717252865433693
0.0 0.07181228697299957
0.0 0.07184525579214096
0.0 0.0718538910150528
0.0 0.07187652587890625
0.0 0.07193149626255035
0.0 0.07198086380958557
0.0 0.07201936095952988
0.0 0.07202707976102829
0.0 0.07204777002334595
0.0 0.07207661122083664
0.0 0.0721929743885994
0.0 0.07233231514692307
0.0 0.07238949090242386
0.0 0.07239239662885666
0.0 0.07248228788375854
0.0 0.07253827899694443
0.0 0.07263792306184769
0.0 0.07265953719615936
0.0 0.07294929772615433
0.0 0.07296289503574371
0.0 0.07306687533855438
0.0 0.0732630267739296
0.0 0.07337124645709991
0.0 0.07340236008167267
0.0 0.0735233724117279
0.0 0.07354561984539032
0.0 0.0735611543059349
0.0 0.07364361733198166
0.0 0.07365535199642181
0.0 0.07371178269386292
0.0 0.07395106554031372
0.0 0.07396287471055984
0.0 0.07405204325914383
0.0 0.0740990936756134
0.0 0.07411137968301773
0.0 0.0741879791021347
0.0 0.07423602789640427
0.0 0.07433533668518066
0.0 0.07438261806964874
0.0 0.0744006559252739
0.0 0.07440327107906342
0.0 0.07441265881061554
0.0 0.07449111342430115
0.0 0.07474496960639954
0.0 0.07490141689777374
0.0 0.07498840987682343
0.0 0.07517334073781967
0.0 0.07520292699337006
0.0 0.07528277486562729
0.0 0.07529342919588089
0.0 0.07534798234701157
0.0 0.0754329189658165
0.0 0.07543355226516724
0.0 0.07563992589712143
0.0 0.07606136053800583
0.0 0.07608263194561005
0.0 0.076118104159832
0.0 0.07626989483833313
0.0 0.07628096640110016
0.0 0.07629439234733582
0.0 0.0765528753399849
0.0 0.07672114670276642
0.0 0.0769592672586441
0.0 0.07696261256933212
0.0 0.07728075981140137
0.0 0.07730675488710403
0.0 0.07735810428857803
0.0 0.07740630209445953
0.0 0.07741370052099228
0.0 0.0775783360004425
0.0 0.07762689143419266
0.0 0.0776316449046135
0.0 0.07794453948736191
0.0 0.07799231261014938
0.0 0.07799291610717773
0.0 0.07802905142307281
0.0 0.07820558547973633
0.0 0.07823210209608078
0.0 0.07830926775932312
0.0 0.07832919806241989
0.0 0.07841796427965164
0.0 0.07855033129453659
0.0 0.07888295501470566
0.0 0.0790107473731041
0.0 0.07904395461082458
0.0 0.07906763255596161
0.0 0.07913577556610107
0.0 0.07927517592906952
0.0 0.07928705960512161
0.0 0.0793018639087677
0.0 0.07952947914600372
0.0 0.07973518967628479
0.0 0.07995353639125824
0.0 0.07999216020107269
0.0 0.0800233706831932
0.0 0.0800519734621048
0.0 0.08005286008119583
0.0 0.08013046532869339
0.0 0.08013943582773209
0.0 0.0801607221364975
0.0 0.08031950891017914
0.0 0.08047259598970413
0.0 0.0805584192276001
0.0 0.08064458519220352
0.0 0.08071102946996689
0.0 0.08103515952825546
0.0 0.0810975730419159
0.0 0.08138295263051987
0.0 0.08140498399734497
0.0 0.08157531172037125
0.0 0.08167894184589386
0.0 0.08176591992378235
0.0 0.08178260922431946
0.0 0.08202158659696579
0.0 0.0820922926068306
0.0 0.08214408904314041
0.0 0.08220735192298889
0.0 0.0823482945561409
0.0 0.08241081237792969
0.0 0.08247414231300354
0.0 0.08256829530000687
0.0 0.08263666927814484
0.0 0.08270876854658127
0.0 0.08287433534860611
0.0 0.08287891745567322
0.0 0.08317738026380539
0.0 0.08318345248699188
0.0 0.08320602029561996
0.0 0.08327304571866989
0.0 0.0832999125123024
0.0 0.08330251276493073
0.0 0.08341095596551895
0.0 0.08350005000829697
0.0 0.08354028314352036
0.0 0.08358264714479446
0.0 0.08360189944505692
0.0 0.08369328081607819
0.0 0.08371429890394211
0.0 0.08379271626472473
0.0 0.08387374132871628
0.0 0.084234319627285
0.0 0.08430215716362
0.0 0.08435287326574326
0.0 0.08443758636713028
0.0 0.08444587886333466
0.0 0.08445373177528381
0.0 0.08447109162807465
0.0 0.08447316288948059
0.0 0.08451540023088455
0.0 0.08454416692256927
0.0 0.0846155509352684
0.0 0.08465535938739777
0.0 0.08470697700977325
0.0 0.08474619686603546
0.0 0.08490793406963348
0.0 0.08513577282428741
0.0 0.0851912796497345
0.0 0.08534611761569977
0.0 0.08534803986549377
0.0 0.08542688190937042
0.0 0.08553538471460342
0.0 0.08558911830186844
0.0 0.08564761281013489
0.0 0.08585841953754425
0.0 0.0861920714378357
0.0 0.08651472628116608
0.0 0.08651828020811081
0.0 0.08673906326293945
0.0 0.0867566466331482
0.0 0.08679883927106857
0.0 0.08684553951025009
0.0 0.08691892772912979
0.0 0.08695629239082336
0.0 0.08695638924837112
0.0 0.08697716146707535
0.0 0.08699917048215866
0.0 0.0870496928691864
0.0 0.08724188059568405
0.0 0.08726120740175247
0.0 0.08730590343475342
0.0 0.08738680183887482
0.0 0.08745456486940384
0.0 0.08752013742923737
0.0 0.08758287876844406
0.0 0.08761142939329147
0.0 0.08768682926893234
0.0 0.08777204900979996
0.0 0.08786538988351822
0.0 0.0878661647439003
0.0 0.08788268268108368
0.0 0.08790013194084167
0.0 0.08796647936105728
0.0 0.0879674181342125
0.0 0.0880078673362732
0.0 0.08807728439569473
0.0 0.08809223026037216
0.0 0.08811914175748825
0.0 0.0881449431180954
0.0 0.08840999007225037
0.0 0.08841203153133392
0.0 0.08843797445297241
0.0 0.08847996592521667
0.0 0.08851292729377747
0.0 0.08871665596961975
0.0 0.08879757672548294
0.0 0.0889374315738678
0.0 0.08902840316295624
0.0 0.08906121551990509
0.0 0.08914118260145187
0.0 0.08918590843677521
0.0 0.08923666924238205
0.0 0.08926080167293549
0.0 0.08926835656166077
0.0 0.08929289132356644
0.0 0.08968649059534073
0.0 0.08969298750162125
0.0 0.08972297608852386
0.0 0.08992086350917816
0.0 0.08995785564184189
0.0 0.08996172249317169
0.0 0.0903402641415596
0.0 0.0904078334569931
0.0 0.09043531864881516
0.0 0.09045791625976562
0.0 0.09047713130712509
0.0 0.09060481190681458
0.0 0.09062639623880386
0.0 0.09067948162555695
0.0 0.09069649875164032
0.0 0.0907723531126976
0.0 0.0908123031258583
0.0 0.09087694436311722
0.0 0.09093941748142242
0.0 0.09099346399307251
0.0 0.09101662784814835
0.0 0.0911751464009285
0.0 0.0913027673959732
0.0 0.09144948422908783
0.0 0.09147738665342331
0.0 0.09148105978965759
0.0 0.09172363579273224
0.0 0.09179035574197769
0.0 0.09228429943323135
0.0 0.09230964630842209
0.0 0.09233689308166504
0.0 0.09255015850067139
0.0 0.09255742281675339
0.0 0.0929328203201294
0.0 0.09315185248851776
0.0 0.09319895505905151
0.0 0.09338848292827606
0.0 0.093532994389534
0.0 0.09381239116191864
0.0 0.09392676502466202
0.0 0.09404287487268448
0.0 0.09413568675518036
0.0 0.09423677623271942
0.0 0.09438487142324448
0.0 0.09453586488962173
0.0 0.09458433091640472
0.0 0.09511638432741165
0.0 0.09530922770500183
0.0 0.09562841057777405
0.0 0.09570160508155823
0.0 0.09629309922456741
0.0 0.09642565995454788
0.0 0.09660700708627701
0.0 0.09681516140699387
0.0 0.09691565483808517
0.0 0.09694449603557587
0.0 0.09712257236242294
0.0 0.09717685729265213
0.0 0.09743370115756989
0.0 0.0976632833480835
0.0 0.09780589491128922
0.0 0.09781737625598907
0.0 0.09841468930244446
0.0 0.09869872778654099
0.0 0.09875977784395218
0.0 0.09882532805204391
0.0 0.09910442680120468
0.0 0.09917984902858734
0.0 0.09924785047769547
0.0 0.09934302419424057
0.0 0.09946674108505249
0.0 0.09967546910047531
0.0 0.09969907999038696
0.0 0.09984102845191956
0.0 0.09984751045703888
0.0 0.10000202804803848
0.0 0.10062119364738464
0.0 0.10077504813671112
0.0 0.10083804279565811
0.0 0.10092668980360031
0.0 0.10168933123350143
0.0 0.10187207907438278
0.0 0.10210757702589035
0.0 0.10213245451450348
0.0 0.10215818881988525
0.0 0.10223720222711563
0.0 0.10236157476902008
0.0 0.10269398242235184
0.0 0.10273447632789612
0.0 0.10290276259183884
0.0 0.10290347039699554
0.0 0.10307933390140533
0.0 0.10344529151916504
0.0 0.10420946776866913
0.0 0.10472405701875687
0.0 0.10484945774078369
0.0 0.1049284115433693
0.0 0.10495143383741379
0.0 0.10505829751491547
0.0 0.1052609458565712
0.0 0.10549072176218033
0.0 0.10616001486778259
0.0 0.1065940260887146
0.0 0.10661560297012329
0.0 0.10683729499578476
0.0 0.10736900568008423
0.0 0.10742125660181046
0.0 0.10762529820203781
0.0 0.10786669701337814
0.0 0.10795171558856964
0.0 0.10796133428812027
0.0 0.10809008032083511
0.0 0.10853425413370132
0.0 0.10887227207422256
0.0 0.1089370846748352
0.0 0.10912414640188217
0.0 0.10941129922866821
0.0 0.10944954305887222
0.0 0.10954023897647858
0.0 0.10988997668027878
0.0 0.11013541370630264
0.0 0.11048318445682526
0.0 0.11139257997274399
0.0 0.1116400882601738
0.0 0.11183943599462509
0.0 0.1119452640414238
0.0 0.11212673783302307
0.0 0.1123807355761528
0.0 0.11256397515535355
0.0 0.1128312423825264
0.0 0.11298292875289917
0.0 0.11357536166906357
0.0 0.113621287047863
0.0 0.11562194675207138
0.0 0.1163642406463623
0.0 0.11641016602516174
0.0 0.11663950234651566
0.0 0.1167038232088089
0.0 0.11706779897212982
0.0 0.11765497922897339
0.0 0.11778494715690613
0.0 0.11798928678035736
0.0 0.11898468434810638
0.0 0.1195870190858841
0.0 0.11964809149503708
0.0 0.12005007266998291
0.0 0.12034794688224792
0.0 0.12055801600217819
0.0 0.1216566264629364
0.0 0.12210410833358765
0.0 0.1222120001912117
0.0 0.12347014248371124
0.0 0.12353288382291794
0.0 0.12390939146280289
0.0 0.12392763048410416
0.0 0.12437140941619873
0.0 0.12445048987865448
0.0 0.12514536082744598
0.0 0.1258970946073532
0.0 0.13054484128952026
0.0 0.1428648978471756
0.0 0.1452036201953888
0.0 0.14739015698432922
0.0 0.14942514896392822
0.0 0.15108400583267212
0.0 0.18580174446105957
0.0 inf
