0.0 0.017594870179891586
0.0 0.022851651534438133
0.0 0.02298128604888916
0.0 0.023617589846253395
0.0 0.02417709119617939
0.0 0.02497308887541294
0.0 0.025113433599472046
0.0 0.025346223264932632
0.0 0.026055797934532166
0.0 0.026294484734535217
0.0 0.02631794475018978
0.0 0.026355266571044922
0.0 0.02669534459710121
0.0 0.026774026453495026
0.0 0.02679412066936493
0.0 0.027125541120767593
0.0 0.02714160829782486
0.0 0.027286840602755547
0.0 0.02739848382771015
0.0 0.02740960195660591
0.0 0.0275055393576622
0.0 0.027869148179888725
0.0 0.028009185567498207
0.0 0.02843412198126316
0.0 0.028480280190706253
0.0 0.02859233133494854
0.0 0.02860678918659687
0.0 0.02865663543343544
0.0 0.02871297299861908
0.0 0.028751490637660027
0.0 0.02877630665898323
0.0 0.028823964297771454
0.0 0.028902746737003326
0.0 0.028971774503588676
0.0 0.02897533029317856
0.0 0.029043233022093773
0.0 0.029070768505334854
0.0 0.02914619632065296
0.0 0.029239725321531296
0.0 0.029268581420183182
0.0 0.02929377183318138
0.0 0.02933240495622158
0.0 0.029422424733638763
0.0 0.0294365081936121
0.0 0.029722388833761215
0.0 0.02977050095796585
0.0 0.029910339042544365
0.0 0.030027708038687706
0.0 0.03020184487104416
0.0 0.03041539527475834
0.0 0.030573580414056778
0.0 0.030593985691666603
0.0 0.03063247911632061
0.0 0.030678436160087585
0.0 0.03081706538796425
0.0 0.030873723328113556
0.0 0.03109550289809704
0.0 0.031137973070144653
0.0 0.03116106614470482
0.0 0.031182976439595222
0.0 0.031186943873763084
0.0 0.03126419708132744
0.0 0.03163662180304527
0.0 0.03184640780091286
0.0 0.031850505620241165
0.0 0.0320386104285717
0.0 0.03204239904880524
0.0 0.03205011785030365
0.0 0.0320524200797081
0.0 0.032123204320669174
0.0 0.032335396856069565
0.0 0.0324426144361496
0.0 0.03251425921916962
0.0 0.03253704681992531
0.0 0.032547395676374435
0.0 0.032586719840765
0.0 0.03265725448727608
0.0 0.032679636031389236
0.0 0.03280540555715561
0.0 0.032826751470565796
0.0 0.03282689303159714
0.0 0.032885707914829254
0.0 0.03292608633637428
0.0 0.032977551221847534
0.0 0.03298689424991608
0.0 0.03302557393908501
0.0 0.0330338217318058
0.0 0.03304491564631462
0.0 0.03306309133768082
0.0 0.03311702981591225
0.0 0.03314775973558426
0.0 0.033164795488119125
0.0 0.033254820853471756
0.0 0.03330807387828827
0.0 0.03340354934334755
0.0 0.03341829776763916
0.0 0.03342239931225777
0.0 0.033435720950365067
0.0 0.03345460817217827
0.0 0.033511530607938766
0.0 0.03352147713303566
0.0 0.03353983163833618
0.0 0.0335504412651062
0.0 0.03355122357606888
0.0 0.033576078712940216
0.0 0.033655501902103424
0.0 0.033710747957229614
0.0 0.033809103071689606
0.0 0.03382062166929245
0.0 0.0338243767619133
0.0 0.033840831369161606
0.0 0.03384797275066376
0.0 0.03386572003364563
0.0 0.033942241221666336
0.0 0.03396813943982124
0.0 0.034091852605342865
0.0 0.03411714732646942
0.0 0.034172531217336655
0.0 0.03422553837299347
0.0 0.034226588904857635
0.0 0.03423391282558441
0.0 0.0342961810529232
0.0 0.03432049974799156
0.0 0.03434286266565323
0.0 0.0344812236726284
0.0 0.034551605582237244
0.0 0.034641772508621216
0.0 0.034763239324092865
0.0 0.03479711711406708
0.0 0.03479871153831482
0.0 0.03480185195803642
0.0 0.03480447083711624
0.0 0.034810010343790054
0.0 0.03489692509174347
0.0 0.034950003027915955
0.0 0.03498569503426552
0.0 0.03499075770378113
0.0 0.035040274262428284
0.0 0.0350651852786541
0.0 0.03519550338387489
0.0 0.035205498337745667
0.0 0.03522384166717529
0.0 0.03530897572636604
0.0 0.03544027730822563
0.0 0.035469263792037964
0.0 0.03552800044417381
0.0 0.0355493500828743
0.0 0.03556923195719719
0.0 0.03557412326335907
0.0 0.03558338060975075
0.0 0.03561634570360184
0.0 0.03563504293560982
0.0 0.035761792212724686
0.0 0.03577270358800888
0.0 0.03577635437250137
0.0 0.03580665588378906
0.0 0.03587121516466141
0.0 0.035964738577604294
0.0 0.03599316254258156
0.0 0.036005064845085144
0.0 0.036023396998643875
0.0 0.036081235855817795
0.0 0.03609617054462433
0.0 0.03619372472167015
0.0 0.0362980030477047
0.0 0.0363299623131752
0.0 0.03642941266298294
0.0 0.03649280220270157
0.0 0.03661416471004486
0.0 0.03663817420601845
0.0 0.036657340824604034
0.0 0.036672428250312805
0.0 0.036693084985017776
0.0 0.03670662268996239
0.0 0.036708902567625046
0.0 0.03671503812074661
0.0 0.03673277050256729
0.0 0.03673584386706352
0.0 0.036741599440574646
0.0 0.03683554753661156
0.0 0.0368356816470623
0.0 0.03684848174452782
0.0 0.036856770515441895
0.0 0.03690939024090767
0.0 0.03694688901305199
0.0 0.0369868129491806
0.0 0.036993563175201416
0.0 0.0371011346578598
0.0 0.0371151864528656
0.0 0.03713897988200188
0.0 0.037183988839387894
0.0 0.03719094395637512
0.0 0.03728652000427246
0.0 0.037317905575037
0.0 0.03736446425318718
0.0 0.037424489855766296
0.0 0.03742844983935356
0.0 0.03749635070562363
0.0 0.0375392772257328
0.0 0.03755539283156395
0.0 0.03756839409470558
0.0 0.03758343309164047
0.0 0.03760466352105141
0.0 0.03762577101588249
0.0 0.037654709070920944
0.0 0.037702012807130814
0.0 0.037752047181129456
0.0 0.03781191632151604
0.0 0.037855081260204315
0.0 0.03794456273317337
0.0 0.037987977266311646
0.0 0.0379984974861145
0.0 0.03801197558641434
0.0 0.0380273200571537
0.0 0.03804754465818405
0.0 0.03815864771604538
0.0 0.038159698247909546
0.0 0.038306958973407745
0.0 0.03838000074028969
0.0 0.038503218442201614
0.0 0.03856305778026581
0.0 0.03862314671278
0.0 0.03864336386322975
0.0 0.03865073248744011
0.0 0.038655783981084824
0.0 0.038688626140356064
0.0 0.03871006891131401
0.0 0.038734227418899536
0.0 0.038772258907556534
0.0 0.038902647793293
0.0 0.03894001245498657
0.0 0.038978904485702515
0.0 0.038984570652246475
0.0 0.0389847569167614
0.0 0.03914656117558479
0.0 0.03916947543621063
0.0 0.039179690182209015
0.0 0.0393027700483799
0.0 0.03931736201047897
0.0 0.039415083825588226
0.0 0.039434224367141724
0.0 0.03945846110582352
0.0 0.03951210156083107
0.0 0.03955068439245224
0.0 0.03960371017456055
0.0 0.03961525484919548
0.0 0.039647914469242096
0.0 0.039686720818281174
0.0 0.03971576318144798
0.0 0.03972797468304634
0.0 0.03981153666973114
0.0 0.03985583782196045
0.0 0.0398675873875618
0.0 0.039982959628105164
0.0 0.03998918458819389
0.0 0.040004391223192215
0.0 0.040021467953920364
0.0 0.040080271661281586
0.0 0.04009319096803665
0.0 0.040093615651130676
0.0 0.040109891444444656
0.0 0.04011601582169533
0.0 0.04016130417585373
0.0 0.04016268625855446
0.0 0.040179233998060226
0.0 0.04022064059972763
0.0 0.04027590528130531
0.0 0.04030134901404381
0.0 0.04033837094902992
0.0 0.040439292788505554
0.0 0.04047310724854469
0.0 0.04048483818769455
0.0 0.04055596888065338
0.0 0.04061786085367203
0.0 0.04065902903676033
0.0 0.04070805758237839
0.0 0.04074503108859062
0.0 0.04084697738289833
0.0 0.040940359234809875
0.0 0.04095602408051491
0.0 0.04098699241876602
0.0 0.04098837077617645
0.0 0.04099590331315994
0.0 0.04100997373461723
0.0 0.041048042476177216
0.0 0.04109102115035057
0.0 0.041113197803497314
0.0 0.04111846536397934
0.0 0.04126482084393501
0.0 0.04128614068031311
0.0 0.04141918569803238
0.0 0.041433967649936676
0.0 0.04144834354519844
0.0 0.04149337857961655
0.0 0.04176545888185501
0.0 0.04180743917822838
0.0 0.04190702363848686
0.0 0.041936565190553665
0.0 0.04196290299296379
0.0 0.04197881370782852
0.0 0.04200860112905502
0.0 0.04205514118075371
0.0 0.04211096093058586
0.0 0.04215580224990845
0.0 0.042177021503448486
0.0 0.04227038472890854
0.0 0.0424080491065979
0.0 0.04242195188999176
0.0 0.04251774400472641
0.0 0.042589422315359116
0.0 0.04269200190901756
0.0 0.042704660445451736
0.0 0.042736876755952835
0.0 0.04290289431810379
0.0 0.043106500059366226
0.0 0.04318181052803993
0.0 0.04338383674621582
0.0 0.04339464008808136
0.0 0.04341607168316841
0.0 0.043464623391628265
0.0 0.043490197509527206
0.0 0.04350792244076729
0.0 0.043537672609090805
0.0 0.043563202023506165
0.0 0.04364405572414398
0.0 0.04370491951704025
0.0 0.04374518245458603
0.0 0.043753523379564285
0.0 0.043789274990558624
0.0 0.043829940259456635
0.0 0.043929748237133026
0.0 0.04395294561982155
0.0 0.04409443959593773
0.0 0.04411211237311363
0.0 0.04411252588033676
0.0 0.0441291518509388
0.0 0.04413062706589699
0.0 0.04418207332491875
0.0 0.044192276895046234
0.0 0.044254228472709656
0.0 0.04448815807700157
0.0 0.044637877494096756
0.0 0.044817786663770676
0.0 0.04482252523303032
0.0 0.0448983758687973
0.0 0.04495999217033386
0.0 0.045021627098321915
0.0 0.0450812503695488
0.0 0.04510021209716797
0.0 0.04510071128606796
0.0 0.045121192932128906
0.0 0.04514804854989052
0.0 0.0452461913228035
0.0 0.045295167714357376
0.0 0.045395348221063614
0.0 0.04540148749947548
0.0 0.0454677939414978
0.0 0.04563057795166969
0.0 0.045680731534957886
0.0 0.045756012201309204
0.0 0.04577307030558586
0.0 0.04591311514377594
0.0 0.04592711851000786
0.0 0.04616071283817291
0.0 0.046165697276592255
0.0 0.04622194170951843
0.0 0.04626357927918434
0.0 0.046388525515794754
0.0 0.04641806334257126
0.0 0.04643705114722252
0.0 0.04644547402858734
0.0 0.04645543172955513
0.0 0.04658143222332001
0.0 0.04667114466428757
0.0 0.04670431464910507
0.0 0.046709757298231125
0.0 0.04679621011018753
0.0 0.04690493643283844
0.0 0.04691289737820625
0.0 0.046923644840717316
0.0 0.04693228006362915
0.0 0.04694592207670212
0.0 0.04700985550880432
0.0 0.0470149964094162
0.0 0.047152239829301834
0.0 0.047233134508132935
0.0 0.047261226922273636
0.0 0.04727502912282944
0.0 0.04740195721387863
0.0 0.04747603088617325
0.0 0.047516413033008575
0.0 0.04763694852590561
0.0 0.04770515486598015
0.0 0.04773711413145065
0.0 0.0479750782251358
0.0 0.048000581562519073
0.0 0.04807097092270851
0.0 0.048085641115903854
0.0 0.04819690063595772
0.0 0.048198893666267395
0.0 0.04820343106985092
0.0 0.04820804297924042
0.0 0.04821714758872986
0.0 0.04822482168674469
0.0 0.04846782982349396
0.0 0.04854227975010872
0.0 0.04859091714024544
0.0 0.04860338196158409
0.0 0.04863050952553749
0.0 0.04863740876317024
0.0 0.04865288734436035
0.0 0.04868695139884949
0.0 0.048697806894779205
0.0 0.048761092126369476
0.0 0.04884073883295059
0.0 0.049001604318618774
0.0 0.049009375274181366
0.0 0.049128104001283646
0.0 0.04915446788072586
0.0 0.049162521958351135
0.0 0.04931240156292915
0.0 0.04931318759918213
0.0 0.049362942576408386
0.0 0.04936576634645462
0.0 0.04954977706074715
0.0 0.04984466731548309
0.0 0.0499173142015934
0.0 0.04992765933275223
0.0 0.04996805638074875
0.0 0.050083089619874954
0.0 0.05032360181212425
0.0 0.05047333613038063
0.0 0.05069288611412048
0.0 0.05077730119228363
0.0 0.05091603100299835
0.0 0.05119817331433296
0.0 0.051322441548109055
0.0 0.05135896056890488
0.0 0.05156533792614937
0.0 0.05159439519047737
0.0 0.05162235349416733
0.0 0.05163579806685448
0.0 0.05194442346692085
0.0 0.05213543400168419
0.0 0.05219525843858719
0.0 0.05223291739821434
0.0 0.05250692367553711
0.0 0.052633434534072876
0.0 0.05270853266119957
0.0 0.052788518369197845
0.0 0.052901413291692734
0.0 0.05322815477848053
0.0 0.05322829633951187
0.0 0.05333735793828964
0.0 0.05383345112204552
0.0 0.05387769639492035
0.0 0.054085489362478256
0.0 0.054096121340990067
0.0 0.05425889045000076
0.0 0.05461181700229645
0.0 0.054694537073373795
0.0 0.05479084700345993
0.0 0.055183544754981995
0.0 0.055749066174030304
0.0 0.055777955800294876
0.0 0.05587795749306679
0.0 0.05608595535159111
0.0 0.05610213428735733
0.0 0.05620398744940758
0.0 0.056441813707351685
0.0 0.056769415736198425
0.0 0.056867003440856934
0.0 0.05689677596092224
0.0 0.056916095316410065
0.0 0.057013966143131256
0.0 0.057260215282440186
0.0 0.05732450634241104
0.0 0.05769563466310501
0.0 0.058093223720788956
0.0 0.05831272900104523
0.0 0.058371175080537796
0.0 0.058687858283519745
0.0 0.0588722787797451
0.0 0.05925586447119713
0.0 0.05944293364882469
0.0 0.05947854742407799
0.0 0.059548553079366684
0.0 0.05964105203747749
0.0 0.06010686233639717
0.0 0.060250215232372284
0.0 0.06053221598267555
0.0 0.06073905527591705
0.0 0.06190237030386925
0.0 0.062209706753492355
0.0 0.06242091581225395
0.0 0.0626257061958313
0.0 0.06425030529499054
0.0 0.06506085395812988
0.0 0.06547456979751587
0.0 0.06588597595691681
0.0 0.06818786263465881
0.0 0.06848173588514328
0.0 0.0731211006641388
0.0 0.07507297396659851
0.0 0.07761180400848389
0.0 0.08370810002088547
0.0 0.08534511178731918
0.0 0.08931118994951248
0.0 0.09569660574197769
0.0 0.1093442440032959
0.0 0.11729154735803604
0.0 inf
