0.0 0.0198502279818058
0.0 0.02596851997077465
0.0 0.026059895753860474
0.0 0.026659943163394928
0.0 0.027002915740013123
0.0 0.027095571160316467
0.0 0.027377203106880188
0.0 0.027385786175727844
0.0 0.02749107964336872
0.0 0.02774161845445633
0.0 0.02782057225704193
0.0 0.027870329096913338
0.0 0.02793710120022297
0.0 0.028072094544768333
0.0 0.02824300527572632
0.0 0.028740568086504936
0.0 0.02874932624399662
0.0 0.02937987633049488
0.0 0.029498761519789696
0.0 0.029510200023651123
0.0 0.029649997130036354
0.0 0.02976963296532631
0.0 0.029856888577342033
0.0 0.029886329546570778
0.0 0.029908545315265656
0.0 0.029955940321087837
0.0 0.029998354613780975
0.0 0.030412724241614342
0.0 0.03052164614200592
0.0 0.030541252344846725
0.0 0.030757006257772446
0.0 0.030763836577534676
0.0 0.030858799815177917
0.0 0.030996516346931458
0.0 0.031075775623321533
0.0 0.03112729638814926
0.0 0.031165849417448044
0.0 0.031169116497039795
0.0 0.03137382119894028
0.0 0.03149519860744476
0.0 0.031504519283771515
0.0 0.03185337409377098
0.0 0.03198496997356415
0.0 0.0322282537817955
0.0 0.03231051564216614
0.0 0.03249930217862129
0.0 0.03253759443759918
0.0 0.03256768733263016
0.0 0.03261220455169678
0.0 0.03263524919748306
0.0 0.03277777135372162
0.0 0.03282950073480606
0.0 0.03283924609422684
0.0 0.032842524349689484
0.0 0.0329708531498909
0.0 0.03305630013346672
0.0 0.03307846188545227
0.0 0.03310960531234741
0.0 0.033134620636701584
0.0 0.033171240240335464
0.0 0.03335142880678177
0.0 0.03343343734741211
0.0 0.03348995000123978
0.0 0.03351147472858429
0.0 0.033545829355716705
0.0 0.033595286309719086
0.0 0.0336984246969223
0.0 0.03371221572160721
0.0 0.03382880985736847
0.0 0.033934302628040314
0.0 0.034251272678375244
0.0 0.03428823873400688
0.0 0.03435502573847771
0.0 0.0344383642077446
0.0 0.034485116600990295
0.0 0.03449241444468498
0.0 0.034556202590465546
0.0 0.03457966074347496
0.0 0.034676022827625275
0.0 0.034742001444101334
0.0 0.03477043658494949
0.0 0.034825898706912994
0.0 0.03489654138684273
0.0 0.03504777327179909
0.0 0.035075314342975616
0.0 0.03523625433444977
0.0 0.03525181859731674
0.0 0.035375334322452545
0.0 0.035385336726903915
0.0 0.035418860614299774
0.0 0.035439055413007736
0.0 0.03545962646603584
0.0 0.0355236753821373
0.0 0.03560861200094223
0.0 0.03562344238162041
0.0 0.03564303740859032
0.0 0.03579900413751602
0.0 0.03593175485730171
0.0 0.03593555837869644
0.0 0.035953864455223083
0.0 0.03596927970647812
0.0 0.03600287437438965
0.0 0.03603319823741913
0.0 0.03606424108147621
0.0 0.036138348281383514
0.0 0.036223024129867554
0.0 0.03626811131834984
0.0 0.036330509930849075
0.0 0.0363447368144989
0.0 0.036385148763656616
0.0 0.036440763622522354
0.0 0.03649333119392395
0.0 0.03661002591252327
0.0 0.03667920455336571
0.0 0.03675268217921257
0.0 0.03676026314496994
0.0 0.03678523749113083
0.0 0.036824773997068405
0.0 0.036910075694322586
0.0 0.036947108805179596
0.0 0.03697158023715019
0.0 0.03697963431477547
0.0 0.03709661588072777
0.0 0.037122953683137894
0.0 0.03720488026738167
0.0 0.037266045808792114
0.0 0.037299904972314835
0.0 0.037380918860435486
0.0 0.037395015358924866
0.0 0.037454646080732346
0.0 0.037466030567884445
0.0 0.03756001964211464
0.0 0.03756844997406006
0.0 0.037643853574991226
0.0 0.03764483332633972
0.0 0.03766433522105217
0.0 0.03767915442585945
0.0 0.03772766888141632
0.0 0.0377715565264225
0.0 0.03777480497956276
0.0 0.03785199671983719
0.0 0.03790182247757912
0.0 0.03791271522641182
0.0 0.03798987343907356
0.0 0.0380326546728611
0.0 0.03803291916847229
0.0 0.03805287927389145
0.0 0.03806573152542114
0.0 0.038087498396635056
0.0 0.03809639811515808
0.0 0.03810134902596474
0.0 0.03813626617193222
0.0 0.03818928450345993
0.0 0.038200829178094864
0.0 0.0382067896425724
0.0 0.03826520964503288
0.0 0.03845631331205368
0.0 0.038521744310855865
0.0 0.03862953931093216
0.0 0.038637906312942505
0.0 0.03863966837525368
0.0 0.03866709768772125
0.0 0.03871589154005051
0.0 0.038726162165403366
0.0 0.038776591420173645
0.0 0.038793642073869705
0.0 0.038842130452394485
0.0 0.03885336592793465
0.0 0.03891764208674431
0.0 0.03902411833405495
0.0 0.039045654237270355
0.0 0.03904968500137329
0.0 0.03912075236439705
0.0 0.03916966915130615
0.0 0.03918011859059334
0.0 0.03933648765087128
0.0 0.03941342607140541
0.0 0.03941965475678444
0.0 0.03956948593258858
0.0 0.03967864438891411
0.0 0.0397585965692997
0.0 0.039823487401008606
0.0 0.039823662489652634
0.0 0.039830584079027176
0.0 0.03992670774459839
0.0 0.03996366262435913
0.0 0.040032193064689636
0.0 0.040063366293907166
0.0 0.04020807147026062
0.0 0.04027364403009415
0.0 0.04028668999671936
0.0 0.040309466421604156
0.0 0.04036318138241768
0.0 0.04051388055086136
0.0 0.040533870458602905
0.0 0.04063694551587105
0.0 0.040650125592947006
0.0 0.040656205266714096
0.0 0.04068607836961746
0.0 0.04074588045477867
0.0 0.04080009460449219
0.0 0.040814030915498734
0.0 0.04081984609365463
0.0 0.040838148444890976
0.0 0.04099429398775101
0.0 0.04100465402007103
0.0 0.0410156287252903
0.0 0.04105265066027641
0.0 0.041072677820920944
0.0 0.04110463336110115
0.0 0.04111163318157196
0.0 0.0412735715508461
0.0 0.04128323122859001
0.0 0.04131380096077919
0.0 0.041338641196489334
0.0 0.0413413867354393
0.0 0.041367869824171066
0.0 0.04139034077525139
0.0 0.04148142784833908
0.0 0.041488345712423325
0.0 0.04152334854006767
0.0 0.04153909906744957
0.0 0.041545819491147995
0.0 0.041623521596193314
0.0 0.04173186048865318
0.0 0.04175116866827011
0.0 0.04175157472491264
0.0 0.04175418242812157
0.0 0.04184827581048012
0.0 0.041923005133867264
0.0 0.041974592953920364
0.0 0.041994813829660416
0.0 0.04203741252422333
0.0 0.042061738669872284
0.0 0.04206283017992973
0.0 0.04206322506070137
0.0 0.042206842452287674
0.0 0.04224376007914543
0.0 0.042274486273527145
0.0 0.04228167235851288
0.0 0.04228951036930084
0.0 0.0423874706029892
0.0 0.04239023104310036
0.0 0.04249969497323036
0.0 0.042511552572250366
0.0 0.04260385408997536
0.0 0.042604029178619385
0.0 0.042619988322257996
0.0 0.04262976348400116
0.0 0.042649272829294205
0.0 0.042650818824768066
0.0 0.04266144707798958
0.0 0.042786307632923126
0.0 0.0429854653775692
0.0 0.043016187846660614
0.0 0.04302438348531723
0.0 0.04309016093611717
0.0 0.04315473884344101
0.0 0.043201543390750885
0.0 0.043209258466959
0.0 0.043238990008831024
0.0 0.04335606098175049
0.0 0.043364450335502625
0.0 0.04344600811600685
0.0 0.043449655175209045
0.0 0.043507177382707596
0.0 0.04351726546883583
0.0 0.043520137667655945
0.0 0.043538954108953476
0.0 0.04357241466641426
0.0 0.04357843101024628
0.0 0.043598707765340805
0.0 0.0436134934425354
0.0 0.04366932809352875
0.0 0.04368141293525696
0.0 0.043707091361284256
0.0 0.04378969967365265
0.0 0.04382568970322609
0.0 0.04393851011991501
0.0 0.04394891485571861
0.0 0.04397469013929367
0.0 0.04400576651096344
0.0 0.04405714198946953
0.0 0.044209565967321396
0.0 0.04427406191825867
0.0 0.04432833567261696
0.0 0.044353097677230835
0.0 0.044364236295223236
0.0 0.044380445033311844
0.0 0.044510290026664734
0.0 0.04455459862947464
0.0 0.04472183436155319
0.0 0.044759102165699005
0.0 0.044825054705142975
0.0 0.0448828749358654
0.0 0.04492243379354477
0.0 0.04497341439127922
0.0 0.045158371329307556
0.0 0.045198746025562286
0.0 0.04528231918811798
0.0 0.045374754816293716
0.0 0.045377083122730255
0.0 0.04538416117429733
0.0 0.045470669865608215
0.0 0.04555534943938255
0.0 0.04563860967755318
0.0 0.04567936807870865
0.0 0.04574929177761078
0.0 0.04575077444314957
0.0 0.04576718434691429
0.0 0.04587177187204361
0.0 0.04590792581439018
0.0 0.04612020030617714
0.0 0.04612373188138008
0.0 0.04618383198976517
0.0 0.04631495475769043
0.0 0.04640275985002518
0.0 0.04640313237905502
0.0 0.046409498900175095
0.0 0.04654993861913681
0.0 0.0465569868683815
0.0 0.04659329354763031
0.0 0.046672023832798004
0.0 0.046700917184352875
0.0 0.04673021659255028
0.0 0.04685720428824425
0.0 0.0469333678483963
0.0 0.04703202098608017
0.0 0.04703263193368912
0.0 0.04703325405716896
0.0 0.04703669622540474
0.0 0.04713677242398262
0.0 0.04731924086809158
0.0 0.04736040160059929
0.0 0.04736404865980148
0.0 0.04740000143647194
0.0 0.04740704596042633
0.0 0.04744180664420128
0.0 0.04749276861548424
0.0 0.047725748270750046
0.0 0.047734152525663376
0.0 0.047805655747652054
0.0 0.04784844443202019
0.0 0.04785435274243355
0.0 0.04786749929189682
0.0 0.047921426594257355
0.0 0.0481368713080883
0.0 0.048150379210710526
0.0 0.048286713659763336
0.0 0.04834634065628052
0.0 0.04850401356816292
0.0 0.048642560839653015
0.0 0.04867732897400856
0.0 0.04873262345790863
0.0 0.04893018305301666
0.0 0.04898854345083237
0.0 0.049186334013938904
0.0 0.049268290400505066
0.0 0.049401264637708664
0.0 0.04946855455636978
0.0 0.04959864541888237
0.0 0.04970163851976395
0.0 0.04979107528924942
0.0 0.050155848264694214
0.0 0.050256676971912384
0.0 0.05038556456565857
0.0 0.050424933433532715
0.0 0.05048798397183418
0.0 0.050660986453294754
0.0 0.05070869252085686
0.0 0.05079791322350502
0.0 0.05088968947529793
0.0 0.05093381553888321
0.0 0.05102290213108063
0.0 0.051096513867378235
0.0 0.051115915179252625
0.0 0.051160383969545364
0.0 0.051210880279541016
0.0 0.05127773806452751
0.0 0.05133163928985596
0.0 0.05138475075364113
0.0 0.05138920620083809
0.0 0.05139731988310814
0.0 0.05147092416882515
0.0 0.05177188292145729
0.0 0.0518813319504261
0.0 0.05197351053357124
0.0 0.0519871860742569
0.0 0.05202385038137436
0.0 0.05213259905576706
0.0 0.05241694301366806
0.0 0.052566785365343094
0.0 0.05261055380105972
0.0 0.05261082947254181
0.0 0.052943773567676544
0.0 0.053038183599710464
0.0 0.05309021845459938
0.0 0.0531754270195961
0.0 0.05321782827377319
0.0 0.05334102362394333
0.0 0.053349804133176804
0.0 0.0533558614552021
0.0 0.053392160683870316
0.0 0.05339920148253441
0.0 0.05348152294754982
0.0 0.05356043577194214
0.0 0.05362213775515556
0.0 0.053681544959545135
0.0 0.053959816694259644
0.0 0.05413220450282097
0.0 0.054134175181388855
0.0 0.05425421521067619
0.0 0.0542617104947567
0.0 0.054301194846630096
0.0 0.054363131523132324
0.0 0.0544285774230957
0.0 0.054561126977205276
0.0 0.0545731745660305
0.0 0.05466846376657486
0.0 0.05468110740184784
0.0 0.05488140508532524
0.0 0.05532167851924896
0.0 0.05573681369423866
0.0 0.05574085935950279
0.0 0.055744949728250504
0.0 0.05578266829252243
0.0 0.055799633264541626
0.0 0.05580819025635719
0.0 0.05585519224405289
0.0 0.055958718061447144
0.0 0.05605116859078407
0.0 0.05610162392258644
0.0 0.05636820197105408
0.0 0.056465033441782
0.0 0.05657685175538063
0.0 0.056609537452459335
0.0 0.05671711638569832
0.0 0.05677537992596626
0.0 0.05691123753786087
0.0 0.057066746056079865
0.0 0.05708989128470421
0.0 0.05723158270120621
0.0 0.05726977810263634
0.0 0.05742993950843811
0.0 0.05744454637169838
0.0 0.0579306036233902
0.0 0.05821109190583229
0.0 0.05822940915822983
0.0 0.05849813297390938
0.0 0.05872190371155739
0.0 0.058874715119600296
0.0 0.05910930410027504
0.0 0.05914038419723511
0.0 0.05928456038236618
0.0 0.05935722589492798
0.0 0.059421226382255554
0.0 0.05966028571128845
0.0 0.059907905757427216
0.0 0.0601455383002758
0.0 0.06050659716129303
0.0 0.06052783131599426
0.0 0.06054401770234108
0.0 0.06101372465491295
0.0 0.06188276410102844
0.0 0.06210673600435257
0.0 0.06216706335544586
0.0 0.06237037107348442
0.0 0.06271655857563019
0.0 0.06273369491100311
0.0 0.06275707483291626
0.0 0.06309683620929718
0.0 0.06351930648088455
0.0 0.06354702264070511
0.0 0.06433311104774475
0.0 0.06472589075565338
0.0 0.06475495547056198
0.0 0.06481950730085373
0.0 0.06547071039676666
0.0 0.06560009717941284
0.0 0.06572084128856659
0.0 0.06608477979898453
0.0 0.06629276275634766
0.0 0.0672675371170044
0.0 0.06740717589855194
0.0 0.06749646365642548
0.0 0.06814281642436981
0.0 0.06819786131381989
0.0 0.06828901171684265
0.0 0.06851928681135178
0.0 0.06956154108047485
0.0 0.06994594633579254
0.0 0.07016634941101074
0.0 0.0702449232339859
0.0 0.07109510898590088
0.0 0.07115811109542847
0.0 0.07160860300064087
0.0 0.07168786227703094
0.0 0.07183995097875595
0.0 0.07205411046743393
0.0 0.07213748246431351
0.0 0.07504301518201828
0.0 0.07599790394306183
0.0 0.07605378329753876
0.0 0.0760781466960907
0.0 0.07631340622901917
0.0 0.07759605348110199
0.0 0.07760041952133179
0.0 0.07960803061723709
0.0 0.08089744299650192
0.0 0.0810774564743042
0.0 0.09568022936582565
0.0 inf
