0.0 0.042848169803619385
0.0 0.04424435272812843
0.0 0.045315541326999664
0.0 0.04609060287475586
0.0 0.04652427136898041
0.0 0.04737109690904617
0.0 0.047546304762363434
0.0 0.04762931540608406
0.0 0.04887886717915535
0.0 0.04931510239839554
0.0 0.04946528747677803
0.0 0.05044187232851982
0.0 0.050781819969415665
0.0 0.050790272653102875
0.0 0.05164400115609169
0.0 0.051730815321207047
0.0 0.05178002640604973
0.0 0.05182649567723274
0.0 0.05182740464806557
0.0 0.05259097367525101
0.0 0.05265337601304054
0.0 0.05301843211054802
0.0 0.05305302515625954
0.0 0.05310091748833656
0.0 0.05323992297053337
0.0 0.05363514646887779
0.0 0.053964368999004364
0.0 0.054333727806806564
0.0 0.054433099925518036
0.0 0.0545538067817688
0.0 0.0548851415514946
0.0 0.054888106882572174
0.0 0.0550144761800766
0.0 0.0551140271127224
0.0 0.05512425675988197
0.0 0.05521731078624725
0.0 0.05523721128702164
0.0 0.05539736896753311
0.0 0.05540132522583008
0.0 0.055481091141700745
0.0 0.05551648885011673
0.0 0.055747851729393005
0.0 0.05580472573637962
0.0 0.05614418536424637
0.0 0.05646957457065582
0.0 0.05663197860121727
0.0 0.056670743972063065
0.0 0.0567149817943573
0.0 0.056737132370471954
0.0 0.05706102401018143
0.0 0.05712452158331871
0.0 0.0572175458073616
0.0 0.05723770335316658
0.0 0.05750074237585068
0.0 0.05762563273310661
0.0 0.057736922055482864
0.0 0.057906292378902435
0.0 0.05793393775820732
0.0 0.05794212594628334
0.0 0.05801384150981903
0.0 0.05818180739879608
0.0 0.05828188359737396
0.0 0.05843375623226166
0.0 0.0584557019174099
0.0 0.058577701449394226
0.0 0.058609019964933395
0.0 0.058644991368055344
0.0 0.05879640206694603
0.0 0.0588475726544857
0.0 0.05896621569991112
0.0 0.059051040560007095
0.0 0.059102386236190796
0.0 0.059116072952747345
0.0 0.05917428806424141
0.0 0.059184860438108444
0.0 0.059193968772888184
0.0 0.059197187423706055
0.0 0.05930031090974808
0.0 0.05934781953692436
0.0 0.05947847664356232
0.0 0.05954792723059654
0.0 0.05989977717399597
0.0 0.06005909666419029
0.0 0.06006971746683121
0.0 0.06010727211833
0.0 0.06012966111302376
0.0 0.060190655291080475
0.0 0.06022127717733383
0.0 0.06045883148908615
0.0 0.06058557704091072
0.0 0.060603607445955276
0.0 0.06061384081840515
0.0 0.060664013028144836
0.0 0.0607331246137619
0.0 0.060793437063694
0.0 0.06081883981823921
0.0 0.06088344007730484
0.0 0.060900960117578506
0.0 0.06095433235168457
0.0 0.06096003204584122
0.0 0.061026837676763535
0.0 0.061109550297260284
0.0 0.06129709631204605
0.0 0.06139538809657097
0.0 0.061400577425956726
0.0 0.061420753598213196
0.0 0.06145321950316429
0.0 0.06147237867116928
0.0 0.06150171533226967
0.0 0.06153936684131622
0.0 0.061672378331422806
0.0 0.061762791126966476
0.0 0.06178414449095726
0.0 0.06186063960194588
0.0 0.06205471232533455
0.0 0.06211751326918602
0.0 0.06213939189910889
0.0 0.062376245856285095
0.0 0.06258479505777359
0.0 0.06259014457464218
0.0 0.06260465085506439
0.0 0.06264212727546692
0.0 0.06272760033607483
0.0 0.06283172965049744
0.0 0.06285329908132553
0.0 0.06287028640508652
0.0 0.06310812383890152
0.0 0.06311120837926865
0.0 0.0632612332701683
0.0 0.06326213479042053
0.0 0.06330008804798126
0.0 0.06343149393796921
0.0 0.06354176253080368
0.0 0.06360641121864319
0.0 0.06362491101026535
0.0 0.0636776015162468
0.0 0.06369967013597488
0.0 0.06385102868080139
0.0 0.06409870088100433
0.0 0.06410881131887436
0.0 0.06411880999803543
0.0 0.06428612768650055
0.0 0.06431975215673447
0.0 0.06440071761608124
0.0 0.06443770974874496
0.0 0.06464730203151703
0.0 0.06466177105903625
0.0 0.0646972581744194
0.0 0.06470578908920288
0.0 0.06471084803342819
0.0 0.0647217333316803
0.0 0.06475655734539032
0.0 0.06492044776678085
0.0 0.06498056650161743
0.0 0.06498325616121292
0.0 0.06498971581459045
0.0 0.06518100947141647
0.0 0.06527809798717499
0.0 0.065315380692482
0.0 0.06534529477357864
0.0 0.0655645802617073
0.0 0.06562907248735428
0.0 0.06572765856981277
0.0 0.06575959920883179
0.0 0.06594859808683395
0.0 0.06595060229301453
0.0 0.06601064652204514
0.0 0.06604599207639694
0.0 0.06607379764318466
0.0 0.06622092425823212
0.0 0.06622322648763657
0.0 0.06626974046230316
0.0 0.06637746095657349
0.0 0.06642378121614456
0.0 0.06651255488395691
0.0 0.06653653830289841
0.0 0.06672141700983047
0.0 0.06682281941175461
0.0 0.06696230173110962
0.0 0.06697755306959152
0.0 0.06700154393911362
0.0 0.06707847863435745
0.0 0.06712856888771057
0.0 0.06713034957647324
0.0 0.06713451445102692
0.0 0.06718328595161438
0.0 0.06736772507429123
0.0 0.06738565862178802
0.0 0.06744091212749481
0.0 0.06749080866575241
0.0 0.06749866157770157
0.0 0.06751389801502228
0.0 0.06758630275726318
0.0 0.06765208393335342
0.0 0.06770415604114532
0.0 0.06771771609783173
0.0 0.06774063408374786
0.0 0.06775424629449844
0.0 0.06776339560747147
0.0 0.06779133528470993
0.0 0.06783455610275269
0.0 0.06813030689954758
0.0 0.0681404322385788
0.0 0.06816761940717697
0.0 0.06819894909858704
0.0 0.06820499897003174
0.0 0.06830418109893799
0.0 0.068351149559021
0.0 0.06835915893316269
0.0 0.06838740408420563
0.0 0.06858989596366882
0.0 0.06864085048437119
0.0 0.0686635747551918
0.0 0.06866815686225891
0.0 0.06884952634572983
0.0 0.06886164098978043
0.0 0.06886827200651169
0.0 0.06891943514347076
0.0 0.06902790814638138
0.0 0.06906289607286453
0.0 0.06914373487234116
0.0 0.06919968128204346
0.0 0.06922292709350586
0.0 0.06927616149187088
0.0 0.06928281486034393
0.0 0.0694672167301178
0.0 0.0694771260023117
0.0 0.06949655711650848
0.0 0.06967275589704514
0.0 0.06980457901954651
0.0 0.06994602829217911
0.0 0.07005618512630463
0.0 0.0701545923948288
0.0 0.07016400992870331
0.0 0.0702173113822937
0.0 0.07024786621332169
0.0 0.07026392221450806
0.0 0.07036540657281876
0.0 0.07054057717323303
0.0 0.07055496424436569
0.0 0.07059405744075775
0.0 0.07067650556564331
0.0 0.07073207199573517
0.0 0.07088103145360947
0.0 0.0709410235285759
0.0 0.07106997817754745
0.0 0.07109108567237854
0.0 0.07112839072942734
0.0 0.07114841043949127
0.0 0.07115068286657333
0.0 0.07115355134010315
0.0 0.07120076566934586
0.0 0.07122346013784409
0.0 0.0712328776717186
0.0 0.07129192352294922
0.0 0.07130470871925354
0.0 0.07145268470048904
0.0 0.07146389037370682
0.0 0.07151371240615845
0.0 0.0716152936220169
0.0 0.07169034332036972
0.0 0.07185373455286026
0.0 0.07199490815401077
0.0 0.07210098952054977
0.0 0.07214438915252686
0.0 0.07215186208486557
0.0 0.07230827212333679
0.0 0.07233315706253052
0.0 0.07248547673225403
0.0 0.07250626385211945
0.0 0.07258587330579758
0.0 0.07268331944942474
0.0 0.07270079851150513
0.0 0.07272639870643616
0.0 0.07275033742189407
0.0 0.07276006788015366
0.0 0.07279004156589508
0.0 0.07292886823415756
0.0 0.07294226437807083
0.0 0.07295309752225876
0.0 0.07297563552856445
0.0 0.07304647564888
0.0 0.07331138104200363
0.0 0.07333893328905106
0.0 0.07335519045591354
0.0 0.07336577773094177
0.0 0.07349005341529846
0.0 0.07390853017568588
0.0 0.07394518703222275
0.0 0.07397573441267014
0.0 0.0741797387599945
0.0 0.07446236908435822
0.0 0.074463851749897
0.0 0.07451093941926956
0.0 0.07454337924718857
0.0 0.07497464120388031
0.0 0.07498060911893845
0.0 0.0750977024435997
0.0 0.0752638727426529
0.0 0.07527214288711548
0.0 0.07534799724817276
0.0 0.07537896186113358
0.0 0.07549875229597092
0.0 0.07553426176309586
0.0 0.07554535567760468
0.0 0.07554551959037781
0.0 0.07555217295885086
0.0 0.0755557268857956
0.0 0.07566371560096741
0.0 0.07579704374074936
0.0 0.07579835504293442
0.0 0.07610831409692764
0.0 0.07618565112352371
0.0 0.07622060924768448
0.0 0.07623205333948135
0.0 0.0762384831905365
0.0 0.07624779641628265
0.0 0.07669535279273987
0.0 0.07669597119092941
0.0 0.07679103314876556
0.0 0.07686665654182434
0.0 0.07691306620836258
0.0 0.0769871324300766
0.0 0.07713114470243454
0.0 0.0771898403763771
0.0 0.07744783163070679
0.0 0.0776166319847107
0.0 0.07796469330787659
0.0 0.07799281924962997
0.0 0.0780237689614296
0.0 0.07809356600046158
0.0 0.07825353741645813
0.0 0.07828029990196228
0.0 0.07830946147441864
0.0 0.07850459963083267
0.0 0.07855004817247391
0.0 0.07866623252630234
0.0 0.07870927453041077
0.0 0.07878755778074265
0.0 0.07903915643692017
0.0 0.0791066363453865
0.0 0.07913722097873688
0.0 0.0791773870587349
0.0 0.07922765612602234
0.0 0.07937927544116974
0.0 0.07940001040697098
0.0 0.07942824810743332
0.0 0.079449862241745
0.0 0.07949019968509674
0.0 0.07959539443254471
0.0 0.07968907058238983
0.0 0.07972992956638336
0.0 0.07992708683013916
0.0 0.08005595207214355
0.0 0.08010255545377731
0.0 0.08030546456575394
0.0 0.0803297609090805
0.0 0.08052404969930649
0.0 0.08079487830400467
0.0 0.08097557723522186
0.0 0.08102133125066757
0.0 0.08108335733413696
0.0 0.08117523044347763
0.0 0.08129099756479263
0.0 0.08134492486715317
0.0 0.08141639828681946
0.0 0.0815095528960228
0.0 0.08151266723871231
0.0 0.08169658482074738
0.0 0.08171940594911575
0.0 0.0818244069814682
0.0 0.08190308511257172
0.0 0.08207757025957108
0.0 0.0822126492857933
0.0 0.08226221799850464
0.0 0.0822695717215538
0.0 0.08236776292324066
0.0 0.08239492028951645
0.0 0.08246828615665436
0.0 0.08248993009328842
0.0 0.08263932168483734
0.0 0.08270014822483063
0.0 0.08272344619035721
0.0 0.08276243507862091
0.0 0.08288633823394775
0.0 0.08302900940179825
0.0 0.08308939635753632
0.0 0.08358025550842285
0.0 0.08383648842573166
0.0 0.08390101045370102
0.0 0.08391391485929489
0.0 0.08405061811208725
0.0 0.08411197364330292
0.0 0.08423658460378647
0.0 0.08436387777328491
0.0 0.08450741320848465
0.0 0.0845169946551323
0.0 0.08455752581357956
0.0 0.08476703613996506
0.0 0.08481241017580032
0.0 0.0849478617310524
0.0 0.08506906032562256
0.0 0.08511421084403992
0.0 0.08514625579118729
0.0 0.08525481075048447
0.0 0.08549175411462784
0.0 0.08554361760616302
0.0 0.08561784774065018
0.0 0.08564096689224243
0.0 0.08564809709787369
0.0 0.0856485590338707
0.0 0.08580126613378525
0.0 0.0859697014093399
0.0 0.08642430603504181
0.0 0.08644421398639679
0.0 0.08651944994926453
0.0 0.0872729942202568
0.0 0.0876959040760994
0.0 0.08799579739570618
0.0 0.08800254762172699
0.0 0.08835582435131073
0.0 0.08843148499727249
0.0 0.08911722153425217
0.0 0.0893700122833252
0.0 0.08943450450897217
0.0 0.08949857205152512
0.0 0.08960084617137909
0.0 0.08986958861351013
0.0 0.08988645672798157
0.0 0.09028985351324081
0.0 0.0902901291847229
0.0 0.0903080403804779
0.0 0.09031564742326736
0.0 0.09067483991384506
0.0 0.0910729169845581
0.0 0.09121066331863403
0.0 0.09127701818943024
0.0 0.09155251085758209
0.0 0.09157361090183258
0.0 0.09163493663072586
0.0 0.09165668487548828
0.0 0.0916740819811821
0.0 0.09168725460767746
0.0 0.09182807058095932
0.0 0.09206615388393402
0.0 0.09210799634456635
0.0 0.09238817542791367
0.0 0.09255307912826538
0.0 0.09259290248155594
0.0 0.09300266951322556
0.0 0.09300938248634338
0.0 0.09310275316238403
0.0 0.09317222982645035
0.0 0.09346988797187805
0.0 0.09350695461034775
0.0 0.09368055313825607
0.0 0.09376651048660278
0.0 0.09395292401313782
0.0 0.09418356418609619
0.0 0.09448464214801788
0.0 0.09473293274641037
0.0 0.09476403892040253
0.0 0.09479650110006332
0.0 0.09492333233356476
0.0 0.09522978961467743
0.0 0.09587804973125458
0.0 0.09614335745573044
0.0 0.09669489413499832
0.0 0.09735384583473206
0.0 0.0973731204867363
0.0 0.09770054370164871
0.0 0.09778770804405212
0.0 0.09798187762498856
0.0 0.09871387481689453
0.0 0.09874624013900757
0.0 0.09882275760173798
0.0 0.0992513969540596
0.0 0.09937804937362671
0.0 0.0995335727930069
0.0 0.09985240548849106
0.0 0.09985709190368652
0.0 0.10066898912191391
0.0 0.10096149891614914
0.0 0.10100851953029633
0.0 0.10108276456594467
0.0 0.10128927230834961
0.0 0.10197028517723083
0.0 0.10215014219284058
0.0 0.10283128172159195
0.0 0.1050327867269516
0.0 0.10510313510894775
0.0 0.1062026247382164
0.0 0.10657171159982681
0.0 0.10749310255050659
0.0 0.10776329785585403
0.0 0.10790348052978516
0.0 0.11050264537334442
0.0 0.11247987300157547
0.0 0.11454834043979645
0.0 0.1171450987458229
0.0 0.11724545061588287
0.0 0.11759187281131744
0.0 0.11892403662204742
0.0 0.12047702074050903
0.0 0.12091327458620071
0.0 0.12263653427362442
0.0 0.1229175329208374
0.0 0.13032177090644836
0.0 0.13626141846179962
0.0 0.13832572102546692
0.0 0.14664603769779205
0.0 inf
