0.0 0.023510655388236046
0.0 0.02403121627867222
0.0 0.025147534906864166
0.0 0.025301342830061913
0.0 0.025500783696770668
0.0 0.02571379952132702
0.0 0.026058102026581764
0.0 0.026377124711871147
0.0 0.02665424346923828
0.0 0.02737201377749443
0.0 0.027544405311346054
0.0 0.027756042778491974
0.0 0.028059564530849457
0.0 0.028180567547678947
0.0 0.02863335609436035
0.0 0.02868317998945713
0.0 0.029233526438474655
0.0 0.029435578733682632
0.0 0.02946154959499836
0.0 0.0294758640229702
0.0 0.02948051504790783
0.0 0.029602307826280594
0.0 0.029655832797288895
0.0 0.029836563393473625
0.0 0.03001994639635086
0.0 0.030057143419981003
0.0 0.030065882951021194
0.0 0.030136821791529655
0.0 0.030177956447005272
0.0 0.030303768813610077
0.0 0.030336201190948486
0.0 0.03051707148551941
0.0 0.030533267185091972
0.0 0.030603716149926186
0.0 0.030765123665332794
0.0 0.03083234839141369
0.0 0.03084043227136135
0.0 0.030967434868216515
0.0 0.03102329932153225
0.0 0.03109762817621231
0.0 0.03117712400853634
0.0 0.031181255355477333
0.0 0.031575050204992294
0.0 0.03158099949359894
0.0 0.03162192180752754
0.0 0.03163215517997742
0.0 0.03163538873195648
0.0 0.0316779762506485
0.0 0.031887929886579514
0.0 0.03190089762210846
0.0 0.03190720081329346
0.0 0.03194212168455124
0.0 0.03207932412624359
0.0 0.03211809694766998
0.0 0.03213603422045708
0.0 0.0322713665664196
0.0 0.03237224370241165
0.0 0.03245716169476509
0.0 0.03246554732322693
0.0 0.0324731320142746
0.0 0.0325692854821682
0.0 0.03261718153953552
0.0 0.03262193128466606
0.0 0.03275454416871071
0.0 0.03277457505464554
0.0 0.03278151527047157
0.0 0.03279256448149681
0.0 0.032805804163217545
0.0 0.03284786269068718
0.0 0.03285646811127663
0.0 0.03290224447846413
0.0 0.03292205184698105
0.0 0.032959382981061935
0.0 0.03299570456147194
0.0 0.032998424023389816
0.0 0.03300108388066292
0.0 0.033022649586200714
0.0 0.03307808190584183
0.0 0.03308407589793205
0.0 0.03309480473399162
0.0 0.0332442931830883
0.0 0.03326187655329704
0.0 0.03328487649559975
0.0 0.033416371792554855
0.0 0.03342929854989052
0.0 0.03343682736158371
0.0 0.03369738906621933
0.0 0.0337931364774704
0.0 0.03380417823791504
0.0 0.033808257430791855
0.0 0.03383303061127663
0.0 0.033843040466308594
0.0 0.033929113298654556
0.0 0.033938948065042496
0.0 0.033954769372940063
0.0 0.03398474305868149
0.0 0.03399362787604332
0.0 0.03405769169330597
0.0 0.03414890542626381
0.0 0.034155044704675674
0.0 0.03417697921395302
0.0 0.034179046750068665
0.0 0.0341813862323761
0.0 0.034185100346803665
0.0 0.03426374867558479
0.0 0.03435133770108223
0.0 0.03436225280165672
0.0 0.034362755715847015
0.0 0.0344076044857502
0.0 0.034410785883665085
0.0 0.034454308450222015
0.0 0.03449874371290207
0.0 0.0345836766064167
0.0 0.03463374823331833
0.0 0.03473248332738876
0.0 0.034733571112155914
0.0 0.034737132489681244
0.0 0.034746620804071426
0.0 0.03482554107904434
0.0 0.03488432243466377
0.0 0.034891124814748764
0.0 0.03490128740668297
0.0 0.034933559596538544
0.0 0.03496910259127617
0.0 0.03500057011842728
0.0 0.03505801036953926
0.0 0.03506678342819214
0.0 0.03507586568593979
0.0 0.03508022055029869
0.0 0.035134993493556976
0.0 0.035138435661792755
0.0 0.035205159336328506
0.0 0.03521754965186119
0.0 0.03522418066859245
0.0 0.03527003899216652
0.0 0.035282548516988754
0.0 0.035286854952573776
0.0 0.035306163132190704
0.0 0.03533554822206497
0.0 0.03536539152264595
0.0 0.03538445010781288
0.0 0.035464394837617874
0.0 0.03562918305397034
0.0 0.03564232960343361
0.0 0.03565377742052078
0.0 0.03571430593729019
0.0 0.03573386371135712
0.0 0.03576534986495972
0.0 0.03590906411409378
0.0 0.03598865121603012
0.0 0.03600993752479553
0.0 0.036069355905056
0.0 0.03607248514890671
0.0 0.03608760982751846
0.0 0.03611278533935547
0.0 0.03611834719777107
0.0 0.03612568974494934
0.0 0.03613140806555748
0.0 0.036138009279966354
0.0 0.03614135831594467
0.0 0.03623011335730553
0.0 0.03623727336525917
0.0 0.0362740196287632
0.0 0.0363168865442276
0.0 0.03632526099681854
0.0 0.036399755626916885
0.0 0.03645896166563034
0.0 0.03645908832550049
0.0 0.03649827465415001
0.0 0.03652472048997879
0.0 0.03656930476427078
0.0 0.036620061844587326
0.0 0.03673528507351875
0.0 0.03674124553799629
0.0 0.03680124133825302
0.0 0.03680701181292534
0.0 0.0369747169315815
0.0 0.03697587922215462
0.0 0.03711353614926338
0.0 0.03712790459394455
0.0 0.037203866988420486
0.0 0.037223681807518005
0.0 0.037306614220142365
0.0 0.0373840257525444
0.0 0.037394117563962936
0.0 0.03743162006139755
0.0 0.03750359266996384
0.0 0.037505004554986954
0.0 0.037524089217185974
0.0 0.03760664910078049
0.0 0.03763173148036003
0.0 0.03776993602514267
0.0 0.03778626024723053
0.0 0.037790969014167786
0.0 0.037792522460222244
0.0 0.03786690533161163
0.0 0.03788508102297783
0.0 0.03793364018201828
0.0 0.03799400478601456
0.0 0.03799591213464737
0.0 0.03802051395177841
0.0 0.03809203580021858
0.0 0.038092806935310364
0.0 0.038169246166944504
0.0 0.038172636181116104
0.0 0.03819659724831581
0.0 0.03820260614156723
0.0 0.038214102387428284
0.0 0.0382242351770401
0.0 0.0382830873131752
0.0 0.038393206894397736
0.0 0.03839469701051712
0.0 0.03840852901339531
0.0 0.038563039153814316
0.0 0.03870316222310066
0.0 0.03871696814894676
0.0 0.038768403232097626
0.0 0.03898293152451515
0.0 0.03903621435165405
0.0 0.03910217434167862
0.0 0.039120011031627655
0.0 0.039190370589494705
0.0 0.03924120217561722
0.0 0.03928183391690254
0.0 0.03928828611969948
0.0 0.03930584341287613
0.0 0.03935651481151581
0.0 0.03938376531004906
0.0 0.03938811272382736
0.0 0.03951013833284378
0.0 0.03963784873485565
0.0 0.03975680097937584
0.0 0.03979741781949997
0.0 0.039846692234277725
0.0 0.03991351276636124
0.0 0.03991587832570076
0.0 0.03992803767323494
0.0 0.04001998528838158
0.0 0.04005952179431915
0.0 0.040099240839481354
0.0 0.04010883346199989
0.0 0.04020094498991966
0.0 0.040259089320898056
0.0 0.04027455300092697
0.0 0.04029948636889458
0.0 0.04034126549959183
0.0 0.04048648476600647
0.0 0.040491651743650436
0.0 0.040506698191165924
0.0 0.040515411645174026
0.0 0.04053892195224762
0.0 0.04055049270391464
0.0 0.04065142199397087
0.0 0.0407634973526001
0.0 0.04086794704198837
0.0 0.040921494364738464
0.0 0.04093388468027115
0.0 0.04095195233821869
0.0 0.04109089821577072
0.0 0.041312076151371
0.0 0.041355181485414505
0.0 0.04136564955115318
0.0 0.04137038066983223
0.0 0.04159006103873253
0.0 0.04164548218250275
0.0 0.0416741780936718
0.0 0.04180283471941948
0.0 0.04189710691571236
0.0 0.041976071894168854
0.0 0.04203105345368385
0.0 0.042035605758428574
0.0 0.04229778051376343
0.0 0.0423288457095623
0.0 0.0423302948474884
0.0 0.0423407144844532
0.0 0.042347319424152374
0.0 0.04244016855955124
0.0 0.04246870055794716
0.0 0.04249143972992897
0.0 0.04260930046439171
0.0 0.042625296860933304
0.0 0.04266652464866638
0.0 0.042673345655202866
0.0 0.0427301749587059
0.0 0.04274233803153038
0.0 0.042875971645116806
0.0 0.04288594797253609
0.0 0.04290426895022392
0.0 0.043005552142858505
0.0 0.043070193380117416
0.0 0.04308124631643295
0.0 0.04314807429909706
0.0 0.04315163195133209
0.0 0.043218184262514114
0.0 0.043232597410678864
0.0 0.04339166730642319
0.0 0.043506864458322525
0.0 0.043638139963150024
0.0 0.04368716478347778
0.0 0.04369867593050003
0.0 0.04371426999568939
0.0 0.04373698681592941
0.0 0.043753594160079956
0.0 0.043794747442007065
0.0 0.043809279799461365
0.0 0.04392775893211365
0.0 0.043948929756879807
0.0 0.043958880007267
0.0 0.043969105929136276
0.0 0.04400567710399628
0.0 0.044070348143577576
0.0 0.04409751296043396
0.0 0.04414017125964165
0.0 0.04417526721954346
0.0 0.044231660664081573
0.0 0.04423302039504051
0.0 0.04426873102784157
0.0 0.044399600476026535
0.0 0.04457917809486389
0.0 0.04459048807621002
0.0 0.044641897082328796
0.0 0.04466203972697258
0.0 0.0446665920317173
0.0 0.044792819768190384
0.0 0.044815678149461746
0.0 0.04485011100769043
0.0 0.04486478492617607
0.0 0.04488812014460564
0.0 0.04495869576931
0.0 0.0449853353202343
0.0 0.045274969190359116
0.0 0.04528406634926796
0.0 0.045348599553108215
0.0 0.04535524919629097
0.0 0.04603976383805275
0.0 0.04610263556241989
0.0 0.04626822471618652
0.0 0.046397943049669266
0.0 0.0464240126311779
0.0 0.04656032845377922
0.0 0.046914003789424896
0.0 0.04691710323095322
0.0 0.04695703461766243
0.0 0.04702725261449814
0.0 0.04703451320528984
0.0 0.0470571294426918
0.0 0.04716775193810463
0.0 0.04740412160754204
0.0 0.047422412782907486
0.0 0.04753818362951279
0.0 0.047613199800252914
0.0 0.04763799533247948
0.0 0.04775374382734299
0.0 0.047782015055418015
0.0 0.047928012907505035
0.0 0.047931965440511703
0.0 0.04798419028520584
0.0 0.047993093729019165
0.0 0.04799630865454674
0.0 0.04807185009121895
0.0 0.04807709902524948
0.0 0.04821227118372917
0.0 0.04829685017466545
0.0 0.04833418130874634
0.0 0.04837687313556671
0.0 0.04845541715621948
0.0 0.04847794026136398
0.0 0.048569124191999435
0.0 0.04860345274209976
0.0 0.048721492290496826
0.0 0.04876067489385605
0.0 0.048806264996528625
0.0 0.04881274700164795
0.0 0.048832423985004425
0.0 0.048948418349027634
0.0 0.04904588311910629
0.0 0.04914884269237518
0.0 0.04932992160320282
0.0 0.049351658672094345
0.0 0.04938979819417
0.0 0.0495147667825222
0.0 0.04958554729819298
0.0 0.04967818409204483
0.0 0.049792367964982986
0.0 0.04991983622312546
0.0 0.05000422149896622
0.0 0.050023581832647324
0.0 0.050061970949172974
0.0 0.050243936479091644
0.0 0.05024883151054382
0.0 0.050273288041353226
0.0 0.05057479441165924
0.0 0.05066942051053047
0.0 0.05069993436336517
0.0 0.05080973356962204
0.0 0.05098482221364975
0.0 0.05103826895356178
0.0 0.05105454474687576
0.0 0.05123615637421608
0.0 0.05128834769129753
0.0 0.05153141915798187
0.0 0.05173050984740257
0.0 0.05195719376206398
0.0 0.05203280970454216
0.0 0.052092764526605606
0.0 0.05240355059504509
0.0 0.0526198148727417
0.0 0.05265379697084427
0.0 0.0530623160302639
0.0 0.05337466672062874
0.0 0.053417496383190155
0.0 0.05346370115876198
0.0 0.053509242832660675
0.0 0.05359022691845894
0.0 0.054008886218070984
0.0 0.054184623062610626
0.0 0.05418515205383301
0.0 0.05447433888912201
0.0 0.05479814112186432
0.0 0.05492522567510605
0.0 0.05503438785672188
0.0 0.05519634857773781
0.0 0.055223364382982254
0.0 0.0552392303943634
0.0 0.055664241313934326
0.0 0.05568551644682884
0.0 0.05569932609796524
0.0 0.055712975561618805
0.0 0.055722251534461975
0.0 0.05577264726161957
0.0 0.05583140626549721
0.0 0.05592009797692299
0.0 0.05606568232178688
0.0 0.056324899196624756
0.0 0.05650613456964493
0.0 0.05689949542284012
0.0 0.05712919682264328
0.0 0.05713396146893501
0.0 0.05725427716970444
0.0 0.05772599205374718
0.0 0.057788193225860596
0.0 0.05815834924578667
0.0 0.05828435346484184
0.0 0.058413442224264145
0.0 0.058570679277181625
0.0 0.058738525956869125
0.0 0.05876905471086502
0.0 0.058818839490413666
0.0 0.058913812041282654
0.0 0.05912776291370392
0.0 0.05937011539936066
0.0 0.0597999207675457
0.0 0.06104227527976036
0.0 0.06113062798976898
0.0 0.0611453503370285
0.0 0.061255887150764465
0.0 0.061404626816511154
0.0 0.06149045750498772
0.0 0.06182099133729935
0.0 0.062169115990400314
0.0 0.06225140765309334
0.0 0.06262348592281342
0.0 0.06277748942375183
0.0 0.06317367404699326
0.0 0.0647432804107666
0.0 0.06525903195142746
0.0 0.06765041500329971
0.0 0.06781467795372009
0.0 0.06819036602973938
0.0 0.06951551884412766
0.0 0.06967062503099442
0.0 0.07000839710235596
0.0 0.07017861306667328
0.0 0.07040511816740036
0.0 0.07046176493167877
0.0 0.07069335132837296
0.0 0.07141146063804626
0.0 0.07206616550683975
0.0 0.07396520674228668
0.0 0.07851435244083405
0.0 0.07918429374694824
0.0 0.08025955408811569
0.0 0.084857277572155
0.0 0.08581613749265671
0.0 0.08644920587539673
0.0 0.08693738281726837
0.0 0.08827539533376694
0.0 0.09099861979484558
0.0 0.09280265122652054
0.0 0.0938180685043335
0.0 0.09655562788248062
0.0 0.09738176316022873
0.0 0.09881830960512161
0.0 0.09991130232810974
0.0 0.10075841099023819
0.0 0.10084535926580429
0.0 0.1055103987455368
0.0 0.106595978140831
0.0 0.10923825204372406
0.0 0.11017107218503952
0.0 0.11215902864933014
0.0 0.11316931247711182
0.0 0.11353092640638351
0.0 0.11490652710199356
0.0 0.11592350155115128
0.0 0.12291348725557327
0.0 0.12344437837600708
0.0 0.12523461878299713
0.0 0.12868179380893707
0.0 0.1360064595937729
0.0 0.14368249475955963
0.0 inf
