0.0 0.047221239656209946
0.0 0.049753498286008835
0.0 0.04991218075156212
0.0 0.050207458436489105
0.0 0.050221189856529236
0.0 0.050308749079704285
0.0 0.050692833960056305
0.0 0.050710856914520264
0.0 0.05179092660546303
0.0 0.0520036406815052
0.0 0.052013758569955826
0.0 0.0521683394908905
0.0 0.05250588804483414
0.0 0.05315021052956581
0.0 0.05316021293401718
0.0 0.05325477570295334
0.0 0.05396074429154396
0.0 0.054565638303756714
0.0 0.05478006228804588
0.0 0.05488106608390808
0.0 0.054912734776735306
0.0 0.05508915334939957
0.0 0.0555875301361084
0.0 0.05565250664949417
0.0 0.055669430643320084
0.0 0.055710356682538986
0.0 0.05576803907752037
0.0 0.05620796978473663
0.0 0.05621488764882088
0.0 0.056219641119241714
0.0 0.056220829486846924
0.0 0.0563550740480423
0.0 0.05635698139667511
0.0 0.05649760365486145
0.0 0.0565495491027832
0.0 0.056556202471256256
0.0 0.05661531910300255
0.0 0.056868504732847214
0.0 0.05730736628174782
0.0 0.057495005428791046
0.0 0.05753815546631813
0.0 0.05764686316251755
0.0 0.05788489431142807
0.0 0.057890914380550385
0.0 0.05802763253450394
0.0 0.05804353579878807
0.0 0.0581764355301857
0.0 0.05822611600160599
0.0 0.05842362716794014
0.0 0.05875980481505394
0.0 0.058914899826049805
0.0 0.05897380784153938
0.0 0.059070952236652374
0.0 0.05929788574576378
0.0 0.059321410953998566
0.0 0.0595325231552124
0.0 0.05953264236450195
0.0 0.05967649072408676
0.0 0.059712138026952744
0.0 0.0597742535173893
0.0 0.05999661237001419
0.0 0.060093242675065994
0.0 0.06010478734970093
0.0 0.06012462079524994
0.0 0.060253042727708817
0.0 0.060504671186208725
0.0 0.06060018390417099
0.0 0.06062909960746765
0.0 0.060744620859622955
0.0 0.06075642257928848
0.0 0.06085691601037979
0.0 0.06093503534793854
0.0 0.060955025255680084
0.0 0.06101542338728905
0.0 0.06109708920121193
0.0 0.06121860072016716
0.0 0.061347875744104385
0.0 0.061438530683517456
0.0 0.06143952161073685
0.0 0.061530694365501404
0.0 0.06169940158724785
0.0 0.061923857778310776
0.0 0.061926987022161484
0.0 0.06200789660215378
0.0 0.06232079863548279
0.0 0.06244591996073723
0.0 0.06251811236143112
0.0 0.06266525387763977
0.0 0.06271447986364365
0.0 0.062766894698143
0.0 0.06278826296329498
0.0 0.06280338764190674
0.0 0.0629851371049881
0.0 0.06304695457220078
0.0 0.06337958574295044
0.0 0.06341718137264252
0.0 0.06344622373580933
0.0 0.06347756832838058
0.0 0.06348346918821335
0.0 0.06351590156555176
0.0 0.06353017687797546
0.0 0.06357041001319885
0.0 0.06358381360769272
0.0 0.06393003463745117
0.0 0.06401274353265762
0.0 0.06415221840143204
0.0 0.06416290253400803
0.0 0.06420160084962845
0.0 0.06422639638185501
0.0 0.06423257291316986
0.0 0.06424474716186523
0.0 0.06429442763328552
0.0 0.06434564292430878
0.0 0.06438104808330536
0.0 0.06440937519073486
0.0 0.06453797221183777
0.0 0.0646304115653038
0.0 0.064668670296669
0.0 0.06470814347267151
0.0 0.06483131647109985
0.0 0.06484289467334747
0.0 0.06490680575370789
0.0 0.06496912240982056
0.0 0.06507406383752823
0.0 0.06521300226449966
0.0 0.06522924453020096
0.0 0.06529121845960617
0.0 0.06546185165643692
0.0 0.06572575867176056
0.0 0.06579197943210602
0.0 0.0657983273267746
0.0 0.06583932042121887
0.0 0.06591012328863144
0.0 0.06592860072851181
0.0 0.06595407426357269
0.0 0.0659695640206337
0.0 0.06601585447788239
0.0 0.0660625770688057
0.0 0.06606769561767578
0.0 0.06607137620449066
0.0 0.06608165800571442
0.0 0.06609389930963516
0.0 0.06624253839254379
0.0 0.06628358364105225
0.0 0.06646016240119934
0.0 0.06649405509233475
0.0 0.06672346591949463
0.0 0.06675814092159271
0.0 0.06683192402124405
0.0 0.06693176180124283
0.0 0.0669664517045021
0.0 0.06721487641334534
0.0 0.06734012812376022
0.0 0.06774591654539108
0.0 0.06781584769487381
0.0 0.06790328025817871
0.0 0.06792093813419342
0.0 0.06797386705875397
0.0 0.0680176243185997
0.0 0.06807591766119003
0.0 0.06836913526058197
0.0 0.06845208257436752
0.0 0.06847218424081802
0.0 0.06860106438398361
0.0 0.06867027282714844
0.0 0.06872699409723282
0.0 0.06876964867115021
0.0 0.06880421936511993
0.0 0.06898194551467896
0.0 0.06898743659257889
0.0 0.06899828463792801
0.0 0.06902313977479935
0.0 0.06904714554548264
0.0 0.06912539899349213
0.0 0.0692213922739029
0.0 0.06928130239248276
0.0 0.06944592297077179
0.0 0.06968489289283752
0.0 0.06972070783376694
0.0 0.06976575404405594
0.0 0.06979452073574066
0.0 0.069816954433918
0.0 0.06985568255186081
0.0 0.06988270580768585
0.0 0.07001691311597824
0.0 0.07011405378580093
0.0 0.07018592208623886
0.0 0.07033578306436539
0.0 0.0703578069806099
0.0 0.07040689885616302
0.0 0.0704866424202919
0.0 0.07049001753330231
0.0 0.07054975628852844
0.0 0.07061776518821716
0.0 0.07064200937747955
0.0 0.07074891030788422
0.0 0.07076258212327957
0.0 0.0707806870341301
0.0 0.0708509087562561
0.0 0.07089594751596451
0.0 0.07090608775615692
0.0 0.07106534391641617
0.0 0.07116898894309998
0.0 0.07129700481891632
0.0 0.07130569964647293
0.0 0.07131829112768173
0.0 0.07134540379047394
0.0 0.07151017338037491
0.0 0.07151099294424057
0.0 0.07156570255756378
0.0 0.07164707779884338
0.0 0.07183165848255157
0.0 0.07190775871276855
0.0 0.07192717492580414
0.0 0.07196725159883499
0.0 0.07199135422706604
0.0 0.07207217812538147
0.0 0.0721135288476944
0.0 0.07211605459451675
0.0 0.07224642485380173
0.0 0.07228829711675644
0.0 0.07243027538061142
0.0 0.07261182367801666
0.0 0.07269029319286346
0.0 0.07281183451414108
0.0 0.07288409769535065
0.0 0.07290773093700409
0.0 0.07304082065820694
0.0 0.07307831943035126
0.0 0.07309190928936005
0.0 0.07318917661905289
0.0 0.07321377843618393
0.0 0.07331300526857376
0.0 0.07336925715208054
0.0 0.07339606434106827
0.0 0.07340316474437714
0.0 0.07343406975269318
0.0 0.07346392422914505
0.0 0.07347587496042252
0.0 0.07357196509838104
0.0 0.07357679307460785
0.0 0.0736202746629715
0.0 0.07382325828075409
0.0 0.07382660359144211
0.0 0.07386239618062973
0.0 0.07390876114368439
0.0 0.07402268797159195
0.0 0.07408273220062256
0.0 0.07422717660665512
0.0 0.07424962520599365
0.0 0.0742776170372963
0.0 0.07435934990644455
0.0 0.0745406299829483
0.0 0.07460969686508179
0.0 0.07462523877620697
0.0 0.07464274019002914
0.0 0.07467911392450333
0.0 0.07480235397815704
0.0 0.07480701059103012
0.0 0.07497572153806686
0.0 0.075021892786026
0.0 0.07505294680595398
0.0 0.07505546510219574
0.0 0.07505825906991959
0.0 0.07512885332107544
0.0 0.07530122250318527
0.0 0.07537493854761124
0.0 0.07538868486881256
0.0 0.07545380294322968
0.0 0.07549509406089783
0.0 0.07559347152709961
0.0 0.0755990743637085
0.0 0.07562310993671417
0.0 0.07575007528066635
0.0 0.0757698193192482
0.0 0.07577946037054062
0.0 0.07581935822963715
0.0 0.07605907320976257
0.0 0.0761972963809967
0.0 0.07627735286951065
0.0 0.07636676728725433
0.0 0.07637536525726318
0.0 0.07647138088941574
0.0 0.07648599147796631
0.0 0.07675506174564362
0.0 0.07689207792282104
0.0 0.07707149535417557
0.0 0.07708704471588135
0.0 0.07709512859582901
0.0 0.0771423876285553
0.0 0.07716461271047592
0.0 0.07724111527204514
0.0 0.07727423310279846
0.0 0.07733988016843796
0.0 0.07750453799962997
0.0 0.0775308609008789
0.0 0.0775647684931755
0.0 0.07766411453485489
0.0 0.07788217067718506
0.0 0.07795574516057968
0.0 0.07808156311511993
0.0 0.07809337228536606
0.0 0.07809767872095108
0.0 0.0781291201710701
0.0 0.07849841564893723
0.0 0.07855690270662308
0.0 0.07863514870405197
0.0 0.07871048897504807
0.0 0.07873009890317917
0.0 0.07874885946512222
0.0 0.07884475588798523
0.0 0.07896716892719269
0.0 0.0790449008345604
0.0 0.07911895215511322
0.0 0.07912781834602356
0.0 0.07922126352787018
0.0 0.07923510670661926
0.0 0.07936332374811172
0.0 0.07939966768026352
0.0 0.07940587401390076
0.0 0.07943378388881683
0.0 0.0794486477971077
0.0 0.07947961241006851
0.0 0.07968717068433762
0.0 0.07968755066394806
0.0 0.07975997775793076
0.0 0.07977429032325745
0.0 0.07990214973688126
0.0 0.0799081102013588
0.0 0.07992183417081833
0.0 0.07994972914457321
0.0 0.07995904237031937
0.0 0.08005145937204361
0.0 0.08006636798381805
0.0 0.08009320497512817
0.0 0.08010808378458023
0.0 0.08014491945505142
0.0 0.08016080409288406
0.0 0.08040240406990051
0.0 0.08042771369218826
0.0 0.08049875497817993
0.0 0.08061528205871582
0.0 0.08087386190891266
0.0 0.0809151902794838
0.0 0.08096767216920853
0.0 0.08105392754077911
0.0 0.0811341404914856
0.0 0.08136855810880661
0.0 0.08149850368499756
0.0 0.08161529898643494
0.0 0.08163953572511673
0.0 0.08186258375644684
0.0 0.08202109485864639
0.0 0.08211495727300644
0.0 0.08212962001562119
0.0 0.08214816451072693
0.0 0.08231385052204132
0.0 0.08236333727836609
0.0 0.08245033770799637
0.0 0.08246641606092453
0.0 0.08252125978469849
0.0 0.08253239840269089
0.0 0.08254217356443405
0.0 0.0826353132724762
0.0 0.0827045738697052
0.0 0.08291500806808472
0.0 0.08296983689069748
0.0 0.0830245167016983
0.0 0.08307934552431107
0.0 0.08308985084295273
0.0 0.0831894651055336
0.0 0.08319340646266937
0.0 0.08320870995521545
0.0 0.0834658294916153
0.0 0.08369026333093643
0.0 0.08385221660137177
0.0 0.08389519155025482
0.0 0.08403841406106949
0.0 0.08411845564842224
0.0 0.08421015739440918
0.0 0.08486964553594589
0.0 0.08503362536430359
0.0 0.08526032418012619
0.0 0.08526253700256348
0.0 0.08539857715368271
0.0 0.08551279455423355
0.0 0.08558837324380875
0.0 0.0856189876794815
0.0 0.08564913272857666
0.0 0.0856577679514885
0.0 0.08566725999116898
0.0 0.08573555946350098
0.0 0.08576031029224396
0.0 0.08595772832632065
0.0 0.08603773266077042
0.0 0.08607444167137146
0.0 0.08613487333059311
0.0 0.08651752769947052
0.0 0.08656097203493118
0.0 0.08667025715112686
0.0 0.08688133209943771
0.0 0.08706282824277878
0.0 0.08733765035867691
0.0 0.0876908153295517
0.0 0.08769933134317398
0.0 0.08776882290840149
0.0 0.08779963105916977
0.0 0.08782807737588882
0.0 0.08786887675523758
0.0 0.08789626508951187
0.0 0.08806462585926056
0.0 0.088111013174057
0.0 0.08823532611131668
0.0 0.08830087631940842
0.0 0.08840983361005783
0.0 0.08863745629787445
0.0 0.08867334574460983
0.0 0.08868584781885147
0.0 0.0889933854341507
0.0 0.08900536596775055
0.0 0.08956173062324524
0.0 0.08988697826862335
0.0 0.09001201391220093
0.0 0.09005290269851685
0.0 0.09041213244199753
0.0 0.09046835452318192
0.0 0.09056606143712997
0.0 0.09068586677312851
0.0 0.09077293425798416
0.0 0.09084579348564148
0.0 0.0908595472574234
0.0 0.09093719720840454
0.0 0.09099775552749634
0.0 0.09110263735055923
0.0 0.09116223454475403
0.0 0.0912206619977951
0.0 0.09124910086393356
0.0 0.09137830883264542
0.0 0.0914929136633873
0.0 0.09176941215991974
0.0 0.09185619652271271
0.0 0.09192625433206558
0.0 0.09206592291593552
0.0 0.09212304651737213
0.0 0.0923754945397377
0.0 0.09245072305202484
0.0 0.0926285833120346
0.0 0.09269359707832336
0.0 0.09292767941951752
0.0 0.09313409775495529
0.0 0.0941774994134903
0.0 0.09428542852401733
0.0 0.09443417191505432
0.0 0.09468673914670944
0.0 0.09488292783498764
0.0 0.09494505077600479
0.0 0.0952206626534462
0.0 0.09532410651445389
0.0 0.09536347538232803
0.0 0.09597255289554596
0.0 0.09627264738082886
0.0 0.09630412608385086
0.0 0.09641629457473755
0.0 0.09653332084417343
0.0 0.09656072407960892
0.0 0.09657012671232224
0.0 0.09694088995456696
0.0 0.09733808040618896
0.0 0.09736054390668869
0.0 0.09742734581232071
0.0 0.09749296307563782
0.0 0.09842588007450104
0.0 0.09885956346988678
0.0 0.09920436143875122
0.0 0.09960824251174927
0.0 0.09961944073438644
0.0 0.09998809546232224
0.0 0.10017350316047668
0.0 0.10029983520507812
0.0 0.10039859265089035
0.0 0.10051825642585754
0.0 0.10068749636411667
0.0 0.10107088834047318
0.0 0.10138341784477234
0.0 0.10140911489725113
0.0 0.10181999206542969
0.0 0.10232400894165039
0.0 0.1025528535246849
0.0 0.10293065011501312
0.0 0.1038670614361763
0.0 0.10425744205713272
0.0 0.10525835305452347
0.0 0.10629785060882568
0.0 0.10703106224536896
0.0 0.10780402272939682
0.0 0.10786426812410355
0.0 0.10861072689294815
0.0 0.10925007611513138
0.0 0.10988643765449524
0.0 0.11104859411716461
0.0 0.11118211597204208
0.0 0.1128869503736496
0.0 0.11463575810194016
0.0 0.1157708615064621
0.0 0.11591483652591705
0.0 0.11619669944047928
0.0 0.11782185733318329
0.0 0.11890212446451187
0.0 0.11937859654426575
0.0 0.12341390550136566
0.0 0.12380824983119965
0.0 inf
