0.0 0.040997009724378586
0.0 0.042501289397478104
0.0 0.04310449957847595
0.0 0.04367707297205925
0.0 0.044521454721689224
0.0 0.04459656774997711
0.0 0.04536990076303482
0.0 0.045765470713377
0.0 0.04595577344298363
0.0 0.04688030853867531
0.0 0.046924442052841187
0.0 0.04714246466755867
0.0 0.04723386839032173
0.0 0.04805620014667511
0.0 0.04816519469022751
0.0 0.04841192439198494
0.0 0.048752788454294205
0.0 0.04927412047982216
0.0 0.0495837964117527
0.0 0.049849603325128555
0.0 0.04997054487466812
0.0 0.050173401832580566
0.0 0.05028277263045311
0.0 0.05032679811120033
0.0 0.050354424864053726
0.0 0.05039416626095772
0.0 0.05049183964729309
0.0 0.05060034990310669
0.0 0.05066849663853645
0.0 0.05074849724769592
0.0 0.05114082619547844
0.0 0.05123468115925789
0.0 0.05124901607632637
0.0 0.05134491249918938
0.0 0.051395826041698456
0.0 0.05148853734135628
0.0 0.051544662564992905
0.0 0.05178222060203552
0.0 0.051824167370796204
0.0 0.05184927210211754
0.0 0.05201857164502144
0.0 0.05205775797367096
0.0 0.05219721049070358
0.0 0.05220014974474907
0.0 0.05241195857524872
0.0 0.05241987854242325
0.0 0.05243466794490814
0.0 0.052561309188604355
0.0 0.05284088850021362
0.0 0.05301094055175781
0.0 0.053068459033966064
0.0 0.053118765354156494
0.0 0.05317372828722
0.0 0.05339518561959267
0.0 0.05341401696205139
0.0 0.053439121693372726
0.0 0.0535946860909462
0.0 0.05363929271697998
0.0 0.05367296189069748
0.0 0.05368838459253311
0.0 0.05371539294719696
0.0 0.053782641887664795
0.0 0.05384981632232666
0.0 0.05388128384947777
0.0 0.05397173762321472
0.0 0.054006487131118774
0.0 0.05413437262177467
0.0 0.0541669987142086
0.0 0.054391201585531235
0.0 0.05477222055196762
0.0 0.05480943247675896
0.0 0.05486597493290901
0.0 0.055069051682949066
0.0 0.055123016238212585
0.0 0.05522961914539337
0.0 0.05526018515229225
0.0 0.055282387882471085
0.0 0.05531158670783043
0.0 0.055357567965984344
0.0 0.05543617904186249
0.0 0.05545672029256821
0.0 0.055611591786146164
0.0 0.055625032633543015
0.0 0.055691029876470566
0.0 0.05589418113231659
0.0 0.055920813232660294
0.0 0.05606783181428909
0.0 0.056168634444475174
0.0 0.05634773150086403
0.0 0.05636066570878029
0.0 0.05638685077428818
0.0 0.05645037442445755
0.0 0.05648389458656311
0.0 0.05651398003101349
0.0 0.056517697870731354
0.0 0.05666802078485489
0.0 0.05676161125302315
0.0 0.05684700608253479
0.0 0.056875795125961304
0.0 0.05688312649726868
0.0 0.05690789222717285
0.0 0.056942056864500046
0.0 0.05694222077727318
0.0 0.057005271315574646
0.0 0.057019688189029694
0.0 0.05704343318939209
0.0 0.0571390762925148
0.0 0.057272594422101974
0.0 0.05729004368185997
0.0 0.057456787675619125
0.0 0.05746058374643326
0.0 0.05747599899768829
0.0 0.0576447956264019
0.0 0.05775604769587517
0.0 0.05782020464539528
0.0 0.057866714894771576
0.0 0.057937636971473694
0.0 0.05797625705599785
0.0 0.057981133460998535
0.0 0.057981643825769424
0.0 0.05806046724319458
0.0 0.05810140073299408
0.0 0.058121830224990845
0.0 0.05821456015110016
0.0 0.058265265077352524
0.0 0.058318380266427994
0.0 0.0583929568529129
0.0 0.05842990428209305
0.0 0.05843081697821617
0.0 0.05848446115851402
0.0 0.058645959943532944
0.0 0.05866136774420738
0.0 0.05884471535682678
0.0 0.0589214488863945
0.0 0.0590134933590889
0.0 0.05906878784298897
0.0 0.059095289558172226
0.0 0.059184398502111435
0.0 0.05924971029162407
0.0 0.05927664041519165
0.0 0.05928410217165947
0.0 0.059371840208768845
0.0 0.05957130715250969
0.0 0.05962492898106575
0.0 0.059722959995269775
0.0 0.05992572009563446
0.0 0.060135044157505035
0.0 0.06016276031732559
0.0 0.0602414496243
0.0 0.060268767178058624
0.0 0.06030777469277382
0.0 0.06045054271817207
0.0 0.060484085232019424
0.0 0.06049327179789543
0.0 0.06054667755961418
0.0 0.060598429292440414
0.0 0.060664087533950806
0.0 0.06075800582766533
0.0 0.06085410341620445
0.0 0.06088479980826378
0.0 0.06104794517159462
0.0 0.061062466353178024
0.0 0.06107209250330925
0.0 0.06112583726644516
0.0 0.061175327748060226
0.0 0.06118804216384888
0.0 0.06125122681260109
0.0 0.06138882413506508
0.0 0.06141017749905586
0.0 0.06148838251829147
0.0 0.061491888016462326
0.0 0.061775725334882736
0.0 0.06178213655948639
0.0 0.06187507510185242
0.0 0.06188660115003586
0.0 0.06195826455950737
0.0 0.06196809932589531
0.0 0.0619686022400856
0.0 0.06200653687119484
0.0 0.0620545968413353
0.0 0.062102727591991425
0.0 0.062200069427490234
0.0 0.06222982704639435
0.0 0.062415581196546555
0.0 0.06249469891190529
0.0 0.06261436641216278
0.0 0.062665194272995
0.0 0.0626700222492218
0.0 0.0630003809928894
0.0 0.06301160901784897
0.0 0.06302512437105179
0.0 0.06307969242334366
0.0 0.06308495998382568
0.0 0.06310613453388214
0.0 0.06316830217838287
0.0 0.06321386247873306
0.0 0.06338268518447876
0.0 0.06342577189207077
0.0 0.06344985961914062
0.0 0.06353535503149033
0.0 0.06357062608003616
0.0 0.0636669471859932
0.0 0.06370960175991058
0.0 0.06374011933803558
0.0 0.0638134554028511
0.0 0.06386025995016098
0.0 0.06387193500995636
0.0 0.0639331042766571
0.0 0.06396175920963287
0.0 0.06405320763587952
0.0 0.06405921280384064
0.0 0.06431609392166138
0.0 0.06432432681322098
0.0 0.0643605962395668
0.0 0.06437036395072937
0.0 0.06441580504179001
0.0 0.06451721489429474
0.0 0.06451907753944397
0.0 0.06453031301498413
0.0 0.06470572203397751
0.0 0.0647130236029625
0.0 0.06471900641918182
0.0 0.06473580747842789
0.0 0.06500612199306488
0.0 0.06503660976886749
0.0 0.06504123657941818
0.0 0.06508520245552063
0.0 0.06516501307487488
0.0 0.06530511379241943
0.0 0.06553328037261963
0.0 0.06562181562185287
0.0 0.06570498645305634
0.0 0.06580959260463715
0.0 0.06582237780094147
0.0 0.06583787500858307
0.0 0.06584353744983673
0.0 0.06595198810100555
0.0 0.06604305654764175
0.0 0.06607181578874588
0.0 0.06619346886873245
0.0 0.06626888364553452
0.0 0.06629470735788345
0.0 0.06636106967926025
0.0 0.06647522747516632
0.0 0.06648872047662735
0.0 0.0664968341588974
0.0 0.06655633449554443
0.0 0.06657546758651733
0.0 0.06659946590662003
0.0 0.06679673492908478
0.0 0.06687869876623154
0.0 0.06690892577171326
0.0 0.0670548751950264
0.0 0.06713702529668808
0.0 0.06739151477813721
0.0 0.06750873476266861
0.0 0.06757653504610062
0.0 0.0676426962018013
0.0 0.067718505859375
0.0 0.06776639819145203
0.0 0.06778302788734436
0.0 0.06793846189975739
0.0 0.06796694546937943
0.0 0.06810291111469269
0.0 0.06810782104730606
0.0 0.06822693347930908
0.0 0.06827663630247116
0.0 0.06840019673109055
0.0 0.06850144267082214
0.0 0.0685666874051094
0.0 0.0687449723482132
0.0 0.06887170672416687
0.0 0.06893177330493927
0.0 0.06907147169113159
0.0 0.06911593675613403
0.0 0.0692594051361084
0.0 0.06938259303569794
0.0 0.06941410154104233
0.0 0.06944407522678375
0.0 0.06946563720703125
0.0 0.06980372965335846
0.0 0.06986885517835617
0.0 0.06993848085403442
0.0 0.06995517760515213
0.0 0.07002939283847809
0.0 0.07003223150968552
0.0 0.07010990381240845
0.0 0.07031477242708206
0.0 0.0703832283616066
0.0 0.0704367607831955
0.0 0.07070636004209518
0.0 0.0707540288567543
0.0 0.07081884145736694
0.0 0.0710870772600174
0.0 0.07138053327798843
0.0 0.07140707969665527
0.0 0.07151936739683151
0.0 0.07152818143367767
0.0 0.07154250144958496
0.0 0.07168999314308167
0.0 0.07170434296131134
0.0 0.07182558625936508
0.0 0.07184765487909317
0.0 0.07187210768461227
0.0 0.07193932682275772
0.0 0.07194635272026062
0.0 0.07213182747364044
0.0 0.07214131206274033
0.0 0.07214535027742386
0.0 0.07217449694871902
0.0 0.07218262553215027
0.0 0.07221078872680664
0.0 0.0724070593714714
0.0 0.07247161120176315
0.0 0.07250043004751205
0.0 0.07253137230873108
0.0 0.07261831313371658
0.0 0.07263457030057907
0.0 0.07292044907808304
0.0 0.0730983167886734
0.0 0.07344368100166321
0.0 0.0734671950340271
0.0 0.07360474020242691
0.0 0.07381465286016464
0.0 0.07427061349153519
0.0 0.07429111748933792
0.0 0.07431939244270325
0.0 0.07481493055820465
0.0 0.07487928867340088
0.0 0.0752352774143219
0.0 0.07526516914367676
0.0 0.07565467059612274
0.0 0.07566162198781967
0.0 0.07570591568946838
0.0 0.07578746974468231
0.0 0.07606803625822067
0.0 0.07607212662696838
0.0 0.07608634978532791
0.0 0.07613007724285126
0.0 0.07619091123342514
0.0 0.07621774822473526
0.0 0.07629045099020004
0.0 0.07632695883512497
0.0 0.07633806020021439
0.0 0.07645678520202637
0.0 0.07657932490110397
0.0 0.07673412561416626
0.0 0.07679044455289841
0.0 0.0768577829003334
0.0 0.07698134332895279
0.0 0.07699649780988693
0.0 0.07709050923585892
0.0 0.07742024213075638
0.0 0.07758744060993195
0.0 0.07761462777853012
0.0 0.0778089165687561
0.0 0.07791769504547119
0.0 0.07819242775440216
0.0 0.0782817080616951
0.0 0.078334741294384
0.0 0.0783931240439415
0.0 0.07849380373954773
0.0 0.07855507731437683
0.0 0.07887095212936401
0.0 0.07889527827501297
0.0 0.07900034636259079
0.0 0.07902524620294571
0.0 0.07909108698368073
0.0 0.07913084328174591
0.0 0.07923977822065353
0.0 0.07930690050125122
0.0 0.07944837957620621
0.0 0.07951390743255615
0.0 0.07951562851667404
0.0 0.0796005129814148
0.0 0.07962331175804138
0.0 0.07969523966312408
0.0 0.0797320306301117
0.0 0.0799010694026947
0.0 0.07993990182876587
0.0 0.0800013616681099
0.0 0.08014017343521118
0.0 0.08019120246171951
0.0 0.08022661507129669
0.0 0.08038188517093658
0.0 0.08051417768001556
0.0 0.08055144548416138
0.0 0.08058623224496841
0.0 0.08070941269397736
0.0 0.08090780675411224
0.0 0.08093054592609406
0.0 0.08097609877586365
0.0 0.08120279759168625
0.0 0.08143335580825806
0.0 0.08146306872367859
0.0 0.08160319924354553
0.0 0.08175720274448395
0.0 0.08177471160888672
0.0 0.08177896589040756
0.0 0.08183785527944565
0.0 0.08190760761499405
0.0 0.08193225413560867
0.0 0.082041896879673
0.0 0.08222246915102005
0.0 0.08227011561393738
0.0 0.0823463499546051
0.0 0.08234794437885284
0.0 0.08237043023109436
0.0 0.08240514248609543
0.0 0.08247207850217819
0.0 0.08275233954191208
0.0 0.08286676555871964
0.0 0.08293067663908005
0.0 0.08298710733652115
0.0 0.08312235027551651
0.0 0.0831914097070694
0.0 0.0832749456167221
0.0 0.08347753435373306
0.0 0.08362852782011032
0.0 0.08411165326833725
0.0 0.08412779122591019
0.0 0.08420686423778534
0.0 0.08423437923192978
0.0 0.08451244980096817
0.0 0.08457833528518677
0.0 0.0849098190665245
0.0 0.08497817069292068
0.0 0.08499588072299957
0.0 0.08500280231237411
0.0 0.08525042980909348
0.0 0.08538200706243515
0.0 0.08541152626276016
0.0 0.08558405935764313
0.0 0.08559173345565796
0.0 0.08571469038724899
0.0 0.08585826307535172
0.0 0.08598525822162628
0.0 0.08658042550086975
0.0 0.08676906675100327
0.0 0.08689705282449722
0.0 0.08699081838130951
0.0 0.08712107688188553
0.0 0.0871264785528183
0.0 0.08717886358499527
0.0 0.08753351122140884
0.0 0.08754920959472656
0.0 0.08762787282466888
0.0 0.08769959211349487
0.0 0.08780678361654282
0.0 0.08807137608528137
0.0 0.08817752450704575
0.0 0.08826451003551483
0.0 0.0884692370891571
0.0 0.08847123384475708
0.0 0.08857641369104385
0.0 0.08902669697999954
0.0 0.08965824544429779
0.0 0.0899927094578743
0.0 0.09005178511142731
0.0 0.09026721119880676
0.0 0.09027661383152008
0.0 0.09063642472028732
0.0 0.09079695492982864
0.0 0.09121055155992508
0.0 0.09127462655305862
0.0 0.09173235297203064
0.0 0.09175436198711395
0.0 0.09230057150125504
0.0 0.0927087813615799
0.0 0.09330558031797409
0.0 0.09338288009166718
0.0 0.0936732143163681
0.0 0.09369044750928879
0.0 0.09371528774499893
0.0 0.0941992700099945
0.0 0.09433550387620926
0.0 0.09462370723485947
0.0 0.09489842504262924
0.0 0.09495917707681656
0.0 0.09505914896726608
0.0 0.09568285942077637
0.0 0.09616796672344208
0.0 0.09642835706472397
0.0 0.09655767679214478
0.0 0.09659908711910248
0.0 0.09661043435335159
0.0 0.09665192663669586
0.0 0.09672710299491882
0.0 0.09680450707674026
0.0 0.09718789160251617
0.0 0.097942054271698
0.0 0.0979636013507843
0.0 0.09924029558897018
0.0 0.1005069836974144
0.0 0.10198453068733215
0.0 0.10264325886964798
0.0 0.10310466587543488
0.0 0.10435256361961365
0.0 0.10533806681632996
0.0 0.10575488954782486
0.0 0.10620231181383133
0.0 0.1067962646484375
0.0 0.10728667676448822
0.0 0.10911276191473007
0.0 0.11046341061592102
0.0 0.11055855453014374
0.0 0.1109427660703659
0.0 0.117620088160038
0.0 0.1191665455698967
0.0 0.12081687897443771
0.0 0.1254492998123169
0.0 inf
