0.0 0.02585449256002903
0.0 0.026294201612472534
0.0 0.027779048308730125
0.0 0.031122706830501556
0.0 0.031751133501529694
0.0 0.03185098618268967
0.0 0.031967148184776306
0.0 0.03278134763240814
0.0 0.03287768363952637
0.0 0.033430323004722595
0.0 0.033819518983364105
0.0 0.034298237413167953
0.0 0.034539565443992615
0.0 0.03603590279817581
0.0 0.03611847758293152
0.0 0.036661382764577866
0.0 0.03704235330224037
0.0 0.037218209356069565
0.0 0.03728800639510155
0.0 0.037317629903554916
0.0 0.037328723818063736
0.0 0.03749648481607437
0.0 0.037740953266620636
0.0 0.03794202581048012
0.0 0.03801822289824486
0.0 0.038071032613515854
0.0 0.0382462814450264
0.0 0.03849594667553902
0.0 0.03861407935619354
0.0 0.03883358836174011
0.0 0.03890157490968704
0.0 0.03894081711769104
0.0 0.039130307734012604
0.0 0.03925107792019844
0.0 0.03943771496415138
0.0 0.039452340453863144
0.0 0.03961312398314476
0.0 0.03970614820718765
0.0 0.039791010320186615
0.0 0.04009932279586792
0.0 0.04019878804683685
0.0 0.04023432731628418
0.0 0.04026441648602486
0.0 0.040317948907613754
0.0 0.040391016751527786
0.0 0.040400341153144836
0.0 0.04040037840604782
0.0 0.04041445255279541
0.0 0.040414728224277496
0.0 0.04045050963759422
0.0 0.040473587810993195
0.0 0.04053611680865288
0.0 0.04061482474207878
0.0 0.040629372000694275
0.0 0.04068887233734131
0.0 0.04070056602358818
0.0 0.040708377957344055
0.0 0.040710825473070145
0.0 0.04071313142776489
0.0 0.04072526469826698
0.0 0.04076332226395607
0.0 0.04079249128699303
0.0 0.04082635045051575
0.0 0.04089248552918434
0.0 0.04093034565448761
0.0 0.040968578308820724
0.0 0.04108186438679695
0.0 0.04116718843579292
0.0 0.04122430086135864
0.0 0.041237667202949524
0.0 0.04124470055103302
0.0 0.0412449911236763
0.0 0.041299253702163696
0.0 0.04130261018872261
0.0 0.04131057485938072
0.0 0.04143301025032997
0.0 0.04165036976337433
0.0 0.0417957566678524
0.0 0.04187532886862755
0.0 0.04200733080506325
0.0 0.04209825396537781
0.0 0.04209963232278824
0.0 0.042153824120759964
0.0 0.04218516871333122
0.0 0.04228914901614189
0.0 0.04232938960194588
0.0 0.04235297068953514
0.0 0.04238599166274071
0.0 0.042390044778585434
0.0 0.04252859950065613
0.0 0.042530257254838943
0.0 0.04262614622712135
0.0 0.042663704603910446
0.0 0.04267151281237602
0.0 0.04276655614376068
0.0 0.04281070455908775
0.0 0.04282740503549576
0.0 0.04285956174135208
0.0 0.043033357709646225
0.0 0.043070267885923386
0.0 0.04314336180686951
0.0 0.04317735508084297
0.0 0.04321114346385002
0.0 0.04329084977507591
0.0 0.04331306368112564
0.0 0.04343295842409134
0.0 0.04348712041974068
0.0 0.04349309951066971
0.0 0.04349970072507858
0.0 0.04352382570505142
0.0 0.043556857854127884
0.0 0.04362381622195244
0.0 0.0436302050948143
0.0 0.04369121417403221
0.0 0.04412949085235596
0.0 0.04413801431655884
0.0 0.04414895549416542
0.0 0.044178903102874756
0.0 0.044322893023490906
0.0 0.0443284809589386
0.0 0.04434222728013992
0.0 0.04448239505290985
0.0 0.044512905180454254
0.0 0.04454624280333519
0.0 0.044546518474817276
0.0 0.04457170143723488
0.0 0.04457408934831619
0.0 0.04470308497548103
0.0 0.04475617781281471
0.0 0.04480515420436859
0.0 0.04483267292380333
0.0 0.04483342543244362
0.0 0.04489023983478546
0.0 0.04490432143211365
0.0 0.044999800622463226
0.0 0.04503247141838074
0.0 0.04503714665770531
0.0 0.04508037865161896
0.0 0.045086637139320374
0.0 0.045123741030693054
0.0 0.045174770057201385
0.0 0.045249197632074356
0.0 0.04526488855481148
0.0 0.04526599496603012
0.0 0.045289359986782074
0.0 0.045349787920713425
0.0 0.04550391435623169
0.0 0.04558204486966133
0.0 0.0455845408141613
0.0 0.04565547779202461
0.0 0.04568352922797203
0.0 0.04573257267475128
0.0 0.04578566551208496
0.0 0.04580202326178551
0.0 0.045808665454387665
0.0 0.045809268951416016
0.0 0.04582379385828972
0.0 0.0461222268640995
0.0 0.04617631435394287
0.0 0.046191975474357605
0.0 0.046235620975494385
0.0 0.04633188247680664
0.0 0.046370021998882294
0.0 0.04639197140932083
0.0 0.046434830874204636
0.0 0.04644908010959625
0.0 0.046504661440849304
0.0 0.04651587828993797
0.0 0.04659535363316536
0.0 0.046634234488010406
0.0 0.046648286283016205
0.0 0.04673438519239426
0.0 0.04675726592540741
0.0 0.046763304620981216
0.0 0.04683214798569679
0.0 0.04688740894198418
0.0 0.046895816922187805
0.0 0.046898048371076584
0.0 0.046962056308984756
0.0 0.04696236550807953
0.0 0.046996910125017166
0.0 0.047131408005952835
0.0 0.0471903420984745
0.0 0.04727843031287193
0.0 0.04741241782903671
0.0 0.04744663089513779
0.0 0.04756474494934082
0.0 0.047654733061790466
0.0 0.047728825360536575
0.0 0.0478130578994751
0.0 0.047887180000543594
0.0 0.047917187213897705
0.0 0.047918763011693954
0.0 0.04796501249074936
0.0 0.04808911681175232
0.0 0.04811309650540352
0.0 0.048116717487573624
0.0 0.04816185310482979
0.0 0.048162199556827545
0.0 0.048238180577754974
0.0 0.048301585018634796
0.0 0.048364486545324326
0.0 0.04846945032477379
0.0 0.048501454293727875
0.0 0.04853702709078789
0.0 0.04863806441426277
0.0 0.04870198667049408
0.0 0.04871019721031189
0.0 0.04882500693202019
0.0 0.04885350540280342
0.0 0.04888370633125305
0.0 0.049002040177583694
0.0 0.049030739814043045
0.0 0.04913198947906494
0.0 0.04931333661079407
0.0 0.0495065413415432
0.0 0.04964153841137886
0.0 0.04964520409703255
0.0 0.04967538267374039
0.0 0.04971981421113014
0.0 0.04979192093014717
0.0 0.049813833087682724
0.0 0.049857985228300095
0.0 0.049858059734106064
0.0 0.049984727054834366
0.0 0.04999486729502678
0.0 0.05004265904426575
0.0 0.050145473331213
0.0 0.050195954740047455
0.0 0.050457388162612915
0.0 0.05052682384848595
0.0 0.050539590418338776
0.0 0.05055755749344826
0.0 0.05074320361018181
0.0 0.0507766455411911
0.0 0.05078312009572983
0.0 0.05078417435288429
0.0 0.05081209912896156
0.0 0.050847377628088
0.0 0.050956256687641144
0.0 0.05100562795996666
0.0 0.05103323236107826
0.0 0.05104529485106468
0.0 0.05107812210917473
0.0 0.05114074423909187
0.0 0.051216982305049896
0.0 0.051251448690891266
0.0 0.051322437822818756
0.0 0.05134531110525131
0.0 0.05135316774249077
0.0 0.0514247827231884
0.0 0.0514264777302742
0.0 0.05148402601480484
0.0 0.05153365805745125
0.0 0.05160011723637581
0.0 0.0516565665602684
0.0 0.05170954763889313
0.0 0.051885828375816345
0.0 0.05191195756196976
0.0 0.05191492289304733
0.0 0.05198245123028755
0.0 0.05204438045620918
0.0 0.052351564168930054
0.0 0.05247848108410835
0.0 0.05251645669341087
0.0 0.05257916450500488
0.0 0.052589550614356995
0.0 0.05263198912143707
0.0 0.052639320492744446
0.0 0.0527314692735672
0.0 0.05276773124933243
0.0 0.05286669731140137
0.0 0.052874039858579636
0.0 0.05288846418261528
0.0 0.052905600517988205
0.0 0.052972495555877686
0.0 0.053004734218120575
0.0 0.053035736083984375
0.0 0.05308912694454193
0.0 0.05311347544193268
0.0 0.05313332751393318
0.0 0.05316469073295593
0.0 0.05322076007723808
0.0 0.053233712911605835
0.0 0.05338944122195244
0.0 0.053415317088365555
0.0 0.053520165383815765
0.0 0.05353455990552902
0.0 0.05362102389335632
0.0 0.05364768207073212
0.0 0.05372536554932594
0.0 0.05373717471957207
0.0 0.053785406053066254
0.0 0.05383127182722092
0.0 0.05390879511833191
0.0 0.05393929407000542
0.0 0.05404956266283989
0.0 0.05409425124526024
0.0 0.054104313254356384
0.0 0.05438097193837166
0.0 0.05438554659485817
0.0 0.05439869686961174
0.0 0.054424624890089035
0.0 0.05444427207112312
0.0 0.05449523776769638
0.0 0.05450454354286194
0.0 0.05459873750805855
0.0 0.054599326103925705
0.0 0.054602403193712234
0.0 0.054607000201940536
0.0 0.05470266565680504
0.0 0.054735470563173294
0.0 0.0549323707818985
0.0 0.054951589554548264
0.0 0.05502691492438316
0.0 0.05522298067808151
0.0 0.05526350438594818
0.0 0.05540313571691513
0.0 0.05547110736370087
0.0 0.055498555302619934
0.0 0.055516913533210754
0.0 0.05554832145571709
0.0 0.05561238154768944
0.0 0.05573778226971626
0.0 0.055772554129362106
0.0 0.0558096319437027
0.0 0.05584399029612541
0.0 0.05584825202822685
0.0 0.05590381100773811
0.0 0.055919818580150604
0.0 0.055997639894485474
0.0 0.05607254058122635
0.0 0.05628706514835358
0.0 0.05635819584131241
0.0 0.05648869648575783
0.0 0.056546613574028015
0.0 0.05666655674576759
0.0 0.056815795600414276
0.0 0.056903861463069916
0.0 0.057094819843769073
0.0 0.057236623018980026
0.0 0.05730365589261055
0.0 0.05733145773410797
0.0 0.057355161756277084
0.0 0.05749581754207611
0.0 0.0575946606695652
0.0 0.05774980038404465
0.0 0.05799571052193642
0.0 0.058051854372024536
0.0 0.058140404522418976
0.0 0.05824732407927513
0.0 0.058310143649578094
0.0 0.05831068009138107
0.0 0.058361805975437164
0.0 0.058439046144485474
0.0 0.05854729562997818
0.0 0.05863923951983452
0.0 0.058713823556900024
0.0 0.058836933225393295
0.0 0.05889546126127243
0.0 0.059145841747522354
0.0 0.05914739519357681
0.0 0.05917421728372574
0.0 0.05918188393115997
0.0 0.05925162881612778
0.0 0.05925314500927925
0.0 0.059288740158081055
0.0 0.05929309502243996
0.0 0.059322915971279144
0.0 0.05935444310307503
0.0 0.05951680243015289
0.0 0.059785302728414536
0.0 0.05983209237456322
0.0 0.0599362887442112
0.0 0.060001570731401443
0.0 0.06009408086538315
0.0 0.06017052009701729
0.0 0.060240305960178375
0.0 0.06024883687496185
0.0 0.06034372001886368
0.0 0.06037598103284836
0.0 0.060427892953157425
0.0 0.06044349446892738
0.0 0.06046723574399948
0.0 0.06047279015183449
0.0 0.06050495058298111
0.0 0.06063901633024216
0.0 0.0606931708753109
0.0 0.06075696274638176
0.0 0.06086473539471626
0.0 0.06105909124016762
0.0 0.061229098588228226
0.0 0.06133495271205902
0.0 0.061644960194826126
0.0 0.06207108870148659
0.0 0.06207219138741493
0.0 0.06207779422402382
0.0 0.062233272939920425
0.0 0.062243878841400146
0.0 0.06226126477122307
0.0 0.06227876618504524
0.0 0.06230537220835686
0.0 0.062363892793655396
0.0 0.06237734109163284
0.0 0.06245327740907669
0.0 0.06266386806964874
0.0 0.06267151236534119
0.0 0.0627523735165596
0.0 0.06276047229766846
0.0 0.06285975128412247
0.0 0.06289201229810715
0.0 0.0629379004240036
0.0 0.0629451647400856
0.0 0.06314218789339066
0.0 0.06322509050369263
0.0 0.0632612407207489
0.0 0.06330938637256622
0.0 0.06333688646554947
0.0 0.06336970627307892
0.0 0.0634208545088768
0.0 0.06355002522468567
0.0 0.06358616054058075
0.0 0.06367940455675125
0.0 0.06381886452436447
0.0 0.06404765695333481
0.0 0.06426186859607697
0.0 0.06428243964910507
0.0 0.06446642428636551
0.0 0.06449498981237411
0.0 0.06454002857208252
0.0 0.06456200778484344
0.0 0.06462092697620392
0.0 0.06464382261037827
0.0 0.06466161459684372
0.0 0.06502493470907211
0.0 0.06503073871135712
0.0 0.06512065976858139
0.0 0.0651920735836029
0.0 0.06542398035526276
0.0 0.06559733301401138
0.0 0.06575583666563034
0.0 0.06587657332420349
0.0 0.06594133377075195
0.0 0.06602529436349869
0.0 0.06608743965625763
0.0 0.0661475881934166
0.0 0.06642024964094162
0.0 0.06642735749483109
0.0 0.06647656112909317
0.0 0.06658296287059784
0.0 0.06690847128629684
0.0 0.06692007929086685
0.0 0.06692125648260117
0.0 0.06698691844940186
0.0 0.06705757975578308
0.0 0.06726273894309998
0.0 0.06748264282941818
0.0 0.06766873598098755
0.0 0.06770491600036621
0.0 0.0677972212433815
0.0 0.0680893063545227
0.0 0.06865561753511429
0.0 0.06865910440683365
0.0 0.06871165335178375
0.0 0.06884828954935074
0.0 0.0688609853386879
0.0 0.06887214630842209
0.0 0.06948889046907425
0.0 0.0697927325963974
0.0 0.06995518505573273
0.0 0.06999079883098602
0.0 0.07008916884660721
0.0 0.07023024559020996
0.0 0.07045760750770569
0.0 0.07065018266439438
0.0 0.0706595629453659
0.0 0.07089627534151077
0.0 0.07094214111566544
0.0 0.07114528864622116
0.0 0.07126028090715408
0.0 0.07133151590824127
0.0 0.07148955017328262
0.0 0.07154589891433716
0.0 0.07162473350763321
0.0 0.0716346949338913
0.0 0.07227058708667755
0.0 0.07296334952116013
0.0 0.07313067466020584
0.0 0.07326559722423553
0.0 0.0739004909992218
0.0 0.07478484511375427
0.0 0.07525566965341568
0.0 0.07536553591489792
0.0 0.07572231441736221
0.0 0.07582595944404602
0.0 0.07587388902902603
0.0 0.07637931406497955
0.0 0.07651280611753464
0.0 0.0769369900226593
0.0 0.0786869078874588
0.0 0.07959102839231491
0.0 0.08012181520462036
0.0 0.08151151984930038
0.0 0.08214700222015381
0.0 0.08231702446937561
0.0 0.08414732664823532
0.0 0.08426626771688461
0.0 0.08727609366178513
0.0 0.0890553891658783
0.0 0.09522749483585358
0.0 0.10839016735553741
0.0 inf
