0.0 0.03479231148958206
0.0 0.04014935716986656
0.0 0.04106497764587402
0.0 0.04241785407066345
0.0 0.04248938336968422
0.0 0.042854852974414825
0.0 0.04330562427639961
0.0 0.043709125369787216
0.0 0.043744295835494995
0.0 0.0444738008081913
0.0 0.045064978301525116
0.0 0.04513096809387207
0.0 0.046230249106884
0.0 0.04664383828639984
0.0 0.04664764925837517
0.0 0.0470435693860054
0.0 0.0472944900393486
0.0 0.04762887582182884
0.0 0.04800000041723251
0.0 0.0484481155872345
0.0 0.048722852021455765
0.0 0.04899970069527626
0.0 0.04944493994116783
0.0 0.04968007281422615
0.0 0.049959149211645126
0.0 0.05034366250038147
0.0 0.05062277987599373
0.0 0.05072717368602753
0.0 0.05115187168121338
0.0 0.05121093988418579
0.0 0.05136926472187042
0.0 0.051525987684726715
0.0 0.05156034976243973
0.0 0.05165795609354973
0.0 0.05201096832752228
0.0 0.05212933197617531
0.0 0.052173152565956116
0.0 0.052229899913072586
0.0 0.05232550576329231
0.0 0.05233930051326752
0.0 0.052400410175323486
0.0 0.05243735760450363
0.0 0.052598919719457626
0.0 0.052639495581388474
0.0 0.05277235060930252
0.0 0.05283583328127861
0.0 0.05295286700129509
0.0 0.05306180939078331
0.0 0.0531817302107811
0.0 0.05344269052147865
0.0 0.053526703268289566
0.0 0.05353030562400818
0.0 0.05356404557824135
0.0 0.05375167354941368
0.0 0.053880318999290466
0.0 0.05397654324769974
0.0 0.054119426757097244
0.0 0.054260145872831345
0.0 0.054262373596429825
0.0 0.05437542125582695
0.0 0.05444219708442688
0.0 0.05445031076669693
0.0 0.05476515367627144
0.0 0.05477018654346466
0.0 0.05482100322842598
0.0 0.05490027368068695
0.0 0.05501016229391098
0.0 0.05517134070396423
0.0 0.05517718568444252
0.0 0.055433452129364014
0.0 0.05561445653438568
0.0 0.055630456656217575
0.0 0.05570659413933754
0.0 0.05591219291090965
0.0 0.055968571454286575
0.0 0.05597756430506706
0.0 0.056181635707616806
0.0 0.056189604103565216
0.0 0.05636412650346756
0.0 0.05638444796204567
0.0 0.05645162984728813
0.0 0.05647093057632446
0.0 0.05652374401688576
0.0 0.056542009115219116
0.0 0.05656867101788521
0.0 0.05657774955034256
0.0 0.056706614792346954
0.0 0.05677231401205063
0.0 0.057031888514757156
0.0 0.057088203728199005
0.0 0.0571301095187664
0.0 0.05717633664608002
0.0 0.05720829963684082
0.0 0.05723138526082039
0.0 0.05745121091604233
0.0 0.05750877037644386
0.0 0.057532768696546555
0.0 0.05756721273064613
0.0 0.05760534852743149
0.0 0.057709455490112305
0.0 0.05775847285985947
0.0 0.05780944600701332
0.0 0.057947687804698944
0.0 0.0580010861158371
0.0 0.05810359865427017
0.0 0.058117128908634186
0.0 0.05817243829369545
0.0 0.058196622878313065
0.0 0.058255635201931
0.0 0.05835622176527977
0.0 0.05838256701827049
0.0 0.05838445574045181
0.0 0.058435164391994476
0.0 0.05846719071269035
0.0 0.05853263661265373
0.0 0.05854863300919533
0.0 0.058553606271743774
0.0 0.05868414416909218
0.0 0.058698561042547226
0.0 0.058859195560216904
0.0 0.05894213542342186
0.0 0.05898582935333252
0.0 0.059060581028461456
0.0 0.059325672686100006
0.0 0.05932815372943878
0.0 0.05941827967762947
0.0 0.05964444577693939
0.0 0.05964597314596176
0.0 0.059701304882764816
0.0 0.06000407040119171
0.0 0.06003271043300629
0.0 0.06018288806080818
0.0 0.06019110977649689
0.0 0.06026840955018997
0.0 0.0602753721177578
0.0 0.060480888932943344
0.0 0.06062621995806694
0.0 0.060644540935754776
0.0 0.0606878399848938
0.0 0.06090870872139931
0.0 0.061051689088344574
0.0 0.0611724928021431
0.0 0.061307333409786224
0.0 0.06137414276599884
0.0 0.06141030415892601
0.0 0.061471424996852875
0.0 0.06150428205728531
0.0 0.06160930544137955
0.0 0.06169580668210983
0.0 0.06171237304806709
0.0 0.06176413968205452
0.0 0.061877407133579254
0.0 0.06189526990056038
0.0 0.06191401928663254
0.0 0.061994750052690506
0.0 0.062109582126140594
0.0 0.062154874205589294
0.0 0.06244809180498123
0.0 0.06245606020092964
0.0 0.06255899369716644
0.0 0.06260159611701965
0.0 0.06265014410018921
0.0 0.06290736049413681
0.0 0.06294096261262894
0.0 0.06307826191186905
0.0 0.0631156638264656
0.0 0.06312867254018784
0.0 0.06313205510377884
0.0 0.06314261257648468
0.0 0.0631692036986351
0.0 0.06320516765117645
0.0 0.06330171972513199
0.0 0.06336292624473572
0.0 0.06340207904577255
0.0 0.06341028213500977
0.0 0.0635034367442131
0.0 0.06352971494197845
0.0 0.0637342631816864
0.0 0.06373544782400131
0.0 0.06374724954366684
0.0 0.0637681856751442
0.0 0.06395388394594193
0.0 0.06396570056676865
0.0 0.06401032954454422
0.0 0.06405457109212875
0.0 0.06407293677330017
0.0 0.06424029916524887
0.0 0.06425067782402039
0.0 0.06431333720684052
0.0 0.06439109891653061
0.0 0.06452669948339462
0.0 0.06460759043693542
0.0 0.06461741030216217
0.0 0.06462819874286652
0.0 0.06469202041625977
0.0 0.06470999866724014
0.0 0.06519202142953873
0.0 0.06522341817617416
0.0 0.06527741253376007
0.0 0.0653391033411026
0.0 0.06537311524152756
0.0 0.06539171934127808
0.0 0.0654686912894249
0.0 0.06547710299491882
0.0 0.06562358140945435
0.0 0.06562989205121994
0.0 0.06573303043842316
0.0 0.06577827781438828
0.0 0.06593199074268341
0.0 0.06597547233104706
0.0 0.06602241843938828
0.0 0.06614473462104797
0.0 0.06615789234638214
0.0 0.06630464643239975
0.0 0.06638193130493164
0.0 0.06640976667404175
0.0 0.0665205791592598
0.0 0.06657368689775467
0.0 0.06657998263835907
0.0 0.06662844121456146
0.0 0.06667011231184006
0.0 0.06680794060230255
0.0 0.06690700352191925
0.0 0.06701219826936722
0.0 0.0670158863067627
0.0 0.06704723089933395
0.0 0.06709205359220505
0.0 0.06716017425060272
0.0 0.06741044670343399
0.0 0.06742169708013535
0.0 0.06745944917201996
0.0 0.06746231764554977
0.0 0.06746421754360199
0.0 0.06761640310287476
0.0 0.06768684089183807
0.0 0.06773252040147781
0.0 0.06775978952646255
0.0 0.06777003407478333
0.0 0.0677967444062233
0.0 0.06790710240602493
0.0 0.06802161037921906
0.0 0.06804066151380539
0.0 0.06808235496282578
0.0 0.06811464577913284
0.0 0.06828895956277847
0.0 0.06830433011054993
0.0 0.06834626942873001
0.0 0.06839162111282349
0.0 0.06840194016695023
0.0 0.06841134279966354
0.0 0.06860410422086716
0.0 0.06866832822561264
0.0 0.06869474798440933
0.0 0.06871601939201355
0.0 0.06873626261949539
0.0 0.06874515116214752
0.0 0.06879287958145142
0.0 0.06882159411907196
0.0 0.06882920861244202
0.0 0.06883715838193893
0.0 0.06899414956569672
0.0 0.06921323388814926
0.0 0.0692364051938057
0.0 0.0692698135972023
0.0 0.06927922368049622
0.0 0.06938162446022034
0.0 0.06945163011550903
0.0 0.0695120170712471
0.0 0.06957611441612244
0.0 0.06959611922502518
0.0 0.06968463212251663
0.0 0.06982516497373581
0.0 0.06987383961677551
0.0 0.06996174156665802
0.0 0.06997407227754593
0.0 0.07014181464910507
0.0 0.07017986476421356
0.0 0.07018641382455826
0.0 0.07023945450782776
0.0 0.07032371312379837
0.0 0.07046405971050262
0.0 0.0704871118068695
0.0 0.07052774727344513
0.0 0.07062438875436783
0.0 0.07069745659828186
0.0 0.07070145010948181
0.0 0.07076802849769592
0.0 0.07085977494716644
0.0 0.07089398056268692
0.0 0.07091318070888519
0.0 0.07096586376428604
0.0 0.07105832546949387
0.0 0.07122276723384857
0.0 0.07133267819881439
0.0 0.0714430883526802
0.0 0.07145000249147415
0.0 0.071651391685009
0.0 0.07167474925518036
0.0 0.07192371040582657
0.0 0.07198172807693481
0.0 0.07204258441925049
0.0 0.07207787036895752
0.0 0.07244949042797089
0.0 0.0727507621049881
0.0 0.07281859964132309
0.0 0.07282686233520508
0.0 0.07295491546392441
0.0 0.07299605011940002
0.0 0.07307186722755432
0.0 0.07308220863342285
0.0 0.07308793067932129
0.0 0.07310772687196732
0.0 0.07315996289253235
0.0 0.07322148978710175
0.0 0.07323703169822693
0.0 0.07326371222734451
0.0 0.07335934042930603
0.0 0.07342050969600677
0.0 0.07346515357494354
0.0 0.07361435890197754
0.0 0.07362176477909088
0.0 0.0737544521689415
0.0 0.07387890666723251
0.0 0.07390771061182022
0.0 0.0740414410829544
0.0 0.07410630583763123
0.0 0.07411175221204758
0.0 0.07446280121803284
0.0 0.07467690110206604
0.0 0.07470099627971649
0.0 0.07472716271877289
0.0 0.07479868829250336
0.0 0.07486020773649216
0.0 0.07496221363544464
0.0 0.07509737461805344
0.0 0.07512681186199188
0.0 0.07546653598546982
0.0 0.07548364251852036
0.0 0.07550840079784393
0.0 0.07557392865419388
0.0 0.07560683786869049
0.0 0.0757291167974472
0.0 0.07576322555541992
0.0 0.07583725452423096
0.0 0.07594480365514755
0.0 0.07604078203439713
0.0 0.07623948156833649
0.0 0.07627933472394943
0.0 0.07644610106945038
0.0 0.07651390135288239
0.0 0.07684596627950668
0.0 0.07696805149316788
0.0 0.07718940079212189
0.0 0.07724739611148834
0.0 0.07728701829910278
0.0 0.07743379473686218
0.0 0.07761544734239578
0.0 0.07795728743076324
0.0 0.07803715020418167
0.0 0.07808766514062881
0.0 0.07858483493328094
0.0 0.07867522537708282
0.0 0.07867659628391266
0.0 0.0789409801363945
0.0 0.07898051291704178
0.0 0.07904012501239777
0.0 0.07948193699121475
0.0 0.07966626435518265
0.0 0.07968156784772873
0.0 0.07970098406076431
0.0 0.07978623360395432
0.0 0.07982809096574783
0.0 0.07983499765396118
0.0 0.07984373718500137
0.0 0.07999803870916367
0.0 0.08041200041770935
0.0 0.08048165589570999
0.0 0.08049313724040985
0.0 0.080609530210495
0.0 0.08092238754034042
0.0 0.08093142509460449
0.0 0.0809667780995369
0.0 0.0810624286532402
0.0 0.08107089251279831
0.0 0.08110063523054123
0.0 0.0813385620713234
0.0 0.08162806928157806
0.0 0.08163000643253326
0.0 0.08163497596979141
0.0 0.08177688717842102
0.0 0.0818546935915947
0.0 0.08191820979118347
0.0 0.08195047080516815
0.0 0.08216492086648941
0.0 0.08246391266584396
0.0 0.08258286118507385
0.0 0.082618847489357
0.0 0.08278810977935791
0.0 0.08300186693668365
0.0 0.08307520300149918
0.0 0.08316949009895325
0.0 0.08347020298242569
0.0 0.08374951779842377
0.0 0.08382771164178848
0.0 0.08389145880937576
0.0 0.08393274247646332
0.0 0.08394929766654968
0.0 0.08401419967412949
0.0 0.08428573608398438
0.0 0.08437273651361465
0.0 0.08438358455896378
0.0 0.08442528545856476
0.0 0.08460855484008789
0.0 0.08466613292694092
0.0 0.08479700237512589
0.0 0.08480053395032883
0.0 0.08488476276397705
0.0 0.08488619327545166
0.0 0.08523119986057281
0.0 0.08524411171674728
0.0 0.08525044471025467
0.0 0.08561982214450836
0.0 0.08581411838531494
0.0 0.08603700995445251
0.0 0.08634479343891144
0.0 0.08647538721561432
0.0 0.0865631103515625
0.0 0.08663487434387207
0.0 0.0868687704205513
0.0 0.08718565106391907
0.0 0.08725400269031525
0.0 0.08751816302537918
0.0 0.08788561075925827
0.0 0.08790087699890137
0.0 0.08813700079917908
0.0 0.08830609917640686
0.0 0.08885101974010468
0.0 0.0889316201210022
0.0 0.0893130823969841
0.0 0.08940572291612625
0.0 0.08956345170736313
0.0 0.08969978988170624
0.0 0.09018009901046753
0.0 0.09065434336662292
0.0 0.09082905948162079
0.0 0.0908346027135849
0.0 0.09085699170827866
0.0 0.09120452404022217
0.0 0.09164462983608246
0.0 0.09169001877307892
0.0 0.09174007922410965
0.0 0.09175164997577667
0.0 0.091781847178936
0.0 0.09184741228818893
0.0 0.09187015146017075
0.0 0.09253621101379395
0.0 0.0925673097372055
0.0 0.0926131084561348
0.0 0.0932837650179863
0.0 0.09341467171907425
0.0 0.0943027213215828
0.0 0.09451156109571457
0.0 0.09460104256868362
0.0 0.09506872296333313
0.0 0.09507279843091965
0.0 0.09520645439624786
0.0 0.09544062614440918
0.0 0.09555570781230927
0.0 0.09578773379325867
0.0 0.09601309150457382
0.0 0.09640135616064072
0.0 0.09656466543674469
0.0 0.09663167595863342
0.0 0.09668245166540146
0.0 0.09668344259262085
0.0 0.09673678874969482
0.0 0.09715665876865387
0.0 0.09732884168624878
0.0 0.09737126529216766
0.0 0.09752791374921799
0.0 0.09774426370859146
0.0 0.09783662855625153
0.0 0.09881508350372314
0.0 0.09889106452465057
0.0 0.09928230196237564
0.0 0.09953447431325912
0.0 0.09953638911247253
0.0 0.10188095271587372
0.0 0.10275135189294815
0.0 0.10300633311271667
0.0 0.10386566817760468
0.0 0.10387131571769714
0.0 0.10392920672893524
0.0 0.10544491559267044
0.0 0.10656452924013138
0.0 0.10658884048461914
0.0 0.10685372352600098
0.0 0.10869944095611572
0.0 0.10885191708803177
0.0 0.10940922796726227
0.0 0.11097890138626099
0.0 0.11125866323709488
0.0 0.11601588875055313
0.0 0.11841141432523727
0.0 0.12144118547439575
0.0 0.12188177555799484
0.0 0.13022319972515106
0.0 0.1379977911710739
0.0 0.14099140465259552
0.0 0.1462777853012085
0.0 0.1888120174407959
0.0 inf
