0.0 0.036673810333013535
0.0 0.0379503071308136
0.0 0.038284026086330414
0.0 0.03935127332806587
0.0 0.04047553241252899
0.0 0.0406138151884079
0.0 0.04097369313240051
0.0 0.04112797975540161
0.0 0.04122384637594223
0.0 0.04125768691301346
0.0 0.0413283109664917
0.0 0.04139655828475952
0.0 0.04145418107509613
0.0 0.04146275296807289
0.0 0.04151622951030731
0.0 0.041595231741666794
0.0 0.041618555784225464
0.0 0.041685204952955246
0.0 0.04177524149417877
0.0 0.04191203787922859
0.0 0.041921552270650864
0.0 0.0420246422290802
0.0 0.042043715715408325
0.0 0.042259104549884796
0.0 0.04232976213097572
0.0 0.042513780295848846
0.0 0.04252966120839119
0.0 0.04253485053777695
0.0 0.04255819320678711
0.0 0.042570970952510834
0.0 0.042594797909259796
0.0 0.04265258088707924
0.0 0.04293987900018692
0.0 0.04295091703534126
0.0 0.04295269399881363
0.0 0.04300766810774803
0.0 0.043234553188085556
0.0 0.04326007142663002
0.0 0.043344058096408844
0.0 0.04336511343717575
0.0 0.043466389179229736
0.0 0.04350961372256279
0.0 0.04377308860421181
0.0 0.04387292638421059
0.0 0.044017769396305084
0.0 0.04401791840791702
0.0 0.04403793066740036
0.0 0.044040556997060776
0.0 0.04411066323518753
0.0 0.04415406286716461
0.0 0.044220246374607086
0.0 0.04426641762256622
0.0 0.04433880001306534
0.0 0.044373102486133575
0.0 0.044421952217817307
0.0 0.04449852555990219
0.0 0.04452119395136833
0.0 0.04452859237790108
0.0 0.04462737962603569
0.0 0.044672057032585144
0.0 0.04467952996492386
0.0 0.04472320154309273
0.0 0.044761139899492264
0.0 0.04478529840707779
0.0 0.04481928423047066
0.0 0.04499613121151924
0.0 0.04500005394220352
0.0 0.04501541703939438
0.0 0.045210372656583786
0.0 0.04535204544663429
0.0 0.04536942392587662
0.0 0.04537063464522362
0.0 0.04540524259209633
0.0 0.04557708650827408
0.0 0.04560065641999245
0.0 0.04561233147978783
0.0 0.04563038423657417
0.0 0.04586271196603775
0.0 0.04629276320338249
0.0 0.04632788896560669
0.0 0.046350859105587006
0.0 0.046406716108322144
0.0 0.046519868075847626
0.0 0.046591050922870636
0.0 0.04660235345363617
0.0 0.04661840572953224
0.0 0.04666103050112724
0.0 0.04669304937124252
0.0 0.04677364230155945
0.0 0.046893153339624405
0.0 0.04689595848321915
0.0 0.04690404236316681
0.0 0.046915072947740555
0.0 0.047035589814186096
0.0 0.04717101901769638
0.0 0.04720970243215561
0.0 0.04723551496863365
0.0 0.04736118018627167
0.0 0.04737115651369095
0.0 0.04742966219782829
0.0 0.0474572628736496
0.0 0.04753315821290016
0.0 0.047685738652944565
0.0 0.04777427762746811
0.0 0.04778482764959335
0.0 0.04783669114112854
0.0 0.04785962775349617
0.0 0.04789489880204201
0.0 0.048065461218357086
0.0 0.048115670680999756
0.0 0.04817852005362511
0.0 0.04817933216691017
0.0 0.04818117991089821
0.0 0.048192571848630905
0.0 0.04828672856092453
0.0 0.04830893129110336
0.0 0.04837079346179962
0.0 0.04838479682803154
0.0 0.04851573705673218
0.0 0.04852547496557236
0.0 0.048537153750658035
0.0 0.04881621524691582
0.0 0.0488721989095211
0.0 0.048909012228250504
0.0 0.04893238842487335
0.0 0.04898751154541969
0.0 0.04899801313877106
0.0 0.04916531220078468
0.0 0.0492037832736969
0.0 0.04924137890338898
0.0 0.04934520274400711
0.0 0.049364034086465836
0.0 0.049376703798770905
0.0 0.04957103356719017
0.0 0.04961073398590088
0.0 0.04968196153640747
0.0 0.04968268796801567
0.0 0.04973307251930237
0.0 0.04976533353328705
0.0 0.049817584455013275
0.0 0.049878112971782684
0.0 0.04988204687833786
0.0 0.049950189888477325
0.0 0.050007063895463943
0.0 0.05011750012636185
0.0 0.050143592059612274
0.0 0.050181057304143906
0.0 0.05024952068924904
0.0 0.05029730126261711
0.0 0.050326015800237656
0.0 0.050377655774354935
0.0 0.05041486397385597
0.0 0.05041912943124771
0.0 0.05046906694769859
0.0 0.0504765510559082
0.0 0.05053119361400604
0.0 0.050585612654685974
0.0 0.05064385384321213
0.0 0.0506955124437809
0.0 0.05076072737574577
0.0 0.050811946392059326
0.0 0.050819478929042816
0.0 0.05090293288230896
0.0 0.05092335492372513
0.0 0.05094478279352188
0.0 0.051052749156951904
0.0 0.05110779032111168
0.0 0.05119387432932854
0.0 0.05124061554670334
0.0 0.051319535821676254
0.0 0.0513346828520298
0.0 0.0513751357793808
0.0 0.051678482443094254
0.0 0.05171823874115944
0.0 0.05178647115826607
0.0 0.05179968103766441
0.0 0.051801275461912155
0.0 0.05184938758611679
0.0 0.05187956616282463
0.0 0.05197182297706604
0.0 0.05205674096941948
0.0 0.05206213891506195
0.0 0.05208033323287964
0.0 0.052100397646427155
0.0 0.05218292772769928
0.0 0.05219664052128792
0.0 0.05223993584513664
0.0 0.052240099757909775
0.0 0.05237402021884918
0.0 0.052397213876247406
0.0 0.052400797605514526
0.0 0.0524318553507328
0.0 0.052504584193229675
0.0 0.052525732666254044
0.0 0.052611757069826126
0.0 0.05261671170592308
0.0 0.052626077085733414
0.0 0.05268600210547447
0.0 0.052741214632987976
0.0 0.05290387198328972
0.0 0.052924465388059616
0.0 0.05295078083872795
0.0 0.05298328399658203
0.0 0.05299656465649605
0.0 0.05303722247481346
0.0 0.053067684173583984
0.0 0.053087227046489716
0.0 0.05309327319264412
0.0 0.05309343338012695
0.0 0.05317311733961105
0.0 0.0531797856092453
0.0 0.053200382739305496
0.0 0.053243596106767654
0.0 0.05333075672388077
0.0 0.05339312553405762
0.0 0.053405195474624634
0.0 0.053514447063207626
0.0 0.05356252193450928
0.0 0.05363095924258232
0.0 0.05366048216819763
0.0 0.05366910248994827
0.0 0.053725142031908035
0.0 0.05386960878968239
0.0 0.05389013886451721
0.0 0.053898002952337265
0.0 0.054008547216653824
0.0 0.0540601871907711
0.0 0.054081909358501434
0.0 0.054321471601724625
0.0 0.0544661320745945
0.0 0.05452520027756691
0.0 0.054616596549749374
0.0 0.054618462920188904
0.0 0.05462366342544556
0.0 0.054626159369945526
0.0 0.054672256112098694
0.0 0.054822925478219986
0.0 0.054868925362825394
0.0 0.05489161238074303
0.0 0.05489363893866539
0.0 0.054964616894721985
0.0 0.05503569543361664
0.0 0.05507660284638405
0.0 0.055169716477394104
0.0 0.05519722029566765
0.0 0.05525290220975876
0.0 0.055323705077171326
0.0 0.055358465760946274
0.0 0.05547328665852547
0.0 0.055492766201496124
0.0 0.055524565279483795
0.0 0.05553821101784706
0.0 0.05554809421300888
0.0 0.05577290803194046
0.0 0.05588008090853691
0.0 0.05595000088214874
0.0 0.056186411529779434
0.0 0.056281134486198425
0.0 0.05652158334851265
0.0 0.05657992511987686
0.0 0.056678980588912964
0.0 0.056679900735616684
0.0 0.05670704320073128
0.0 0.056729309260845184
0.0 0.056785520166158676
0.0 0.05684596672654152
0.0 0.05685867741703987
0.0 0.05693376064300537
0.0 0.056951798498630524
0.0 0.05696289986371994
0.0 0.05703733116388321
0.0 0.05705363303422928
0.0 0.05705577880144119
0.0 0.05708292871713638
0.0 0.057188283652067184
0.0 0.05743199586868286
0.0 0.05744278430938721
0.0 0.05747757479548454
0.0 0.05757162347435951
0.0 0.05765224248170853
0.0 0.0576874203979969
0.0 0.05770672485232353
0.0 0.05785251036286354
0.0 0.05802614241838455
0.0 0.05803804472088814
0.0 0.05805429816246033
0.0 0.0580892488360405
0.0 0.058118149638175964
0.0 0.05833686888217926
0.0 0.05844047665596008
0.0 0.05857449024915695
0.0 0.058609478175640106
0.0 0.05863622948527336
0.0 0.05870747193694115
0.0 0.05872427672147751
0.0 0.058785200119018555
0.0 0.058799028396606445
0.0 0.058820657432079315
0.0 0.05888547748327255
0.0 0.05901142209768295
0.0 0.05912109836935997
0.0 0.05913636088371277
0.0 0.05941741168498993
0.0 0.05943537876009941
0.0 0.059510450810194016
0.0 0.05953391641378403
0.0 0.059584908187389374
0.0 0.059597648680210114
0.0 0.05969506874680519
0.0 0.059719268232584
0.0 0.05977954715490341
0.0 0.05982409045100212
0.0 0.05997160077095032
0.0 0.06007561460137367
0.0 0.06008877977728844
0.0 0.06010068580508232
0.0 0.060226988047361374
0.0 0.060310959815979004
0.0 0.060381367802619934
0.0 0.06043720245361328
0.0 0.060453832149505615
0.0 0.060455333441495895
0.0 0.06059444323182106
0.0 0.06067869812250137
0.0 0.06071958690881729
0.0 0.060731593519449234
0.0 0.060830216854810715
0.0 0.06099006533622742
0.0 0.06099753454327583
0.0 0.06103931739926338
0.0 0.0610404796898365
0.0 0.06111617013812065
0.0 0.06114412099123001
0.0 0.061157483607530594
0.0 0.061242494732141495
0.0 0.06124779209494591
0.0 0.06127999722957611
0.0 0.06133075803518295
0.0 0.061427392065525055
0.0 0.06151511147618294
0.0 0.06165621057152748
0.0 0.06171176955103874
0.0 0.06175214797258377
0.0 0.06175510212779045
0.0 0.06176416948437691
0.0 0.06179596111178398
0.0 0.061811596155166626
0.0 0.06182294711470604
0.0 0.06187693774700165
0.0 0.06200503557920456
0.0 0.06205369904637337
0.0 0.062203001230955124
0.0 0.062439825385808945
0.0 0.062495481222867966
0.0 0.0625542476773262
0.0 0.0625542625784874
0.0 0.06257021427154541
0.0 0.06260883063077927
0.0 0.06283354014158249
0.0 0.06284931302070618
0.0 0.06290373206138611
0.0 0.06297197192907333
0.0 0.06300505995750427
0.0 0.06303315609693527
0.0 0.06320059299468994
0.0 0.06327934563159943
0.0 0.06338336318731308
0.0 0.06339573860168457
0.0 0.06373906135559082
0.0 0.0638531744480133
0.0 0.06387729942798615
0.0 0.06392328441143036
0.0 0.06392715126276016
0.0 0.0642138421535492
0.0 0.0642598420381546
0.0 0.0643589049577713
0.0 0.0643954798579216
0.0 0.06442807614803314
0.0 0.06469932943582535
0.0 0.0647101178765297
0.0 0.06489469110965729
0.0 0.06493256986141205
0.0 0.06496671587228775
0.0 0.06496956944465637
0.0 0.06503213942050934
0.0 0.06505585461854935
0.0 0.06508345901966095
0.0 0.0651855319738388
0.0 0.06519746035337448
0.0 0.06521006673574448
0.0 0.06529039889574051
0.0 0.0652989000082016
0.0 0.06535319983959198
0.0 0.06544869393110275
0.0 0.06567376852035522
0.0 0.06589587777853012
0.0 0.06598040461540222
0.0 0.06614771485328674
0.0 0.06624231487512589
0.0 0.06631841510534286
0.0 0.06635963916778564
0.0 0.06659574061632156
0.0 0.06665262579917908
0.0 0.0666847825050354
0.0 0.06672822684049606
0.0 0.06688696891069412
0.0 0.06692402064800262
0.0 0.06709504872560501
0.0 0.0671229287981987
0.0 0.06724407523870468
0.0 0.06724927574396133
0.0 0.06726214289665222
0.0 0.06738650798797607
0.0 0.06754410266876221
0.0 0.06755857169628143
0.0 0.06762447208166122
0.0 0.06763050705194473
0.0 0.06764023005962372
0.0 0.0677032396197319
0.0 0.06782703101634979
0.0 0.06787154823541641
0.0 0.0681089535355568
0.0 0.06870818883180618
0.0 0.0687703937292099
0.0 0.06882879883050919
0.0 0.06892263889312744
0.0 0.06931880861520767
0.0 0.06937070935964584
0.0 0.06938496232032776
0.0 0.06954031437635422
0.0 0.06967386603355408
0.0 0.06968219578266144
0.0 0.06969224661588669
0.0 0.06971947848796844
0.0 0.06999038904905319
0.0 0.07023806869983673
0.0 0.07078634202480316
0.0 0.070892333984375
0.0 0.07114449143409729
0.0 0.07138365507125854
0.0 0.0713849663734436
0.0 0.07152779400348663
0.0 0.07166604697704315
0.0 0.07168316841125488
0.0 0.07197616249322891
0.0 0.07208642363548279
0.0 0.07212075591087341
0.0 0.07212702929973602
0.0 0.07220873981714249
0.0 0.07237188518047333
0.0 0.07251221686601639
0.0 0.07252699881792068
0.0 0.07260774075984955
0.0 0.0726778656244278
0.0 0.07284736633300781
0.0 0.073213130235672
0.0 0.07356583327054977
0.0 0.07358525693416595
0.0 0.07374414801597595
0.0 0.07375172525644302
0.0 0.0737532377243042
0.0 0.07376804947853088
0.0 0.0738033875823021
0.0 0.0741429477930069
0.0 0.07434485107660294
0.0 0.07457602024078369
0.0 0.07526788115501404
0.0 0.07533750683069229
0.0 0.07538679987192154
0.0 0.07548762857913971
0.0 0.07657934725284576
0.0 0.07660119980573654
0.0 0.07666794210672379
0.0 0.07704253494739532
0.0 0.07797596603631973
0.0 0.07817060500383377
0.0 0.07859741896390915
0.0 0.07880572229623795
0.0 0.07881034910678864
0.0 0.07887566834688187
0.0 0.0790623277425766
0.0 0.07909608632326126
0.0 0.07928967475891113
0.0 0.07952442020177841
0.0 0.08038844913244247
0.0 0.08046574890613556
0.0 0.08072694391012192
0.0 0.08083776384592056
0.0 0.08097740262746811
0.0 0.08158670365810394
0.0 0.08197450637817383
0.0 0.08254200220108032
0.0 0.08364810794591904
0.0 0.08365534245967865
0.0 0.08437846601009369
0.0 0.0844159871339798
0.0 0.08545015007257462
0.0 0.08563416451215744
0.0 0.08631553500890732
0.0 0.08906024694442749
0.0 0.09026221930980682
0.0 0.09036221355199814
0.0 0.0955570861697197
0.0 0.10527317225933075
0.0 0.11285185068845749
0.0 0.11459863930940628
0.0 0.11624540388584137
0.0 0.1308445781469345
0.0 0.1456943154335022
0.0 0.1475730985403061
0.0 0.18042735755443573
0.0 inf
