0.0 0.033531997352838516
0.0 0.034676916897296906
0.0 0.034686312079429626
0.0 0.034972935914993286
0.0 0.0373367965221405
0.0 0.03735208511352539
0.0 0.037672873586416245
0.0 0.03795662149786949
0.0 0.038241781294345856
0.0 0.03867260739207268
0.0 0.03901274874806404
0.0 0.03904540836811066
0.0 0.03924925997853279
0.0 0.03939028084278107
0.0 0.03940821811556816
0.0 0.03969699889421463
0.0 0.0401751771569252
0.0 0.04028169438242912
0.0 0.040383659303188324
0.0 0.040480419993400574
0.0 0.0406561940908432
0.0 0.04081061854958534
0.0 0.04108404740691185
0.0 0.04109286516904831
0.0 0.04116983711719513
0.0 0.04119976609945297
0.0 0.04142602160573006
0.0 0.041561152786016464
0.0 0.04161767661571503
0.0 0.04164331406354904
0.0 0.04170253500342369
0.0 0.0417315699160099
0.0 0.04177239537239075
0.0 0.041798923164606094
0.0 0.041926003992557526
0.0 0.04197583347558975
0.0 0.04201105237007141
0.0 0.042039111256599426
0.0 0.04226697236299515
0.0 0.04229912534356117
0.0 0.04239465296268463
0.0 0.04262690991163254
0.0 0.04266325384378433
0.0 0.042850248515605927
0.0 0.043072860687971115
0.0 0.04322172701358795
0.0 0.043222226202487946
0.0 0.043297167867422104
0.0 0.0433664545416832
0.0 0.043369267135858536
0.0 0.04354081302881241
0.0 0.04367786645889282
0.0 0.043684910982847214
0.0 0.04375991225242615
0.0 0.04385215416550636
0.0 0.04392626881599426
0.0 0.043969858437776566
0.0 0.04399075731635094
0.0 0.044006288051605225
0.0 0.04401813820004463
0.0 0.0441720187664032
0.0 0.04433724284172058
0.0 0.04445507377386093
0.0 0.0444779098033905
0.0 0.04451322183012962
0.0 0.04459749534726143
0.0 0.04468759894371033
0.0 0.04470773786306381
0.0 0.04481211677193642
0.0 0.04499898850917816
0.0 0.045053668320178986
0.0 0.045066334307193756
0.0 0.045144278556108475
0.0 0.045255810022354126
0.0 0.04529724642634392
0.0 0.045355185866355896
0.0 0.04549206793308258
0.0 0.045657988637685776
0.0 0.04580561816692352
0.0 0.0459708534181118
0.0 0.045978985726833344
0.0 0.046008363366127014
0.0 0.046099647879600525
0.0 0.04613066837191582
0.0 0.04615422710776329
0.0 0.04615946486592293
0.0 0.04616507142782211
0.0 0.04628395661711693
0.0 0.04634902998805046
0.0 0.04642482101917267
0.0 0.04643015190958977
0.0 0.046531129628419876
0.0 0.046539898961782455
0.0 0.04657873883843422
0.0 0.04660387337207794
0.0 0.04661301150918007
0.0 0.04662967845797539
0.0 0.04672573134303093
0.0 0.046745747327804565
0.0 0.0468275249004364
0.0 0.046843308955430984
0.0 0.04685582220554352
0.0 0.046909354627132416
0.0 0.04696011543273926
0.0 0.04698227345943451
0.0 0.04698832333087921
0.0 0.047008540481328964
0.0 0.04706335440278053
0.0 0.04707084968686104
0.0 0.04724853113293648
0.0 0.04732048511505127
0.0 0.04734025150537491
0.0 0.04748731851577759
0.0 0.047488875687122345
0.0 0.047493480145931244
0.0 0.047551337629556656
0.0 0.04765433073043823
0.0 0.04769192636013031
0.0 0.04772889241576195
0.0 0.047776296734809875
0.0 0.04777804762125015
0.0 0.047797515988349915
0.0 0.047879744321107864
0.0 0.04795149341225624
0.0 0.0479668527841568
0.0 0.0479721873998642
0.0 0.04839545860886574
0.0 0.048445068299770355
0.0 0.04845474660396576
0.0 0.04854985326528549
0.0 0.04860527068376541
0.0 0.048616304993629456
0.0 0.04864724352955818
0.0 0.04866219684481621
0.0 0.04867425560951233
0.0 0.04878896847367287
0.0 0.048828285187482834
0.0 0.04883120208978653
0.0 0.04887741431593895
0.0 0.049006275832653046
0.0 0.049015745520591736
0.0 0.04918699339032173
0.0 0.049207914620637894
0.0 0.049219753593206406
0.0 0.04931090399622917
0.0 0.04941701516509056
0.0 0.049418143928050995
0.0 0.04943420737981796
0.0 0.049520764499902725
0.0 0.04960092902183533
0.0 0.049682069569826126
0.0 0.04969557747244835
0.0 0.04969686269760132
0.0 0.049720123410224915
0.0 0.04979809373617172
0.0 0.049803778529167175
0.0 0.04982352256774902
0.0 0.04986618086695671
0.0 0.0499735102057457
0.0 0.04998893663287163
0.0 0.05000882223248482
0.0 0.05001502484083176
0.0 0.05005282163619995
0.0 0.050079748034477234
0.0 0.050129812210798264
0.0 0.050136201083660126
0.0 0.05019707232713699
0.0 0.050203587859869
0.0 0.05029807239770889
0.0 0.050404906272888184
0.0 0.05042947083711624
0.0 0.05045380815863609
0.0 0.05052512139081955
0.0 0.050577592104673386
0.0 0.05059364065527916
0.0 0.05059873312711716
0.0 0.05074101313948631
0.0 0.050750792026519775
0.0 0.050761330872774124
0.0 0.05108514428138733
0.0 0.051194965839385986
0.0 0.0512070432305336
0.0 0.05121535062789917
0.0 0.05129808932542801
0.0 0.051443345844745636
0.0 0.05155098810791969
0.0 0.051610346883535385
0.0 0.05172555521130562
0.0 0.05177304521203041
0.0 0.05190524831414223
0.0 0.05208390951156616
0.0 0.05209599807858467
0.0 0.05209684744477272
0.0 0.0522649772465229
0.0 0.05234872177243233
0.0 0.052530452609062195
0.0 0.05256443843245506
0.0 0.05257890745997429
0.0 0.05261281505227089
0.0 0.05262785404920578
0.0 0.052651893347501755
0.0 0.05267380550503731
0.0 0.052700359374284744
0.0 0.052755337208509445
0.0 0.05278375372290611
0.0 0.05288295820355415
0.0 0.052884358912706375
0.0 0.05296383798122406
0.0 0.052965253591537476
0.0 0.05301729217171669
0.0 0.053089629858732224
0.0 0.053143635392189026
0.0 0.053151004016399384
0.0 0.053160782903432846
0.0 0.05322906747460365
0.0 0.05324568599462509
0.0 0.05333557352423668
0.0 0.0533430390059948
0.0 0.05345100536942482
0.0 0.05352199450135231
0.0 0.05358771234750748
0.0 0.05361536890268326
0.0 0.0536736398935318
0.0 0.053728923201560974
0.0 0.05375183746218681
0.0 0.05396954342722893
0.0 0.05401824787259102
0.0 0.05402403697371483
0.0 0.05403437092900276
0.0 0.05406627058982849
0.0 0.05419968441128731
0.0 0.054258208721876144
0.0 0.05430566146969795
0.0 0.054317135363817215
0.0 0.05432834103703499
0.0 0.054370347410440445
0.0 0.05441838502883911
0.0 0.05453493446111679
0.0 0.05472647398710251
0.0 0.05485961213707924
0.0 0.05486408248543739
0.0 0.05494825914502144
0.0 0.055067576467990875
0.0 0.05507245659828186
0.0 0.05508270859718323
0.0 0.055252913385629654
0.0 0.05530698969960213
0.0 0.05557955056428909
0.0 0.05567057058215141
0.0 0.05571645498275757
0.0 0.05573200806975365
0.0 0.05584428459405899
0.0 0.0559132881462574
0.0 0.05591516196727753
0.0 0.05596139654517174
0.0 0.055969711393117905
0.0 0.05599740520119667
0.0 0.056049373000860214
0.0 0.056386448442935944
0.0 0.056434936821460724
0.0 0.05646367743611336
0.0 0.05648767575621605
0.0 0.0565340593457222
0.0 0.05655640363693237
0.0 0.05655689164996147
0.0 0.05656148120760918
0.0 0.05656791478395462
0.0 0.05683411657810211
0.0 0.05689556896686554
0.0 0.05693589523434639
0.0 0.057020265609025955
0.0 0.057028647512197495
0.0 0.05716639384627342
0.0 0.05725943297147751
0.0 0.0572652630507946
0.0 0.05727310851216316
0.0 0.05738271400332451
0.0 0.057493966072797775
0.0 0.05759866535663605
0.0 0.05763987451791763
0.0 0.05767516791820526
0.0 0.05776297673583031
0.0 0.05778481811285019
0.0 0.05780494585633278
0.0 0.05782177299261093
0.0 0.05789058282971382
0.0 0.05789494141936302
0.0 0.057968620210886
0.0 0.05810758098959923
0.0 0.05814070254564285
0.0 0.058235954493284225
0.0 0.05823662132024765
0.0 0.05835719779133797
0.0 0.058359526097774506
0.0 0.05839334428310394
0.0 0.05840279906988144
0.0 0.058468855917453766
0.0 0.05855436250567436
0.0 0.05856657400727272
0.0 0.05858727917075157
0.0 0.058591607958078384
0.0 0.05860670655965805
0.0 0.05863389000296593
0.0 0.05869010090827942
0.0 0.058718856424093246
0.0 0.05874011665582657
0.0 0.058811627328395844
0.0 0.058912068605422974
0.0 0.05893905460834503
0.0 0.05905276909470558
0.0 0.05905875563621521
0.0 0.05915427580475807
0.0 0.05927962437272072
0.0 0.05939851701259613
0.0 0.05940542742609978
0.0 0.059457939118146896
0.0 0.05951019376516342
0.0 0.059618644416332245
0.0 0.059696048498153687
0.0 0.059699442237615585
0.0 0.05973513796925545
0.0 0.05977945029735565
0.0 0.05980609729886055
0.0 0.059937942773103714
0.0 0.059954311698675156
0.0 0.059963081032037735
0.0 0.06021043285727501
0.0 0.0602758564054966
0.0 0.060306087136268616
0.0 0.060358498245477676
0.0 0.060524873435497284
0.0 0.06059230491518974
0.0 0.060621026903390884
0.0 0.06077367439866066
0.0 0.06090038642287254
0.0 0.06092734634876251
0.0 0.06097502261400223
0.0 0.061073556542396545
0.0 0.06126934289932251
0.0 0.061351656913757324
0.0 0.06141769140958786
0.0 0.061430223286151886
0.0 0.061468541622161865
0.0 0.061568282544612885
0.0 0.06165200099349022
0.0 0.061844196170568466
0.0 0.061927229166030884
0.0 0.061987198889255524
0.0 0.06215206906199455
0.0 0.062153518199920654
0.0 0.06219625473022461
0.0 0.06227825954556465
0.0 0.062410272657871246
0.0 0.06241374462842941
0.0 0.062450163066387177
0.0 0.06248123198747635
0.0 0.06256498396396637
0.0 0.06260406225919724
0.0 0.0627279207110405
0.0 0.06273513287305832
0.0 0.06274189800024033
0.0 0.062771737575531
0.0 0.06277354061603546
0.0 0.06279587745666504
0.0 0.06291256844997406
0.0 0.06298466771841049
0.0 0.06299445033073425
0.0 0.06312026083469391
0.0 0.0632430762052536
0.0 0.06352005898952484
0.0 0.06357595324516296
0.0 0.06363053619861603
0.0 0.06363541632890701
0.0 0.06364135444164276
0.0 0.06373777985572815
0.0 0.06389005482196808
0.0 0.06392849236726761
0.0 0.06393099576234818
0.0 0.06426279246807098
0.0 0.06429722160100937
0.0 0.06435934454202652
0.0 0.06446737051010132
0.0 0.06451785564422607
0.0 0.06465582549571991
0.0 0.06474261730909348
0.0 0.0649833008646965
0.0 0.06509459763765335
0.0 0.06524619460105896
0.0 0.06526568531990051
0.0 0.06548384577035904
0.0 0.06552694737911224
0.0 0.06566698849201202
0.0 0.0657142847776413
0.0 0.06575493514537811
0.0 0.06579339504241943
0.0 0.06591708958148956
0.0 0.06597009301185608
0.0 0.06597325950860977
0.0 0.06618151813745499
0.0 0.06619931012392044
0.0 0.0663156732916832
0.0 0.06633014231920242
0.0 0.06650964915752411
0.0 0.06655673682689667
0.0 0.06657282263040543
0.0 0.0666249543428421
0.0 0.06672967225313187
0.0 0.0667448490858078
0.0 0.06675850600004196
0.0 0.06688065081834793
0.0 0.06728477776050568
0.0 0.0673234835267067
0.0 0.0673433244228363
0.0 0.06747660040855408
0.0 0.0675618052482605
0.0 0.06771824508905411
0.0 0.06792604923248291
0.0 0.0679517388343811
0.0 0.06813909113407135
0.0 0.06814943999052048
0.0 0.06816178560256958
0.0 0.06836219131946564
0.0 0.06872962415218353
0.0 0.06890635192394257
0.0 0.06895328313112259
0.0 0.06899270415306091
0.0 0.06906415522098541
0.0 0.06917499750852585
0.0 0.06933965533971786
0.0 0.06951070576906204
0.0 0.06984841823577881
0.0 0.0699952095746994
0.0 0.07010496407747269
0.0 0.07014667242765427
0.0 0.07018839567899704
0.0 0.0702047049999237
0.0 0.07022242248058319
0.0 0.07041646540164948
0.0 0.07057078182697296
0.0 0.07058876752853394
0.0 0.07064187526702881
0.0 0.07066981494426727
0.0 0.07112903147935867
0.0 0.07116056233644485
0.0 0.07188552618026733
0.0 0.07191763818264008
0.0 0.07227180153131485
0.0 0.07229745388031006
0.0 0.07244815677404404
0.0 0.07253190129995346
0.0 0.07275112718343735
0.0 0.0728728398680687
0.0 0.07300427556037903
0.0 0.07338804751634598
0.0 0.07347025722265244
0.0 0.07374078035354614
0.0 0.07374609261751175
0.0 0.07415712624788284
0.0 0.07451905310153961
0.0 0.07510063052177429
0.0 0.07527970522642136
0.0 0.07554985582828522
0.0 0.07577282190322876
0.0 0.07582319527864456
0.0 0.07629577070474625
0.0 0.07632018625736237
0.0 0.0771794393658638
0.0 0.0780637264251709
0.0 0.07814699411392212
0.0 0.07826954871416092
0.0 0.0784403458237648
0.0 0.07851078361272812
0.0 0.07859089225530624
0.0 0.07864300161600113
0.0 0.07871892303228378
0.0 0.07917581498622894
0.0 0.07946532219648361
0.0 0.07949385792016983
0.0 0.0796283707022667
0.0 0.08090908825397491
0.0 0.0809699147939682
0.0 0.08118899911642075
0.0 0.08122579008340836
0.0 0.0813671350479126
0.0 0.08260874450206757
0.0 0.08263226598501205
0.0 0.0829668641090393
0.0 0.08297772705554962
0.0 0.08423726260662079
0.0 0.08443192392587662
0.0 0.08451108634471893
0.0 0.0854225754737854
0.0 0.0861050933599472
0.0 0.08747924119234085
0.0 0.08764591068029404
0.0 0.08863243460655212
0.0 0.0891416072845459
0.0 0.08988683670759201
0.0 0.09148962795734406
0.0 0.09179966151714325
0.0 0.09515033662319183
0.0 0.096058689057827
0.0 0.09811447560787201
0.0 0.09859533607959747
0.0 0.10202068090438843
0.0 0.10377121716737747
0.0 0.10563011467456818
0.0 0.10708561539649963
0.0 0.1078900545835495
0.0 0.10855009406805038
0.0 0.10935362428426743
0.0 inf
