0.0 0.02298051118850708
0.0 0.028129033744335175
0.0 0.028275223448872566
0.0 0.028393885120749474
0.0 0.028444331139326096
0.0 0.028527120128273964
0.0 0.029607921838760376
0.0 0.02963792346417904
0.0 0.029735099524259567
0.0 0.029944663867354393
0.0 0.029955381527543068
0.0 0.03038039617240429
0.0 0.03083551675081253
0.0 0.031201204285025597
0.0 0.03159711882472038
0.0 0.03173395246267319
0.0 0.0318937674164772
0.0 0.032068539410829544
0.0 0.0323343500494957
0.0 0.03239946812391281
0.0 0.032608818262815475
0.0 0.03268519043922424
0.0 0.03271240368485451
0.0 0.032813265919685364
0.0 0.032893914729356766
0.0 0.03295440226793289
0.0 0.03334210067987442
0.0 0.03336910158395767
0.0 0.03337560594081879
0.0 0.033557768911123276
0.0 0.033715568482875824
0.0 0.03377842530608177
0.0 0.033788930624723434
0.0 0.03379664197564125
0.0 0.033825017511844635
0.0 0.03389647975564003
0.0 0.033904872834682465
0.0 0.033915311098098755
0.0 0.03410856053233147
0.0 0.03411368653178215
0.0 0.03423403948545456
0.0 0.03442160412669182
0.0 0.03443111106753349
0.0 0.0344599150121212
0.0 0.034473273903131485
0.0 0.03454433009028435
0.0 0.03457961976528168
0.0 0.03466087207198143
0.0 0.03467133641242981
0.0 0.03481743857264519
0.0 0.03487124666571617
0.0 0.03490246459841728
0.0 0.03501858189702034
0.0 0.035035938024520874
0.0 0.035047855228185654
0.0 0.03508560732007027
0.0 0.03522665798664093
0.0 0.03528324142098427
0.0 0.03531768545508385
0.0 0.03537941351532936
0.0 0.0354098379611969
0.0 0.03544091433286667
0.0 0.03545825555920601
0.0 0.03548116609454155
0.0 0.03552762791514397
0.0 0.035546816885471344
0.0 0.035674795508384705
0.0 0.0357104167342186
0.0 0.03571596369147301
0.0 0.03576160967350006
0.0 0.03579945117235184
0.0 0.035909220576286316
0.0 0.035910505801439285
0.0 0.03597671538591385
0.0 0.03598063811659813
0.0 0.03606666252017021
0.0 0.03607547655701637
0.0 0.03620785102248192
0.0 0.03628871217370033
0.0 0.03637144714593887
0.0 0.03638765588402748
0.0 0.036408208310604095
0.0 0.03651297464966774
0.0 0.03652624413371086
0.0 0.03656625375151634
0.0 0.036579329520463943
0.0 0.036584459245204926
0.0 0.03659949451684952
0.0 0.03667652979493141
0.0 0.03670474514365196
0.0 0.036735668778419495
0.0 0.03676548972725868
0.0 0.03679836541414261
0.0 0.03681378439068794
0.0 0.03692169487476349
0.0 0.036989156156778336
0.0 0.037042148411273956
0.0 0.03706665709614754
0.0 0.037139445543289185
0.0 0.03717274218797684
0.0 0.03720184415578842
0.0 0.03726048022508621
0.0 0.03730843588709831
0.0 0.037309400737285614
0.0 0.03735418617725372
0.0 0.03736675903201103
0.0 0.037391502410173416
0.0 0.037442270666360855
0.0 0.03744646534323692
0.0 0.03752799332141876
0.0 0.037568479776382446
0.0 0.03765043988823891
0.0 0.037662323564291
0.0 0.03767375648021698
0.0 0.0376812107861042
0.0 0.03768894448876381
0.0 0.0377080924808979
0.0 0.03775588423013687
0.0 0.03780240938067436
0.0 0.03781811147928238
0.0 0.037848133593797684
0.0 0.03785574063658714
0.0 0.03785977140069008
0.0 0.037860263139009476
0.0 0.037876926362514496
0.0 0.0378803089261055
0.0 0.037968333810567856
0.0 0.03807933256030083
0.0 0.03820772469043732
0.0 0.03824320808053017
0.0 0.03824653476476669
0.0 0.038249578326940536
0.0 0.038263507187366486
0.0 0.038352806121110916
0.0 0.038362111896276474
0.0 0.03839799016714096
0.0 0.038406506180763245
0.0 0.038440071046352386
0.0 0.038633011281490326
0.0 0.038690175861120224
0.0 0.03870242461562157
0.0 0.03881864622235298
0.0 0.03888305649161339
0.0 0.03894584998488426
0.0 0.03899536654353142
0.0 0.039000142365694046
0.0 0.03900116682052612
0.0 0.03904586285352707
0.0 0.039072100073099136
0.0 0.039111532270908356
0.0 0.03923456743359566
0.0 0.03923727199435234
0.0 0.03923805430531502
0.0 0.039271581918001175
0.0 0.039291780441999435
0.0 0.03934815526008606
0.0 0.039390649646520615
0.0 0.03953060880303383
0.0 0.039629604667425156
0.0 0.03966646268963814
0.0 0.039715297520160675
0.0 0.039745233952999115
0.0 0.03976401686668396
0.0 0.03978618606925011
0.0 0.03980584070086479
0.0 0.03999456763267517
0.0 0.040004026144742966
0.0 0.040182266384363174
0.0 0.04020014777779579
0.0 0.0402538925409317
0.0 0.0402965173125267
0.0 0.04030057415366173
0.0 0.040374286472797394
0.0 0.04039440304040909
0.0 0.040430016815662384
0.0 0.040438439697027206
0.0 0.040451642125844955
0.0 0.040454354137182236
0.0 0.04047716408967972
0.0 0.040498800575733185
0.0 0.04050174355506897
0.0 0.040564630180597305
0.0 0.04056917130947113
0.0 0.040616270154714584
0.0 0.040701985359191895
0.0 0.040735404938459396
0.0 0.04073851928114891
0.0 0.04084236919879913
0.0 0.04084242507815361
0.0 0.04088441655039787
0.0 0.04088912904262543
0.0 0.04103705286979675
0.0 0.04104573652148247
0.0 0.04118422046303749
0.0 0.04119938611984253
0.0 0.04135959967970848
0.0 0.041372500360012054
0.0 0.041375864297151566
0.0 0.04144681245088577
0.0 0.0414532795548439
0.0 0.04149677976965904
0.0 0.04152722656726837
0.0 0.04153413698077202
0.0 0.04158100485801697
0.0 0.04175010696053505
0.0 0.04178515449166298
0.0 0.04183349385857582
0.0 0.041851527988910675
0.0 0.04186466336250305
0.0 0.04187296703457832
0.0 0.04189174622297287
0.0 0.04198131710290909
0.0 0.04198487475514412
0.0 0.042014528065919876
0.0 0.04202617332339287
0.0 0.042090222239494324
0.0 0.04211844131350517
0.0 0.04214708134531975
0.0 0.04220679774880409
0.0 0.042244501411914825
0.0 0.04226742684841156
0.0 0.04230394586920738
0.0 0.04235531762242317
0.0 0.04237480089068413
0.0 0.042420826852321625
0.0 0.0425078459084034
0.0 0.04250919446349144
0.0 0.042571667581796646
0.0 0.04260259494185448
0.0 0.04261429235339165
0.0 0.04267781600356102
0.0 0.04276829585433006
0.0 0.04283253848552704
0.0 0.04285049811005592
0.0 0.04292299598455429
0.0 0.04293474927544594
0.0 0.04297611489892006
0.0 0.04307897016406059
0.0 0.04312705248594284
0.0 0.043201740831136703
0.0 0.04320183023810387
0.0 0.043248843401670456
0.0 0.043259795755147934
0.0 0.043326426297426224
0.0 0.04333215579390526
0.0 0.0433640256524086
0.0 0.0434311106801033
0.0 0.04343194141983986
0.0 0.04352547228336334
0.0 0.04358847439289093
0.0 0.043680135160684586
0.0 0.043709591031074524
0.0 0.043825414031744
0.0 0.0438322089612484
0.0 0.04386567696928978
0.0 0.04400639235973358
0.0 0.044031787663698196
0.0 0.04426446557044983
0.0 0.04444851353764534
0.0 0.044477853924036026
0.0 0.04456155374646187
0.0 0.04465275630354881
0.0 0.04466871917247772
0.0 0.04467683285474777
0.0 0.045052532106637955
0.0 0.04509800300002098
0.0 0.04510045424103737
0.0 0.04511343315243721
0.0 0.04516515135765076
0.0 0.04519880190491676
0.0 0.04539087787270546
0.0 0.04539300873875618
0.0 0.04548489302396774
0.0 0.045557208359241486
0.0 0.045591678470373154
0.0 0.04563220962882042
0.0 0.045730892568826675
0.0 0.04575585946440697
0.0 0.04578104987740517
0.0 0.04580976814031601
0.0 0.04593251645565033
0.0 0.045958444476127625
0.0 0.04610203206539154
0.0 0.04610815271735191
0.0 0.04632937163114548
0.0 0.046358369290828705
0.0 0.04640234634280205
0.0 0.046408072113990784
0.0 0.04644705727696419
0.0 0.046468984335660934
0.0 0.046509429812431335
0.0 0.04654107242822647
0.0 0.04655058681964874
0.0 0.04663441330194473
0.0 0.04671219363808632
0.0 0.04679982364177704
0.0 0.04682313650846481
0.0 0.04689493402838707
0.0 0.04697711020708084
0.0 0.04700039327144623
0.0 0.04706300422549248
0.0 0.047107163816690445
0.0 0.04722008854150772
0.0 0.04725228250026703
0.0 0.04749444127082825
0.0 0.04752058908343315
0.0 0.04756852611899376
0.0 0.0475819855928421
0.0 0.047622717916965485
0.0 0.047655850648880005
0.0 0.04766564816236496
0.0 0.047705285251140594
0.0 0.047708600759506226
0.0 0.04779142886400223
0.0 0.04786499962210655
0.0 0.04789980873465538
0.0 0.04791087284684181
0.0 0.04793872684240341
0.0 0.04796065762639046
0.0 0.04807600751519203
0.0 0.04815792292356491
0.0 0.04829002916812897
0.0 0.04844624176621437
0.0 0.04846809431910515
0.0 0.048486754298210144
0.0 0.04855255410075188
0.0 0.04858055338263512
0.0 0.04861130565404892
0.0 0.04866119474172592
0.0 0.04873961582779884
0.0 0.04875769093632698
0.0 0.04888138920068741
0.0 0.04892868921160698
0.0 0.04894864186644554
0.0 0.04894896596670151
0.0 0.04904559254646301
0.0 0.04923053830862045
0.0 0.04930456355214119
0.0 0.04932093247771263
0.0 0.04932554066181183
0.0 0.04933515936136246
0.0 0.049336351454257965
0.0 0.04964151233434677
0.0 0.04965783655643463
0.0 0.04966883733868599
0.0 0.049769915640354156
0.0 0.04993780329823494
0.0 0.04995168745517731
0.0 0.04995189234614372
0.0 0.049981240183115005
0.0 0.05002479627728462
0.0 0.050052084028720856
0.0 0.050055131316185
0.0 0.05010730400681496
0.0 0.050107765942811966
0.0 0.05012475699186325
0.0 0.050146397203207016
0.0 0.05021468922495842
0.0 0.05024596303701401
0.0 0.050248682498931885
0.0 0.05028326064348221
0.0 0.05038045719265938
0.0 0.05039921775460243
0.0 0.05041075870394707
0.0 0.05056210607290268
0.0 0.050694286823272705
0.0 0.050981830805540085
0.0 0.05098931863903999
0.0 0.051020171493291855
0.0 0.05115079879760742
0.0 0.05137040466070175
0.0 0.05145483464002609
0.0 0.05145687609910965
0.0 0.05154038593173027
0.0 0.05164649337530136
0.0 0.05174627527594566
0.0 0.05176419019699097
0.0 0.051977403461933136
0.0 0.05214913561940193
0.0 0.052190180867910385
0.0 0.05229874700307846
0.0 0.052484143525362015
0.0 0.05254799500107765
0.0 0.05260106921195984
0.0 0.05260291323065758
0.0 0.052658747881650925
0.0 0.05269978940486908
0.0 0.05286844074726105
0.0 0.05304422602057457
0.0 0.053185343742370605
0.0 0.05318775400519371
0.0 0.05319448187947273
0.0 0.05322480946779251
0.0 0.05324629321694374
0.0 0.05326072499155998
0.0 0.05326392129063606
0.0 0.053302325308322906
0.0 0.0536734014749527
0.0 0.05377276986837387
0.0 0.0538763590157032
0.0 0.054128631949424744
0.0 0.05428393930196762
0.0 0.05430871248245239
0.0 0.054425198584795
0.0 0.054512664675712585
0.0 0.05461924523115158
0.0 0.05466087907552719
0.0 0.05471058934926987
0.0 0.0547168105840683
0.0 0.054823487997055054
0.0 0.05511751025915146
0.0 0.055132485926151276
0.0 0.05523177981376648
0.0 0.055304381996393204
0.0 0.055442240089178085
0.0 0.055459652096033096
0.0 0.05545993149280548
0.0 0.055482979863882065
0.0 0.05570913851261139
0.0 0.055739257484674454
0.0 0.0559261254966259
0.0 0.056223709136247635
0.0 0.05625533312559128
0.0 0.056471239775419235
0.0 0.05690295621752739
0.0 0.05692123621702194
0.0 0.05694228783249855
0.0 0.057010453194379807
0.0 0.057015154510736465
0.0 0.0570540688931942
0.0 0.057090722024440765
0.0 0.05710986256599426
0.0 0.05724415183067322
0.0 0.057277802377939224
0.0 0.057367004454135895
0.0 0.05738014355301857
0.0 0.057418547570705414
0.0 0.05746844410896301
0.0 0.057564616203308105
0.0 0.05762412026524544
0.0 0.05763362720608711
0.0 0.057991061359643936
0.0 0.058030419051647186
0.0 0.058450907468795776
0.0 0.05857566371560097
0.0 0.05868015065789223
0.0 0.058870092034339905
0.0 0.05928216874599457
0.0 0.0593164823949337
0.0 0.059359315782785416
0.0 0.059416480362415314
0.0 0.059713006019592285
0.0 0.059714965522289276
0.0 0.05973093584179878
0.0 0.05981210991740227
0.0 0.06017736345529556
0.0 0.06017754599452019
0.0 0.0602286197245121
0.0 0.06037177890539169
0.0 0.060436755418777466
0.0 0.06055362895131111
0.0 0.06071311980485916
0.0 0.060737527906894684
0.0 0.06135910004377365
0.0 0.061386097222566605
0.0 0.06151023507118225
0.0 0.061606429517269135
0.0 0.061618294566869736
0.0 0.0616847388446331
0.0 0.06187790259718895
0.0 0.06224486604332924
0.0 0.06319921463727951
0.0 0.0632048100233078
0.0 0.06322693824768066
0.0 0.06339262425899506
0.0 0.06375280767679214
0.0 0.06446760892868042
0.0 0.06458985060453415
0.0 0.06507110595703125
0.0 0.06527314335107803
0.0 0.06528648734092712
0.0 0.06529061496257782
0.0 0.06544268131256104
0.0 0.06576977670192719
0.0 0.0662798136472702
0.0 0.06631740182638168
0.0 0.06652084738016129
0.0 0.06686977297067642
0.0 0.06751661747694016
0.0 0.06771156936883926
0.0 0.0686936303973198
0.0 0.06873020529747009
0.0 0.06881478428840637
0.0 0.06885915249586105
0.0 0.06900003552436829
0.0 0.06915648281574249
0.0 0.07003437727689743
0.0 0.07100672274827957
0.0 0.07164564728736877
0.0 0.0727284774184227
0.0 0.07280019670724869
0.0 0.073018379509449
0.0 0.07330861687660217
0.0 0.07379283010959625
0.0 0.07442713528871536
0.0 0.0749233290553093
0.0 0.07496560364961624
0.0 0.07687082886695862
0.0 0.07814168930053711
0.0 0.08506086468696594
0.0 0.08699481934309006
0.0 inf
