0.0 0.02698839269578457
0.0 0.02704235166311264
0.0 0.027928177267313004
0.0 0.028257112950086594
0.0 0.028384480625391006
0.0 0.02847658470273018
0.0 0.028630392625927925
0.0 0.029428252950310707
0.0 0.029436936601996422
0.0 0.029847251251339912
0.0 0.030115511268377304
0.0 0.030257731676101685
0.0 0.03059035912156105
0.0 0.030776020139455795
0.0 0.031553562730550766
0.0 0.031685810536146164
0.0 0.03175390139222145
0.0 0.03197364881634712
0.0 0.03200550377368927
0.0 0.03205724060535431
0.0 0.03208155557513237
0.0 0.03211478888988495
0.0 0.032133739441633224
0.0 0.03246978297829628
0.0 0.03254155069589615
0.0 0.03270868957042694
0.0 0.03271377086639404
0.0 0.03277578949928284
0.0 0.03307156637310982
0.0 0.03307690471410751
0.0 0.03309269994497299
0.0 0.03321850299835205
0.0 0.03332481533288956
0.0 0.033371467143297195
0.0 0.03352190926671028
0.0 0.033565130084753036
0.0 0.03375349938869476
0.0 0.03378961607813835
0.0 0.033822156488895416
0.0 0.03382737934589386
0.0 0.03408942371606827
0.0 0.034126605838537216
0.0 0.03413566201925278
0.0 0.03415956348180771
0.0 0.034200262278318405
0.0 0.03420458361506462
0.0 0.03421895578503609
0.0 0.03422803059220314
0.0 0.03425748646259308
0.0 0.03434011712670326
0.0 0.034477315843105316
0.0 0.03450378030538559
0.0 0.0345345139503479
0.0 0.0345953069627285
0.0 0.034705378115177155
0.0 0.03488709777593613
0.0 0.035209156572818756
0.0 0.03528985008597374
0.0 0.035295795649290085
0.0 0.03534989058971405
0.0 0.035353660583496094
0.0 0.03541455790400505
0.0 0.03545212000608444
0.0 0.03546321392059326
0.0 0.03546906262636185
0.0 0.03547568991780281
0.0 0.0356094092130661
0.0 0.03563016280531883
0.0 0.03564136475324631
0.0 0.03566310182213783
0.0 0.035818371921777725
0.0 0.03583971783518791
0.0 0.03585362806916237
0.0 0.035988930612802505
0.0 0.036090072244405746
0.0 0.036090265959501266
0.0 0.03609144687652588
0.0 0.03614330291748047
0.0 0.036187801510095596
0.0 0.03628453239798546
0.0 0.03641342371702194
0.0 0.036433640867471695
0.0 0.03644943609833717
0.0 0.03655369207262993
0.0 0.03658688813447952
0.0 0.036792464554309845
0.0 0.036880407482385635
0.0 0.03697758540511131
0.0 0.03705962374806404
0.0 0.0371524915099144
0.0 0.037169404327869415
0.0 0.0372023843228817
0.0 0.037217576056718826
0.0 0.03726059943437576
0.0 0.037337906658649445
0.0 0.037358179688453674
0.0 0.037414148449897766
0.0 0.03750305995345116
0.0 0.03750936686992645
0.0 0.037615347653627396
0.0 0.03773152828216553
0.0 0.03782530501484871
0.0 0.03784888982772827
0.0 0.03787412494421005
0.0 0.037913303822278976
0.0 0.03807840496301651
0.0 0.03824007138609886
0.0 0.03827531263232231
0.0 0.038299985229969025
0.0 0.0383482463657856
0.0 0.03837953507900238
0.0 0.038453880697488785
0.0 0.03849521651864052
0.0 0.0385073646903038
0.0 0.03855138644576073
0.0 0.03857449069619179
0.0 0.038599953055381775
0.0 0.03864743560552597
0.0 0.038668688386678696
0.0 0.0386747382581234
0.0 0.03868092596530914
0.0 0.03868282213807106
0.0 0.03872842341661453
0.0 0.03874439001083374
0.0 0.03874630853533745
0.0 0.03875378519296646
0.0 0.03876405954360962
0.0 0.03878267481923103
0.0 0.03881349787116051
0.0 0.03883013129234314
0.0 0.03890537470579147
0.0 0.0390150249004364
0.0 0.03906647861003876
0.0 0.03907090425491333
0.0 0.0391092374920845
0.0 0.03911557048559189
0.0 0.03914417326450348
0.0 0.03914966434240341
0.0 0.03917187079787254
0.0 0.03929164633154869
0.0 0.03932446241378784
0.0 0.039388421922922134
0.0 0.039424553513526917
0.0 0.039424777030944824
0.0 0.039438195526599884
0.0 0.039461757987737656
0.0 0.03946371003985405
0.0 0.039471905678510666
0.0 0.03947506844997406
0.0 0.03950142487883568
0.0 0.03951706364750862
0.0 0.039548274129629135
0.0 0.03956412523984909
0.0 0.03958230838179588
0.0 0.0395856574177742
0.0 0.03961384296417236
0.0 0.039622873067855835
0.0 0.03964633494615555
0.0 0.039751458913087845
0.0 0.03978140652179718
0.0 0.0398084819316864
0.0 0.03983030840754509
0.0 0.03988591954112053
0.0 0.03995063155889511
0.0 0.03999071940779686
0.0 0.03999646008014679
0.0 0.04010242223739624
0.0 0.040153659880161285
0.0 0.040156614035367966
0.0 0.0402105376124382
0.0 0.04022383689880371
0.0 0.04022723808884621
0.0 0.04032343626022339
0.0 0.040337298065423965
0.0 0.04035257548093796
0.0 0.04042089357972145
0.0 0.04050695151090622
0.0 0.040512923151254654
0.0 0.0406210720539093
0.0 0.040644511580467224
0.0 0.04066320136189461
0.0 0.04069189727306366
0.0 0.04073188081383705
0.0 0.04077168554067612
0.0 0.04078683629631996
0.0 0.04080449417233467
0.0 0.04080653190612793
0.0 0.04087492823600769
0.0 0.04088067635893822
0.0 0.040965545922517776
0.0 0.04098835587501526
0.0 0.04106295481324196
0.0 0.04110286757349968
0.0 0.041145648807287216
0.0 0.04116227477788925
0.0 0.04116688668727875
0.0 0.04121527820825577
0.0 0.041262052953243256
0.0 0.04129699617624283
0.0 0.041398461908102036
0.0 0.04144037142395973
0.0 0.0414443239569664
0.0 0.04147196561098099
0.0 0.0414758175611496
0.0 0.041494760662317276
0.0 0.04156309738755226
0.0 0.04159470647573471
0.0 0.041623517870903015
0.0 0.04168231412768364
0.0 0.04172130674123764
0.0 0.04172240197658539
0.0 0.041745495051145554
0.0 0.04175347089767456
0.0 0.04180077835917473
0.0 0.04180989786982536
0.0 0.04189019277691841
0.0 0.041981302201747894
0.0 0.04200918972492218
0.0 0.042029038071632385
0.0 0.04203145205974579
0.0 0.04205189272761345
0.0 0.042062681168317795
0.0 0.0421505942940712
0.0 0.042206842452287674
0.0 0.04226868227124214
0.0 0.04227174073457718
0.0 0.042374689131975174
0.0 0.042382676154375076
0.0 0.042405664920806885
0.0 0.04242781177163124
0.0 0.04243847355246544
0.0 0.04256296530365944
0.0 0.042636439204216
0.0 0.04263659939169884
0.0 0.04265021160244942
0.0 0.04272979870438576
0.0 0.04277632758021355
0.0 0.04278900474309921
0.0 0.042803093791007996
0.0 0.042826324701309204
0.0 0.04288416728377342
0.0 0.042898356914520264
0.0 0.042939770966768265
0.0 0.04295455664396286
0.0 0.043071944266557693
0.0 0.04308600723743439
0.0 0.04310429468750954
0.0 0.04316771775484085
0.0 0.043169811367988586
0.0 0.043172433972358704
0.0 0.043293487280607224
0.0 0.04331192374229431
0.0 0.043360985815525055
0.0 0.043388303369283676
0.0 0.043421778827905655
0.0 0.043425533920526505
0.0 0.04343570023775101
0.0 0.04346546530723572
0.0 0.04353327304124832
0.0 0.043539632111787796
0.0 0.04362057149410248
0.0 0.04362267628312111
0.0 0.04366537556052208
0.0 0.043740205466747284
0.0 0.0438312403857708
0.0 0.043836455792188644
0.0 0.043925691395998
0.0 0.043946344405412674
0.0 0.044046223163604736
0.0 0.04412340745329857
0.0 0.04414508119225502
0.0 0.04420628771185875
0.0 0.04426630586385727
0.0 0.04430432990193367
0.0 0.044341158121824265
0.0 0.044443558901548386
0.0 0.04453226551413536
0.0 0.04456784203648567
0.0 0.04457588121294975
0.0 0.044584810733795166
0.0 0.044626105576753616
0.0 0.04463795945048332
0.0 0.044829271733760834
0.0 0.044834304600954056
0.0 0.04496117681264877
0.0 0.04499167203903198
0.0 0.045042283833026886
0.0 0.045131418853998184
0.0 0.045355040580034256
0.0 0.045371901243925095
0.0 0.04548730328679085
0.0 0.04549482837319374
0.0 0.045638490468263626
0.0 0.04566182941198349
0.0 0.045663487166166306
0.0 0.04567448049783707
0.0 0.04570601135492325
0.0 0.04598686099052429
0.0 0.046044349670410156
0.0 0.046056751161813736
0.0 0.04605824500322342
0.0 0.04606125131249428
0.0 0.046180352568626404
0.0 0.04619305953383446
0.0 0.04619866609573364
0.0 0.046321675181388855
0.0 0.04634686931967735
0.0 0.046360842883586884
0.0 0.04651201143860817
0.0 0.04652096703648567
0.0 0.04655970260500908
0.0 0.04656036198139191
0.0 0.046612124890089035
0.0 0.04672049358487129
0.0 0.04673545062541962
0.0 0.04677628353238106
0.0 0.04685445502400398
0.0 0.04686560854315758
0.0 0.046896275132894516
0.0 0.046969398856163025
0.0 0.04698193073272705
0.0 0.0470101498067379
0.0 0.04705897718667984
0.0 0.04716305807232857
0.0 0.047166578471660614
0.0 0.04718797653913498
0.0 0.047365542501211166
0.0 0.04736771807074547
0.0 0.04742409661412239
0.0 0.04743584245443344
0.0 0.047439366579055786
0.0 0.047455377876758575
0.0 0.04748312756419182
0.0 0.04750494286417961
0.0 0.047573789954185486
0.0 0.047595128417015076
0.0 0.04761763662099838
0.0 0.0476691797375679
0.0 0.047692324966192245
0.0 0.04779387265443802
0.0 0.04779577627778053
0.0 0.04784651845693588
0.0 0.047855500131845474
0.0 0.04793846607208252
0.0 0.04798290878534317
0.0 0.048300422728061676
0.0 0.048310790210962296
0.0 0.04833073914051056
0.0 0.04838918522000313
0.0 0.04840169474482536
0.0 0.04849991202354431
0.0 0.04852977767586708
0.0 0.048577189445495605
0.0 0.04865660145878792
0.0 0.04867938160896301
0.0 0.048766907304525375
0.0 0.048768673092126846
0.0 0.048803769052028656
0.0 0.04881971329450607
0.0 0.048856087028980255
0.0 0.04899713397026062
0.0 0.049027543514966965
0.0 0.04908159747719765
0.0 0.049134135246276855
0.0 0.04916531592607498
0.0 0.04917632043361664
0.0 0.04919229447841644
0.0 0.049286261200904846
0.0 0.04930124804377556
0.0 0.0493406280875206
0.0 0.04954938590526581
0.0 0.04968637973070145
0.0 0.04969468712806702
0.0 0.049765363335609436
0.0 0.04978087916970253
0.0 0.04978255555033684
0.0 0.04983767867088318
0.0 0.04999738931655884
0.0 0.05002772808074951
0.0 0.05003862455487251
0.0 0.05021767318248749
0.0 0.050251930952072144
0.0 0.0503985770046711
0.0 0.050406042486429214
0.0 0.05053847283124924
0.0 0.05060739815235138
0.0 0.05063888430595398
0.0 0.05065907537937164
0.0 0.05074639990925789
0.0 0.05084884539246559
0.0 0.050882305949926376
0.0 0.050975337624549866
0.0 0.05107671767473221
0.0 0.05117546766996384
0.0 0.05125030130147934
0.0 0.051274966448545456
0.0 0.0513182133436203
0.0 0.051333215087652206
0.0 0.051483653485774994
0.0 0.051670853048563004
0.0 0.05169106274843216
0.0 0.05171266943216324
0.0 0.05178109183907509
0.0 0.05181431770324707
0.0 0.05200769379734993
0.0 0.052029963582754135
0.0 0.05233849957585335
0.0 0.052559785544872284
0.0 0.0527317076921463
0.0 0.0527806356549263
0.0 0.05293216556310654
0.0 0.052983272820711136
0.0 0.05304087698459625
0.0 0.05311501771211624
0.0 0.05323227867484093
0.0 0.05325527489185333
0.0 0.05338696390390396
0.0 0.053688716143369675
0.0 0.05389772355556488
0.0 0.05413039028644562
0.0 0.05442100390791893
0.0 0.05449055880308151
0.0 0.05469461530447006
0.0 0.05496659874916077
0.0 0.0550091415643692
0.0 0.055083077400922775
0.0 0.05516686663031578
0.0 0.0552595816552639
0.0 0.055271975696086884
0.0 0.0554332472383976
0.0 0.05553564801812172
0.0 0.05584916099905968
0.0 0.05592361092567444
0.0 0.05628003552556038
0.0 0.05641549825668335
0.0 0.056416526436805725
0.0 0.056485746055841446
0.0 0.05654628947377205
0.0 0.05664984881877899
0.0 0.05665288120508194
0.0 0.05692040175199509
0.0 0.05700429528951645
0.0 0.05725055932998657
0.0 0.05732862651348114
0.0 0.05740542709827423
0.0 0.057464346289634705
0.0 0.05753471329808235
0.0 0.05756467580795288
0.0 0.05786664038896561
0.0 0.057981397956609726
0.0 0.05823638662695885
0.0 0.058455049991607666
0.0 0.05871586501598358
0.0 0.058947253972291946
0.0 0.05895759165287018
0.0 0.05909363180398941
0.0 0.05918927863240242
0.0 0.059227753430604935
0.0 0.05973761901259422
0.0 0.06001495569944382
0.0 0.060063645243644714
0.0 0.06013818457722664
0.0 0.060142192989587784
0.0 0.060307446867227554
0.0 0.06049719080328941
0.0 0.06052017584443092
0.0 0.060565292835235596
0.0 0.06072644144296646
0.0 0.06110118702054024
0.0 0.061276987195014954
0.0 0.061538103967905045
0.0 0.06184467673301697
0.0 0.061866164207458496
0.0 0.06217682734131813
0.0 0.06237964332103729
0.0 0.06304819136857986
0.0 0.06347168236970901
0.0 0.06373103708028793
0.0 0.06405027210712433
0.0 0.06462351977825165
0.0 0.06550782173871994
0.0 0.06552007794380188
0.0 0.06576443463563919
0.0 0.06587567925453186
0.0 0.06617407500743866
0.0 0.06631875783205032
0.0 0.06668473780155182
0.0 0.06676676124334335
0.0 0.06702873855829239
0.0 0.06712764501571655
0.0 0.06785113364458084
0.0 0.06798137724399567
0.0 0.06959670037031174
0.0 0.0698854848742485
0.0 0.07009760290384293
0.0 0.07061556726694107
0.0 0.07208850979804993
0.0 0.07303635030984879
0.0 0.07316622883081436
0.0 0.07340090721845627
0.0 0.0739404708147049
0.0 0.07583750039339066
0.0 0.07592939585447311
0.0 0.07831506431102753
0.0 0.08015087246894836
0.0 0.08046196401119232
0.0 0.0815930962562561
0.0 0.0879090279340744
0.0 0.09319095313549042
0.0 0.09762956947088242
0.0 0.11115235835313797
0.0 inf
