0.0 0.037663206458091736
0.0 0.03870018199086189
0.0 0.03939608111977577
0.0 0.04064733535051346
0.0 0.041065506637096405
0.0 0.041264865547418594
0.0 0.04196537658572197
0.0 0.04226817563176155
0.0 0.04229158163070679
0.0 0.042461998760700226
0.0 0.042733922600746155
0.0 0.04318445548415184
0.0 0.04384271427989006
0.0 0.04466666281223297
0.0 0.04523967206478119
0.0 0.04530959576368332
0.0 0.045541245490312576
0.0 0.045705657452344894
0.0 0.04643038287758827
0.0 0.04687199741601944
0.0 0.04693559557199478
0.0 0.04709162563085556
0.0 0.04714816063642502
0.0 0.047645531594753265
0.0 0.04776930436491966
0.0 0.04785817489027977
0.0 0.04821336269378662
0.0 0.048601508140563965
0.0 0.04866325110197067
0.0 0.04870714992284775
0.0 0.04903014376759529
0.0 0.04907658323645592
0.0 0.049326375126838684
0.0 0.049335263669490814
0.0 0.04949823394417763
0.0 0.0496361143887043
0.0 0.04976043850183487
0.0 0.04977744445204735
0.0 0.049804382026195526
0.0 0.04983782768249512
0.0 0.04998799413442612
0.0 0.05025142803788185
0.0 0.050340741872787476
0.0 0.050557736307382584
0.0 0.05071515217423439
0.0 0.050795093178749084
0.0 0.05091029405593872
0.0 0.05123146250844002
0.0 0.05127975344657898
0.0 0.05136922374367714
0.0 0.051478687673807144
0.0 0.05194171145558357
0.0 0.05222306773066521
0.0 0.052258964627981186
0.0 0.052259862422943115
0.0 0.05232689529657364
0.0 0.05245485156774521
0.0 0.05245780944824219
0.0 0.052556898444890976
0.0 0.05270281434059143
0.0 0.052723098546266556
0.0 0.05292808637022972
0.0 0.05308553948998451
0.0 0.05310671776533127
0.0 0.053170572966337204
0.0 0.05321202054619789
0.0 0.05337240919470787
0.0 0.05348745360970497
0.0 0.053639430552721024
0.0 0.0537702776491642
0.0 0.0538257472217083
0.0 0.053940050303936005
0.0 0.05413776636123657
0.0 0.05416938662528992
0.0 0.05423889681696892
0.0 0.05429057031869888
0.0 0.054499801248311996
0.0 0.05453285947442055
0.0 0.05457264557480812
0.0 0.05467280372977257
0.0 0.054697200655937195
0.0 0.0547625795006752
0.0 0.05481381341814995
0.0 0.05483913794159889
0.0 0.05487755313515663
0.0 0.05510894954204559
0.0 0.05512286722660065
0.0 0.055195219814777374
0.0 0.0552460141479969
0.0 0.055287886410951614
0.0 0.05529388040304184
0.0 0.05537160485982895
0.0 0.05539768561720848
0.0 0.05546916648745537
0.0 0.055498480796813965
0.0 0.05561986565589905
0.0 0.055632855743169785
0.0 0.05568281188607216
0.0 0.055720388889312744
0.0 0.055735405534505844
0.0 0.055823102593421936
0.0 0.055867601186037064
0.0 0.05588136985898018
0.0 0.055898115038871765
0.0 0.0560581274330616
0.0 0.056086745113134384
0.0 0.05610373616218567
0.0 0.056144196540117264
0.0 0.056159570813179016
0.0 0.056173086166381836
0.0 0.0562664270401001
0.0 0.05627625808119774
0.0 0.056388940662145615
0.0 0.056499604135751724
0.0 0.056515444070100784
0.0 0.056566812098026276
0.0 0.05662773922085762
0.0 0.05666768550872803
0.0 0.05674257129430771
0.0 0.05675002560019493
0.0 0.056811824440956116
0.0 0.056891828775405884
0.0 0.056956108659505844
0.0 0.05696173012256622
0.0 0.05700703710317612
0.0 0.05701867491006851
0.0 0.05702647194266319
0.0 0.057030633091926575
0.0 0.057324934750795364
0.0 0.0573534294962883
0.0 0.057360753417015076
0.0 0.05761349946260452
0.0 0.05765238404273987
0.0 0.05766553804278374
0.0 0.057819511741399765
0.0 0.057909637689590454
0.0 0.05795414000749588
0.0 0.05796196684241295
0.0 0.05803333595395088
0.0 0.05805032327771187
0.0 0.058147918432950974
0.0 0.0581524521112442
0.0 0.05827225372195244
0.0 0.05846649035811424
0.0 0.058472029864788055
0.0 0.05851437896490097
0.0 0.0585968904197216
0.0 0.05871618911623955
0.0 0.05898537114262581
0.0 0.05899691954255104
0.0 0.059008028358221054
0.0 0.05906623601913452
0.0 0.05906808003783226
0.0 0.059122662991285324
0.0 0.05913984403014183
0.0 0.059150099754333496
0.0 0.05916665121912956
0.0 0.05922064185142517
0.0 0.05923016741871834
0.0 0.05930829420685768
0.0 0.05934382975101471
0.0 0.05943544954061508
0.0 0.05946408212184906
0.0 0.05946701765060425
0.0 0.05960022285580635
0.0 0.05967140570282936
0.0 0.059866152703762054
0.0 0.059900008141994476
0.0 0.05991008132696152
0.0 0.05993211641907692
0.0 0.0599583275616169
0.0 0.059963881969451904
0.0 0.059987545013427734
0.0 0.06013643741607666
0.0 0.06019937992095947
0.0 0.06020249426364899
0.0 0.06024432182312012
0.0 0.06026924401521683
0.0 0.060336533933877945
0.0 0.06033778190612793
0.0 0.060363102704286575
0.0 0.06041036173701286
0.0 0.06047108769416809
0.0 0.0605907216668129
0.0 0.060726843774318695
0.0 0.060839418321847916
0.0 0.060974955558776855
0.0 0.06109826639294624
0.0 0.0611448809504509
0.0 0.06115734204649925
0.0 0.06117958948016167
0.0 0.06122065335512161
0.0 0.061248552054166794
0.0 0.06141999736428261
0.0 0.06142233684659004
0.0 0.061469096690416336
0.0 0.06152229756116867
0.0 0.06155009940266609
0.0 0.061606913805007935
0.0 0.06163131818175316
0.0 0.06172700971364975
0.0 0.06172770634293556
0.0 0.06176728382706642
0.0 0.06177854537963867
0.0 0.061824530363082886
0.0 0.061865873634815216
0.0 0.061875566840171814
0.0 0.06196361035108566
0.0 0.06211443245410919
0.0 0.0621398463845253
0.0 0.062195222824811935
0.0 0.06268579512834549
0.0 0.06279194355010986
0.0 0.06296291947364807
0.0 0.06298039853572845
0.0 0.06298444420099258
0.0 0.06322518736124039
0.0 0.06327808648347855
0.0 0.06339399516582489
0.0 0.06358170509338379
0.0 0.06360918283462524
0.0 0.06363629549741745
0.0 0.06369156390428543
0.0 0.06377605348825455
0.0 0.06390661001205444
0.0 0.06393160670995712
0.0 0.0639316514134407
0.0 0.06405417621135712
0.0 0.06408898532390594
0.0 0.06410114467144012
0.0 0.0641171857714653
0.0 0.06431765854358673
0.0 0.06438909471035004
0.0 0.0644247904419899
0.0 0.06445802003145218
0.0 0.06461117416620255
0.0 0.06462499499320984
0.0 0.06477712094783783
0.0 0.06478908658027649
0.0 0.06494156271219254
0.0 0.06495917588472366
0.0 0.06495989114046097
0.0 0.06500715017318726
0.0 0.06518270075321198
0.0 0.06529288738965988
0.0 0.06542185693979263
0.0 0.06546760350465775
0.0 0.06548173725605011
0.0 0.06554676592350006
0.0 0.06562921404838562
0.0 0.06564048677682877
0.0 0.06566696614027023
0.0 0.06573486328125
0.0 0.06585058569908142
0.0 0.06593629717826843
0.0 0.0659562274813652
0.0 0.06611091643571854
0.0 0.06618348509073257
0.0 0.06624987721443176
0.0 0.06628306955099106
0.0 0.066309854388237
0.0 0.06634651869535446
0.0 0.06639997661113739
0.0 0.06653884798288345
0.0 0.06659217923879623
0.0 0.06659596413373947
0.0 0.06667906045913696
0.0 0.06672235578298569
0.0 0.06690842658281326
0.0 0.0669272169470787
0.0 0.06693089753389359
0.0 0.0669909417629242
0.0 0.06708011776208878
0.0 0.0670904815196991
0.0 0.06710778176784515
0.0 0.0671273022890091
0.0 0.06715560704469681
0.0 0.06715816259384155
0.0 0.06718794256448746
0.0 0.067194864153862
0.0 0.0671992376446724
0.0 0.06725611537694931
0.0 0.06732964515686035
0.0 0.06745562702417374
0.0 0.06749783456325531
0.0 0.06761761754751205
0.0 0.06786368787288666
0.0 0.06799311190843582
0.0 0.0681038647890091
0.0 0.06817246228456497
0.0 0.06817657500505447
0.0 0.06837323307991028
0.0 0.06842226535081863
0.0 0.06847304105758667
0.0 0.06847850978374481
0.0 0.06850259751081467
0.0 0.0686306431889534
0.0 0.06867478042840958
0.0 0.06868939101696014
0.0 0.06880441308021545
0.0 0.06896733492612839
0.0 0.06909593194723129
0.0 0.06914110481739044
0.0 0.06924399733543396
0.0 0.06925810873508453
0.0 0.06927250325679779
0.0 0.0692778080701828
0.0 0.06935575604438782
0.0 0.0693679004907608
0.0 0.06941384822130203
0.0 0.06952784210443497
0.0 0.06967106461524963
0.0 0.06970947235822678
0.0 0.06992029398679733
0.0 0.07014970481395721
0.0 0.07020962983369827
0.0 0.07024696469306946
0.0 0.07055773586034775
0.0 0.07060551643371582
0.0 0.0706210657954216
0.0 0.07063102722167969
0.0 0.07083354890346527
0.0 0.07083629071712494
0.0 0.0708707794547081
0.0 0.07087646424770355
0.0 0.07091856747865677
0.0 0.07092860341072083
0.0 0.07112745195627213
0.0 0.0712026059627533
0.0 0.07142584770917892
0.0 0.07151888310909271
0.0 0.07159766554832458
0.0 0.07170464098453522
0.0 0.0718788430094719
0.0 0.07198741286993027
0.0 0.07207467406988144
0.0 0.07217265665531158
0.0 0.07220622897148132
0.0 0.07241231203079224
0.0 0.07252227514982224
0.0 0.07267725467681885
0.0 0.0728929191827774
0.0 0.07292165607213974
0.0 0.07293163985013962
0.0 0.07338915765285492
0.0 0.07365959882736206
0.0 0.07370369881391525
0.0 0.07372439652681351
0.0 0.07381010055541992
0.0 0.07399869710206985
0.0 0.07402051985263824
0.0 0.07406221330165863
0.0 0.07429136335849762
0.0 0.07430928945541382
0.0 0.07437725365161896
0.0 0.07441380620002747
0.0 0.07478799670934677
0.0 0.07486655563116074
0.0 0.07495290040969849
0.0 0.07509772479534149
0.0 0.07524484395980835
0.0 0.0752599835395813
0.0 0.0754617378115654
0.0 0.07553140074014664
0.0 0.07561173290014267
0.0 0.0756332129240036
0.0 0.07577911764383316
0.0 0.07597877085208893
0.0 0.07598300278186798
0.0 0.07603240013122559
0.0 0.07613750547170639
0.0 0.07630223035812378
0.0 0.07633844763040543
0.0 0.076350636780262
0.0 0.07635790854692459
0.0 0.0764821320772171
0.0 0.07653528451919556
0.0 0.0765659511089325
0.0 0.07660675048828125
0.0 0.07682089507579803
0.0 0.07686951756477356
0.0 0.07690109312534332
0.0 0.07696245610713959
0.0 0.07700557261705399
0.0 0.07703433185815811
0.0 0.07705684006214142
0.0 0.07707661390304565
0.0 0.07710806280374527
0.0 0.07718116044998169
0.0 0.0773640125989914
0.0 0.077489472925663
0.0 0.0776539072394371
0.0 0.0777260884642601
0.0 0.07845177501440048
0.0 0.07848238945007324
0.0 0.07868559658527374
0.0 0.07891856133937836
0.0 0.07900125533342361
0.0 0.07911612838506699
0.0 0.07926952838897705
0.0 0.07934161275625229
0.0 0.07941462844610214
0.0 0.07962647825479507
0.0 0.0797308012843132
0.0 0.0800260454416275
0.0 0.08014805614948273
0.0 0.0808989629149437
0.0 0.08117175102233887
0.0 0.0811816081404686
0.0 0.08118777722120285
0.0 0.0813523605465889
0.0 0.08137178421020508
0.0 0.08137714862823486
0.0 0.08137823641300201
0.0 0.0816807821393013
0.0 0.08169720321893692
0.0 0.08183445781469345
0.0 0.08194486796855927
0.0 0.08205235004425049
0.0 0.08265843242406845
0.0 0.08275433629751205
0.0 0.08289892971515656
0.0 0.08312049508094788
0.0 0.08333461731672287
0.0 0.08361858874559402
0.0 0.08383260667324066
0.0 0.08389204740524292
0.0 0.08402061462402344
0.0 0.08410212397575378
0.0 0.08419685065746307
0.0 0.08443132787942886
0.0 0.08484016358852386
0.0 0.08486098051071167
0.0 0.08495710045099258
0.0 0.08517316728830338
0.0 0.0854521244764328
0.0 0.08545371145009995
0.0 0.08563897758722305
0.0 0.08591596782207489
0.0 0.08649633079767227
0.0 0.08653060346841812
0.0 0.08671719580888748
0.0 0.08691833913326263
0.0 0.08724470436573029
0.0 0.08774500340223312
0.0 0.08783089369535446
0.0 0.08787673711776733
0.0 0.08833035081624985
0.0 0.08867008984088898
0.0 0.08881150931119919
0.0 0.08911779522895813
0.0 0.08936134725809097
0.0 0.09001552313566208
0.0 0.09048209339380264
0.0 0.09056655317544937
0.0 0.09071923792362213
0.0 0.09082891792058945
0.0 0.09097769111394882
0.0 0.0909801721572876
0.0 0.09111198782920837
0.0 0.09139461070299149
0.0 0.09145537763834
0.0 0.09180448949337006
0.0 0.09231794625520706
0.0 0.09242211282253265
0.0 0.09251251816749573
0.0 0.0926952213048935
0.0 0.09366999566555023
0.0 0.09375841915607452
0.0 0.09378784149885178
0.0 0.09477098286151886
0.0 0.09490314871072769
0.0 0.09523826092481613
0.0 0.0958116427063942
0.0 0.09641670435667038
0.0 0.09670060127973557
0.0 0.09739713370800018
0.0 0.09760556370019913
0.0 0.09769105911254883
0.0 0.09772174805402756
0.0 0.09795612841844559
0.0 0.0979819968342781
0.0 0.09827929735183716
0.0 0.09831223636865616
0.0 0.0984601229429245
0.0 0.0993218794465065
0.0 0.09942475706338882
0.0 0.10124285519123077
0.0 0.1018541231751442
0.0 0.10242859274148941
0.0 0.1030593290925026
0.0 0.10498945415019989
0.0 0.10513477772474289
0.0 0.10561192035675049
0.0 0.1056213229894638
0.0 0.10605823993682861
0.0 0.1075882539153099
0.0 0.10784042626619339
0.0 0.10844077914953232
0.0 0.10993357747793198
0.0 0.10995598137378693
0.0 0.1121906265616417
0.0 0.11250695586204529
0.0 0.11284850537776947
0.0 0.11680380254983902
0.0 0.11733439564704895
0.0 0.11840358376502991
0.0 0.11920257657766342
0.0 0.11999567598104477
0.0 0.13453347980976105
0.0 0.14330294728279114
0.0 inf
