0.0 0.03635132312774658
0.0 0.04327954351902008
0.0 0.0447474867105484
0.0 0.046397119760513306
0.0 0.047166772186756134
0.0 0.047313954681158066
0.0 0.04898742213845253
0.0 0.05026763305068016
0.0 0.05301298573613167
0.0 0.05308559536933899
0.0 0.053406521677970886
0.0 0.054761819541454315
0.0 0.055273186415433884
0.0 0.05602739378809929
0.0 0.05642513930797577
0.0 0.056809790432453156
0.0 0.05691501498222351
0.0 0.05723633989691734
0.0 0.057851459830999374
0.0 0.05814429000020027
0.0 0.05861200764775276
0.0 0.058676593005657196
0.0 0.05876697972416878
0.0 0.059007883071899414
0.0 0.05912569537758827
0.0 0.059478335082530975
0.0 0.060195259749889374
0.0 0.06046955659985542
0.0 0.06050144135951996
0.0 0.060517631471157074
0.0 0.060655344277620316
0.0 0.06089767813682556
0.0 0.06123782694339752
0.0 0.06146055459976196
0.0 0.061591245234012604
0.0 0.06165989115834236
0.0 0.06194593384861946
0.0 0.062113068997859955
0.0 0.06219368800520897
0.0 0.062273673713207245
0.0 0.06268753111362457
0.0 0.06281108409166336
0.0 0.06298907101154327
0.0 0.06305909156799316
0.0 0.06329900026321411
0.0 0.06340063363313675
0.0 0.06340768933296204
0.0 0.06345628201961517
0.0 0.06351598352193832
0.0 0.06355610489845276
0.0 0.06357291340827942
0.0 0.06358249485492706
0.0 0.06382983922958374
0.0 0.06385554373264313
0.0 0.06388287246227264
0.0 0.06414293497800827
0.0 0.0643177181482315
0.0 0.06432462483644485
0.0 0.06436468660831451
0.0 0.06441748887300491
0.0 0.0644277036190033
0.0 0.06482861191034317
0.0 0.06488140672445297
0.0 0.06493022292852402
0.0 0.06499261409044266
0.0 0.06500399857759476
0.0 0.06502537429332733
0.0 0.06509356945753098
0.0 0.06516584008932114
0.0 0.06523231416940689
0.0 0.06525722146034241
0.0 0.06532897800207138
0.0 0.06540415436029434
0.0 0.06555157899856567
0.0 0.06555677205324173
0.0 0.06563371419906616
0.0 0.0656462088227272
0.0 0.06575363874435425
0.0 0.06592115759849548
0.0 0.06604202091693878
0.0 0.06612402200698853
0.0 0.06620905548334122
0.0 0.06625505536794662
0.0 0.06627745926380157
0.0 0.06668528914451599
0.0 0.06677298247814178
0.0 0.06691771745681763
0.0 0.06696467101573944
0.0 0.06711586564779282
0.0 0.06715604662895203
0.0 0.06734669208526611
0.0 0.0675620287656784
0.0 0.06758447736501694
0.0 0.06762709468603134
0.0 0.06763395667076111
0.0 0.06780557334423065
0.0 0.06835389882326126
0.0 0.06862987577915192
0.0 0.0686391144990921
0.0 0.06863943487405777
0.0 0.06872826814651489
0.0 0.06884334981441498
0.0 0.06885475665330887
0.0 0.06889351457357407
0.0 0.06894071400165558
0.0 0.0689602866768837
0.0 0.06912079453468323
0.0 0.06928630918264389
0.0 0.06931096315383911
0.0 0.06935311108827591
0.0 0.0694303885102272
0.0 0.06957554817199707
0.0 0.06971123069524765
0.0 0.06971301883459091
0.0 0.06981223821640015
0.0 0.06983858346939087
0.0 0.0698884055018425
0.0 0.06992538273334503
0.0 0.07013173401355743
0.0 0.0702734962105751
0.0 0.07028611749410629
0.0 0.07031919807195663
0.0 0.07039099186658859
0.0 0.07042387872934341
0.0 0.07050930708646774
0.0 0.07067801803350449
0.0 0.0706830620765686
0.0 0.07072655856609344
0.0 0.07087228447198868
0.0 0.070998914539814
0.0 0.071075938642025
0.0 0.0711587518453598
0.0 0.07125364243984222
0.0 0.07137297093868256
0.0 0.07137513160705566
0.0 0.07151567935943604
0.0 0.07152803242206573
0.0 0.0715918242931366
0.0 0.07162214070558548
0.0 0.07162991911172867
0.0 0.0717073604464531
0.0 0.07208878546953201
0.0 0.07209013402462006
0.0 0.07210108637809753
0.0 0.07211293280124664
0.0 0.07231716811656952
0.0 0.07232419401407242
0.0 0.07235527783632278
0.0 0.07237832993268967
0.0 0.07242650538682938
0.0 0.07309593260288239
0.0 0.0731203630566597
0.0 0.07321864366531372
0.0 0.07333458960056305
0.0 0.0733550414443016
0.0 0.0733998715877533
0.0 0.07343848049640656
0.0 0.07345736771821976
0.0 0.07355628162622452
0.0 0.07364729046821594
0.0 0.07366607338190079
0.0 0.07375288754701614
0.0 0.07376356422901154
0.0 0.07379146665334702
0.0 0.07398179918527603
0.0 0.07398336380720139
0.0 0.07398423552513123
0.0 0.07399441301822662
0.0 0.07400228828191757
0.0 0.07409274578094482
0.0 0.07414373755455017
0.0 0.07426701486110687
0.0 0.07427769899368286
0.0 0.0742807686328888
0.0 0.07428248226642609
0.0 0.07442162930965424
0.0 0.0744946300983429
0.0 0.0745510458946228
0.0 0.07456400245428085
0.0 0.0745738297700882
0.0 0.07461081445217133
0.0 0.07461759448051453
0.0 0.07462448626756668
0.0 0.0747857317328453
0.0 0.07483145594596863
0.0 0.07484272122383118
0.0 0.07490555197000504
0.0 0.07510795444250107
0.0 0.07521526515483856
0.0 0.07539647817611694
0.0 0.07543271780014038
0.0 0.0754440501332283
0.0 0.07547266036272049
0.0 0.0755535289645195
0.0 0.07563001662492752
0.0 0.075645312666893
0.0 0.07570052891969681
0.0 0.07571729272603989
0.0 0.075725257396698
0.0 0.0759015828371048
0.0 0.07590857148170471
0.0 0.07599689066410065
0.0 0.07610226422548294
0.0 0.07610557973384857
0.0 0.07634604722261429
0.0 0.07649649679660797
0.0 0.07667739689350128
0.0 0.07683384418487549
0.0 0.07690723985433578
0.0 0.07692824304103851
0.0 0.07697433978319168
0.0 0.07712993770837784
0.0 0.07721809297800064
0.0 0.07747891545295715
0.0 0.0775192528963089
0.0 0.07755853980779648
0.0 0.07758013159036636
0.0 0.0776030644774437
0.0 0.0776757001876831
0.0 0.07778248935937881
0.0 0.0778401643037796
0.0 0.07785172015428543
0.0 0.07791750878095627
0.0 0.07801590114831924
0.0 0.07801799476146698
0.0 0.07809809595346451
0.0 0.07826859503984451
0.0 0.0782688781619072
0.0 0.07832246273756027
0.0 0.07842889428138733
0.0 0.07843747735023499
0.0 0.07845571637153625
0.0 0.0786040872335434
0.0 0.07860413193702698
0.0 0.07861728221178055
0.0 0.07862002402544022
0.0 0.0786396861076355
0.0 0.07864648103713989
0.0 0.07890890538692474
0.0 0.07909122854471207
0.0 0.07927322387695312
0.0 0.07951901108026505
0.0 0.07955735176801682
0.0 0.0795808732509613
0.0 0.07970274984836578
0.0 0.07975804805755615
0.0 0.07977654039859772
0.0 0.07978937029838562
0.0 0.07981450110673904
0.0 0.07996109873056412
0.0 0.0799708366394043
0.0 0.07999718189239502
0.0 0.08014767616987228
0.0 0.08026493340730667
0.0 0.08030102401971817
0.0 0.0803283303976059
0.0 0.08051922172307968
0.0 0.08053506165742874
0.0 0.08060202747583389
0.0 0.08065469563007355
0.0 0.08076132088899612
0.0 0.08080016821622849
0.0 0.08144193142652512
0.0 0.08146550506353378
0.0 0.08150122314691544
0.0 0.08150411397218704
0.0 0.08155158162117004
0.0 0.08162862807512283
0.0 0.08165136724710464
0.0 0.08179724961519241
0.0 0.08184552192687988
0.0 0.08189509063959122
0.0 0.08202717453241348
0.0 0.08214380592107773
0.0 0.0824066624045372
0.0 0.08250211924314499
0.0 0.0825081467628479
0.0 0.08255108445882797
0.0 0.08267425000667572
0.0 0.08267593383789062
0.0 0.0828336700797081
0.0 0.08291769027709961
0.0 0.08303715288639069
0.0 0.08309421688318253
0.0 0.08311394602060318
0.0 0.08313386142253876
0.0 0.08317504078149796
0.0 0.08324125409126282
0.0 0.08331306278705597
0.0 0.08358173817396164
0.0 0.08364151418209076
0.0 0.08369527757167816
0.0 0.08379948884248734
0.0 0.08388394862413406
0.0 0.08401776850223541
0.0 0.0841469094157219
0.0 0.08418211340904236
0.0 0.0843249186873436
0.0 0.08442912250757217
0.0 0.08446280658245087
0.0 0.08447392284870148
0.0 0.08485052734613419
0.0 0.08492789417505264
0.0 0.08515892177820206
0.0 0.08541077375411987
0.0 0.08541952073574066
0.0 0.0857536792755127
0.0 0.08586685359477997
0.0 0.08604355156421661
0.0 0.08611351251602173
0.0 0.08618354797363281
0.0 0.08647295087575912
0.0 0.08656850457191467
0.0 0.08677081763744354
0.0 0.08687949925661087
0.0 0.08704919368028641
0.0 0.08705752342939377
0.0 0.08708149939775467
0.0 0.0871482565999031
0.0 0.08715752512216568
0.0 0.08723636716604233
0.0 0.08724965155124664
0.0 0.08729863166809082
0.0 0.08731108158826828
0.0 0.08747141808271408
0.0 0.08759158104658127
0.0 0.08760670572519302
0.0 0.08760696649551392
0.0 0.08762829750776291
0.0 0.08785732835531235
0.0 0.08786831796169281
0.0 0.08809942752122879
0.0 0.08818823099136353
0.0 0.08827079087495804
0.0 0.08832352608442307
0.0 0.08832557499408722
0.0 0.08833272755146027
0.0 0.08839492499828339
0.0 0.08845420926809311
0.0 0.08875825256109238
0.0 0.08885858952999115
0.0 0.0893259197473526
0.0 0.089511439204216
0.0 0.08956357091665268
0.0 0.08960224688053131
0.0 0.08965764939785004
0.0 0.0900120809674263
0.0 0.09006880968809128
0.0 0.09012471139431
0.0 0.09024640172719955
0.0 0.09053985029459
0.0 0.09072060883045197
0.0 0.09099472314119339
0.0 0.09113064408302307
0.0 0.09136437624692917
0.0 0.0914057195186615
0.0 0.09157214313745499
0.0 0.09157219529151917
0.0 0.09170781821012497
0.0 0.09198727458715439
0.0 0.09204279631376266
0.0 0.09216086566448212
0.0 0.09235195070505142
0.0 0.09239090234041214
0.0 0.09253127127885818
0.0 0.09253890812397003
0.0 0.09261806309223175
0.0 0.09271612763404846
0.0 0.0929248109459877
0.0 0.0929609090089798
0.0 0.09301658719778061
0.0 0.0930497869849205
0.0 0.09327784925699234
0.0 0.09339523315429688
0.0 0.09377234429121017
0.0 0.09387371689081192
0.0 0.09400944411754608
0.0 0.09410375356674194
0.0 0.09410454332828522
0.0 0.09411611407995224
0.0 0.09463738650083542
0.0 0.09475544840097427
0.0 0.0949314758181572
0.0 0.0951307862997055
0.0 0.09523904323577881
0.0 0.09526370465755463
0.0 0.09530274569988251
0.0 0.0954030230641365
0.0 0.09580879658460617
0.0 0.09609300643205643
0.0 0.09620730578899384
0.0 0.09630370140075684
0.0 0.09632400423288345
0.0 0.09633950144052505
0.0 0.09653434157371521
0.0 0.09664391726255417
0.0 0.09667620062828064
0.0 0.09670522809028625
0.0 0.0969625860452652
0.0 0.09699735045433044
0.0 0.09711100161075592
0.0 0.09714461117982864
0.0 0.09726975858211517
0.0 0.09738750010728836
0.0 0.09744463115930557
0.0 0.0975228026509285
0.0 0.09764434397220612
0.0 0.09789909422397614
0.0 0.0979779064655304
0.0 0.09841043502092361
0.0 0.09854735434055328
0.0 0.09861313551664352
0.0 0.09875309467315674
0.0 0.09885334968566895
0.0 0.09894465655088425
0.0 0.0989789217710495
0.0 0.0991441160440445
0.0 0.09920734167098999
0.0 0.09926126897335052
0.0 0.09928692877292633
0.0 0.09959561377763748
0.0 0.09969041496515274
0.0 0.10027316212654114
0.0 0.10062103718519211
0.0 0.10091909766197205
0.0 0.10107608884572983
0.0 0.10115157067775726
0.0 0.10118380188941956
0.0 0.1012222096323967
0.0 0.10151758790016174
0.0 0.10179011523723602
0.0 0.10192075371742249
0.0 0.1021357849240303
0.0 0.1021537333726883
0.0 0.10312224924564362
0.0 0.10334105044603348
0.0 0.10335838049650192
0.0 0.10397983342409134
0.0 0.10482393205165863
0.0 0.10518399626016617
0.0 0.10547367483377457
0.0 0.10555552691221237
0.0 0.10627936571836472
0.0 0.10659786313772202
0.0 0.10717811435461044
0.0 0.10754886269569397
0.0 0.10798536986112595
0.0 0.10834503918886185
0.0 0.10841085016727448
0.0 0.10881700366735458
0.0 0.10914990305900574
0.0 0.10919215530157089
0.0 0.10926943272352219
0.0 0.1095646396279335
0.0 0.10979428887367249
0.0 0.10985314100980759
0.0 0.11006796360015869
0.0 0.11029660701751709
0.0 0.11041729152202606
0.0 0.11042176932096481
0.0 0.11046373099088669
0.0 0.1105840802192688
0.0 0.11127916723489761
0.0 0.11131305247545242
0.0 0.11142518371343613
0.0 0.1120133325457573
0.0 0.11290121078491211
0.0 0.11325006932020187
0.0 0.11328074336051941
0.0 0.11473589390516281
0.0 0.11496797949075699
0.0 0.11603142321109772
0.0 0.11607631295919418
0.0 0.11613480746746063
0.0 0.11616907268762589
0.0 0.11699587106704712
0.0 0.11726050823926926
0.0 0.1173626258969307
0.0 0.11777609586715698
0.0 0.11803547292947769
0.0 0.11833664774894714
0.0 0.11850450932979584
0.0 0.11866656690835953
0.0 0.11911438405513763
0.0 0.11977948993444443
0.0 0.11987755447626114
0.0 0.12034457921981812
0.0 0.1207442656159401
0.0 0.12157510221004486
0.0 0.12166760116815567
0.0 0.12309359759092331
0.0 0.12319820374250412
0.0 0.12324496358633041
0.0 0.12346997112035751
0.0 0.12363352626562119
0.0 0.12441548705101013
0.0 0.1244194284081459
0.0 0.12452096492052078
0.0 0.12474719434976578
0.0 0.1249886155128479
0.0 0.12503603100776672
0.0 0.12731412053108215
0.0 0.1273866444826126
0.0 0.1287052482366562
0.0 0.12999294698238373
0.0 0.13048486411571503
0.0 0.1308218389749527
0.0 0.13280068337917328
0.0 0.13814859092235565
0.0 0.14109985530376434
0.0 0.14372093975543976
0.0 inf
