0.0 0.043215375393629074
0.0 0.044473838061094284
0.0 0.04474414885044098
0.0 0.04528870806097984
0.0 0.045424412935972214
0.0 0.046303629875183105
0.0 0.046585675328969955
0.0 0.04711321368813515
0.0 0.04788403958082199
0.0 0.048126667737960815
0.0 0.048219505697488785
0.0 0.0484788715839386
0.0 0.048756007105112076
0.0 0.048787809908390045
0.0 0.04891515523195267
0.0 0.049582816660404205
0.0 0.049699924886226654
0.0 0.0500994436442852
0.0 0.05019328370690346
0.0 0.05030611902475357
0.0 0.05032014846801758
0.0 0.05064329504966736
0.0 0.05071231722831726
0.0 0.051092393696308136
0.0 0.05118424817919731
0.0 0.05128065496683121
0.0 0.05146415904164314
0.0 0.051688212901353836
0.0 0.05195008963346481
0.0 0.052125364542007446
0.0 0.052164386957883835
0.0 0.05223235487937927
0.0 0.05237741395831108
0.0 0.05273249372839928
0.0 0.052742231637239456
0.0 0.05283145606517792
0.0 0.05296166613698006
0.0 0.052987486124038696
0.0 0.05308183655142784
0.0 0.05311984196305275
0.0 0.05354277417063713
0.0 0.05356963723897934
0.0 0.0535702109336853
0.0 0.05392630398273468
0.0 0.05425746738910675
0.0 0.054272644221782684
0.0 0.054545268416404724
0.0 0.054809700697660446
0.0 0.05484466254711151
0.0 0.05491860583424568
0.0 0.05492616817355156
0.0 0.05515594407916069
0.0 0.055226124823093414
0.0 0.055277347564697266
0.0 0.055390361696481705
0.0 0.05540795251727104
0.0 0.055664870887994766
0.0 0.05574945732951164
0.0 0.05582458898425102
0.0 0.05584482476115227
0.0 0.05586538836359978
0.0 0.055948030203580856
0.0 0.056006018072366714
0.0 0.056027691811323166
0.0 0.05622986704111099
0.0 0.056290749460458755
0.0 0.056379642337560654
0.0 0.05643843486905098
0.0 0.05649420619010925
0.0 0.05652288720011711
0.0 0.056536827236413956
0.0 0.05668477341532707
0.0 0.05675876513123512
0.0 0.05678754672408104
0.0 0.056868162006139755
0.0 0.056932952255010605
0.0 0.05708129703998566
0.0 0.057114481925964355
0.0 0.05721794813871384
0.0 0.05726754292845726
0.0 0.057391006499528885
0.0 0.05741880089044571
0.0 0.057670168578624725
0.0 0.05778549984097481
0.0 0.05782284587621689
0.0 0.05791725963354111
0.0 0.05803384631872177
0.0 0.05815770477056503
0.0 0.05821552500128746
0.0 0.058235280215740204
0.0 0.05823725089430809
0.0 0.05824897438287735
0.0 0.05825711041688919
0.0 0.05826543644070625
0.0 0.05835578963160515
0.0 0.05847318097949028
0.0 0.05848076194524765
0.0 0.05856812372803688
0.0 0.05857408419251442
0.0 0.05866040661931038
0.0 0.058860182762145996
0.0 0.05891308933496475
0.0 0.059177469462156296
0.0 0.05931830406188965
0.0 0.05954864248633385
0.0 0.059662021696567535
0.0 0.05991204455494881
0.0 0.05991902947425842
0.0 0.05993490293622017
0.0 0.059949856251478195
0.0 0.06001356244087219
0.0 0.06007685139775276
0.0 0.060161225497722626
0.0 0.06017891317605972
0.0 0.060280341655015945
0.0 0.06030216068029404
0.0 0.06030873954296112
0.0 0.06032480299472809
0.0 0.060337480157613754
0.0 0.06035491079092026
0.0 0.060518164187669754
0.0 0.060558147728443146
0.0 0.060568179935216904
0.0 0.0610320158302784
0.0 0.06103232875466347
0.0 0.06106264144182205
0.0 0.061074964702129364
0.0 0.061093851923942566
0.0 0.06116689741611481
0.0 0.061192065477371216
0.0 0.06120170280337334
0.0 0.06126413494348526
0.0 0.06129608303308487
0.0 0.06134902685880661
0.0 0.06145002692937851
0.0 0.06145602837204933
0.0 0.06146851181983948
0.0 0.06147615239024162
0.0 0.06152894347906113
0.0 0.06158198043704033
0.0 0.061644311994314194
0.0 0.061736661940813065
0.0 0.061747290194034576
0.0 0.06177299842238426
0.0 0.0619773305952549
0.0 0.06209445744752884
0.0 0.062169212847948074
0.0 0.06231986731290817
0.0 0.062478549778461456
0.0 0.0625896006822586
0.0 0.06263794004917145
0.0 0.0627027079463005
0.0 0.0627702996134758
0.0 0.06278043985366821
0.0 0.06283155828714371
0.0 0.06295133382081985
0.0 0.06297052651643753
0.0 0.06305208802223206
0.0 0.0631597563624382
0.0 0.06319960951805115
0.0 0.06325115263462067
0.0 0.06341641396284103
0.0 0.0634220615029335
0.0 0.06352631747722626
0.0 0.06356040388345718
0.0 0.06362954527139664
0.0 0.063714899122715
0.0 0.06373637914657593
0.0 0.06382270157337189
0.0 0.06383968144655228
0.0 0.0638754814863205
0.0 0.06391000002622604
0.0 0.06399636715650558
0.0 0.06407815217971802
0.0 0.06408831477165222
0.0 0.06430259346961975
0.0 0.06437081843614578
0.0 0.06443114578723907
0.0 0.06461285054683685
0.0 0.0646335557103157
0.0 0.06477303057909012
0.0 0.06478123366832733
0.0 0.06499867886304855
0.0 0.06501319259405136
0.0 0.06501433998346329
0.0 0.06502807885408401
0.0 0.06505311280488968
0.0 0.06507710367441177
0.0 0.06518019735813141
0.0 0.06535100191831589
0.0 0.06535996496677399
0.0 0.06538118422031403
0.0 0.06542695313692093
0.0 0.06546910852193832
0.0 0.06560876220464706
0.0 0.06561363488435745
0.0 0.0658196434378624
0.0 0.06585036963224411
0.0 0.06589832901954651
0.0 0.06593963503837585
0.0 0.06596222519874573
0.0 0.06601157784461975
0.0 0.06611839681863785
0.0 0.06620990484952927
0.0 0.06632721424102783
0.0 0.06656531244516373
0.0 0.06669344753026962
0.0 0.06677223742008209
0.0 0.06679872423410416
0.0 0.06714343279600143
0.0 0.06718467175960541
0.0 0.06723397225141525
0.0 0.06739947944879532
0.0 0.0675058364868164
0.0 0.06750839203596115
0.0 0.067525714635849
0.0 0.06752870231866837
0.0 0.06764482706785202
0.0 0.06767143309116364
0.0 0.06773470342159271
0.0 0.06774792075157166
0.0 0.067780040204525
0.0 0.06781460344791412
0.0 0.06784764677286148
0.0 0.06792139261960983
0.0 0.06792984902858734
0.0 0.06809186190366745
0.0 0.06809937208890915
0.0 0.06811105459928513
0.0 0.06812041252851486
0.0 0.06816112250089645
0.0 0.06825923919677734
0.0 0.06828964501619339
0.0 0.06834401190280914
0.0 0.06839767098426819
0.0 0.06850601732730865
0.0 0.06850741803646088
0.0 0.06856155395507812
0.0 0.0686199963092804
0.0 0.06868666410446167
0.0 0.06878379732370377
0.0 0.0688047856092453
0.0 0.06896494328975677
0.0 0.06898445636034012
0.0 0.06901998817920685
0.0 0.06904592365026474
0.0 0.06905149668455124
0.0 0.06911340355873108
0.0 0.06913045793771744
0.0 0.06923824548721313
0.0 0.06933896988630295
0.0 0.06935685127973557
0.0 0.0693615972995758
0.0 0.06947334855794907
0.0 0.06952813267707825
0.0 0.0695912316441536
0.0 0.06964755058288574
0.0 0.06988406181335449
0.0 0.06999722123146057
0.0 0.0700785294175148
0.0 0.07009017467498779
0.0 0.07028384506702423
0.0 0.0703442394733429
0.0 0.07035043090581894
0.0 0.07036261260509491
0.0 0.0703735426068306
0.0 0.07047875225543976
0.0 0.07054132223129272
0.0 0.07056281715631485
0.0 0.07060830295085907
0.0 0.07061333954334259
0.0 0.07062475383281708
0.0 0.07062868773937225
0.0 0.07067231088876724
0.0 0.07070383429527283
0.0 0.07076652348041534
0.0 0.0709557756781578
0.0 0.07098038494586945
0.0 0.07101132720708847
0.0 0.07104750722646713
0.0 0.071086086332798
0.0 0.0710902065038681
0.0 0.07119271904230118
0.0 0.07143443077802658
0.0 0.0714620053768158
0.0 0.07150508463382721
0.0 0.07151566445827484
0.0 0.07185287773609161
0.0 0.07185584306716919
0.0 0.0719204694032669
0.0 0.07202272862195969
0.0 0.0720679759979248
0.0 0.07210223376750946
0.0 0.07228410243988037
0.0 0.07231733947992325
0.0 0.07234398275613785
0.0 0.0724475234746933
0.0 0.07252335548400879
0.0 0.07266449183225632
0.0 0.07293684035539627
0.0 0.07302743196487427
0.0 0.07315642386674881
0.0 0.07317650318145752
0.0 0.07318135350942612
0.0 0.07338970899581909
0.0 0.07340840995311737
0.0 0.07348986715078354
0.0 0.07352325320243835
0.0 0.0735720545053482
0.0 0.07358111441135406
0.0 0.07365013659000397
0.0 0.07365190237760544
0.0 0.07382038235664368
0.0 0.07388442754745483
0.0 0.07390692830085754
0.0 0.07399965077638626
0.0 0.07403961569070816
0.0 0.07405173033475876
0.0 0.0741683840751648
0.0 0.07426758855581284
0.0 0.07436072081327438
0.0 0.07437653094530106
0.0 0.07457287609577179
0.0 0.07464054226875305
0.0 0.07491381466388702
0.0 0.0753398984670639
0.0 0.07548695057630539
0.0 0.07570422440767288
0.0 0.07573054730892181
0.0 0.07575733959674835
0.0 0.07578299939632416
0.0 0.07589412480592728
0.0 0.07590816915035248
0.0 0.07593971490859985
0.0 0.07594279944896698
0.0 0.07610777765512466
0.0 0.07613378763198853
0.0 0.07618172466754913
0.0 0.07620455324649811
0.0 0.07620594650506973
0.0 0.07626059651374817
0.0 0.07633911073207855
0.0 0.0765005499124527
0.0 0.07654334604740143
0.0 0.07658501714468002
0.0 0.07659818977117538
0.0 0.07665558904409409
0.0 0.07673409581184387
0.0 0.07679791748523712
0.0 0.07687642425298691
0.0 0.07688825577497482
0.0 0.07691981643438339
0.0 0.07700128853321075
0.0 0.07702367007732391
0.0 0.07745985686779022
0.0 0.07752006500959396
0.0 0.07795403152704239
0.0 0.07833971828222275
0.0 0.07848066836595535
0.0 0.07877810299396515
0.0 0.07878662645816803
0.0 0.07889887690544128
0.0 0.07896503061056137
0.0 0.07897250354290009
0.0 0.0790572240948677
0.0 0.07919884473085403
0.0 0.07919969409704208
0.0 0.07933615148067474
0.0 0.07938618957996368
0.0 0.07940291613340378
0.0 0.07941246032714844
0.0 0.07945224642753601
0.0 0.07981408387422562
0.0 0.0799044594168663
0.0 0.08013621717691422
0.0 0.08022192120552063
0.0 0.08053143322467804
0.0 0.08054119348526001
0.0 0.08072646707296371
0.0 0.08079992234706879
0.0 0.08084844052791595
0.0 0.08087906986474991
0.0 0.08108669519424438
0.0 0.08121343702077866
0.0 0.08130749315023422
0.0 0.081720732152462
0.0 0.08182338625192642
0.0 0.08183089643716812
0.0 0.08190859109163284
0.0 0.08202797919511795
0.0 0.08209839463233948
0.0 0.0821346864104271
0.0 0.08234385401010513
0.0 0.08234953135251999
0.0 0.08238262683153152
0.0 0.08247893303632736
0.0 0.08319997042417526
0.0 0.083230160176754
0.0 0.08323628455400467
0.0 0.08348050713539124
0.0 0.08386336266994476
0.0 0.08430404216051102
0.0 0.08432993292808533
0.0 0.08437877893447876
0.0 0.08441454917192459
0.0 0.08455245196819305
0.0 0.08465830236673355
0.0 0.08483369648456573
0.0 0.08493735641241074
0.0 0.08497362583875656
0.0 0.0850786417722702
0.0 0.08546812832355499
0.0 0.08549968898296356
0.0 0.08575619757175446
0.0 0.08583025634288788
0.0 0.0858488604426384
0.0 0.0860460177063942
0.0 0.08627070486545563
0.0 0.08642791956663132
0.0 0.08663579821586609
0.0 0.08675433695316315
0.0 0.086787648499012
0.0 0.08713504672050476
0.0 0.08744236081838608
0.0 0.08749586343765259
0.0 0.0876702144742012
0.0 0.08770681172609329
0.0 0.08793294429779053
0.0 0.08796129375696182
0.0 0.08817299455404282
0.0 0.08820141106843948
0.0 0.08874224126338959
0.0 0.0887557864189148
0.0 0.08914147317409515
0.0 0.0897640660405159
0.0 0.08986850082874298
0.0 0.09036947041749954
0.0 0.09080100804567337
0.0 0.0908830314874649
0.0 0.09091026335954666
0.0 0.09094581753015518
0.0 0.09098105877637863
0.0 0.09100215882062912
0.0 0.09115990996360779
0.0 0.09130925685167313
0.0 0.09131238609552383
0.0 0.09153300523757935
0.0 0.09154652059078217
0.0 0.09157416969537735
0.0 0.09162937104701996
0.0 0.09190315008163452
0.0 0.09201857447624207
0.0 0.0920250415802002
0.0 0.09208539873361588
0.0 0.09208907186985016
0.0 0.09213292598724365
0.0 0.09213666617870331
0.0 0.09213884174823761
0.0 0.09229148179292679
0.0 0.09233194589614868
0.0 0.09252992272377014
0.0 0.0925883948802948
0.0 0.09264909476041794
0.0 0.09274172782897949
0.0 0.09281228482723236
0.0 0.09307508170604706
0.0 0.09309127926826477
0.0 0.09309685975313187
0.0 0.09317938983440399
0.0 0.09334338456392288
0.0 0.09351882338523865
0.0 0.09354846924543381
0.0 0.09365427494049072
0.0 0.09374183416366577
0.0 0.09379108250141144
0.0 0.09392870962619781
0.0 0.09401744604110718
0.0 0.09404684603214264
0.0 0.09424585849046707
0.0 0.09431381523609161
0.0 0.09443719685077667
0.0 0.09450195729732513
0.0 0.09461751580238342
0.0 0.09522519260644913
0.0 0.09526742249727249
0.0 0.0954313799738884
0.0 0.09555837512016296
0.0 0.0958554744720459
0.0 0.09647119045257568
0.0 0.09675770252943039
0.0 0.09678705781698227
0.0 0.09719391912221909
0.0 0.09731458872556686
0.0 0.0984729677438736
0.0 0.09861541539430618
0.0 0.09870287775993347
0.0 0.09892918914556503
0.0 0.09893608093261719
0.0 0.09908730536699295
0.0 0.09973558038473129
0.0 0.10028981417417526
0.0 0.10041189938783646
0.0 0.10256360471248627
0.0 0.10290945321321487
0.0 0.10294659435749054
0.0 0.10322894901037216
0.0 0.10412217676639557
0.0 0.10485849529504776
0.0 0.10587205737829208
0.0 0.10764411091804504
0.0 0.12578432261943817
0.0 inf
