0.0 0.03679351508617401
0.0 0.03837747871875763
0.0 0.041566669940948486
0.0 0.04407769814133644
0.0 0.04503999650478363
0.0 0.04533257335424423
0.0 0.04827093333005905
0.0 0.04873175546526909
0.0 0.04932248964905739
0.0 0.049362096935510635
0.0 0.04947847127914429
0.0 0.0496264323592186
0.0 0.04996540769934654
0.0 0.0502144955098629
0.0 0.05025085061788559
0.0 0.05054090544581413
0.0 0.05069243162870407
0.0 0.051609963178634644
0.0 0.05165152624249458
0.0 0.05168834328651428
0.0 0.05191081762313843
0.0 0.05247781053185463
0.0 0.052522290498018265
0.0 0.052884142845869064
0.0 0.05317317321896553
0.0 0.053305190056562424
0.0 0.05331169068813324
0.0 0.0534280426800251
0.0 0.05358736962080002
0.0 0.053826384246349335
0.0 0.05383506044745445
0.0 0.053839463740587234
0.0 0.05393194779753685
0.0 0.05400793254375458
0.0 0.054115112870931625
0.0 0.054375629872083664
0.0 0.054661545902490616
0.0 0.05488469824194908
0.0 0.05502757430076599
0.0 0.05534057319164276
0.0 0.05534356087446213
0.0 0.05536162108182907
0.0 0.05572088062763214
0.0 0.0557221956551075
0.0 0.055845893919467926
0.0 0.055868592113256454
0.0 0.05596381798386574
0.0 0.0559980608522892
0.0 0.05610933527350426
0.0 0.05622101575136185
0.0 0.05630255118012428
0.0 0.056399066001176834
0.0 0.05640208721160889
0.0 0.056449323892593384
0.0 0.05647822096943855
0.0 0.056537091732025146
0.0 0.05658316984772682
0.0 0.05664278194308281
0.0 0.05667932704091072
0.0 0.05694865062832832
0.0 0.056970156729221344
0.0 0.05697634071111679
0.0 0.056997157633304596
0.0 0.057016145437955856
0.0 0.05706997215747833
0.0 0.05729078873991966
0.0 0.057677313685417175
0.0 0.05768274515867233
0.0 0.05774606764316559
0.0 0.057860832661390305
0.0 0.05791711062192917
0.0 0.05795513838529587
0.0 0.05804285779595375
0.0 0.05806297808885574
0.0 0.05807030200958252
0.0 0.058099765330553055
0.0 0.058109257370233536
0.0 0.05811384692788124
0.0 0.058162424713373184
0.0 0.05836614593863487
0.0 0.058594685047864914
0.0 0.05861017853021622
0.0 0.05865498632192612
0.0 0.058714427053928375
0.0 0.05891485884785652
0.0 0.0590788908302784
0.0 0.059126030653715134
0.0 0.05914071947336197
0.0 0.05916553735733032
0.0 0.0591730996966362
0.0 0.059183407574892044
0.0 0.059323012828826904
0.0 0.05940846726298332
0.0 0.05951916426420212
0.0 0.05957062914967537
0.0 0.05958012863993645
0.0 0.059634607285261154
0.0 0.05994999036192894
0.0 0.06000456213951111
0.0 0.06009737402200699
0.0 0.06012452766299248
0.0 0.06019400432705879
0.0 0.06019643321633339
0.0 0.060221824795007706
0.0 0.060347020626068115
0.0 0.06039340794086456
0.0 0.06050707399845123
0.0 0.06052307412028313
0.0 0.060527488589286804
0.0 0.060530342161655426
0.0 0.060575857758522034
0.0 0.06070132181048393
0.0 0.06071503832936287
0.0 0.060812536627054214
0.0 0.06090767681598663
0.0 0.06115543469786644
0.0 0.0612625814974308
0.0 0.06143372505903244
0.0 0.0614558607339859
0.0 0.061482515186071396
0.0 0.06149296090006828
0.0 0.06154320016503334
0.0 0.061573419719934464
0.0 0.0616733580827713
0.0 0.06174369901418686
0.0 0.061751801520586014
0.0 0.06188235059380531
0.0 0.061999719589948654
0.0 0.06218607351183891
0.0 0.06221774220466614
0.0 0.06231476366519928
0.0 0.06231780722737312
0.0 0.062337324023246765
0.0 0.06236331909894943
0.0 0.06236736848950386
0.0 0.062408410012722015
0.0 0.06242641434073448
0.0 0.06247159466147423
0.0 0.06253312528133392
0.0 0.06254595518112183
0.0 0.06256385147571564
0.0 0.06260816752910614
0.0 0.06275757402181625
0.0 0.06289330124855042
0.0 0.06293080002069473
0.0 0.06294163316488266
0.0 0.06311611086130142
0.0 0.06317310035228729
0.0 0.06318005919456482
0.0 0.0631919875741005
0.0 0.06319817900657654
0.0 0.06326855719089508
0.0 0.06336887925863266
0.0 0.06349197775125504
0.0 0.06351898610591888
0.0 0.06352095305919647
0.0 0.06355931609869003
0.0 0.06356585770845413
0.0 0.06361601501703262
0.0 0.06362020969390869
0.0 0.06362783908843994
0.0 0.06363460421562195
0.0 0.0637439414858818
0.0 0.06377872079610825
0.0 0.0638156607747078
0.0 0.06395977735519409
0.0 0.06400436908006668
0.0 0.06408385932445526
0.0 0.06410064548254013
0.0 0.06414186954498291
0.0 0.06436870992183685
0.0 0.06441187858581543
0.0 0.064485102891922
0.0 0.06451158225536346
0.0 0.06457523256540298
0.0 0.06472860276699066
0.0 0.0647829920053482
0.0 0.06482299417257309
0.0 0.06513028591871262
0.0 0.06513825058937073
0.0 0.06519715487957001
0.0 0.06521929055452347
0.0 0.06527921557426453
0.0 0.06530110538005829
0.0 0.06540875881910324
0.0 0.06549954414367676
0.0 0.06551554054021835
0.0 0.06561022251844406
0.0 0.0656285285949707
0.0 0.0657302588224411
0.0 0.0657823234796524
0.0 0.06583171337842941
0.0 0.06589346379041672
0.0 0.06591183692216873
0.0 0.06597437709569931
0.0 0.06599614769220352
0.0 0.06621856242418289
0.0 0.06631508469581604
0.0 0.06634020060300827
0.0 0.06638406962156296
0.0 0.0664377361536026
0.0 0.06643794476985931
0.0 0.06665661185979843
0.0 0.06666768342256546
0.0 0.06674838811159134
0.0 0.06679407507181168
0.0 0.0669289231300354
0.0 0.06693185120820999
0.0 0.06694381684064865
0.0 0.0671839639544487
0.0 0.06721578538417816
0.0 0.06734859943389893
0.0 0.06747489422559738
0.0 0.06750428676605225
0.0 0.0675935372710228
0.0 0.06790344417095184
0.0 0.06790504604578018
0.0 0.06793678551912308
0.0 0.06795740872621536
0.0 0.06797601282596588
0.0 0.06810297071933746
0.0 0.06823521107435226
0.0 0.06826449930667877
0.0 0.0683823674917221
0.0 0.06840361654758453
0.0 0.06841927021741867
0.0 0.0684891790151596
0.0 0.06877569854259491
0.0 0.06891030818223953
0.0 0.06899791210889816
0.0 0.06907441467046738
0.0 0.06926506757736206
0.0 0.06952317804098129
0.0 0.0696292445063591
0.0 0.06975585967302322
0.0 0.06987189501523972
0.0 0.06987922638654709
0.0 0.06993678957223892
0.0 0.06996206194162369
0.0 0.07001123577356339
0.0 0.07007881999015808
0.0 0.0701712965965271
0.0 0.07019682228565216
0.0 0.07021880149841309
0.0 0.07032600045204163
0.0 0.0703619047999382
0.0 0.07039137184619904
0.0 0.07048258185386658
0.0 0.07050128281116486
0.0 0.07080204039812088
0.0 0.07087202370166779
0.0 0.07105296105146408
0.0 0.0710771307349205
0.0 0.07113008946180344
0.0 0.07122109085321426
0.0 0.07123323529958725
0.0 0.07124770432710648
0.0 0.07144146412611008
0.0 0.0714515969157219
0.0 0.07149205356836319
0.0 0.0716453343629837
0.0 0.07180041819810867
0.0 0.07187994569540024
0.0 0.07191887497901917
0.0 0.07193395495414734
0.0 0.07196100801229477
0.0 0.07213162630796432
0.0 0.07225640118122101
0.0 0.07230544090270996
0.0 0.07243409752845764
0.0 0.07250063121318817
0.0 0.07260812819004059
0.0 0.07261186838150024
0.0 0.07264270633459091
0.0 0.0728076845407486
0.0 0.07329075783491135
0.0 0.07331083714962006
0.0 0.07336561381816864
0.0 0.07346376776695251
0.0 0.07346541434526443
0.0 0.07347811013460159
0.0 0.07369019836187363
0.0 0.07374367117881775
0.0 0.07399711012840271
0.0 0.07408483326435089
0.0 0.07443317770957947
0.0 0.0745009258389473
0.0 0.0745154619216919
0.0 0.07466679066419601
0.0 0.07498009502887726
0.0 0.07498471438884735
0.0 0.07499417662620544
0.0 0.07502151280641556
0.0 0.07502695173025131
0.0 0.0750708058476448
0.0 0.07534358650445938
0.0 0.0754173994064331
0.0 0.07551728934049606
0.0 0.0755244717001915
0.0 0.07556819915771484
0.0 0.07563744485378265
0.0 0.07580733299255371
0.0 0.0758206844329834
0.0 0.07585109770298004
0.0 0.07612678408622742
0.0 0.07621220499277115
0.0 0.07623612880706787
0.0 0.07631365954875946
0.0 0.07640506327152252
0.0 0.07645395398139954
0.0 0.07679471373558044
0.0 0.07681434601545334
0.0 0.07682265341281891
0.0 0.07689415663480759
0.0 0.07696717232465744
0.0 0.07699192315340042
0.0 0.07702913880348206
0.0 0.0770634263753891
0.0 0.07718586921691895
0.0 0.07755208015441895
0.0 0.07762246578931808
0.0 0.07776909321546555
0.0 0.07777541130781174
0.0 0.07787623256444931
0.0 0.0780266672372818
0.0 0.07816065847873688
0.0 0.0781819075345993
0.0 0.07818600535392761
0.0 0.0782451257109642
0.0 0.07832075655460358
0.0 0.07834703475236893
0.0 0.07843821495771408
0.0 0.0787515640258789
0.0 0.07903137058019638
0.0 0.07934486120939255
0.0 0.07936377078294754
0.0 0.07942279428243637
0.0 0.07942506670951843
0.0 0.0794331356883049
0.0 0.0795462429523468
0.0 0.07955655455589294
0.0 0.0796499252319336
0.0 0.07973618060350418
0.0 0.079908087849617
0.0 0.07998131215572357
0.0 0.0800233781337738
0.0 0.0800885483622551
0.0 0.08015159517526627
0.0 0.0801788941025734
0.0 0.08028659224510193
0.0 0.08042534440755844
0.0 0.08052431792020798
0.0 0.08080879598855972
0.0 0.08086816966533661
0.0 0.08090788871049881
0.0 0.08110036700963974
0.0 0.08133059740066528
0.0 0.08146770298480988
0.0 0.08162395656108856
0.0 0.08163593709468842
0.0 0.08165101706981659
0.0 0.08169067651033401
0.0 0.08169826865196228
0.0 0.08173666149377823
0.0 0.08175148069858551
0.0 0.08175294101238251
0.0 0.08176329731941223
0.0 0.08209503442049026
0.0 0.08223774284124374
0.0 0.08232063055038452
0.0 0.08250445127487183
0.0 0.08256105333566666
0.0 0.08256400376558304
0.0 0.08299446105957031
0.0 0.08311828225851059
0.0 0.08355054259300232
0.0 0.08355244249105453
0.0 0.08365936577320099
0.0 0.08369573205709457
0.0 0.08374951779842377
0.0 0.0838206335902214
0.0 0.08419925719499588
0.0 0.08428392559289932
0.0 0.08431251347064972
0.0 0.08445888012647629
0.0 0.08450251817703247
0.0 0.08484077453613281
0.0 0.08492012321949005
0.0 0.0849689319729805
0.0 0.08518386632204056
0.0 0.08534043282270432
0.0 0.08559691905975342
0.0 0.08587060123682022
0.0 0.08600469678640366
0.0 0.08614359050989151
0.0 0.08616244792938232
0.0 0.08641538769006729
0.0 0.0865454375743866
0.0 0.08658035099506378
0.0 0.0866302028298378
0.0 0.08668310940265656
0.0 0.08674318343400955
0.0 0.08677074313163757
0.0 0.08679064363241196
0.0 0.0868309736251831
0.0 0.08689556270837784
0.0 0.08726886659860611
0.0 0.08735049515962601
0.0 0.08741084486246109
0.0 0.08746357262134552
0.0 0.08749226480722427
0.0 0.08753977715969086
0.0 0.08767784386873245
0.0 0.08772043138742447
0.0 0.0880034938454628
0.0 0.08810349553823471
0.0 0.08817353844642639
0.0 0.0881752222776413
0.0 0.08828659355640411
0.0 0.08842425793409348
0.0 0.08846964687108994
0.0 0.08858150988817215
0.0 0.08870597183704376
0.0 0.08874901384115219
0.0 0.08887028694152832
0.0 0.08890683948993683
0.0 0.08895551413297653
0.0 0.08900342136621475
0.0 0.08904261142015457
0.0 0.08913638442754745
0.0 0.08923295885324478
0.0 0.08934106677770615
0.0 0.08935651183128357
0.0 0.08983518183231354
0.0 0.09056788682937622
0.0 0.09061361104249954
0.0 0.0915382131934166
0.0 0.09220549464225769
0.0 0.09226932376623154
0.0 0.09228184074163437
0.0 0.0930481106042862
0.0 0.09331727772951126
0.0 0.09356053173542023
0.0 0.093746118247509
0.0 0.09395290166139603
0.0 0.09410307556390762
0.0 0.0946778729557991
0.0 0.09475795924663544
0.0 0.09501857310533524
0.0 0.09563156962394714
0.0 0.09589845687150955
0.0 0.0959680825471878
0.0 0.09619446843862534
0.0 0.09621880948543549
0.0 0.09642477333545685
0.0 0.0970645397901535
0.0 0.0974067747592926
0.0 0.0976262018084526
0.0 0.09777975082397461
0.0 0.09781450033187866
0.0 0.09787113964557648
0.0 0.09850184619426727
0.0 0.09885694831609726
0.0 0.09916963428258896
0.0 0.09928599745035172
0.0 0.09948864579200745
0.0 0.0999363586306572
0.0 0.09995365142822266
0.0 0.10059431195259094
0.0 0.10079330205917358
0.0 0.10138672590255737
0.0 0.10194730013608932
0.0 0.10229943692684174
0.0 0.10245456546545029
0.0 0.10267816483974457
0.0 0.10354717075824738
0.0 0.10392077267169952
0.0 0.10588808357715607
0.0 0.10643824934959412
0.0 0.1065736636519432
0.0 0.10685546696186066
0.0 0.10735826194286346
0.0 0.1078956201672554
0.0 0.10790517181158066
0.0 0.10881504416465759
0.0 0.10907285660505295
0.0 0.10908374190330505
0.0 0.11028983443975449
0.0 0.11035703867673874
0.0 0.1107984334230423
0.0 0.11209069937467575
0.0 0.11217238008975983
0.0 0.11228872090578079
0.0 0.1133434921503067
0.0 0.11378296464681625
0.0 0.11403506994247437
0.0 0.11429331451654434
0.0 0.11434930562973022
0.0 0.1145864948630333
0.0 0.11662252247333527
0.0 0.116689532995224
0.0 0.11687000840902328
0.0 0.11708864569664001
0.0 0.11762906610965729
0.0 0.1259344518184662
0.0 0.1280912309885025
0.0 0.12943223118782043
0.0 0.13314880430698395
0.0 0.13361236453056335
0.0 0.13826188445091248
0.0 0.14927938580513
0.0 inf
