0.0 0.024761831387877464
0.0 0.024864543229341507
0.0 0.02542950212955475
0.0 0.025434236973524094
0.0 0.025704191997647285
0.0 0.025993842631578445
0.0 0.026078570634126663
0.0 0.02632208541035652
0.0 0.026484524831175804
0.0 0.026579763740301132
0.0 0.026728283613920212
0.0 0.02696935459971428
0.0 0.027112599462270737
0.0 0.02713417448103428
0.0 0.027276229113340378
0.0 0.027432242408394814
0.0 0.027490779757499695
0.0 0.027606699615716934
0.0 0.027701282873749733
0.0 0.027749110013246536
0.0 0.02786480449140072
0.0 0.028005314990878105
0.0 0.02807438001036644
0.0 0.028109701350331306
0.0 0.028167014941573143
0.0 0.028379634022712708
0.0 0.02838060073554516
0.0 0.028410498052835464
0.0 0.02841789275407791
0.0 0.028488753363490105
0.0 0.028505856171250343
0.0 0.028567975386977196
0.0 0.028571991249918938
0.0 0.02862849272787571
0.0 0.02887103706598282
0.0 0.028920195996761322
0.0 0.028954731300473213
0.0 0.028958121314644814
0.0 0.028968369588255882
0.0 0.028982575982809067
0.0 0.02906576730310917
0.0 0.029078572988510132
0.0 0.029088536277413368
0.0 0.029130082577466965
0.0 0.029146170243620872
0.0 0.0291669312864542
0.0 0.02925422042608261
0.0 0.02951021119952202
0.0 0.02952895313501358
0.0 0.029613813385367393
0.0 0.029619570821523666
0.0 0.029636962339282036
0.0 0.029652129858732224
0.0 0.02973112091422081
0.0 0.02973310276865959
0.0 0.029767977073788643
0.0 0.02980601042509079
0.0 0.029815038666129112
0.0 0.02983769029378891
0.0 0.02987314946949482
0.0 0.029930410906672478
0.0 0.029946984723210335
0.0 0.029951520264148712
0.0 0.029993392527103424
0.0 0.03002907708287239
0.0 0.030077248811721802
0.0 0.030088162049651146
0.0 0.030140485614538193
0.0 0.030147898942232132
0.0 0.03017653152346611
0.0 0.030208630487322807
0.0 0.03027425892651081
0.0 0.03027951903641224
0.0 0.030324023216962814
0.0 0.030370745807886124
0.0 0.030513403937220573
0.0 0.03052169643342495
0.0 0.030598191544413567
0.0 0.030605586245656013
0.0 0.030651872977614403
0.0 0.030688835307955742
0.0 0.030757533386349678
0.0 0.03099643997848034
0.0 0.031011387705802917
0.0 0.031031478196382523
0.0 0.031033530831336975
0.0 0.03106379322707653
0.0 0.031091323122382164
0.0 0.031105976551771164
0.0 0.031193198636174202
0.0 0.031199458986520767
0.0 0.031202176585793495
0.0 0.03125295788049698
0.0 0.031271979212760925
0.0 0.03137033432722092
0.0 0.031473007053136826
0.0 0.031483057886362076
0.0 0.031502146273851395
0.0 0.0315556600689888
0.0 0.03158906474709511
0.0 0.03164142370223999
0.0 0.031769413501024246
0.0 0.031773995608091354
0.0 0.03180253505706787
0.0 0.031840015202760696
0.0 0.03185179829597473
0.0 0.03185221925377846
0.0 0.03186233714222908
0.0 0.03188137337565422
0.0 0.03189970180392265
0.0 0.03190520405769348
0.0 0.03195309638977051
0.0 0.03197614848613739
0.0 0.031983617693185806
0.0 0.0319909043610096
0.0 0.032006051391363144
0.0 0.03219310939311981
0.0 0.03220498561859131
0.0 0.03224145248532295
0.0 0.032247696071863174
0.0 0.03229842707514763
0.0 0.03232458978891373
0.0 0.032339196652173996
0.0 0.03239819034934044
0.0 0.032425958663225174
0.0 0.03245863690972328
0.0 0.03245888650417328
0.0 0.03247460350394249
0.0 0.03249119222164154
0.0 0.03255578503012657
0.0 0.0325772650539875
0.0 0.03257757052779198
0.0 0.03262333571910858
0.0 0.032628025859594345
0.0 0.032635875046253204
0.0 0.03264324367046356
0.0 0.032696809619665146
0.0 0.032728586345911026
0.0 0.03276066482067108
0.0 0.03278425335884094
0.0 0.03279135003685951
0.0 0.03280488774180412
0.0 0.0328819714486599
0.0 0.032886382192373276
0.0 0.0329773910343647
0.0 0.03300536423921585
0.0 0.03310071676969528
0.0 0.03310578688979149
0.0 0.033199913799762726
0.0 0.033204078674316406
0.0 0.03322746977210045
0.0 0.033238694071769714
0.0 0.033301230520009995
0.0 0.033341921865940094
0.0 0.033359166234731674
0.0 0.03337837755680084
0.0 0.033396173268556595
0.0 0.03341539949178696
0.0 0.03344707190990448
0.0 0.03346053510904312
0.0 0.0334802120923996
0.0 0.033489078283309937
0.0 0.03352240100502968
0.0 0.03363069146871567
0.0 0.03364253044128418
0.0 0.033645980060100555
0.0 0.033656045794487
0.0 0.03367410972714424
0.0 0.03369778022170067
0.0 0.03378811851143837
0.0 0.033788710832595825
0.0 0.03379252552986145
0.0 0.03384733200073242
0.0 0.033878143876791
0.0 0.033939164131879807
0.0 0.03402700275182724
0.0 0.034080732613801956
0.0 0.03417586535215378
0.0 0.034210849553346634
0.0 0.03427007794380188
0.0 0.03427916020154953
0.0 0.03435736894607544
0.0 0.03445809334516525
0.0 0.03446950018405914
0.0 0.03451375290751457
0.0 0.034521155059337616
0.0 0.034524526447057724
0.0 0.03454956039786339
0.0 0.0345640666782856
0.0 0.03466807305812836
0.0 0.03469571843743324
0.0 0.034697163850069046
0.0 0.034748584032058716
0.0 0.03477893024682999
0.0 0.03485595062375069
0.0 0.034866783767938614
0.0 0.03488948196172714
0.0 0.034927356988191605
0.0 0.034946464002132416
0.0 0.03500160947442055
0.0 0.03503825515508652
0.0 0.035081733018159866
0.0 0.035082943737506866
0.0 0.03510735183954239
0.0 0.03514731302857399
0.0 0.035148464143276215
0.0 0.035196565091609955
0.0 0.035245709121227264
0.0 0.035298045724630356
0.0 0.035390350967645645
0.0 0.035404857248067856
0.0 0.035445161163806915
0.0 0.03549922630190849
0.0 0.03550618514418602
0.0 0.03551393374800682
0.0 0.03552154824137688
0.0 0.03553534671664238
0.0 0.035541705787181854
0.0 0.03561349958181381
0.0 0.035706426948308945
0.0 0.035746071487665176
0.0 0.0357535183429718
0.0 0.03577385097742081
0.0 0.035799577832221985
0.0 0.03580387309193611
0.0 0.0358150340616703
0.0 0.03581558167934418
0.0 0.03582008555531502
0.0 0.035871539264917374
0.0 0.035896677523851395
0.0 0.03593931719660759
0.0 0.035946451127529144
0.0 0.03597256913781166
0.0 0.035979606211185455
0.0 0.03599078208208084
0.0 0.03599487245082855
0.0 0.036026731133461
0.0 0.03605938330292702
0.0 0.036105796694755554
0.0 0.036117780953645706
0.0 0.036130569875240326
0.0 0.036193039268255234
0.0 0.03620138391852379
0.0 0.03628883883357048
0.0 0.036295488476753235
0.0 0.036324240267276764
0.0 0.03636004403233528
0.0 0.03650514781475067
0.0 0.03655528277158737
0.0 0.036612410098314285
0.0 0.03662635758519173
0.0 0.03673601523041725
0.0 0.03674528747797012
0.0 0.03684224560856819
0.0 0.03686881437897682
0.0 0.03694334626197815
0.0 0.036951422691345215
0.0 0.03698773682117462
0.0 0.037056855857372284
0.0 0.03707239404320717
0.0 0.03716941922903061
0.0 0.03717446327209473
0.0 0.037197038531303406
0.0 0.03720339387655258
0.0 0.03722666949033737
0.0 0.037246838212013245
0.0 0.03727615624666214
0.0 0.03736371174454689
0.0 0.03736765310168266
0.0 0.03738793730735779
0.0 0.03742847964167595
0.0 0.03742853179574013
0.0 0.03743904083967209
0.0 0.037449367344379425
0.0 0.03753962740302086
0.0 0.037614159286022186
0.0 0.03775881975889206
0.0 0.03791612759232521
0.0 0.03802214562892914
0.0 0.03803262114524841
0.0 0.038049209862947464
0.0 0.03806408494710922
0.0 0.03812054172158241
0.0 0.038266345858573914
0.0 0.0382997952401638
0.0 0.038315847516059875
0.0 0.038349952548742294
0.0 0.0383513942360878
0.0 0.03839766979217529
0.0 0.03841623663902283
0.0 0.0384860597550869
0.0 0.03851194679737091
0.0 0.038539107888936996
0.0 0.03858073055744171
0.0 0.03870962932705879
0.0 0.038730353116989136
0.0 0.03887409344315529
0.0 0.03889712691307068
0.0 0.03889761120080948
0.0 0.038906775414943695
0.0 0.03894665464758873
0.0 0.03899220749735832
0.0 0.039072971791028976
0.0 0.039088331162929535
0.0 0.03915436938405037
0.0 0.039168983697891235
0.0 0.039212994277477264
0.0 0.03927789255976677
0.0 0.03945733606815338
0.0 0.03948767110705376
0.0 0.039568252861499786
0.0 0.03958667069673538
0.0 0.039615850895643234
0.0 0.03963558375835419
0.0 0.03964809700846672
0.0 0.03969870135188103
0.0 0.03971013054251671
0.0 0.03984718397259712
0.0 0.03986027091741562
0.0 0.039942264556884766
0.0 0.04003295302391052
0.0 0.04005205258727074
0.0 0.0400569774210453
0.0 0.04017108678817749
0.0 0.04019823670387268
0.0 0.040198326110839844
0.0 0.040239956229925156
0.0 0.040268562734127045
0.0 0.040337562561035156
0.0 0.04038107395172119
0.0 0.040407661348581314
0.0 0.04043284431099892
0.0 0.04048806428909302
0.0 0.04049479216337204
0.0 0.040512941777706146
0.0 0.04052332788705826
0.0 0.04060014709830284
0.0 0.040601711720228195
0.0 0.040629737079143524
0.0 0.040691226720809937
0.0 0.04071027785539627
0.0 0.0408879779279232
0.0 0.0409034788608551
0.0 0.04091127589344978
0.0 0.04105399176478386
0.0 0.041070908308029175
0.0 0.04117821529507637
0.0 0.04127204790711403
0.0 0.041435763239860535
0.0 0.04149296507239342
0.0 0.04153408482670784
0.0 0.04153591766953468
0.0 0.041563116014003754
0.0 0.041571807116270065
0.0 0.04161246120929718
0.0 0.04174412786960602
0.0 0.041769206523895264
0.0 0.04181814193725586
0.0 0.04183153435587883
0.0 0.04184097424149513
0.0 0.041873712092638016
0.0 0.04196247085928917
0.0 0.04199559986591339
0.0 0.04203290492296219
0.0 0.042042478919029236
0.0 0.04209833964705467
0.0 0.042121730744838715
0.0 0.04215738922357559
0.0 0.04217596724629402
0.0 0.04225205257534981
0.0 0.0422520786523819
0.0 0.04226560890674591
0.0 0.042266882956027985
0.0 0.04227698594331741
0.0 0.04228208586573601
0.0 0.04238743707537651
0.0 0.042514313012361526
0.0 0.042586490511894226
0.0 0.0425914041697979
0.0 0.04264691472053528
0.0 0.04271348565816879
0.0 0.042855698615312576
0.0 0.043188758194446564
0.0 0.043414533138275146
0.0 0.04343237355351448
0.0 0.04346609115600586
0.0 0.0435115322470665
0.0 0.04355376586318016
0.0 0.04357682541012764
0.0 0.04365887492895126
0.0 0.043746866285800934
0.0 0.04376262426376343
0.0 0.04378684610128403
0.0 0.04392199590802193
0.0 0.0439981147646904
0.0 0.04408090561628342
0.0 0.04419828951358795
0.0 0.044233132153749466
0.0 0.04461980238556862
0.0 0.044699255377054214
0.0 0.04477531090378761
0.0 0.04482187330722809
0.0 0.044867273420095444
0.0 0.04487200081348419
0.0 0.04492853581905365
0.0 0.04495266079902649
0.0 0.044954363256692886
0.0 0.04517686739563942
0.0 0.045315779745578766
0.0 0.04544362053275108
0.0 0.04556584358215332
0.0 0.045593541115522385
0.0 0.045606598258018494
0.0 0.04562085121870041
0.0 0.04592166095972061
0.0 0.045967649668455124
0.0 0.045970357954502106
0.0 0.04601152613759041
0.0 0.04605719819664955
0.0 0.04622804746031761
0.0 0.04632075875997543
0.0 0.046461861580610275
0.0 0.04653000459074974
0.0 0.04691291227936745
0.0 0.0470149852335453
0.0 0.04702843725681305
0.0 0.047087185084819794
0.0 0.04710148647427559
0.0 0.047217369079589844
0.0 0.04723331704735756
0.0 0.04732131212949753
0.0 0.04757652059197426
0.0 0.047629110515117645
0.0 0.04793623834848404
0.0 0.04800276830792427
0.0 0.0481293760240078
0.0 0.048249971121549606
0.0 0.04830334335565567
0.0 0.048544276505708694
0.0 0.048578690737485886
0.0 0.04880208149552345
0.0 0.04887634888291359
0.0 0.04908781498670578
0.0 0.0491800531744957
0.0 0.04965832456946373
0.0 0.049813494086265564
0.0 0.05061991885304451
0.0 0.05073252320289612
0.0 0.05074824020266533
0.0 0.050927117466926575
0.0 0.051022544503211975
0.0 0.05110158026218414
0.0 0.05149513855576515
0.0 0.05152885615825653
0.0 0.05194952338933945
0.0 0.05223173648118973
0.0 0.05231376364827156
0.0 0.05265936627984047
0.0 0.052862364798784256
0.0 0.05347434803843498
0.0 0.054113369435071945
0.0 0.05445356294512749
0.0 0.05469310283660889
0.0 0.05501206964254379
0.0 0.055196333676576614
0.0 0.05523267388343811
0.0 0.055458854883909225
0.0 0.05569618195295334
0.0 0.055868033319711685
0.0 0.056368131190538406
0.0 0.056484825909137726
0.0 0.05674031749367714
0.0 0.05728492513298988
0.0 0.05746329203248024
0.0 0.0576695092022419
0.0 0.05821872875094414
0.0 0.05987101048231125
0.0 0.060162466019392014
0.0 0.06060868129134178
0.0 0.06154464930295944
0.0 0.061583202332258224
0.0 0.06163378804922104
0.0 0.06163632869720459
0.0 0.06168127432465553
0.0 0.06171736866235733
0.0 0.06309276074171066
0.0 0.06347044557332993
0.0 0.06366974115371704
0.0 0.06407979130744934
0.0 0.06423639506101608
0.0 0.06590591371059418
0.0 0.06708994507789612
0.0 0.06839931011199951
0.0 0.06873597949743271
0.0 0.06953244656324387
0.0 0.07055472582578659
0.0 0.07106857001781464
0.0 0.07548797875642776
0.0 0.07604823261499405
0.0 0.07619738578796387
0.0 0.07825819402933121
0.0 0.0833808034658432
0.0 0.08911764621734619
0.0 0.08998114615678787
0.0 0.0923224464058876
0.0 0.0935152918100357
0.0 0.09698289632797241
0.0 0.10023365914821625
0.0 0.10760552436113358
0.0 0.15648946166038513
0.0 0.17454127967357635
0.0 inf
