0.0 0.03058246336877346
0.0 0.03355734422802925
0.0 0.03521706536412239
0.0 0.03611980378627777
0.0 0.03699095919728279
0.0 0.03753723204135895
0.0 0.037538815289735794
0.0 0.0383964441716671
0.0 0.03913559392094612
0.0 0.03916686773300171
0.0 0.040266070514917374
0.0 0.04097976163029671
0.0 0.041480693966150284
0.0 0.04261324927210808
0.0 0.04278457537293434
0.0 0.04352979362010956
0.0 0.043584637343883514
0.0 0.04362131282687187
0.0 0.04389823600649834
0.0 0.044068850576877594
0.0 0.04491744562983513
0.0 0.045666322112083435
0.0 0.04580496624112129
0.0 0.04608338326215744
0.0 0.046197012066841125
0.0 0.04620968550443649
0.0 0.04628969728946686
0.0 0.0463191382586956
0.0 0.04632962495088577
0.0 0.04654405266046524
0.0 0.04696326330304146
0.0 0.047029200941324234
0.0 0.04702939838171005
0.0 0.04738803580403328
0.0 0.047512684017419815
0.0 0.04755491390824318
0.0 0.04757515713572502
0.0 0.04770208150148392
0.0 0.04770210385322571
0.0 0.0477268360555172
0.0 0.047788240015506744
0.0 0.04785815626382828
0.0 0.04787814989686012
0.0 0.04793436452746391
0.0 0.04798642173409462
0.0 0.04801095277070999
0.0 0.04818340763449669
0.0 0.04823619872331619
0.0 0.04830190911889076
0.0 0.048322077840566635
0.0 0.048388272523880005
0.0 0.04842759668827057
0.0 0.04853790998458862
0.0 0.04865475744009018
0.0 0.04871553182601929
0.0 0.048797786235809326
0.0 0.04882756620645523
0.0 0.04883243516087532
0.0 0.048885297030210495
0.0 0.04890149459242821
0.0 0.048968356102705
0.0 0.048997633159160614
0.0 0.04902628809213638
0.0 0.049130622297525406
0.0 0.04913586005568504
0.0 0.049196112900972366
0.0 0.04928550124168396
0.0 0.04934247210621834
0.0 0.049368441104888916
0.0 0.049402326345443726
0.0 0.04943816736340523
0.0 0.04945626109838486
0.0 0.049475956708192825
0.0 0.04950539767742157
0.0 0.049506016075611115
0.0 0.04957009106874466
0.0 0.049683719873428345
0.0 0.04976525902748108
0.0 0.04981706291437149
0.0 0.0498373806476593
0.0 0.049880996346473694
0.0 0.049916770309209824
0.0 0.04992334172129631
0.0 0.04993072897195816
0.0 0.04995701089501381
0.0 0.050012826919555664
0.0 0.050144873559474945
0.0 0.050278473645448685
0.0 0.05041281133890152
0.0 0.05066419765353203
0.0 0.05074246600270271
0.0 0.05075567960739136
0.0 0.0508657731115818
0.0 0.05089341104030609
0.0 0.05090716481208801
0.0 0.05106474831700325
0.0 0.05107852816581726
0.0 0.05108727142214775
0.0 0.05111009627580643
0.0 0.0512443408370018
0.0 0.05124599114060402
0.0 0.051253147423267365
0.0 0.05148208886384964
0.0 0.05154990777373314
0.0 0.05164305120706558
0.0 0.05166644603013992
0.0 0.05179921165108681
0.0 0.051966551691293716
0.0 0.051995906978845596
0.0 0.05202930048108101
0.0 0.05204244703054428
0.0 0.052070263773202896
0.0 0.05208491161465645
0.0 0.052289824932813644
0.0 0.052329983562231064
0.0 0.052452024072408676
0.0 0.0524635948240757
0.0 0.05255243554711342
0.0 0.05286543816328049
0.0 0.052922796458005905
0.0 0.05293630063533783
0.0 0.05319957062602043
0.0 0.053202275186777115
0.0 0.05324149876832962
0.0 0.05331401154398918
0.0 0.053497862070798874
0.0 0.05363059788942337
0.0 0.05363702401518822
0.0 0.053656142204999924
0.0 0.05370919033885002
0.0 0.05390116199851036
0.0 0.05397763103246689
0.0 0.05398401618003845
0.0 0.053987495601177216
0.0 0.054123979061841965
0.0 0.05415916070342064
0.0 0.05417998880147934
0.0 0.05421188473701477
0.0 0.05426877364516258
0.0 0.05429019778966904
0.0 0.05430915206670761
0.0 0.05432170629501343
0.0 0.05437978729605675
0.0 0.05449012294411659
0.0 0.05483049154281616
0.0 0.054834067821502686
0.0 0.054862845689058304
0.0 0.054865531623363495
0.0 0.05500001832842827
0.0 0.05502481758594513
0.0 0.055182404816150665
0.0 0.05525143817067146
0.0 0.05527908727526665
0.0 0.05529442057013512
0.0 0.055302295833826065
0.0 0.055342819541692734
0.0 0.05535195395350456
0.0 0.05535289645195007
0.0 0.05557838827371597
0.0 0.05558019131422043
0.0 0.055612530559301376
0.0 0.05575207620859146
0.0 0.05576736479997635
0.0 0.0558331124484539
0.0 0.0559205524623394
0.0 0.05592653155326843
0.0 0.05601077154278755
0.0 0.05603394657373428
0.0 0.05612301453948021
0.0 0.05616764351725578
0.0 0.056343499571084976
0.0 0.05635334923863411
0.0 0.056396570056676865
0.0 0.056548815220594406
0.0 0.0565759651362896
0.0 0.05672547221183777
0.0 0.05676794424653053
0.0 0.05678560957312584
0.0 0.056982968002557755
0.0 0.05706062167882919
0.0 0.057107314467430115
0.0 0.05717533081769943
0.0 0.057255446910858154
0.0 0.057272009551525116
0.0 0.057294126600027084
0.0 0.057355791330337524
0.0 0.0575404167175293
0.0 0.057643063366413116
0.0 0.05779087543487549
0.0 0.057845354080200195
0.0 0.05798633024096489
0.0 0.058077313005924225
0.0 0.058102115988731384
0.0 0.058160074055194855
0.0 0.05816617235541344
0.0 0.05818118527531624
0.0 0.058265235275030136
0.0 0.05829254537820816
0.0 0.058368146419525146
0.0 0.05839309096336365
0.0 0.05839339643716812
0.0 0.05860856920480728
0.0 0.05864870548248291
0.0 0.0587032213807106
0.0 0.05873918905854225
0.0 0.058756593614816666
0.0 0.05883115530014038
0.0 0.05900463089346886
0.0 0.059104401618242264
0.0 0.0591549426317215
0.0 0.05919140204787254
0.0 0.059229884296655655
0.0 0.05923011526465416
0.0 0.05926177278161049
0.0 0.05929582938551903
0.0 0.059299346059560776
0.0 0.05942735821008682
0.0 0.05952272564172745
0.0 0.05955621227622032
0.0 0.05960206687450409
0.0 0.0596449114382267
0.0 0.0597924143075943
0.0 0.059822048991918564
0.0 0.0598568394780159
0.0 0.05987246334552765
0.0 0.05992355942726135
0.0 0.060031287372112274
0.0 0.06006045639514923
0.0 0.06006352975964546
0.0 0.06015067175030708
0.0 0.06018815562129021
0.0 0.06021955609321594
0.0 0.06023077294230461
0.0 0.06026562675833702
0.0 0.06026799604296684
0.0 0.06028052046895027
0.0 0.06034351512789726
0.0 0.060374416410923004
0.0 0.060633428394794464
0.0 0.060694850981235504
0.0 0.06072480231523514
0.0 0.06078309938311577
0.0 0.06080839782953262
0.0 0.06084064394235611
0.0 0.06093517690896988
0.0 0.06099418178200722
0.0 0.06114358827471733
0.0 0.06133900582790375
0.0 0.06161785498261452
0.0 0.06182476133108139
0.0 0.06183513253927231
0.0 0.06186965852975845
0.0 0.06202148273587227
0.0 0.06209098920226097
0.0 0.06211720034480095
0.0 0.062178660184144974
0.0 0.062483105808496475
0.0 0.06280249357223511
0.0 0.06281436234712601
0.0 0.06283678114414215
0.0 0.06292851269245148
0.0 0.06297827512025833
0.0 0.06311274319887161
0.0 0.06315625458955765
0.0 0.06320345401763916
0.0 0.06331975758075714
0.0 0.06346087902784348
0.0 0.06346514821052551
0.0 0.06347201764583588
0.0 0.06351717561483383
0.0 0.06352594494819641
0.0 0.06360094994306564
0.0 0.0636070966720581
0.0 0.06362015753984451
0.0 0.06372607499361038
0.0 0.0637848749756813
0.0 0.06409791111946106
0.0 0.06428960710763931
0.0 0.06434185802936554
0.0 0.06434327363967896
0.0 0.06439325958490372
0.0 0.06448745727539062
0.0 0.06456762552261353
0.0 0.06463935971260071
0.0 0.06473451852798462
0.0 0.06485839188098907
0.0 0.06496120989322662
0.0 0.06498745828866959
0.0 0.06500420719385147
0.0 0.06506457179784775
0.0 0.06508738547563553
0.0 0.0650886744260788
0.0 0.0651368573307991
0.0 0.06513868272304535
0.0 0.0652322918176651
0.0 0.06527462601661682
0.0 0.06532348692417145
0.0 0.06543992459774017
0.0 0.06574025750160217
0.0 0.06577521562576294
0.0 0.06586777418851852
0.0 0.06600144505500793
0.0 0.066343292593956
0.0 0.06645727157592773
0.0 0.06658729165792465
0.0 0.066612109541893
0.0 0.06662275642156601
0.0 0.06664051860570908
0.0 0.06677770614624023
0.0 0.06682561337947845
0.0 0.06682795286178589
0.0 0.06683408468961716
0.0 0.06687449663877487
0.0 0.06693404912948608
0.0 0.06697233766317368
0.0 0.06703875213861465
0.0 0.06709025800228119
0.0 0.06709902733564377
0.0 0.06731455773115158
0.0 0.0673639327287674
0.0 0.0674441009759903
0.0 0.06747261434793472
0.0 0.06750274449586868
0.0 0.06751863658428192
0.0 0.06785447895526886
0.0 0.06796400249004364
0.0 0.06798480451107025
0.0 0.06804149597883224
0.0 0.0680508092045784
0.0 0.06811843067407608
0.0 0.06826301664113998
0.0 0.0682729184627533
0.0 0.06829901039600372
0.0 0.06832271814346313
0.0 0.0684601292014122
0.0 0.0685206800699234
0.0 0.06853986531496048
0.0 0.06858114153146744
0.0 0.06865645200014114
0.0 0.06876309961080551
0.0 0.06895466148853302
0.0 0.06928571313619614
0.0 0.06929574906826019
0.0 0.06929710507392883
0.0 0.0695166066288948
0.0 0.0695863664150238
0.0 0.06968323886394501
0.0 0.06974225491285324
0.0 0.0697978213429451
0.0 0.0698193609714508
0.0 0.070164754986763
0.0 0.07018014788627625
0.0 0.07020169496536255
0.0 0.07024191319942474
0.0 0.0703100860118866
0.0 0.07039732486009598
0.0 0.07040063291788101
0.0 0.07046964019536972
0.0 0.07052113860845566
0.0 0.0706004649400711
0.0 0.07065334916114807
0.0 0.07077924907207489
0.0 0.07078452408313751
0.0 0.07104133069515228
0.0 0.0711917132139206
0.0 0.07123406231403351
0.0 0.07126622647047043
0.0 0.07134032249450684
0.0 0.07139403373003006
0.0 0.07160117477178574
0.0 0.07168955355882645
0.0 0.0717216432094574
0.0 0.07182072103023529
0.0 0.07183987647294998
0.0 0.0721006765961647
0.0 0.07232291251420975
0.0 0.07240540534257889
0.0 0.07243061810731888
0.0 0.07243072986602783
0.0 0.07253855466842651
0.0 0.07275354117155075
0.0 0.0728292241692543
0.0 0.07283790409564972
0.0 0.07287245243787766
0.0 0.07308588176965714
0.0 0.07318269461393356
0.0 0.07321177423000336
0.0 0.07346174865961075
0.0 0.07354922592639923
0.0 0.07359028607606888
0.0 0.07381812483072281
0.0 0.07406321167945862
0.0 0.07407376915216446
0.0 0.07412611693143845
0.0 0.07451409846544266
0.0 0.07451803982257843
0.0 0.07453858107328415
0.0 0.07457846403121948
0.0 0.07459209114313126
0.0 0.07465041428804398
0.0 0.07470370084047318
0.0 0.07474534958600998
0.0 0.0748182162642479
0.0 0.07490981370210648
0.0 0.07521329820156097
0.0 0.07534216344356537
0.0 0.07537221163511276
0.0 0.07539964467287064
0.0 0.07546962052583694
0.0 0.07560016214847565
0.0 0.07563845813274384
0.0 0.075650155544281
0.0 0.07570039480924606
0.0 0.07602676004171371
0.0 0.0761304497718811
0.0 0.0763290673494339
0.0 0.07647477835416794
0.0 0.07648110389709473
0.0 0.07657555490732193
0.0 0.07703156024217606
0.0 0.07710373401641846
0.0 0.07725005596876144
0.0 0.07749388366937637
0.0 0.07798003405332565
0.0 0.07804430276155472
0.0 0.07820534706115723
0.0 0.07820932567119598
0.0 0.07823479175567627
0.0 0.07833040505647659
0.0 0.07837563753128052
0.0 0.07851507514715195
0.0 0.07875023037195206
0.0 0.07888280600309372
0.0 0.0790267065167427
0.0 0.07907267659902573
0.0 0.07930085062980652
0.0 0.07943147420883179
0.0 0.0794571116566658
0.0 0.07958262413740158
0.0 0.07967817783355713
0.0 0.08004742860794067
0.0 0.0802316814661026
0.0 0.08033721148967743
0.0 0.08039218187332153
0.0 0.0804583728313446
0.0 0.08062683045864105
0.0 0.0806337222456932
0.0 0.0806630402803421
0.0 0.080773264169693
0.0 0.08086059242486954
0.0 0.08102450519800186
0.0 0.0812109187245369
0.0 0.08130194991827011
0.0 0.08151932060718536
0.0 0.08174706250429153
0.0 0.08239250630140305
0.0 0.08245871216058731
0.0 0.0824715793132782
0.0 0.08259756863117218
0.0 0.08293655514717102
0.0 0.08317045122385025
0.0 0.08332695066928864
0.0 0.08354079723358154
0.0 0.08374283462762833
0.0 0.08382711559534073
0.0 0.08389002829790115
0.0 0.0846472829580307
0.0 0.08545483648777008
0.0 0.08546264469623566
0.0 0.08582987636327744
0.0 0.08593779057264328
0.0 0.08600149303674698
0.0 0.08691847324371338
0.0 0.0870218575000763
0.0 0.08723538368940353
0.0 0.08738914132118225
0.0 0.08778207749128342
0.0 0.08783279359340668
0.0 0.08789453655481339
0.0 0.08799327909946442
0.0 0.088038869202137
0.0 0.08834268152713776
0.0 0.08865151554346085
0.0 0.08872109651565552
0.0 0.08951059728860855
0.0 0.089911550283432
0.0 0.09003175050020218
0.0 0.09095527976751328
0.0 0.0909566581249237
0.0 0.09111926704645157
0.0 0.09117718040943146
0.0 0.0915282741189003
0.0 0.09175873547792435
0.0 0.09209645539522171
0.0 0.09361615031957626
0.0 0.09367475658655167
0.0 0.09419119358062744
0.0 0.09422905743122101
0.0 0.09452272951602936
0.0 0.09505514800548553
0.0 0.09547959268093109
0.0 0.09575582295656204
0.0 0.09625574946403503
0.0 0.09672296047210693
0.0 0.09911207854747772
0.0 0.10015949606895447
0.0 0.10123539716005325
0.0 0.10145726054906845
0.0 0.10209895670413971
0.0 0.1026468276977539
0.0 0.10560587048530579
0.0 inf
