0.0 0.04783369228243828
0.0 0.050299521535634995
0.0 0.05271190032362938
0.0 0.05340443551540375
0.0 0.05358528345823288
0.0 0.05571969226002693
0.0 0.05596255883574486
0.0 0.056248344480991364
0.0 0.05653105676174164
0.0 0.0571708045899868
0.0 0.05790453031659126
0.0 0.05850846692919731
0.0 0.058938901871442795
0.0 0.059034205973148346
0.0 0.05987907573580742
0.0 0.060586974024772644
0.0 0.06077049672603607
0.0 0.06220272555947304
0.0 0.0623517781496048
0.0 0.06266063451766968
0.0 0.06273409724235535
0.0 0.06313426047563553
0.0 0.06362485885620117
0.0 0.06381981074810028
0.0 0.06404520571231842
0.0 0.06450850516557693
0.0 0.06493231654167175
0.0 0.06509947031736374
0.0 0.065158411860466
0.0 0.06574264168739319
0.0 0.06642525643110275
0.0 0.06691227108240128
0.0 0.06702177226543427
0.0 0.06718643754720688
0.0 0.06723811477422714
0.0 0.06725432723760605
0.0 0.06756404042243958
0.0 0.06790132075548172
0.0 0.06800071895122528
0.0 0.06816891580820084
0.0 0.06820862740278244
0.0 0.06838071346282959
0.0 0.06847646832466125
0.0 0.06868059188127518
0.0 0.06868183612823486
0.0 0.06879878789186478
0.0 0.06883284449577332
0.0 0.068910613656044
0.0 0.06892473250627518
0.0 0.06920739263296127
0.0 0.06923798471689224
0.0 0.06931021809577942
0.0 0.06931637227535248
0.0 0.06938730180263519
0.0 0.06988012045621872
0.0 0.06993287056684494
0.0 0.06998822838068008
0.0 0.07004382461309433
0.0 0.0700632631778717
0.0 0.07008721679449081
0.0 0.07014715671539307
0.0 0.07030485570430756
0.0 0.07037724554538727
0.0 0.07040828466415405
0.0 0.07083792239427567
0.0 0.07120639830827713
0.0 0.07123468071222305
0.0 0.0713525041937828
0.0 0.07160767167806625
0.0 0.07169375568628311
0.0 0.07175938785076141
0.0 0.07178246974945068
0.0 0.07181978970766068
0.0 0.07188542187213898
0.0 0.07216030359268188
0.0 0.07216067612171173
0.0 0.07218997180461884
0.0 0.07236114889383316
0.0 0.0724833756685257
0.0 0.07249443978071213
0.0 0.07272674143314362
0.0 0.07279248535633087
0.0 0.07301416993141174
0.0 0.07304222136735916
0.0 0.07329587638378143
0.0 0.07333332300186157
0.0 0.07334133237600327
0.0 0.07341669499874115
0.0 0.07342205941677094
0.0 0.0734541192650795
0.0 0.07354926317930222
0.0 0.0737241879105568
0.0 0.07373727113008499
0.0 0.07378881424665451
0.0 0.07379234582185745
0.0 0.07423576712608337
0.0 0.07425635308027267
0.0 0.0743626058101654
0.0 0.07454060018062592
0.0 0.07465958595275879
0.0 0.07466364651918411
0.0 0.07469190657138824
0.0 0.07486074417829514
0.0 0.07491514831781387
0.0 0.07515006512403488
0.0 0.07520529627799988
0.0 0.07521669566631317
0.0 0.0753844827413559
0.0 0.07566706836223602
0.0 0.07576928287744522
0.0 0.07578833401203156
0.0 0.07580075412988663
0.0 0.07581254839897156
0.0 0.0759567841887474
0.0 0.07598879933357239
0.0 0.07607854902744293
0.0 0.07610218226909637
0.0 0.07611145824193954
0.0 0.0761779323220253
0.0 0.07643941789865494
0.0 0.07648424059152603
0.0 0.07653304189443588
0.0 0.0765618160367012
0.0 0.07670152932405472
0.0 0.07688461989164352
0.0 0.07695494592189789
0.0 0.0771791934967041
0.0 0.0772365927696228
0.0 0.07725583016872406
0.0 0.07740195095539093
0.0 0.07747963815927505
0.0 0.0776757076382637
0.0 0.0778740793466568
0.0 0.07805684208869934
0.0 0.07830743491649628
0.0 0.07847756892442703
0.0 0.0784793272614479
0.0 0.07870980352163315
0.0 0.0787561759352684
0.0 0.07882974296808243
0.0 0.07885503023862839
0.0 0.07887975126504898
0.0 0.07907018810510635
0.0 0.07909267395734787
0.0 0.07912474125623703
0.0 0.07912559062242508
0.0 0.07915111631155014
0.0 0.07915336638689041
0.0 0.0792224332690239
0.0 0.07944898307323456
0.0 0.07946299761533737
0.0 0.0795164704322815
0.0 0.07965544611215591
0.0 0.07967238128185272
0.0 0.07974028587341309
0.0 0.07993247359991074
0.0 0.07996922731399536
0.0 0.0800388753414154
0.0 0.08011078834533691
0.0 0.08014848083257675
0.0 0.08046023547649384
0.0 0.08064236491918564
0.0 0.08103635907173157
0.0 0.0811559185385704
0.0 0.08133780211210251
0.0 0.08146757632493973
0.0 0.08161339163780212
0.0 0.08187388628721237
0.0 0.0818968415260315
0.0 0.0820022001862526
0.0 0.08222424983978271
0.0 0.08227988332509995
0.0 0.08231107890605927
0.0 0.08242908865213394
0.0 0.08266196399927139
0.0 0.08274517208337784
0.0 0.08279170840978622
0.0 0.08282068371772766
0.0 0.08314641565084457
0.0 0.08321527391672134
0.0 0.08330921083688736
0.0 0.08338082581758499
0.0 0.08346594870090485
0.0 0.08349011093378067
0.0 0.08352934569120407
0.0 0.08365783840417862
0.0 0.08366432040929794
0.0 0.08372437953948975
0.0 0.08381779491901398
0.0 0.08384091407060623
0.0 0.0838814452290535
0.0 0.08389346301555634
0.0 0.08389868587255478
0.0 0.08402439951896667
0.0 0.08404944837093353
0.0 0.08407963812351227
0.0 0.08410967886447906
0.0 0.08415060490369797
0.0 0.08423374593257904
0.0 0.08426190912723541
0.0 0.08428456634283066
0.0 0.08428746461868286
0.0 0.08437953889369965
0.0 0.0844457671046257
0.0 0.08447175472974777
0.0 0.08469559997320175
0.0 0.08472460508346558
0.0 0.08474588394165039
0.0 0.08494311571121216
0.0 0.08497000485658646
0.0 0.08501279354095459
0.0 0.08528736233711243
0.0 0.08538583666086197
0.0 0.08548836410045624
0.0 0.08550964295864105
0.0 0.08556903898715973
0.0 0.08566130697727203
0.0 0.08594242483377457
0.0 0.08600405603647232
0.0 0.0860341340303421
0.0 0.08653515577316284
0.0 0.08668869733810425
0.0 0.08680597692728043
0.0 0.0869264006614685
0.0 0.08695937693119049
0.0 0.08713307976722717
0.0 0.08722514659166336
0.0 0.08725681155920029
0.0 0.08740216493606567
0.0 0.08740446716547012
0.0 0.08758962899446487
0.0 0.08769574761390686
0.0 0.08801005035638809
0.0 0.08808999508619308
0.0 0.08811159431934357
0.0 0.08822809904813766
0.0 0.08841811865568161
0.0 0.08853130787611008
0.0 0.08864302933216095
0.0 0.08882493525743484
0.0 0.08890553563833237
0.0 0.08890789747238159
0.0 0.08904081583023071
0.0 0.08907347172498703
0.0 0.08929449319839478
0.0 0.08936784416437149
0.0 0.08944699168205261
0.0 0.08951396495103836
0.0 0.08968883752822876
0.0 0.08969856798648834
0.0 0.08970172703266144
0.0 0.08981887996196747
0.0 0.08983445167541504
0.0 0.08991288393735886
0.0 0.09002673625946045
0.0 0.09007366746664047
0.0 0.09025178104639053
0.0 0.09042652696371078
0.0 0.09051527827978134
0.0 0.0910930186510086
0.0 0.09130708128213882
0.0 0.0913265272974968
0.0 0.09162362664937973
0.0 0.09177440404891968
0.0 0.09200412780046463
0.0 0.0921151265501976
0.0 0.0921606495976448
0.0 0.09244409948587418
0.0 0.0925464853644371
0.0 0.09257322549819946
0.0 0.09261199831962585
0.0 0.09269601851701736
0.0 0.09271879494190216
0.0 0.09278317540884018
0.0 0.09289680421352386
0.0 0.09294212609529495
0.0 0.0931926816701889
0.0 0.09344399720430374
0.0 0.09348727762699127
0.0 0.09349927306175232
0.0 0.093604177236557
0.0 0.09361346065998077
0.0 0.093616783618927
0.0 0.09366678446531296
0.0 0.09383442997932434
0.0 0.093867227435112
0.0 0.09387984871864319
0.0 0.09391330182552338
0.0 0.0939214825630188
0.0 0.09396059066057205
0.0 0.0939839631319046
0.0 0.09398962557315826
0.0 0.0942487046122551
0.0 0.09428443759679794
0.0 0.09466148912906647
0.0 0.09481928497552872
0.0 0.0948900654911995
0.0 0.09499917179346085
0.0 0.09501715004444122
0.0 0.09501992911100388
0.0 0.09517041593790054
0.0 0.09543910622596741
0.0 0.09543948620557785
0.0 0.09557103365659714
0.0 0.0956796333193779
0.0 0.09574486315250397
0.0 0.09582456201314926
0.0 0.09601857513189316
0.0 0.09605278819799423
0.0 0.09667415916919708
0.0 0.09687798470258713
0.0 0.09700031578540802
0.0 0.0970277339220047
0.0 0.0970521867275238
0.0 0.09705822169780731
0.0 0.09705841541290283
0.0 0.09710877388715744
0.0 0.0971914678812027
0.0 0.09751051664352417
0.0 0.0976121798157692
0.0 0.09762610495090485
0.0 0.09767848253250122
0.0 0.09768562763929367
0.0 0.09779641777276993
0.0 0.09806347638368607
0.0 0.09816572070121765
0.0 0.09831001609563828
0.0 0.09838045388460159
0.0 0.09850326180458069
0.0 0.09870704263448715
0.0 0.09894546866416931
0.0 0.0990152433514595
0.0 0.09906600415706635
0.0 0.09957916289567947
0.0 0.09964627027511597
0.0 0.09981588274240494
0.0 0.09986066073179245
0.0 0.09995315968990326
0.0 0.09997399896383286
0.0 0.10025577247142792
0.0 0.10029949992895126
0.0 0.10037846118211746
0.0 0.10046836733818054
0.0 0.10047019273042679
0.0 0.1006353497505188
0.0 0.10064586997032166
0.0 0.10083577036857605
0.0 0.10086991637945175
0.0 0.100916288793087
0.0 0.10095494240522385
0.0 0.1010032519698143
0.0 0.10117888450622559
0.0 0.10129651427268982
0.0 0.10132986307144165
0.0 0.10136599093675613
0.0 0.10149915516376495
0.0 0.1015758141875267
0.0 0.1016625240445137
0.0 0.10185378789901733
0.0 0.10194466263055801
0.0 0.10200817883014679
0.0 0.10213706642389297
0.0 0.10230570286512375
0.0 0.10231354832649231
0.0 0.10239287465810776
0.0 0.10247031599283218
0.0 0.1025145873427391
0.0 0.10293661803007126
0.0 0.10320784896612167
0.0 0.1032373234629631
0.0 0.10354946553707123
0.0 0.10359344631433487
0.0 0.10388770699501038
0.0 0.10423678159713745
0.0 0.10471757501363754
0.0 0.10498253256082535
0.0 0.10498915612697601
0.0 0.10502685606479645
0.0 0.10510502755641937
0.0 0.10526175051927567
0.0 0.10530120134353638
0.0 0.1053168848156929
0.0 0.10547421872615814
0.0 0.10560000687837601
0.0 0.10574853420257568
0.0 0.10590144991874695
0.0 0.10597784072160721
0.0 0.106009341776371
0.0 0.10614872723817825
0.0 0.10642054677009583
0.0 0.106511190533638
0.0 0.10679536312818527
0.0 0.10680335015058517
0.0 0.10733965784311295
0.0 0.10742301493883133
0.0 0.10745874047279358
0.0 0.10751281678676605
0.0 0.10777096450328827
0.0 0.10803203284740448
0.0 0.10816030949354172
0.0 0.10820435732603073
0.0 0.10840583592653275
0.0 0.10843531787395477
0.0 0.1084669679403305
0.0 0.10866551101207733
0.0 0.10903238505125046
0.0 0.10931054502725601
0.0 0.10957863181829453
0.0 0.10966631770133972
0.0 0.10967681556940079
0.0 0.10980694741010666
0.0 0.10984347015619278
0.0 0.10995468497276306
0.0 0.11006318777799606
0.0 0.1101808249950409
0.0 0.11026252806186676
0.0 0.11055192351341248
0.0 0.11080608516931534
0.0 0.11096900701522827
0.0 0.11102091521024704
0.0 0.11127745360136032
0.0 0.11190254986286163
0.0 0.11212087422609329
0.0 0.11225466430187225
0.0 0.1125166118144989
0.0 0.112801693379879
0.0 0.11286836117506027
0.0 0.11338742822408676
0.0 0.1134459599852562
0.0 0.11434553563594818
0.0 0.11448494344949722
0.0 0.11452718824148178
0.0 0.11455941945314407
0.0 0.11469284445047379
0.0 0.11489905416965485
0.0 0.11499933153390884
0.0 0.11510308086872101
0.0 0.11515679955482483
0.0 0.1151941791176796
0.0 0.11519565433263779
0.0 0.11554869264364243
0.0 0.11556579172611237
0.0 0.11593199521303177
0.0 0.11603887379169464
0.0 0.11610820144414902
0.0 0.11643315106630325
0.0 0.11690405756235123
0.0 0.1170295774936676
0.0 0.11714952439069748
0.0 0.1174408495426178
0.0 0.1177017018198967
0.0 0.11828205734491348
0.0 0.11921869963407516
0.0 0.11933016031980515
0.0 0.11943208426237106
0.0 0.11991581320762634
0.0 0.12071317434310913
0.0 0.12074821442365646
0.0 0.12080913037061691
0.0 0.12087974697351456
0.0 0.1217227503657341
0.0 0.12186025828123093
0.0 0.12195298820734024
0.0 0.1222342923283577
0.0 0.12261905521154404
0.0 0.12345924228429794
0.0 0.12462635338306427
0.0 0.12485181540250778
0.0 0.12499037384986877
0.0 0.12509264051914215
0.0 0.1254921406507492
0.0 0.1255376636981964
0.0 0.12576457858085632
0.0 0.126401886343956
0.0 0.12652377784252167
0.0 0.12665706872940063
0.0 0.12675049901008606
0.0 0.1269812136888504
0.0 0.1271754801273346
0.0 0.1274065524339676
0.0 0.12744639813899994
0.0 0.12823991477489471
0.0 0.12860515713691711
0.0 0.12867902219295502
0.0 0.12945953011512756
0.0 0.12953871488571167
0.0 0.13033628463745117
0.0 0.13064247369766235
0.0 0.13102686405181885
0.0 0.13154952228069305
0.0 0.13219106197357178
0.0 0.1328367292881012
0.0 0.13449718058109283
0.0 0.1349773108959198
0.0 0.13512645661830902
0.0 0.13522197306156158
0.0 0.13576477766036987
0.0 0.13578049838542938
0.0 0.1357814073562622
0.0 0.13647149503231049
0.0 0.13689325749874115
0.0 0.13828150928020477
0.0 0.13932549953460693
0.0 0.13944120705127716
0.0 0.14136043190956116
0.0 0.14187540113925934
0.0 0.14442305266857147
0.0 0.1619817614555359
0.0 0.1801733523607254
0.0 0.18829944729804993
0.0 0.19010628759860992
0.0 inf
