0.0 0.037467293441295624
0.0 0.0395640954375267
0.0 0.040742430835962296
0.0 0.041689421981573105
0.0 0.04180377349257469
0.0 0.041807182133197784
0.0 0.04249071329832077
0.0 0.04363072291016579
0.0 0.04363949969410896
0.0 0.04392748698592186
0.0 0.04444093257188797
0.0 0.044503141194581985
0.0 0.04485653340816498
0.0 0.045296456664800644
0.0 0.04535772651433945
0.0 0.04571646451950073
0.0 0.04572680592536926
0.0 0.04592451453208923
0.0 0.04595600441098213
0.0 0.046586692333221436
0.0 0.04676883667707443
0.0 0.046983323991298676
0.0 0.047047775238752365
0.0 0.047181885689496994
0.0 0.04722711816430092
0.0 0.047457706183195114
0.0 0.04749925807118416
0.0 0.047566186636686325
0.0 0.04763306304812431
0.0 0.047720130532979965
0.0 0.04778844118118286
0.0 0.04784664884209633
0.0 0.047862667590379715
0.0 0.04789430648088455
0.0 0.04801164194941521
0.0 0.04801247641444206
0.0 0.04818578436970711
0.0 0.048191506415605545
0.0 0.04819174483418465
0.0 0.048194173723459244
0.0 0.048269376158714294
0.0 0.04829999431967735
0.0 0.04831109195947647
0.0 0.04835767298936844
0.0 0.048534199595451355
0.0 0.04854799062013626
0.0 0.04859469458460808
0.0 0.04865236207842827
0.0 0.048682257533073425
0.0 0.04872184246778488
0.0 0.04872589185833931
0.0 0.048789992928504944
0.0 0.04880159720778465
0.0 0.048805173486471176
0.0 0.048869192600250244
0.0 0.04892762377858162
0.0 0.04900892823934555
0.0 0.049173761159181595
0.0 0.049301400780677795
0.0 0.049366582185029984
0.0 0.049382712692022324
0.0 0.04942670464515686
0.0 0.049526434391736984
0.0 0.04973480850458145
0.0 0.04975009709596634
0.0 0.04976401478052139
0.0 0.04980698600411415
0.0 0.049845896661281586
0.0 0.049969229847192764
0.0 0.05000801011919975
0.0 0.050011537969112396
0.0 0.05001912638545036
0.0 0.050074074417352676
0.0 0.05007604509592056
0.0 0.05012034997344017
0.0 0.0501457154750824
0.0 0.05022953450679779
0.0 0.050351157784461975
0.0 0.05042211711406708
0.0 0.05048167705535889
0.0 0.050491638481616974
0.0 0.05049930140376091
0.0 0.050554390996694565
0.0 0.05067222937941551
0.0 0.050687406212091446
0.0 0.0507734939455986
0.0 0.05084426328539848
0.0 0.050846442580223083
0.0 0.05085183307528496
0.0 0.05089890956878662
0.0 0.05094345659017563
0.0 0.05119745433330536
0.0 0.05123018100857735
0.0 0.0512421652674675
0.0 0.05130476877093315
0.0 0.05131608992815018
0.0 0.0513276532292366
0.0 0.05141457915306091
0.0 0.05144760385155678
0.0 0.05146375298500061
0.0 0.05163433030247688
0.0 0.05177249014377594
0.0 0.05188087001442909
0.0 0.05188317969441414
0.0 0.05191395431756973
0.0 0.05212724208831787
0.0 0.052170947194099426
0.0 0.05221758410334587
0.0 0.05225905776023865
0.0 0.052512865513563156
0.0 0.05266778543591499
0.0 0.05267838016152382
0.0 0.052726369351148605
0.0 0.052744828164577484
0.0 0.05289670079946518
0.0 0.052913278341293335
0.0 0.05292312428355217
0.0 0.052992336452007294
0.0 0.053026579320430756
0.0 0.05322873964905739
0.0 0.053324293345212936
0.0 0.05335409194231033
0.0 0.053477171808481216
0.0 0.05367438122630119
0.0 0.053724754601716995
0.0 0.0537322573363781
0.0 0.05389932170510292
0.0 0.05392856150865555
0.0 0.053998254239559174
0.0 0.05422751605510712
0.0 0.054281074553728104
0.0 0.05429195240139961
0.0 0.054350752383470535
0.0 0.054400667548179626
0.0 0.05445574223995209
0.0 0.054570723325014114
0.0 0.05465901643037796
0.0 0.054768748581409454
0.0 0.054778676480054855
0.0 0.05480267107486725
0.0 0.05481778457760811
0.0 0.054843053221702576
0.0 0.05488016828894615
0.0 0.054925646632909775
0.0 0.05494789034128189
0.0 0.054965365678071976
0.0 0.05497494339942932
0.0 0.055011048913002014
0.0 0.05503789335489273
0.0 0.0550793819129467
0.0 0.05512306094169617
0.0 0.055125392973423004
0.0 0.05518531799316406
0.0 0.055214811116456985
0.0 0.05527348816394806
0.0 0.055276401340961456
0.0 0.05533603951334953
0.0 0.05536270886659622
0.0 0.05541187897324562
0.0 0.05541294068098068
0.0 0.05546246096491814
0.0 0.055463097989559174
0.0 0.05556187033653259
0.0 0.05558035522699356
0.0 0.05558841675519943
0.0 0.055592529475688934
0.0 0.05562372878193855
0.0 0.05565159022808075
0.0 0.05565766990184784
0.0 0.05569865554571152
0.0 0.05570409074425697
0.0 0.05570743605494499
0.0 0.055764634162187576
0.0 0.0557805560529232
0.0 0.05582721531391144
0.0 0.055883366614580154
0.0 0.05592581629753113
0.0 0.05597439408302307
0.0 0.05598769709467888
0.0 0.05610506609082222
0.0 0.05613204836845398
0.0 0.056142594665288925
0.0 0.0561918206512928
0.0 0.05623602867126465
0.0 0.05634136497974396
0.0 0.05650997534394264
0.0 0.0566074512898922
0.0 0.056798458099365234
0.0 0.056805409491062164
0.0 0.05688418820500374
0.0 0.05694533884525299
0.0 0.05704802647233009
0.0 0.057167425751686096
0.0 0.05725234001874924
0.0 0.05738013982772827
0.0 0.05740347132086754
0.0 0.05745876580476761
0.0 0.057462431490421295
0.0 0.057477615773677826
0.0 0.05757017061114311
0.0 0.057657331228256226
0.0 0.0576983317732811
0.0 0.05781904608011246
0.0 0.057874519377946854
0.0 0.05795430392026901
0.0 0.05795758590102196
0.0 0.057968877255916595
0.0 0.05807644873857498
0.0 0.0580938458442688
0.0 0.05825428292155266
0.0 0.05826836824417114
0.0 0.05829927697777748
0.0 0.05833661928772926
0.0 0.0583500899374485
0.0 0.05837913975119591
0.0 0.0585133396089077
0.0 0.05861904099583626
0.0 0.05864596366882324
0.0 0.05872151255607605
0.0 0.058737050741910934
0.0 0.058756958693265915
0.0 0.058906689286231995
0.0 0.05895606055855751
0.0 0.059027183800935745
0.0 0.059064846485853195
0.0 0.05909203365445137
0.0 0.05915282294154167
0.0 0.05922737717628479
0.0 0.05923427268862724
0.0 0.05933637544512749
0.0 0.05941425636410713
0.0 0.0594235360622406
0.0 0.05946096405386925
0.0 0.05952118709683418
0.0 0.05960814282298088
0.0 0.059809595346450806
0.0 0.059839993715286255
0.0 0.059914812445640564
0.0 0.059958357363939285
0.0 0.060051821172237396
0.0 0.06007763743400574
0.0 0.06007866561412811
0.0 0.06019324064254761
0.0 0.0602031908929348
0.0 0.06021824851632118
0.0 0.06023552641272545
0.0 0.060284506529569626
0.0 0.060315120965242386
0.0 0.06035323441028595
0.0 0.060434866696596146
0.0 0.060462724417448044
0.0 0.06046444550156593
0.0 0.0604817233979702
0.0 0.06070553511381149
0.0 0.0607503280043602
0.0 0.0607612170279026
0.0 0.06087907776236534
0.0 0.0612708181142807
0.0 0.06127336993813515
0.0 0.06127433478832245
0.0 0.061277128756046295
0.0 0.06131281331181526
0.0 0.06134720519185066
0.0 0.06143345311284065
0.0 0.0614359974861145
0.0 0.06145887076854706
0.0 0.06154238060116768
0.0 0.06159991770982742
0.0 0.061695944517850876
0.0 0.06182871386408806
0.0 0.061885036528110504
0.0 0.061907052993774414
0.0 0.06193513050675392
0.0 0.0619371272623539
0.0 0.06200658902525902
0.0 0.06202410161495209
0.0 0.062043484300374985
0.0 0.06216653808951378
0.0 0.06223203241825104
0.0 0.06230071559548378
0.0 0.06232759729027748
0.0 0.0623527392745018
0.0 0.062388140708208084
0.0 0.0624232292175293
0.0 0.062425028532743454
0.0 0.062447063624858856
0.0 0.06247691437602043
0.0 0.06251247227191925
0.0 0.062624990940094
0.0 0.06272878497838974
0.0 0.0627538412809372
0.0 0.06277640908956528
0.0 0.06282539665699005
0.0 0.06287100166082382
0.0 0.06295233219861984
0.0 0.06297657638788223
0.0 0.06298796832561493
0.0 0.06301430612802505
0.0 0.06304220110177994
0.0 0.06306692212820053
0.0 0.06308553367853165
0.0 0.06317652761936188
0.0 0.06338002532720566
0.0 0.06358934938907623
0.0 0.06362031400203705
0.0 0.06376675516366959
0.0 0.06379172950983047
0.0 0.06382907927036285
0.0 0.06386086344718933
0.0 0.06396324187517166
0.0 0.06398304551839828
0.0 0.06399667263031006
0.0 0.06401669979095459
0.0 0.06412366777658463
0.0 0.06412757933139801
0.0 0.06424257904291153
0.0 0.06428579241037369
0.0 0.06430083513259888
0.0 0.06444958597421646
0.0 0.06475447118282318
0.0 0.06481753289699554
0.0 0.06486833840608597
0.0 0.06491712480783463
0.0 0.06496111303567886
0.0 0.06508045643568039
0.0 0.06509386003017426
0.0 0.06511898338794708
0.0 0.06521928310394287
0.0 0.06523487716913223
0.0 0.06526029109954834
0.0 0.06532154232263565
0.0 0.06532172113656998
0.0 0.065363310277462
0.0 0.06539224088191986
0.0 0.06542537361383438
0.0 0.06546210497617722
0.0 0.06550176441669464
0.0 0.06551560014486313
0.0 0.06553483009338379
0.0 0.06557521969079971
0.0 0.0656156912446022
0.0 0.06563980132341385
0.0 0.06572192162275314
0.0 0.06572932749986649
0.0 0.06580037623643875
0.0 0.06603910028934479
0.0 0.06605303287506104
0.0 0.06613578647375107
0.0 0.06626328825950623
0.0 0.06640727818012238
0.0 0.06648159772157669
0.0 0.06652852892875671
0.0 0.06668365001678467
0.0 0.06672804802656174
0.0 0.06675341725349426
0.0 0.06708822399377823
0.0 0.06719155609607697
0.0 0.06719353049993515
0.0 0.0673023983836174
0.0 0.06748199462890625
0.0 0.06776025146245956
0.0 0.06781761348247528
0.0 0.06787396222352982
0.0 0.06802801787853241
0.0 0.06804833561182022
0.0 0.06823398917913437
0.0 0.0682835727930069
0.0 0.06831685453653336
0.0 0.06832773983478546
0.0 0.0683995708823204
0.0 0.06869268417358398
0.0 0.06871430575847626
0.0 0.06884902715682983
0.0 0.06887801736593246
0.0 0.06902432441711426
0.0 0.06904175132513046
0.0 0.069057896733284
0.0 0.06913839280605316
0.0 0.06924165785312653
0.0 0.06928780674934387
0.0 0.06932732462882996
0.0 0.06943874806165695
0.0 0.06958388537168503
0.0 0.06962582468986511
0.0 0.0698213204741478
0.0 0.06983143091201782
0.0 0.06986451894044876
0.0 0.06991422921419144
0.0 0.06994295120239258
0.0 0.0700988844037056
0.0 0.07020493596792221
0.0 0.07029605656862259
0.0 0.0703187808394432
0.0 0.07047954946756363
0.0 0.07050236314535141
0.0 0.07060901075601578
0.0 0.07073713093996048
0.0 0.0708203837275505
0.0 0.0708785355091095
0.0 0.07088979333639145
0.0 0.0709836333990097
0.0 0.0710504949092865
0.0 0.07117199897766113
0.0 0.07118117809295654
0.0 0.07122810930013657
0.0 0.07123632729053497
0.0 0.07133744657039642
0.0 0.07146749645471573
0.0 0.07159598916769028
0.0 0.0716325044631958
0.0 0.07171092927455902
0.0 0.07182411849498749
0.0 0.07185486704111099
0.0 0.07185745984315872
0.0 0.07194069027900696
0.0 0.07198169827461243
0.0 0.07229453325271606
0.0 0.07230255752801895
0.0 0.07234998792409897
0.0 0.07238861918449402
0.0 0.07253419607877731
0.0 0.07256040722131729
0.0 0.07267720252275467
0.0 0.07271381467580795
0.0 0.07272334396839142
0.0 0.07281333208084106
0.0 0.07297053933143616
0.0 0.0730305165052414
0.0 0.07309053838253021
0.0 0.07315316796302795
0.0 0.07317490130662918
0.0 0.07357703894376755
0.0 0.07359690219163895
0.0 0.0736335813999176
0.0 0.07367988675832748
0.0 0.0738668367266655
0.0 0.07389451563358307
0.0 0.07391376793384552
0.0 0.07405616343021393
0.0 0.07406359165906906
0.0 0.07408910989761353
0.0 0.07412051409482956
0.0 0.0744672492146492
0.0 0.07452494651079178
0.0 0.07454662024974823
0.0 0.07466287165880203
0.0 0.07490308582782745
0.0 0.07504244893789291
0.0 0.07509966194629669
0.0 0.07535169273614883
0.0 0.07537969946861267
0.0 0.07564248144626617
0.0 0.07575052976608276
0.0 0.07575880736112595
0.0 0.07579511404037476
0.0 0.07597856223583221
0.0 0.07616495341062546
0.0 0.07617601752281189
0.0 0.07620424777269363
0.0 0.07625363767147064
0.0 0.07631029933691025
0.0 0.07631447911262512
0.0 0.07644329220056534
0.0 0.07646200805902481
0.0 0.07658416032791138
0.0 0.0767866000533104
0.0 0.07682141661643982
0.0 0.07685232907533646
0.0 0.07732338458299637
0.0 0.07760684937238693
0.0 0.07769733667373657
0.0 0.0778544619679451
0.0 0.07810241729021072
0.0 0.07819518446922302
0.0 0.07841261476278305
0.0 0.07851985841989517
0.0 0.07890287041664124
0.0 0.07922609150409698
0.0 0.07968651503324509
0.0 0.07977267354726791
0.0 0.07996300607919693
0.0 0.08007633686065674
0.0 0.08059827238321304
0.0 0.08060850203037262
0.0 0.08075837045907974
0.0 0.080958291888237
0.0 0.08162123709917068
0.0 0.08166757225990295
0.0 0.08251837641000748
0.0 0.0828288346529007
0.0 0.0829915702342987
0.0 0.08318569511175156
0.0 0.08319752663373947
0.0 0.08339670300483704
0.0 0.08351213485002518
0.0 0.08402343839406967
0.0 0.08419635146856308
0.0 0.08441081643104553
0.0 0.08477073907852173
0.0 0.08530154079198837
0.0 0.08573365956544876
0.0 0.08581411838531494
0.0 0.08601494133472443
0.0 0.08918672800064087
0.0 0.08926793187856674
0.0 0.08978909999132156
0.0 0.09229550510644913
0.0 0.0935516431927681
0.0 0.09547353535890579
0.0 0.10655257105827332
0.0 0.11145525425672531
0.0 inf
