0.0 0.016751503571867943
0.0 0.020129945129156113
0.0 0.020625125616788864
0.0 0.020708102732896805
0.0 0.021380571648478508
0.0 0.02153102681040764
0.0 0.021584413945674896
0.0 0.021716922521591187
0.0 0.02182939648628235
0.0 0.02197313867509365
0.0 0.02210214175283909
0.0 0.022112470120191574
0.0 0.022122619673609734
0.0 0.02218363806605339
0.0 0.02219807729125023
0.0 0.02232792042195797
0.0 0.022591719403862953
0.0 0.022941891103982925
0.0 0.023132674396038055
0.0 0.023182690143585205
0.0 0.023378737270832062
0.0 0.023536929860711098
0.0 0.023589499294757843
0.0 0.02367502637207508
0.0 0.023712145164608955
0.0 0.02401929534971714
0.0 0.024254366755485535
0.0 0.02431359887123108
0.0 0.02432878129184246
0.0 0.024377774447202682
0.0 0.024410417303442955
0.0 0.024415940046310425
0.0 0.02454841136932373
0.0 0.02465827390551567
0.0 0.024682948365807533
0.0 0.024694010615348816
0.0 0.024883978068828583
0.0 0.02493358589708805
0.0 0.024997171014547348
0.0 0.02500796504318714
0.0 0.02507173828780651
0.0 0.02526053600013256
0.0 0.025375278666615486
0.0 0.025417422875761986
0.0 0.025529950857162476
0.0 0.025559846311807632
0.0 0.025570563971996307
0.0 0.02567732147872448
0.0 0.02572343684732914
0.0 0.02575836144387722
0.0 0.025782376527786255
0.0 0.02580973692238331
0.0 0.025835536420345306
0.0 0.025872422382235527
0.0 0.02602102980017662
0.0 0.026109127327799797
0.0 0.026383517310023308
0.0 0.0263958852738142
0.0 0.026402119547128677
0.0 0.02651255950331688
0.0 0.026517311111092567
0.0 0.026525363326072693
0.0 0.026535451412200928
0.0 0.026552878320217133
0.0 0.026627620682120323
0.0 0.026685630902647972
0.0 0.026778405532240868
0.0 0.026901550590991974
0.0 0.026931341737508774
0.0 0.026999834924936295
0.0 0.027016479521989822
0.0 0.02708972617983818
0.0 0.027141015976667404
0.0 0.027206797152757645
0.0 0.02722027339041233
0.0 0.02733125165104866
0.0 0.027392303571105003
0.0 0.02741394191980362
0.0 0.027414364740252495
0.0 0.02744230628013611
0.0 0.027640623971819878
0.0 0.027655864134430885
0.0 0.02765842154622078
0.0 0.02765975147485733
0.0 0.027688875794410706
0.0 0.027710314840078354
0.0 0.027720553800463676
0.0 0.027724020183086395
0.0 0.027754751965403557
0.0 0.027755847200751305
0.0 0.02777671627700329
0.0 0.0278185848146677
0.0 0.02784828469157219
0.0 0.02789025940001011
0.0 0.027899187058210373
0.0 0.027935219928622246
0.0 0.02796625904738903
0.0 0.027984263375401497
0.0 0.028082871809601784
0.0 0.028095506131649017
0.0 0.028108425438404083
0.0 0.028125908225774765
0.0 0.02817070297896862
0.0 0.02820473723113537
0.0 0.028216443955898285
0.0 0.02824149839580059
0.0 0.028275510296225548
0.0 0.028296563774347305
0.0 0.028314612805843353
0.0 0.028345968574285507
0.0 0.0283607617020607
0.0 0.028474189341068268
0.0 0.028573421761393547
0.0 0.02858685702085495
0.0 0.02858838252723217
0.0 0.02862999588251114
0.0 0.028735432773828506
0.0 0.028817906975746155
0.0 0.028867987915873528
0.0 0.02899051271378994
0.0 0.029002077877521515
0.0 0.029006991535425186
0.0 0.029055533930659294
0.0 0.029075516387820244
0.0 0.029086722061038017
0.0 0.029104122892022133
0.0 0.029123153537511826
0.0 0.029137834906578064
0.0 0.029172629117965698
0.0 0.02927379310131073
0.0 0.029300019145011902
0.0 0.029309695586562157
0.0 0.029329104349017143
0.0 0.029348837211728096
0.0 0.0293587613850832
0.0 0.029366301372647285
0.0 0.029446076601743698
0.0 0.0295387152582407
0.0 0.029569653794169426
0.0 0.02960210107266903
0.0 0.029625989496707916
0.0 0.029628869146108627
0.0 0.029675403609871864
0.0 0.029708145186305046
0.0 0.029755260795354843
0.0 0.02976134978234768
0.0 0.02976314350962639
0.0 0.029811730608344078
0.0 0.029887622222304344
0.0 0.029887713491916656
0.0 0.029916958883404732
0.0 0.029950948432087898
0.0 0.03004310466349125
0.0 0.03020361065864563
0.0 0.030203882604837418
0.0 0.030222270637750626
0.0 0.030254457145929337
0.0 0.030263202264904976
0.0 0.030264457687735558
0.0 0.03027285635471344
0.0 0.030305255204439163
0.0 0.030370447784662247
0.0 0.030426587909460068
0.0 0.030464399605989456
0.0 0.030476653948426247
0.0 0.03047962300479412
0.0 0.030494527891278267
0.0 0.030592074617743492
0.0 0.030606580898165703
0.0 0.03062010370194912
0.0 0.03063885122537613
0.0 0.03064933605492115
0.0 0.030656978487968445
0.0 0.030658433213829994
0.0 0.030660321936011314
0.0 0.03067573346197605
0.0 0.030707594007253647
0.0 0.03079315274953842
0.0 0.0308305025100708
0.0 0.030840540304780006
0.0 0.0309686828404665
0.0 0.03102540783584118
0.0 0.03114010952413082
0.0 0.031162533909082413
0.0 0.031210534274578094
0.0 0.031231021508574486
0.0 0.031254276633262634
0.0 0.031290698796510696
0.0 0.03131832554936409
0.0 0.03137314319610596
0.0 0.0314079150557518
0.0 0.03141699731349945
0.0 0.03144937753677368
0.0 0.031515900045633316
0.0 0.03161778673529625
0.0 0.031706731766462326
0.0 0.03172639012336731
0.0 0.03176814690232277
0.0 0.031801737844944
0.0 0.031825095415115356
0.0 0.031855273991823196
0.0 0.03190969303250313
0.0 0.031996406614780426
0.0 0.03212564066052437
0.0 0.03212982043623924
0.0 0.0321483239531517
0.0 0.032251566648483276
0.0 0.032257623970508575
0.0 0.03228031471371651
0.0 0.03239215910434723
0.0 0.0324011854827404
0.0 0.032413966953754425
0.0 0.03253130987286568
0.0 0.03261413425207138
0.0 0.03262104466557503
0.0 0.03262897580862045
0.0 0.03264002129435539
0.0 0.032640524208545685
0.0 0.03267060965299606
0.0 0.03269822150468826
0.0 0.032718475908041
0.0 0.03272266685962677
0.0 0.032746534794569016
0.0 0.032757822424173355
0.0 0.03288023918867111
0.0 0.03290439769625664
0.0 0.032919373363256454
0.0 0.03297162801027298
0.0 0.033040545880794525
0.0 0.03305245190858841
0.0 0.03306877613067627
0.0 0.03315705060958862
0.0 0.033161576837301254
0.0 0.03317573294043541
0.0 0.03322251886129379
0.0 0.03323499858379364
0.0 0.033237628638744354
0.0 0.03327198699116707
0.0 0.033318910747766495
0.0 0.03333675488829613
0.0 0.03334241360425949
0.0 0.0333436094224453
0.0 0.03340186923742294
0.0 0.0334245003759861
0.0 0.03351425752043724
0.0 0.03351747617125511
0.0 0.03357413783669472
0.0 0.03359372168779373
0.0 0.03366861119866371
0.0 0.033721279352903366
0.0 0.03376704454421997
0.0 0.03377048298716545
0.0 0.03377383202314377
0.0 0.033863771706819534
0.0 0.03386866673827171
0.0 0.03387361392378807
0.0 0.033874671906232834
0.0 0.033877089619636536
0.0 0.03390796482563019
0.0 0.033929936587810516
0.0 0.033978648483753204
0.0 0.034012194722890854
0.0 0.034031860530376434
0.0 0.03407427668571472
0.0 0.034076541662216187
0.0 0.03413126990199089
0.0 0.03424941003322601
0.0 0.03431165963411331
0.0 0.034399472177028656
0.0 0.03440408408641815
0.0 0.034445010125637054
0.0 0.034468136727809906
0.0 0.03455974534153938
0.0 0.03456033766269684
0.0 0.03456852212548256
0.0 0.034578513354063034
0.0 0.03461901843547821
0.0 0.034637466073036194
0.0 0.03467513248324394
0.0 0.034684695303440094
0.0 0.0347197949886322
0.0 0.0347459577023983
0.0 0.03475545719265938
0.0 0.0347752720117569
0.0 0.03478472679853439
0.0 0.03488224744796753
0.0 0.03489029407501221
0.0 0.034933123737573624
0.0 0.03493490442633629
0.0 0.034966591745615005
0.0 0.03498859331011772
0.0 0.035004936158657074
0.0 0.03504015877842903
0.0 0.03504158556461334
0.0 0.035103898495435715
0.0 0.03513080254197121
0.0 0.03521791845560074
0.0 0.03522025793790817
0.0 0.035253435373306274
0.0 0.03528950363397598
0.0 0.03530441224575043
0.0 0.03531778231263161
0.0 0.03541114181280136
0.0 0.035430908203125
0.0 0.035443417727947235
0.0 0.03545566648244858
0.0 0.035502925515174866
0.0 0.03551309555768967
0.0 0.035516589879989624
0.0 0.035573817789554596
0.0 0.03558613732457161
0.0 0.03558818995952606
0.0 0.03560735657811165
0.0 0.03561940789222717
0.0 0.035621289163827896
0.0 0.03564594313502312
0.0 0.03566355258226395
0.0 0.03571080043911934
0.0 0.035762373358011246
0.0 0.035819556564092636
0.0 0.035827841609716415
0.0 0.03583553805947304
0.0 0.036012664437294006
0.0 0.036176566034555435
0.0 0.03618617728352547
0.0 0.03621216490864754
0.0 0.036235541105270386
0.0 0.03625249117612839
0.0 0.03637371584773064
0.0 0.03646443411707878
0.0 0.03648433834314346
0.0 0.03660910204052925
0.0 0.03663258999586105
0.0 0.036771442741155624
0.0 0.03682957962155342
0.0 0.03683653846383095
0.0 0.036889053881168365
0.0 0.037001561373472214
0.0 0.037053223699331284
0.0 0.03705514967441559
0.0 0.03707792982459068
0.0 0.03712237626314163
0.0 0.03713205084204674
0.0 0.03720950707793236
0.0 0.03728887438774109
0.0 0.03729373589158058
0.0 0.037359558045864105
0.0 0.037390220910310745
0.0 0.03739664703607559
0.0 0.0374068021774292
0.0 0.037486571818590164
0.0 0.037497371435165405
0.0 0.037534747272729874
0.0 0.037541791796684265
0.0 0.037563592195510864
0.0 0.03763044625520706
0.0 0.037644583731889725
0.0 0.03766131401062012
0.0 0.03768118843436241
0.0 0.037761326879262924
0.0 0.03777829185128212
0.0 0.03782598301768303
0.0 0.03793888911604881
0.0 0.03801724314689636
0.0 0.0380772165954113
0.0 0.03813079744577408
0.0 0.03825584799051285
0.0 0.038350578397512436
0.0 0.03842941299080849
0.0 0.03853391855955124
0.0 0.03855770081281662
0.0 0.038616541773080826
0.0 0.0386369489133358
0.0 0.038663145154714584
0.0 0.03868325427174568
0.0 0.038687802851200104
0.0 0.0387694351375103
0.0 0.03881930187344551
0.0 0.03884722664952278
0.0 0.03896521404385567
0.0 0.03897451236844063
0.0 0.03901711478829384
0.0 0.0390537865459919
0.0 0.0390738919377327
0.0 0.03912140801548958
0.0 0.03919270634651184
0.0 0.03920937329530716
0.0 0.039269570261240005
0.0 0.039270736277103424
0.0 0.03930029645562172
0.0 0.03935159370303154
0.0 0.039431434124708176
0.0 0.039433788508176804
0.0 0.03945602849125862
0.0 0.03956718370318413
0.0 0.039633747190237045
0.0 0.039637912064790726
0.0 0.039852555841207504
0.0 0.039870042353868484
0.0 0.03990744426846504
0.0 0.039963673800230026
0.0 0.03999494016170502
0.0 0.04002847522497177
0.0 0.04002997651696205
0.0 0.04016052186489105
0.0 0.040267109870910645
0.0 0.040273528546094894
0.0 0.04032377526164055
0.0 0.04035506024956703
0.0 0.04040839150547981
0.0 0.04042720049619675
0.0 0.04047120362520218
0.0 0.04049474000930786
0.0 0.04049653559923172
0.0 0.04070485383272171
0.0 0.040782246738672256
0.0 0.040798842906951904
0.0 0.04099583625793457
0.0 0.04104301705956459
0.0 0.0410551019012928
0.0 0.04107736796140671
0.0 0.04108530655503273
0.0 0.04108558967709541
0.0 0.04122715815901756
0.0 0.04141905903816223
0.0 0.04155806452035904
0.0 0.041594937443733215
0.0 0.041683632880449295
0.0 0.04172854498028755
0.0 0.04174060374498367
0.0 0.041810646653175354
0.0 0.0420178659260273
0.0 0.042096395045518875
0.0 0.042119476944208145
0.0 0.04217268526554108
0.0 0.04225136339664459
0.0 0.042409881949424744
0.0 0.0425201840698719
0.0 0.04259011149406433
0.0 0.042631737887859344
0.0 0.04282469302415848
0.0 0.04286782070994377
0.0 0.043071724474430084
0.0 0.04361281543970108
0.0 0.04363920912146568
0.0 0.043722234666347504
0.0 0.043984122574329376
0.0 0.04432865232229233
0.0 0.044423773884773254
0.0 0.044472068548202515
0.0 0.044479817152023315
0.0 0.04453181102871895
0.0 0.04454519599676132
0.0 0.044742874801158905
0.0 0.04486572742462158
0.0 0.045360688120126724
0.0 0.045583389699459076
0.0 0.045596107840538025
0.0 0.045652687549591064
0.0 0.04571995139122009
0.0 0.04581812769174576
0.0 0.04587836563587189
0.0 0.045998044312000275
0.0 0.046531111001968384
0.0 0.04662392660975456
0.0 0.04668780788779259
0.0 0.04676230996847153
0.0 0.04688601940870285
0.0 0.04728870838880539
0.0 0.04753349721431732
0.0 0.047786127775907516
0.0 0.04792147874832153
0.0 0.04823409020900726
0.0 0.0482957549393177
0.0 0.04829832538962364
0.0 0.04834892600774765
0.0 0.0488748662173748
0.0 0.04903054237365723
0.0 0.04903075471520424
0.0 0.04923142120242119
0.0 0.049287348985672
0.0 0.04945952072739601
0.0 0.04980537295341492
0.0 0.04982762411236763
0.0 0.049947306513786316
0.0 0.0501805916428566
0.0 0.050197869539260864
0.0 0.05022247135639191
0.0 0.05032262206077576
0.0 0.05069772154092789
0.0 0.05117698013782501
0.0 0.05177415534853935
0.0 0.052608467638492584
0.0 0.052981626242399216
0.0 0.053683966398239136
0.0 0.054149080067873
0.0 0.0543103963136673
0.0 0.05535473674535751
0.0 0.05602318421006203
0.0 0.05713947117328644
0.0 0.05998370796442032
0.0 0.06017877161502838
0.0 0.06071799248456955
0.0 0.06234151870012283
0.0 0.06322331726551056
0.0 0.06326312571763992
0.0 0.06346340477466583
0.0 0.06521674245595932
0.0 0.06537890434265137
0.0 0.06858876347541809
0.0 0.08269675821065903
0.0 inf
