0.0 0.032631199806928635
0.0 0.03860482573509216
0.0 0.04093684256076813
0.0 0.04131914675235748
0.0 0.041393715888261795
0.0 0.04140980914235115
0.0 0.04154452309012413
0.0 0.041719287633895874
0.0 0.041738174855709076
0.0 0.041784752160310745
0.0 0.04194965213537216
0.0 0.04241090267896652
0.0 0.042674217373132706
0.0 0.04289144277572632
0.0 0.042923104017972946
0.0 0.04306810721755028
0.0 0.04330926015973091
0.0 0.04333876445889473
0.0 0.04359738901257515
0.0 0.04359770938754082
0.0 0.043874096125364304
0.0 0.043973159044981
0.0 0.044156480580568314
0.0 0.0441695936024189
0.0 0.044463519006967545
0.0 0.0445823036134243
0.0 0.044614527374506
0.0 0.04462164267897606
0.0 0.04462301358580589
0.0 0.04465995728969574
0.0 0.04527780041098595
0.0 0.04533976688981056
0.0 0.04560774937272072
0.0 0.0456722192466259
0.0 0.045940909534692764
0.0 0.04618360474705696
0.0 0.04622373357415199
0.0 0.04629270359873772
0.0 0.04644712433218956
0.0 0.04648474231362343
0.0 0.046504292637109756
0.0 0.04659244418144226
0.0 0.04662178084254265
0.0 0.04662492126226425
0.0 0.04704033583402634
0.0 0.04704125225543976
0.0 0.047060586512088776
0.0 0.04720679298043251
0.0 0.047236036509275436
0.0 0.04727477952837944
0.0 0.04733363166451454
0.0 0.047644831240177155
0.0 0.047889310866594315
0.0 0.04795853793621063
0.0 0.047979071736335754
0.0 0.048307109624147415
0.0 0.04840778931975365
0.0 0.048420194536447525
0.0 0.0484568253159523
0.0 0.048556696623563766
0.0 0.04865588620305061
0.0 0.048814285546541214
0.0 0.04888343811035156
0.0 0.04895376041531563
0.0 0.0489618144929409
0.0 0.04902297258377075
0.0 0.049172211438417435
0.0 0.04952147975564003
0.0 0.04965704306960106
0.0 0.049709584563970566
0.0 0.04972761124372482
0.0 0.049759507179260254
0.0 0.04982506483793259
0.0 0.0498359315097332
0.0 0.04998880624771118
0.0 0.0500132292509079
0.0 0.050248418003320694
0.0 0.05048317462205887
0.0 0.05051949992775917
0.0 0.05067112296819687
0.0 0.05071495100855827
0.0 0.05083393678069115
0.0 0.050914790481328964
0.0 0.050980448722839355
0.0 0.05102448910474777
0.0 0.05104141682386398
0.0 0.051088325679302216
0.0 0.051104191690683365
0.0 0.05111495777964592
0.0 0.05111665651202202
0.0 0.051154281944036484
0.0 0.05121216922998428
0.0 0.051248617470264435
0.0 0.051299434155225754
0.0 0.05134955048561096
0.0 0.051473040133714676
0.0 0.05160834640264511
0.0 0.051737748086452484
0.0 0.051839929074048996
0.0 0.05192415788769722
0.0 0.05196358263492584
0.0 0.051986437290906906
0.0 0.05199853330850601
0.0 0.05203736200928688
0.0 0.05231766030192375
0.0 0.05243060365319252
0.0 0.052449360489845276
0.0 0.05247918516397476
0.0 0.05262003466486931
0.0 0.05265306308865547
0.0 0.0526619516313076
0.0 0.05275321006774902
0.0 0.052857574075460434
0.0 0.05294954404234886
0.0 0.0529610812664032
0.0 0.05305888503789902
0.0 0.053134843707084656
0.0 0.053140003234148026
0.0 0.05325215682387352
0.0 0.05344439297914505
0.0 0.05347127839922905
0.0 0.0535249337553978
0.0 0.053612906485795975
0.0 0.053683798760175705
0.0 0.05369606241583824
0.0 0.053741343319416046
0.0 0.053876858204603195
0.0 0.05397343635559082
0.0 0.05397912487387657
0.0 0.05423559620976448
0.0 0.05425981432199478
0.0 0.05429638549685478
0.0 0.05437317118048668
0.0 0.0543803870677948
0.0 0.05443812906742096
0.0 0.054468125104904175
0.0 0.05448213592171669
0.0 0.054525356739759445
0.0 0.05454898253083229
0.0 0.05470685288310051
0.0 0.05479513853788376
0.0 0.054796695709228516
0.0 0.05480111017823219
0.0 0.054808322340250015
0.0 0.05491748824715614
0.0 0.05495308339595795
0.0 0.0550682432949543
0.0 0.055118270218372345
0.0 0.05513983964920044
0.0 0.05514584109187126
0.0 0.05515100061893463
0.0 0.055151790380477905
0.0 0.05526597052812576
0.0 0.055302247405052185
0.0 0.0553426630795002
0.0 0.05538800358772278
0.0 0.055508654564619064
0.0 0.05557294562458992
0.0 0.05562381073832512
0.0 0.05572700500488281
0.0 0.05575449392199516
0.0 0.055869486182928085
0.0 0.05587082728743553
0.0 0.05598209425806999
0.0 0.05603928864002228
0.0 0.0560465082526207
0.0 0.056105345487594604
0.0 0.05611179769039154
0.0 0.05618523061275482
0.0 0.0562356598675251
0.0 0.05623916536569595
0.0 0.05630132555961609
0.0 0.0564022921025753
0.0 0.05644936114549637
0.0 0.05650069937109947
0.0 0.056519974023103714
0.0 0.05652053654193878
0.0 0.05654336139559746
0.0 0.05670969560742378
0.0 0.05685538426041603
0.0 0.057080015540122986
0.0 0.057083677500486374
0.0 0.05715610831975937
0.0 0.057230811566114426
0.0 0.05723477900028229
0.0 0.057235948741436005
0.0 0.05734020844101906
0.0 0.057340774685144424
0.0 0.05737658962607384
0.0 0.057393405586481094
0.0 0.05745149403810501
0.0 0.0575379841029644
0.0 0.05762619525194168
0.0 0.05775127187371254
0.0 0.05788225680589676
0.0 0.05795734375715256
0.0 0.05796339362859726
0.0 0.05813699588179588
0.0 0.05816788226366043
0.0 0.05822017416357994
0.0 0.05829935893416405
0.0 0.058451663702726364
0.0 0.05849070101976395
0.0 0.058571334928274155
0.0 0.058591876178979874
0.0 0.05859781801700592
0.0 0.058624133467674255
0.0 0.058651749044656754
0.0 0.05886707454919815
0.0 0.05887331813573837
0.0 0.05896579474210739
0.0 0.05910435691475868
0.0 0.059134360402822495
0.0 0.05913937836885452
0.0 0.059199899435043335
0.0 0.05920156463980675
0.0 0.05922665819525719
0.0 0.05922833830118179
0.0 0.05945170670747757
0.0 0.05949661135673523
0.0 0.05957748368382454
0.0 0.05961813032627106
0.0 0.059665121138095856
0.0 0.05980487912893295
0.0 0.059921491891145706
0.0 0.05997362360358238
0.0 0.06001786142587662
0.0 0.06003915145993233
0.0 0.060066044330596924
0.0 0.0601954385638237
0.0 0.06025981530547142
0.0 0.0603439062833786
0.0 0.06056036800146103
0.0 0.06061209738254547
0.0 0.060657136142253876
0.0 0.060663528740406036
0.0 0.06078305467963219
0.0 0.060927532613277435
0.0 0.06095577031373978
0.0 0.06102173402905464
0.0 0.06107909977436066
0.0 0.06108305603265762
0.0 0.061095770448446274
0.0 0.06109779328107834
0.0 0.06117326393723488
0.0 0.061232030391693115
0.0 0.061235539615154266
0.0 0.06124672293663025
0.0 0.06135331094264984
0.0 0.06145046278834343
0.0 0.06146962195634842
0.0 0.061536986380815506
0.0 0.061547864228487015
0.0 0.06160584092140198
0.0 0.06164027750492096
0.0 0.06194451451301575
0.0 0.0619533397257328
0.0 0.0620395727455616
0.0 0.06207924336194992
0.0 0.06209016591310501
0.0 0.0621161088347435
0.0 0.06221476197242737
0.0 0.062317855656147
0.0 0.06235083192586899
0.0 0.06235460564494133
0.0 0.06249051168560982
0.0 0.0626193955540657
0.0 0.06266633421182632
0.0 0.06267329305410385
0.0 0.0627436414361
0.0 0.06282781064510345
0.0 0.06286053359508514
0.0 0.06288844347000122
0.0 0.06321146339178085
0.0 0.06323406100273132
0.0 0.06344611197710037
0.0 0.063484326004982
0.0 0.0635111927986145
0.0 0.06355229765176773
0.0 0.06355776637792587
0.0 0.06412377208471298
0.0 0.06418244540691376
0.0 0.06426522135734558
0.0 0.06434895098209381
0.0 0.06439968198537827
0.0 0.06470087915658951
0.0 0.06476029753684998
0.0 0.06478184461593628
0.0 0.06487789750099182
0.0 0.06498443335294724
0.0 0.06513211131095886
0.0 0.06519276648759842
0.0 0.06530527770519257
0.0 0.06539338082075119
0.0 0.06556542962789536
0.0 0.065679632127285
0.0 0.06568276137113571
0.0 0.06573519855737686
0.0 0.06575354933738708
0.0 0.0657544732093811
0.0 0.06577266752719879
0.0 0.06587953865528107
0.0 0.0658978819847107
0.0 0.06590986251831055
0.0 0.06621398031711578
0.0 0.06628234684467316
0.0 0.06629271060228348
0.0 0.06645070016384125
0.0 0.06652837991714478
0.0 0.06665622442960739
0.0 0.06668076664209366
0.0 0.06700941175222397
0.0 0.06703673303127289
0.0 0.06719482690095901
0.0 0.06745796650648117
0.0 0.06755823642015457
0.0 0.0675874575972557
0.0 0.06763327866792679
0.0 0.06769592314958572
0.0 0.06789423525333405
0.0 0.0679096132516861
0.0 0.06803619116544724
0.0 0.06816761195659637
0.0 0.06822064518928528
0.0 0.06827904284000397
0.0 0.06828148663043976
0.0 0.06829684227705002
0.0 0.06839095801115036
0.0 0.0684666857123375
0.0 0.0685797929763794
0.0 0.06865940243005753
0.0 0.06873813271522522
0.0 0.06879705935716629
0.0 0.06884465366601944
0.0 0.0688861757516861
0.0 0.0689123347401619
0.0 0.06894668936729431
0.0 0.06901820749044418
0.0 0.06915616989135742
0.0 0.06916528195142746
0.0 0.0692141056060791
0.0 0.06922618299722672
0.0 0.06922782957553864
0.0 0.0694447010755539
0.0 0.06952343136072159
0.0 0.06956932693719864
0.0 0.06957240402698517
0.0 0.06959165632724762
0.0 0.06959672272205353
0.0 0.06966910511255264
0.0 0.06974456459283829
0.0 0.0697474330663681
0.0 0.0698976069688797
0.0 0.07000405341386795
0.0 0.070656418800354
0.0 0.07067988067865372
0.0 0.07069075852632523
0.0 0.0708242729306221
0.0 0.07090197503566742
0.0 0.0709318146109581
0.0 0.07124694436788559
0.0 0.0712776929140091
0.0 0.07142560929059982
0.0 0.07156044989824295
0.0 0.07194197922945023
0.0 0.07194282114505768
0.0 0.0719577893614769
0.0 0.07204888015985489
0.0 0.07212454825639725
0.0 0.07223871350288391
0.0 0.07225769013166428
0.0 0.07232093065977097
0.0 0.07233966141939163
0.0 0.07236772775650024
0.0 0.07246728241443634
0.0 0.0725192204117775
0.0 0.0725473165512085
0.0 0.07269077748060226
0.0 0.07272448390722275
0.0 0.07276546955108643
0.0 0.07280527055263519
0.0 0.07285686582326889
0.0 0.07291329652070999
0.0 0.07308436185121536
0.0 0.07341812551021576
0.0 0.07351841777563095
0.0 0.07354706525802612
0.0 0.07354814559221268
0.0 0.0737101137638092
0.0 0.07372137159109116
0.0 0.07375257462263107
0.0 0.07394345104694366
0.0 0.073949433863163
0.0 0.07397329062223434
0.0 0.07423318922519684
0.0 0.07458924502134323
0.0 0.07480108737945557
0.0 0.07501246780157089
0.0 0.07502774149179459
0.0 0.07524019479751587
0.0 0.07530725747346878
0.0 0.07548820227384567
0.0 0.07554581016302109
0.0 0.07562655955553055
0.0 0.07571369409561157
0.0 0.07576882839202881
0.0 0.07581193000078201
0.0 0.0758153423666954
0.0 0.07603990286588669
0.0 0.07627688348293304
0.0 0.07631144672632217
0.0 0.07664863020181656
0.0 0.0768844336271286
0.0 0.07714647799730301
0.0 0.07739928364753723
0.0 0.07753055542707443
0.0 0.07766635715961456
0.0 0.07767228782176971
0.0 0.07776742428541183
0.0 0.07801689952611923
0.0 0.07822173088788986
0.0 0.07843787968158722
0.0 0.07859009504318237
0.0 0.07868728786706924
0.0 0.07882776856422424
0.0 0.07887043058872223
0.0 0.07887861132621765
0.0 0.07899457961320877
0.0 0.0794898048043251
0.0 0.07952170819044113
0.0 0.0797196626663208
0.0 0.08011510223150253
0.0 0.0807662382721901
0.0 0.08079562336206436
0.0 0.08100900799036026
0.0 0.08115100115537643
0.0 0.08118489384651184
0.0 0.08127130568027496
0.0 0.08127666264772415
0.0 0.08135371655225754
0.0 0.08147656172513962
0.0 0.0815461128950119
0.0 0.0818452462553978
0.0 0.08191800117492676
0.0 0.08214104920625687
0.0 0.08214978128671646
0.0 0.08216314017772675
0.0 0.08217888325452805
0.0 0.08230971544981003
0.0 0.08272735029459
0.0 0.08276236802339554
0.0 0.08278650045394897
0.0 0.0832589864730835
0.0 0.08354402333498001
0.0 0.0839947834610939
0.0 0.08414887636899948
0.0 0.08423770219087601
0.0 0.08433273434638977
0.0 0.0845322459936142
0.0 0.08461442589759827
0.0 0.08471141755580902
0.0 0.08481902629137039
0.0 0.08518404513597488
0.0 0.08522673696279526
0.0 0.08572208881378174
0.0 0.08577780425548553
0.0 0.08597998321056366
0.0 0.08599158376455307
0.0 0.08606486022472382
0.0 0.0863901898264885
0.0 0.08674360811710358
0.0 0.08681519329547882
0.0 0.08722444623708725
0.0 0.0881916806101799
0.0 0.08840428292751312
0.0 0.08938133716583252
0.0 0.08939632773399353
0.0 0.08964412659406662
0.0 0.09049823135137558
0.0 0.09061627835035324
0.0 0.09068530052900314
0.0 0.0910397469997406
0.0 0.0911540761590004
0.0 0.09155216068029404
0.0 0.09164682030677795
0.0 0.09203922748565674
0.0 0.09257026016712189
0.0 0.09326131641864777
0.0 0.09341508895158768
0.0 0.09373797476291656
0.0 0.09423427283763885
0.0 0.09629824012517929
0.0 0.09703568369150162
0.0 0.09746796637773514
0.0 0.0983346551656723
0.0 0.09846609830856323
0.0 0.09850017726421356
0.0 0.0987808033823967
0.0 0.10021834820508957
0.0 0.10060779005289078
0.0 0.10087226331233978
0.0 0.10096407681703568
0.0 0.10507013648748398
0.0 0.10782118886709213
0.0 0.10801685601472855
0.0 0.10880998522043228
0.0 0.10914797335863113
0.0 0.11045718193054199
0.0 0.11808120459318161
0.0 0.119866743683815
0.0 0.12153483927249908
0.0 inf
