0.0 0.024965399876236916
0.0 0.02970215491950512
0.0 0.03144165873527527
0.0 0.03151191398501396
0.0 0.031579311937093735
0.0 0.03250402584671974
0.0 0.032504063099622726
0.0 0.03269637003540993
0.0 0.03300682455301285
0.0 0.033191051334142685
0.0 0.03331283852458
0.0 0.03347504884004593
0.0 0.0335889607667923
0.0 0.03383974730968475
0.0 0.033851247280836105
0.0 0.0339486226439476
0.0 0.03416876494884491
0.0 0.03445512056350708
0.0 0.03474104031920433
0.0 0.03474205359816551
0.0 0.03499418869614601
0.0 0.03499541059136391
0.0 0.035277437418699265
0.0 0.03532037511467934
0.0 0.035374220460653305
0.0 0.03541702404618263
0.0 0.035462766885757446
0.0 0.03558480367064476
0.0 0.03569960966706276
0.0 0.03606850653886795
0.0 0.03611760959029198
0.0 0.03617342561483383
0.0 0.03627081587910652
0.0 0.036380987614393234
0.0 0.03641027584671974
0.0 0.03651448339223862
0.0 0.03671262040734291
0.0 0.03677566722035408
0.0 0.036791663616895676
0.0 0.03685322776436806
0.0 0.03695905581116676
0.0 0.036989275366067886
0.0 0.03707517683506012
0.0 0.03716828674077988
0.0 0.037400707602500916
0.0 0.03740822523832321
0.0 0.037455204874277115
0.0 0.03759701922535896
0.0 0.037703122943639755
0.0 0.037725161761045456
0.0 0.037804752588272095
0.0 0.03781452775001526
0.0 0.03784801810979843
0.0 0.03802262619137764
0.0 0.03807508200407028
0.0 0.03810065612196922
0.0 0.03824242949485779
0.0 0.03833974152803421
0.0 0.0383421890437603
0.0 0.03835677355527878
0.0 0.03853265941143036
0.0 0.03855464980006218
0.0 0.038559701293706894
0.0 0.038607947528362274
0.0 0.03862669691443443
0.0 0.03865049406886101
0.0 0.03866705670952797
0.0 0.03871170058846474
0.0 0.03875746577978134
0.0 0.03885520249605179
0.0 0.038859982043504715
0.0 0.03888098523020744
0.0 0.038935452699661255
0.0 0.03893570974469185
0.0 0.038955383002758026
0.0 0.039001379162073135
0.0 0.0390499047935009
0.0 0.0390980988740921
0.0 0.0391632579267025
0.0 0.03922188654541969
0.0 0.039226870983839035
0.0 0.039313893765211105
0.0 0.03931621089577675
0.0 0.039411209523677826
0.0 0.039462313055992126
0.0 0.03948775678873062
0.0 0.03967282548546791
0.0 0.03967655822634697
0.0 0.03976675122976303
0.0 0.03987019136548042
0.0 0.03987931087613106
0.0 0.0399102084338665
0.0 0.039969779551029205
0.0 0.04011537879705429
0.0 0.040253542363643646
0.0 0.04033533111214638
0.0 0.04038528352975845
0.0 0.0404251329600811
0.0 0.04043586179614067
0.0 0.040455300360918045
0.0 0.04051106795668602
0.0 0.04061797633767128
0.0 0.04070558771491051
0.0 0.04072088748216629
0.0 0.040976185351610184
0.0 0.04113110154867172
0.0 0.04117439314723015
0.0 0.041213855147361755
0.0 0.041219085454940796
0.0 0.04124799370765686
0.0 0.04125628247857094
0.0 0.04128974676132202
0.0 0.04132045432925224
0.0 0.041344575583934784
0.0 0.04137783497571945
0.0 0.041405461728572845
0.0 0.04140840843319893
0.0 0.04143908992409706
0.0 0.04144061729311943
0.0 0.04144652932882309
0.0 0.041462115943431854
0.0 0.04147012159228325
0.0 0.04150643199682236
0.0 0.04160051420331001
0.0 0.041703104972839355
0.0 0.04175655171275139
0.0 0.041779614984989166
0.0 0.041835982352495193
0.0 0.04190745949745178
0.0 0.042003802955150604
0.0 0.0420461967587471
0.0 0.04206162691116333
0.0 0.04206321761012077
0.0 0.04209095984697342
0.0 0.04221534729003906
0.0 0.04222448542714119
0.0 0.042230211198329926
0.0 0.042308688163757324
0.0 0.04246221482753754
0.0 0.04253155738115311
0.0 0.04256026819348335
0.0 0.04264450818300247
0.0 0.04266059398651123
0.0 0.04268239811062813
0.0 0.04270140826702118
0.0 0.04271019622683525
0.0 0.04273257404565811
0.0 0.04277472198009491
0.0 0.042804278433322906
0.0 0.04281366989016533
0.0 0.04281790181994438
0.0 0.04283509775996208
0.0 0.04283678159117699
0.0 0.04287489876151085
0.0 0.04294563829898834
0.0 0.043100714683532715
0.0 0.04330699145793915
0.0 0.04334103316068649
0.0 0.04334613308310509
0.0 0.04339945316314697
0.0 0.04343423992395401
0.0 0.04344626143574715
0.0 0.04345732182264328
0.0 0.043630991131067276
0.0 0.04367883875966072
0.0 0.0438450425863266
0.0 0.04386210814118385
0.0 0.04393574967980385
0.0 0.04394427686929703
0.0 0.043955422937870026
0.0 0.043959055095911026
0.0 0.043999433517456055
0.0 0.044073812663555145
0.0 0.044087573885917664
0.0 0.044114723801612854
0.0 0.04412565752863884
0.0 0.04413076490163803
0.0 0.0441356897354126
0.0 0.04419056698679924
0.0 0.044327784329652786
0.0 0.04436634108424187
0.0 0.04443054646253586
0.0 0.04445292428135872
0.0 0.04447183012962341
0.0 0.044591858983039856
0.0 0.044631004333496094
0.0 0.0446806363761425
0.0 0.04470449313521385
0.0 0.044723622500896454
0.0 0.04476914554834366
0.0 0.04479263722896576
0.0 0.04483824968338013
0.0 0.044941246509552
0.0 0.04496996849775314
0.0 0.045123133808374405
0.0 0.045127201825380325
0.0 0.045162271708250046
0.0 0.045164722949266434
0.0 0.04530429095029831
0.0 0.045398175716400146
0.0 0.045419350266456604
0.0 0.045435819774866104
0.0 0.0454784519970417
0.0 0.04551052302122116
0.0 0.045515213161706924
0.0 0.04558420181274414
0.0 0.045605409890413284
0.0 0.04566941037774086
0.0 0.04568281024694443
0.0 0.04575159400701523
0.0 0.04578324779868126
0.0 0.045809537172317505
0.0 0.04585166275501251
0.0 0.045908715575933456
0.0 0.046002116054296494
0.0 0.046034857630729675
0.0 0.046042442321777344
0.0 0.046051446348428726
0.0 0.046056367456912994
0.0 0.046079013496637344
0.0 0.04612628370523453
0.0 0.046129319816827774
0.0 0.04617157578468323
0.0 0.046173736453056335
0.0 0.0462157167494297
0.0 0.046320561319589615
0.0 0.04635549709200859
0.0 0.04636004939675331
0.0 0.04636567458510399
0.0 0.046386800706386566
0.0 0.04644531011581421
0.0 0.04648880660533905
0.0 0.046534016728401184
0.0 0.046536557376384735
0.0 0.046595290303230286
0.0 0.04662506282329559
0.0 0.04667842015624046
0.0 0.0467008613049984
0.0 0.04677373170852661
0.0 0.04680138826370239
0.0 0.04697749391198158
0.0 0.04703698679804802
0.0 0.04705456644296646
0.0 0.04712429270148277
0.0 0.04716479778289795
0.0 0.047187767922878265
0.0 0.04721388965845108
0.0 0.047231946140527725
0.0 0.047249749302864075
0.0 0.047290630638599396
0.0 0.04729136824607849
0.0 0.04731764644384384
0.0 0.04732992500066757
0.0 0.04737149551510811
0.0 0.04740108549594879
0.0 0.04747895896434784
0.0 0.0475580170750618
0.0 0.04761001095175743
0.0 0.047645263373851776
0.0 0.04778666794300079
0.0 0.04781210795044899
0.0 0.047836340963840485
0.0 0.04786202684044838
0.0 0.04789231717586517
0.0 0.04789630323648453
0.0 0.047899097204208374
0.0 0.0479423813521862
0.0 0.04795185849070549
0.0 0.04795767366886139
0.0 0.04800565913319588
0.0 0.04802305996417999
0.0 0.048035334795713425
0.0 0.048064637929201126
0.0 0.04807668924331665
0.0 0.04808322712779045
0.0 0.04810173064470291
0.0 0.0481480248272419
0.0 0.048161581158638
0.0 0.04821701720356941
0.0 0.04822230339050293
0.0 0.04822324588894844
0.0 0.04825928434729576
0.0 0.04829315468668938
0.0 0.048300858587026596
0.0 0.04830389469861984
0.0 0.048329297453165054
0.0 0.048391569405794144
0.0 0.048410966992378235
0.0 0.04855526611208916
0.0 0.048586729913949966
0.0 0.04860474914312363
0.0 0.04868995398283005
0.0 0.0487450510263443
0.0 0.04884279891848564
0.0 0.048935338854789734
0.0 0.048966534435749054
0.0 0.04900193214416504
0.0 0.049083512276411057
0.0 0.049214161932468414
0.0 0.04927199333906174
0.0 0.04929584637284279
0.0 0.04930385947227478
0.0 0.04930538684129715
0.0 0.04935701936483383
0.0 0.049357034265995026
0.0 0.04938318580389023
0.0 0.0494135282933712
0.0 0.04965083673596382
0.0 0.049685038626194
0.0 0.04971928894519806
0.0 0.0497509241104126
0.0 0.04986043646931648
0.0 0.04992058873176575
0.0 0.05008801817893982
0.0 0.05010600760579109
0.0 0.050200190395116806
0.0 0.05021992698311806
0.0 0.05025254189968109
0.0 0.05026441439986229
0.0 0.050276730209589005
0.0 0.050361018627882004
0.0 0.05037664249539375
0.0 0.05041917786002159
0.0 0.05054311454296112
0.0 0.05054385960102081
0.0 0.050550948828458786
0.0 0.050578147172927856
0.0 0.05060502141714096
0.0 0.05061465874314308
0.0 0.050628334283828735
0.0 0.05070111155509949
0.0 0.050706956535577774
0.0 0.05073104426264763
0.0 0.05073203518986702
0.0 0.050870247185230255
0.0 0.050907984375953674
0.0 0.05090800300240517
0.0 0.050918374210596085
0.0 0.05101986974477768
0.0 0.05101996660232544
0.0 0.051042649894952774
0.0 0.05110166221857071
0.0 0.05113481357693672
0.0 0.05115562304854393
0.0 0.051195066422224045
0.0 0.05121384933590889
0.0 0.05124206840991974
0.0 0.05124347284436226
0.0 0.05141671374440193
0.0 0.05144103243947029
0.0 0.051461294293403625
0.0 0.05152738466858864
0.0 0.051528334617614746
0.0 0.05154586210846901
0.0 0.05154946446418762
0.0 0.05157903581857681
0.0 0.051650937646627426
0.0 0.05167986452579498
0.0 0.051887255162000656
0.0 0.05196639150381088
0.0 0.05197499692440033
0.0 0.05198274180293083
0.0 0.05199055001139641
0.0 0.05204860493540764
0.0 0.05215548351407051
0.0 0.05228753387928009
0.0 0.05229157954454422
0.0 0.052325718104839325
0.0 0.05241839960217476
0.0 0.05257314071059227
0.0 0.05265723168849945
0.0 0.0526692271232605
0.0 0.0527048259973526
0.0 0.05284999683499336
0.0 0.05290325731039047
0.0 0.05291109159588814
0.0 0.05300191044807434
0.0 0.053126946091651917
0.0 0.053202539682388306
0.0 0.05320659652352333
0.0 0.05327002704143524
0.0 0.05332011356949806
0.0 0.053414236754179
0.0 0.05341643467545509
0.0 0.05350907891988754
0.0 0.05354879051446915
0.0 0.053571026772260666
0.0 0.05369378626346588
0.0 0.05372645705938339
0.0 0.053760457783937454
0.0 0.053836800158023834
0.0 0.053840868175029755
0.0 0.05387377738952637
0.0 0.05411239340901375
0.0 0.05418630316853523
0.0 0.054240480065345764
0.0 0.054253850132226944
0.0 0.054347291588783264
0.0 0.054513536393642426
0.0 0.05453519895672798
0.0 0.054611481726169586
0.0 0.054703306406736374
0.0 0.05475710704922676
0.0 0.05482150986790657
0.0 0.054827507585287094
0.0 0.05491809919476509
0.0 0.05492936819791794
0.0 0.05522999167442322
0.0 0.05530545860528946
0.0 0.05533027648925781
0.0 0.05536939948797226
0.0 0.055397674441337585
0.0 0.0554022453725338
0.0 0.05540330335497856
0.0 0.05543367564678192
0.0 0.05551113560795784
0.0 0.05567130446434021
0.0 0.05571088194847107
0.0 0.05571620911359787
0.0 0.05572640523314476
0.0 0.0557330846786499
0.0 0.055752094835042953
0.0 0.055894698947668076
0.0 0.055911097675561905
0.0 0.05601755157113075
0.0 0.05615847930312157
0.0 0.05621073767542839
0.0 0.056216441094875336
0.0 0.05633171647787094
0.0 0.05636133626103401
0.0 0.05672415345907211
0.0 0.05682726204395294
0.0 0.056852370500564575
0.0 0.05694034695625305
0.0 0.057016950100660324
0.0 0.05704617500305176
0.0 0.05718981847167015
0.0 0.05724180489778519
0.0 0.05726359039545059
0.0 0.05740964412689209
0.0 0.057423073798418045
0.0 0.05757732689380646
0.0 0.05796169117093086
0.0 0.05805475264787674
0.0 0.05846833437681198
0.0 0.0585155226290226
0.0 0.05852493271231651
0.0 0.05853092297911644
0.0 0.05887383595108986
0.0 0.058907996863126755
0.0 0.058915555477142334
0.0 0.05897081643342972
0.0 0.0594116672873497
0.0 0.05945295840501785
0.0 0.05954567342996597
0.0 0.059569455683231354
0.0 0.05970117822289467
0.0 0.05979881063103676
0.0 0.059956420212984085
0.0 0.05999760329723358
0.0 0.06054303050041199
0.0 0.06060675159096718
0.0 0.06086340919137001
0.0 0.061239514499902725
0.0 0.06148264557123184
0.0 0.06195466220378876
0.0 0.06252018362283707
0.0 0.06273245811462402
0.0 0.06299328804016113
0.0 0.06326864659786224
0.0 0.0636257603764534
0.0 0.063848577439785
0.0 0.06397721916437149
0.0 0.06411072611808777
0.0 0.0641360953450203
0.0 0.0641520768404007
0.0 0.06427361071109772
0.0 0.06434113532304764
0.0 0.06484037637710571
0.0 0.06509798765182495
0.0 0.06520979851484299
0.0 0.06526631861925125
0.0 0.06532938778400421
0.0 0.06544255465269089
0.0 0.06548342108726501
0.0 0.06559890508651733
0.0 0.06561893969774246
0.0 0.06601080298423767
0.0 0.06651067733764648
0.0 0.066565603017807
0.0 0.0669558122754097
0.0 0.06696468591690063
0.0 0.06701590865850449
0.0 0.06714285165071487
0.0 0.06847018003463745
0.0 0.0686359852552414
0.0 0.06913016736507416
0.0 0.06920962780714035
0.0 0.0692753866314888
0.0 0.0693214014172554
0.0 0.06949634850025177
0.0 0.07093039155006409
0.0 0.07096916437149048
0.0 0.07217345386743546
0.0 0.07263406366109848
0.0 0.07650359719991684
0.0 0.07710719108581543
0.0 0.07721773535013199
0.0 0.07995617389678955
0.0 0.0819038674235344
0.0 0.0923437550663948
0.0 inf
