0.0 0.021665673702955246
0.0 0.023603374138474464
0.0 0.023815849795937538
0.0 0.026850197464227676
0.0 0.02775871753692627
0.0 0.027863940224051476
0.0 0.02818317897617817
0.0 0.028185002505779266
0.0 0.02839820832014084
0.0 0.028530878946185112
0.0 0.02857210859656334
0.0 0.028574075549840927
0.0 0.028687460348010063
0.0 0.02871178835630417
0.0 0.028806360438466072
0.0 0.028809551149606705
0.0 0.02887108363211155
0.0 0.02890978567302227
0.0 0.02897501178085804
0.0 0.029082175344228745
0.0 0.02916988916695118
0.0 0.02931046672165394
0.0 0.02940070442855358
0.0 0.029606761410832405
0.0 0.02963602915406227
0.0 0.02972818911075592
0.0 0.02973705157637596
0.0 0.029817858710885048
0.0 0.030081698670983315
0.0 0.030133435502648354
0.0 0.030156763270497322
0.0 0.030157925561070442
0.0 0.030211620032787323
0.0 0.03033510595560074
0.0 0.030376072973012924
0.0 0.030410608276724815
0.0 0.030537618324160576
0.0 0.030863571912050247
0.0 0.030932167544960976
0.0 0.030934996902942657
0.0 0.031063606962561607
0.0 0.031172815710306168
0.0 0.03120807558298111
0.0 0.03122752532362938
0.0 0.031244784593582153
0.0 0.03133334219455719
0.0 0.03134965896606445
0.0 0.03148728981614113
0.0 0.03156241774559021
0.0 0.031611111015081406
0.0 0.03164256736636162
0.0 0.03169825300574303
0.0 0.03171040490269661
0.0 0.03183969482779503
0.0 0.03186524286866188
0.0 0.03202009201049805
0.0 0.032021649181842804
0.0 0.03202412277460098
0.0 0.03203827142715454
0.0 0.03211658447980881
0.0 0.03241429850459099
0.0 0.03241489455103874
0.0 0.032448042184114456
0.0 0.0324656143784523
0.0 0.032488416880369186
0.0 0.03254891559481621
0.0 0.03268686309456825
0.0 0.0327068455517292
0.0 0.03298640996217728
0.0 0.0329875722527504
0.0 0.03300890326499939
0.0 0.033240754157304764
0.0 0.03325222060084343
0.0 0.03327076882123947
0.0 0.03334011137485504
0.0 0.03336019814014435
0.0 0.03336408734321594
0.0 0.03340084105730057
0.0 0.033418528735637665
0.0 0.033430684357881546
0.0 0.03360221907496452
0.0 0.03361758217215538
0.0 0.033627595752477646
0.0 0.03368081524968147
0.0 0.03370165079832077
0.0 0.03384602814912796
0.0 0.03385334834456444
0.0 0.033916737884283066
0.0 0.033969901502132416
0.0 0.03398050740361214
0.0 0.034060537815093994
0.0 0.03410957753658295
0.0 0.03415524587035179
0.0 0.034190718084573746
0.0 0.03428039699792862
0.0 0.034378618001937866
0.0 0.03440065309405327
0.0 0.03441440314054489
0.0 0.03442428633570671
0.0 0.034617114812135696
0.0 0.034624792635440826
0.0 0.03466161713004112
0.0 0.03477754443883896
0.0 0.034891556948423386
0.0 0.034894879907369614
0.0 0.034897517412900925
0.0 0.03498539328575134
0.0 0.03498562052845955
0.0 0.034986212849617004
0.0 0.035023272037506104
0.0 0.03512575849890709
0.0 0.035126522183418274
0.0 0.03514747694134712
0.0 0.0352131724357605
0.0 0.03521564602851868
0.0 0.035234879702329636
0.0 0.035284966230392456
0.0 0.03531108796596527
0.0 0.035349730402231216
0.0 0.035460781306028366
0.0 0.03551776707172394
0.0 0.0355701670050621
0.0 0.03568756580352783
0.0 0.03570440784096718
0.0 0.03597560152411461
0.0 0.036004357039928436
0.0 0.0360998772084713
0.0 0.036113638430833817
0.0 0.0362069196999073
0.0 0.036326199769973755
0.0 0.03634672984480858
0.0 0.03639574348926544
0.0 0.03642794117331505
0.0 0.03645861893892288
0.0 0.03647652640938759
0.0 0.036531202495098114
0.0 0.03655559569597244
0.0 0.03657420724630356
0.0 0.036644455045461655
0.0 0.03671214357018471
0.0 0.03679671138525009
0.0 0.03679760545492172
0.0 0.036893654614686966
0.0 0.036897655576467514
0.0 0.036978866904973984
0.0 0.036988936364650726
0.0 0.0370483472943306
0.0 0.03713821992278099
0.0 0.03714972361922264
0.0 0.037241604179143906
0.0 0.03728841245174408
0.0 0.03732597082853317
0.0 0.03735550493001938
0.0 0.03737236186861992
0.0 0.03751140460371971
0.0 0.037528522312641144
0.0 0.03754887357354164
0.0 0.03764650970697403
0.0 0.03776022046804428
0.0 0.037770748138427734
0.0 0.03791677951812744
0.0 0.03792327269911766
0.0 0.037935834378004074
0.0 0.03794460371136665
0.0 0.03795895352959633
0.0 0.03798479959368706
0.0 0.03808987885713577
0.0 0.038108740001916885
0.0 0.03811980411410332
0.0 0.03812388330698013
0.0 0.03818409517407417
0.0 0.03839688003063202
0.0 0.038404326885938644
0.0 0.03840651363134384
0.0 0.03843346983194351
0.0 0.03844255208969116
0.0 0.03844786062836647
0.0 0.03846399486064911
0.0 0.03846520930528641
0.0 0.03849989175796509
0.0 0.03852924332022667
0.0 0.03859546035528183
0.0 0.03865019604563713
0.0 0.03865444287657738
0.0 0.038676660507917404
0.0 0.03873170539736748
0.0 0.038771189749240875
0.0 0.03880385681986809
0.0 0.03884048014879227
0.0 0.03889071196317673
0.0 0.038894157856702805
0.0 0.03889450058341026
0.0 0.038896266371011734
0.0 0.03891594335436821
0.0 0.038917046040296555
0.0 0.03897221386432648
0.0 0.03899412602186203
0.0 0.039076510816812515
0.0 0.03912351652979851
0.0 0.03924354538321495
0.0 0.039342887699604034
0.0 0.03939349576830864
0.0 0.03940383344888687
0.0 0.03940509259700775
0.0 0.03940879926085472
0.0 0.03943922743201256
0.0 0.03957558795809746
0.0 0.03957726061344147
0.0 0.03958715498447418
0.0 0.039628494530916214
0.0 0.039683640003204346
0.0 0.039726387709379196
0.0 0.039820071309804916
0.0 0.03985527902841568
0.0 0.03987548127770424
0.0 0.03987782821059227
0.0 0.04001012444496155
0.0 0.04002796858549118
0.0 0.040078699588775635
0.0 0.040148310363292694
0.0 0.040220871567726135
0.0 0.04027903079986572
0.0 0.04029306396842003
0.0 0.040351007133722305
0.0 0.040485553443431854
0.0 0.04059344157576561
0.0 0.04065870866179466
0.0 0.04072920233011246
0.0 0.04076729714870453
0.0 0.04087096452713013
0.0 0.04088909924030304
0.0 0.04092021659016609
0.0 0.040941692888736725
0.0 0.04097352549433708
0.0 0.04097645357251167
0.0 0.0410006009042263
0.0 0.04101588949561119
0.0 0.04103143885731697
0.0 0.041061121970415115
0.0 0.04114661365747452
0.0 0.0411493144929409
0.0 0.04116922244429588
0.0 0.04119012504816055
0.0 0.04122098907828331
0.0 0.0412830114364624
0.0 0.04132726043462753
0.0 0.04135114327073097
0.0 0.041378203779459
0.0 0.041407857090234756
0.0 0.04144090786576271
0.0 0.04148216173052788
0.0 0.04156406596302986
0.0 0.041624199599027634
0.0 0.04165435954928398
0.0 0.04175354167819023
0.0 0.04187208414077759
0.0 0.04190189391374588
0.0 0.04192439839243889
0.0 0.041956909000873566
0.0 0.04199862852692604
0.0 0.042025789618492126
0.0 0.04210074245929718
0.0 0.042241811752319336
0.0 0.04232889041304588
0.0 0.04233081638813019
0.0 0.04237458109855652
0.0 0.042407575994729996
0.0 0.04248613864183426
0.0 0.04250302165746689
0.0 0.04253366217017174
0.0 0.04256659001111984
0.0 0.042613547295331955
0.0 0.0427384078502655
0.0 0.04274531081318855
0.0 0.04302415996789932
0.0 0.04303832724690437
0.0 0.043142061680555344
0.0 0.043290141969919205
0.0 0.04330107942223549
0.0 0.043309520930051804
0.0 0.04340268298983574
0.0 0.04341798275709152
0.0 0.043452098965644836
0.0 0.04345520958304405
0.0 0.04350505769252777
0.0 0.043529510498046875
0.0 0.043578654527664185
0.0 0.04358258098363876
0.0 0.04358569532632828
0.0 0.04358930140733719
0.0 0.04363877326250076
0.0 0.04366748407483101
0.0 0.0437539666891098
0.0 0.04384605586528778
0.0 0.043898630887269974
0.0 0.043931134045124054
0.0 0.0439356192946434
0.0 0.043968766927719116
0.0 0.04400130733847618
0.0 0.044058844447135925
0.0 0.04409134015440941
0.0 0.0441078245639801
0.0 0.04416497051715851
0.0 0.04418058320879936
0.0 0.04419810324907303
0.0 0.04433596879243851
0.0 0.04443233460187912
0.0 0.04446292296051979
0.0 0.04457506909966469
0.0 0.04468255117535591
0.0 0.04475653916597366
0.0 0.044810108840465546
0.0 0.04481896013021469
0.0 0.044850584119558334
0.0 0.044916581362485886
0.0 0.04498502239584923
0.0 0.045115042477846146
0.0 0.04531668499112129
0.0 0.04531672224402428
0.0 0.045334670692682266
0.0 0.04533827677369118
0.0 0.045343708246946335
0.0 0.04538097605109215
0.0 0.045423347502946854
0.0 0.045545272529125214
0.0 0.045569755136966705
0.0 0.04569156840443611
0.0 0.045730628073215485
0.0 0.045829568058252335
0.0 0.04588322341442108
0.0 0.04589107260107994
0.0 0.04596457630395889
0.0 0.045974574983119965
0.0 0.046166736632585526
0.0 0.046182312071323395
0.0 0.04618386924266815
0.0 0.04620686173439026
0.0 0.046301793307065964
0.0 0.04632843658328056
0.0 0.04637761786580086
0.0 0.04638439789414406
0.0 0.0464441291987896
0.0 0.04648972675204277
0.0 0.04663129150867462
0.0 0.04663205146789551
0.0 0.04673478752374649
0.0 0.04675273597240448
0.0 0.046796780079603195
0.0 0.04691388085484505
0.0 0.04697820171713829
0.0 0.0470600426197052
0.0 0.047069013118743896
0.0 0.04708171635866165
0.0 0.04709756374359131
0.0 0.04726666212081909
0.0 0.04728987067937851
0.0 0.047307632863521576
0.0 0.04740157723426819
0.0 0.0474068783223629
0.0 0.04747719690203667
0.0 0.04750114306807518
0.0 0.04751112312078476
0.0 0.047587230801582336
0.0 0.04761046543717384
0.0 0.0476253516972065
0.0 0.047675903886556625
0.0 0.04771551117300987
0.0 0.047754816710948944
0.0 0.0478082150220871
0.0 0.0479678250849247
0.0 0.04796883836388588
0.0 0.04797537624835968
0.0 0.048116203397512436
0.0 0.0481271892786026
0.0 0.048215948045253754
0.0 0.048225510865449905
0.0 0.04824046418070793
0.0 0.04824115335941315
0.0 0.04828765243291855
0.0 0.04828768968582153
0.0 0.04829998314380646
0.0 0.04832036420702934
0.0 0.048350900411605835
0.0 0.048366185277700424
0.0 0.04842307046055794
0.0 0.048467956483364105
0.0 0.048502206802368164
0.0 0.04852386191487312
0.0 0.0486161895096302
0.0 0.048653800040483475
0.0 0.04885504022240639
0.0 0.048868946731090546
0.0 0.04893576726317406
0.0 0.049082159996032715
0.0 0.0490904338657856
0.0 0.04912692680954933
0.0 0.049147967249155045
0.0 0.049157001078128815
0.0 0.04916680231690407
0.0 0.04924851283431053
0.0 0.04927666857838631
0.0 0.04931690916419029
0.0 0.04938074201345444
0.0 0.049426618963479996
0.0 0.049480412155389786
0.0 0.04959568381309509
0.0 0.04965152591466904
0.0 0.04975961148738861
0.0 0.04976297542452812
0.0 0.0497681125998497
0.0 0.049853723496198654
0.0 0.04994012787938118
0.0 0.04994555935263634
0.0 0.04997442290186882
0.0 0.049986355006694794
0.0 0.05006450042128563
0.0 0.05012538284063339
0.0 0.050161730498075485
0.0 0.05023588985204697
0.0 0.050242383033037186
0.0 0.05024757236242294
0.0 0.05057991296052933
0.0 0.05059826746582985
0.0 0.05061011016368866
0.0 0.05068733170628548
0.0 0.05077807605266571
0.0 0.050974465906620026
0.0 0.05104799568653107
0.0 0.051288072019815445
0.0 0.051299743354320526
0.0 0.05168422311544418
0.0 0.051912397146224976
0.0 0.05196067690849304
0.0 0.052162010222673416
0.0 0.0522000752389431
0.0 0.052332982420921326
0.0 0.05233790725469589
0.0 0.05245327204465866
0.0 0.05249478667974472
0.0 0.05258752033114433
0.0 0.05273035913705826
0.0 0.05274885892868042
0.0 0.052807148545980453
0.0 0.052865274250507355
0.0 0.0529918409883976
0.0 0.05307172238826752
0.0 0.05332661792635918
0.0 0.05343727022409439
0.0 0.0534496083855629
0.0 0.053675904870033264
0.0 0.05375420302152634
0.0 0.05381263419985771
0.0 0.053946737200021744
0.0 0.05400396138429642
0.0 0.05406311899423599
0.0 0.05416492745280266
0.0 0.05418192967772484
0.0 0.05424318090081215
0.0 0.05482257530093193
0.0 0.05483612045645714
0.0 0.055120501667261124
0.0 0.05552069470286369
0.0 0.05559428781270981
0.0 0.0557609498500824
0.0 0.0558183528482914
0.0 0.05583978444337845
0.0 0.05588355287909508
0.0 0.055884551256895065
0.0 0.05620891973376274
0.0 0.05624599754810333
0.0 0.056313950568437576
0.0 0.056420572102069855
0.0 0.05643640458583832
0.0 0.056633345782756805
0.0 0.0568256638944149
0.0 0.056986212730407715
0.0 0.05716017261147499
0.0 0.057339198887348175
0.0 0.057776421308517456
0.0 0.057868681848049164
0.0 0.05797934532165527
0.0 0.05810628458857536
0.0 0.05811154469847679
0.0 0.05883898586034775
0.0 0.05913376808166504
0.0 0.059224002063274384
0.0 0.05931637063622475
0.0 0.05964484438300133
0.0 0.06026840955018997
0.0 0.06044250726699829
0.0 0.060965124517679214
0.0 0.0616060346364975
0.0 0.06203112006187439
0.0 0.06229240819811821
0.0 0.0625118762254715
0.0 0.06482739746570587
0.0 0.06604272127151489
0.0 0.06755165010690689
0.0 0.0682847797870636
0.0 0.07021180540323257
0.0 0.07090558856725693
0.0 0.07601968944072723
0.0 0.07615620642900467
0.0 0.08058195561170578
0.0 0.08327282220125198
0.0 0.083666130900383
0.0 0.08593466132879257
0.0 0.0881849005818367
0.0 0.09209037572145462
0.0 0.09619598835706711
0.0 0.09747444838285446
0.0 inf
