0.0 0.0312618687748909
0.0 0.034183189272880554
0.0 0.04020433872938156
0.0 0.04149077460169792
0.0 0.041804131120443344
0.0 0.041862133890390396
0.0 0.04217373579740524
0.0 0.04229775816202164
0.0 0.0423617959022522
0.0 0.042680978775024414
0.0 0.042768169194459915
0.0 0.04298068955540657
0.0 0.04394671693444252
0.0 0.04426741600036621
0.0 0.0443100780248642
0.0 0.04455648362636566
0.0 0.04458586126565933
0.0 0.04482918232679367
0.0 0.04484407976269722
0.0 0.04495237022638321
0.0 0.045109640806913376
0.0 0.04518040269613266
0.0 0.04527745395898819
0.0 0.0457674078643322
0.0 0.04588276892900467
0.0 0.04590816795825958
0.0 0.04607566073536873
0.0 0.04653601348400116
0.0 0.046593789011240005
0.0 0.04732828214764595
0.0 0.047524064779281616
0.0 0.047750961035490036
0.0 0.047884006053209305
0.0 0.0480843186378479
0.0 0.04843973368406296
0.0 0.048527006059885025
0.0 0.04857024550437927
0.0 0.04865073412656784
0.0 0.04880782589316368
0.0 0.04894980788230896
0.0 0.04895542189478874
0.0 0.049036167562007904
0.0 0.049155838787555695
0.0 0.04923693463206291
0.0 0.04927951470017433
0.0 0.049481622874736786
0.0 0.04948782920837402
0.0 0.04952289164066315
0.0 0.04953765124082565
0.0 0.04956192150712013
0.0 0.049564994871616364
0.0 0.04956590756773949
0.0 0.049594275653362274
0.0 0.04989631474018097
0.0 0.04992794990539551
0.0 0.049928124994039536
0.0 0.05004563927650452
0.0 0.05010319873690605
0.0 0.05010508373379707
0.0 0.050124574452638626
0.0 0.05037530139088631
0.0 0.05071946978569031
0.0 0.050814710557460785
0.0 0.05097903683781624
0.0 0.051375824958086014
0.0 0.05168357118964195
0.0 0.051763422787189484
0.0 0.05177108198404312
0.0 0.051791951060295105
0.0 0.05183328315615654
0.0 0.05192181468009949
0.0 0.05192976072430611
0.0 0.05199388042092323
0.0 0.05202772095799446
0.0 0.05205328017473221
0.0 0.05205734446644783
0.0 0.05218471959233284
0.0 0.05222184211015701
0.0 0.05253338813781738
0.0 0.052645910531282425
0.0 0.05266204848885536
0.0 0.05273674428462982
0.0 0.05284569412469864
0.0 0.05307607352733612
0.0 0.05317734181880951
0.0 0.05344114452600479
0.0 0.05351869761943817
0.0 0.05366327986121178
0.0 0.0537356361746788
0.0 0.053769271820783615
0.0 0.05382654443383217
0.0 0.05391016975045204
0.0 0.05391717702150345
0.0 0.05393209308385849
0.0 0.053953975439071655
0.0 0.053965408354997635
0.0 0.05397249013185501
0.0 0.05397579073905945
0.0 0.054253846406936646
0.0 0.054317981004714966
0.0 0.054377105087041855
0.0 0.05441770330071449
0.0 0.05453205108642578
0.0 0.05473903939127922
0.0 0.05477757379412651
0.0 0.05486704409122467
0.0 0.055051568895578384
0.0 0.05507604032754898
0.0 0.05520544946193695
0.0 0.05523350462317467
0.0 0.05525548756122589
0.0 0.05529436841607094
0.0 0.055378399789333344
0.0 0.05539887398481369
0.0 0.05539943650364876
0.0 0.05544034391641617
0.0 0.05566748231649399
0.0 0.05577825754880905
0.0 0.05580649524927139
0.0 0.05590096861124039
0.0 0.056014589965343475
0.0 0.056047387421131134
0.0 0.0561545193195343
0.0 0.05617064982652664
0.0 0.056296225637197495
0.0 0.05638842284679413
0.0 0.05639343336224556
0.0 0.05639900267124176
0.0 0.0564211830496788
0.0 0.05646870657801628
0.0 0.056576550006866455
0.0 0.056722529232501984
0.0 0.056738924235105515
0.0 0.056774161756038666
0.0 0.05682373046875
0.0 0.05682428553700447
0.0 0.05683697760105133
0.0 0.05690000578761101
0.0 0.0569593608379364
0.0 0.057290516793727875
0.0 0.05735265463590622
0.0 0.057357825338840485
0.0 0.05739917606115341
0.0 0.057485926896333694
0.0 0.057520538568496704
0.0 0.05761803686618805
0.0 0.057671789079904556
0.0 0.05768651142716408
0.0 0.0576966367661953
0.0 0.05779843404889107
0.0 0.057992368936538696
0.0 0.05799632892012596
0.0 0.05813121050596237
0.0 0.05815672501921654
0.0 0.05822018161416054
0.0 0.05828452855348587
0.0 0.058296747505664825
0.0 0.058425191789865494
0.0 0.058488987386226654
0.0 0.05859007686376572
0.0 0.05865570902824402
0.0 0.05872822180390358
0.0 0.058781947940588
0.0 0.05881655216217041
0.0 0.05884195491671562
0.0 0.05889226868748665
0.0 0.05892946198582649
0.0 0.05900018289685249
0.0 0.05914352834224701
0.0 0.059273622930049896
0.0 0.059445060789585114
0.0 0.059453003108501434
0.0 0.05945677310228348
0.0 0.05950581282377243
0.0 0.05951264500617981
0.0 0.059542834758758545
0.0 0.05962367728352547
0.0 0.05962501838803291
0.0 0.05973225086927414
0.0 0.05976971238851547
0.0 0.05996242165565491
0.0 0.059983983635902405
0.0 0.06012501195073128
0.0 0.06013132631778717
0.0 0.06014423072338104
0.0 0.06021120771765709
0.0 0.06024840474128723
0.0 0.06032136082649231
0.0 0.060502998530864716
0.0 0.06058626249432564
0.0 0.06059996038675308
0.0 0.06086890026926994
0.0 0.06086977571249008
0.0 0.060893844813108444
0.0 0.06097825616598129
0.0 0.06112002208828926
0.0 0.0612201988697052
0.0 0.06126794591546059
0.0 0.061270520091056824
0.0 0.06147610396146774
0.0 0.06154954433441162
0.0 0.06158587709069252
0.0 0.06158927455544472
0.0 0.06167484074831009
0.0 0.06179187446832657
0.0 0.0618027001619339
0.0 0.06191760674118996
0.0 0.06196635216474533
0.0 0.06200384721159935
0.0 0.062096837908029556
0.0 0.06210186704993248
0.0 0.06214691326022148
0.0 0.06215785816311836
0.0 0.062164224684238434
0.0 0.06224057078361511
0.0 0.062266118824481964
0.0 0.06241346523165703
0.0 0.06248395889997482
0.0 0.06252101808786392
0.0 0.06256953626871109
0.0 0.06262315064668655
0.0 0.06264098733663559
0.0 0.06266240030527115
0.0 0.06267788261175156
0.0 0.06275121122598648
0.0 0.06277652084827423
0.0 0.06294174492359161
0.0 0.0629713386297226
0.0 0.06297210603952408
0.0 0.0631411075592041
0.0 0.0631798580288887
0.0 0.06327822059392929
0.0 0.06348148733377457
0.0 0.06363280117511749
0.0 0.06373503059148788
0.0 0.0638255625963211
0.0 0.0640324279665947
0.0 0.06405817717313766
0.0 0.06407707184553146
0.0 0.0640876293182373
0.0 0.06418770551681519
0.0 0.06422729045152664
0.0 0.06423087418079376
0.0 0.06423768401145935
0.0 0.06427201628684998
0.0 0.06436923146247864
0.0 0.06436964869499207
0.0 0.06440533697605133
0.0 0.06449787318706512
0.0 0.06453567743301392
0.0 0.06463652104139328
0.0 0.06469188630580902
0.0 0.06470923125743866
0.0 0.06473353505134583
0.0 0.06475137919187546
0.0 0.06481592357158661
0.0 0.06483124196529388
0.0 0.06487347185611725
0.0 0.06501320004463196
0.0 0.06502183526754379
0.0 0.06504391878843307
0.0 0.06512555480003357
0.0 0.06515803933143616
0.0 0.0653277337551117
0.0 0.06552959978580475
0.0 0.06558144092559814
0.0 0.06558386981487274
0.0 0.06560930609703064
0.0 0.06565940380096436
0.0 0.06567319482564926
0.0 0.06567839533090591
0.0 0.06575845181941986
0.0 0.06586256623268127
0.0 0.06587398052215576
0.0 0.06597403436899185
0.0 0.06599811464548111
0.0 0.06601167470216751
0.0 0.06609104573726654
0.0 0.06615649163722992
0.0 0.06624960154294968
0.0 0.06625331938266754
0.0 0.0664239302277565
0.0 0.06659501045942307
0.0 0.06666717678308487
0.0 0.0667157918214798
0.0 0.06692840903997421
0.0 0.06702398508787155
0.0 0.06711787730455399
0.0 0.06714387983083725
0.0 0.06715270131826401
0.0 0.06721000373363495
0.0 0.06729098409414291
0.0 0.06735599786043167
0.0 0.06762756407260895
0.0 0.06766509264707565
0.0 0.06780393421649933
0.0 0.06785324215888977
0.0 0.06790035963058472
0.0 0.06796400249004364
0.0 0.06804358959197998
0.0 0.06805942952632904
0.0 0.06809953600168228
0.0 0.06819174438714981
0.0 0.068352110683918
0.0 0.06845641881227493
0.0 0.06850752979516983
0.0 0.06855954974889755
0.0 0.06870217621326447
0.0 0.06870640814304352
0.0 0.06874460726976395
0.0 0.06875205785036087
0.0 0.06905040889978409
0.0 0.06912708282470703
0.0 0.06924626231193542
0.0 0.0693330243229866
0.0 0.06935738772153854
0.0 0.06939268112182617
0.0 0.06946804374456406
0.0 0.06951157748699188
0.0 0.06961715221405029
0.0 0.06965699791908264
0.0 0.06978882849216461
0.0 0.0697891116142273
0.0 0.06987045705318451
0.0 0.0701240673661232
0.0 0.07012579590082169
0.0 0.07016732543706894
0.0 0.07024488598108292
0.0 0.07025273144245148
0.0 0.07038336992263794
0.0 0.07050564885139465
0.0 0.07052760571241379
0.0 0.07061245292425156
0.0 0.07077834010124207
0.0 0.07081816345453262
0.0 0.07101234048604965
0.0 0.07119457423686981
0.0 0.07119528204202652
0.0 0.07124338299036026
0.0 0.07126206904649734
0.0 0.07145360857248306
0.0 0.07147611677646637
0.0 0.07148963212966919
0.0 0.07166669517755508
0.0 0.07180455327033997
0.0 0.07190781086683273
0.0 0.0719667300581932
0.0 0.07201825827360153
0.0 0.07203362137079239
0.0 0.07213669270277023
0.0 0.07219480723142624
0.0 0.0721992552280426
0.0 0.07223742455244064
0.0 0.07228025048971176
0.0 0.07228070497512817
0.0 0.07233056426048279
0.0 0.07239381223917007
0.0 0.07243101298809052
0.0 0.07261677831411362
0.0 0.07276690006256104
0.0 0.07280915975570679
0.0 0.07284152507781982
0.0 0.07286466658115387
0.0 0.07296507060527802
0.0 0.07302400469779968
0.0 0.07302668690681458
0.0 0.07308006286621094
0.0 0.07313551008701324
0.0 0.0733816847205162
0.0 0.07349725812673569
0.0 0.07354933768510818
0.0 0.07362382858991623
0.0 0.07387761026620865
0.0 0.07443515211343765
0.0 0.07467011362314224
0.0 0.07467953115701675
0.0 0.07485309988260269
0.0 0.07495208084583282
0.0 0.07498957961797714
0.0 0.07523329555988312
0.0 0.0752696841955185
0.0 0.07554340362548828
0.0 0.07556478679180145
0.0 0.07566830515861511
0.0 0.07572459429502487
0.0 0.07595941424369812
0.0 0.0761374905705452
0.0 0.07624410837888718
0.0 0.0764407068490982
0.0 0.07657275348901749
0.0 0.0767989307641983
0.0 0.07709728181362152
0.0 0.07733103632926941
0.0 0.07734432071447372
0.0 0.07740416377782822
0.0 0.07775542885065079
0.0 0.07788200676441193
0.0 0.07796451449394226
0.0 0.07797841727733612
0.0 0.07803282886743546
0.0 0.07810579240322113
0.0 0.07812672108411789
0.0 0.07834126800298691
0.0 0.0783807709813118
0.0 0.07841198146343231
0.0 0.07844904810190201
0.0 0.07855293899774551
0.0 0.07872263342142105
0.0 0.07875093817710876
0.0 0.07879303395748138
0.0 0.0791679322719574
0.0 0.07930661737918854
0.0 0.07967989891767502
0.0 0.07972466945648193
0.0 0.07989449054002762
0.0 0.0799417570233345
0.0 0.0799974575638771
0.0 0.08020742982625961
0.0 0.08032087236642838
0.0 0.08073513954877853
0.0 0.08077777922153473
0.0 0.08092447370290756
0.0 0.08092586696147919
0.0 0.08096294850111008
0.0 0.08104447275400162
0.0 0.08104924112558365
0.0 0.0810823068022728
0.0 0.08119024336338043
0.0 0.08150749653577805
0.0 0.08154996484518051
0.0 0.08161988854408264
0.0 0.08175145834684372
0.0 0.081942617893219
0.0 0.08204569667577744
0.0 0.08226902037858963
0.0 0.08231692761182785
0.0 0.08257203549146652
0.0 0.08257242292165756
0.0 0.08295433968305588
0.0 0.0829973816871643
0.0 0.08300396054983139
0.0 0.08312170207500458
0.0 0.08340807259082794
0.0 0.08349872380495071
0.0 0.08351162075996399
0.0 0.0835350900888443
0.0 0.08375867456197739
0.0 0.08393783867359161
0.0 0.0839451402425766
0.0 0.08394762128591537
0.0 0.0842643454670906
0.0 0.0846220850944519
0.0 0.08468882739543915
0.0 0.08489622920751572
0.0 0.0849655345082283
0.0 0.08515088260173798
0.0 0.08521977812051773
0.0 0.08529692888259888
0.0 0.08551381528377533
0.0 0.08612435311079025
0.0 0.0864526703953743
0.0 0.08652845025062561
0.0 0.08656435459852219
0.0 0.08658797293901443
0.0 0.08718909323215485
0.0 0.08732220530509949
0.0 0.08760643005371094
0.0 0.08793435245752335
0.0 0.08867758512496948
0.0 0.08869572728872299
0.0 0.0892639234662056
0.0 0.08926667273044586
0.0 0.08944934606552124
0.0 0.09006261825561523
0.0 0.09009283781051636
0.0 0.09011311829090118
0.0 0.09030888229608536
0.0 0.09033358097076416
0.0 0.09047821909189224
0.0 0.09065786749124527
0.0 0.09092215448617935
0.0 0.09122097492218018
0.0 0.09122403711080551
0.0 0.09128933399915695
0.0 0.09142819046974182
0.0 0.0917384997010231
0.0 0.09185494482517242
0.0 0.0919777974486351
0.0 0.09278737008571625
0.0 0.09290414303541183
0.0 0.09304564446210861
0.0 0.09357351064682007
0.0 0.09365131705999374
0.0 0.0942583829164505
0.0 0.09526633471250534
0.0 0.09542962163686752
0.0 0.09556812047958374
0.0 0.09651647508144379
0.0 0.0972171276807785
0.0 0.0996125191450119
0.0 0.09965096414089203
0.0 0.10067714750766754
0.0 0.10070998221635818
0.0 0.1010490357875824
0.0 0.10234855860471725
0.0 0.10256479680538177
0.0 0.10453551262617111
0.0 0.10498852282762527
0.0 0.12493939697742462
0.0 0.12853921949863434
0.0 0.1323421746492386
0.0 inf
