0.0 0.03547198325395584
0.0 0.036465518176555634
0.0 0.037541262805461884
0.0 0.03835470601916313
0.0 0.04000668600201607
0.0 0.041221022605895996
0.0 0.041614871472120285
0.0 0.04188612475991249
0.0 0.041995737701654434
0.0 0.042317744344472885
0.0 0.04241873696446419
0.0 0.04260618984699249
0.0 0.04262016341090202
0.0 0.04341050982475281
0.0 0.043477900326251984
0.0 0.04378268122673035
0.0 0.044064369052648544
0.0 0.04409000277519226
0.0 0.044262614101171494
0.0 0.04459332302212715
0.0 0.044654641300439835
0.0 0.04499760642647743
0.0 0.045139379799366
0.0 0.04520935192704201
0.0 0.045503683388233185
0.0 0.0460406094789505
0.0 0.04659947752952576
0.0 0.04663950204849243
0.0 0.04666154831647873
0.0 0.04667643457651138
0.0 0.04703370854258537
0.0 0.04716036468744278
0.0 0.04725021496415138
0.0 0.047326501458883286
0.0 0.04742211848497391
0.0 0.04747174680233002
0.0 0.04763486236333847
0.0 0.047690749168395996
0.0 0.04780859872698784
0.0 0.04794631153345108
0.0 0.04839170724153519
0.0 0.048404548317193985
0.0 0.048408374190330505
0.0 0.04842299968004227
0.0 0.04844419285655022
0.0 0.04847878962755203
0.0 0.04881599172949791
0.0 0.04884855076670647
0.0 0.04893225431442261
0.0 0.0490582212805748
0.0 0.049335625022649765
0.0 0.049431826919317245
0.0 0.049479659646749496
0.0 0.04954679682850838
0.0 0.049577850848436356
0.0 0.0496334508061409
0.0 0.04967072606086731
0.0 0.049702249467372894
0.0 0.049751974642276764
0.0 0.049760717898607254
0.0 0.04977819696068764
0.0 0.04991621524095535
0.0 0.04996718466281891
0.0 0.04996918514370918
0.0 0.05000164359807968
0.0 0.05007418245077133
0.0 0.05012202635407448
0.0 0.05035668984055519
0.0 0.050380852073431015
0.0 0.05054894834756851
0.0 0.05057037994265556
0.0 0.05086468532681465
0.0 0.050937239080667496
0.0 0.05098716542124748
0.0 0.05102032423019409
0.0 0.05114470794796944
0.0 0.05115250498056412
0.0 0.05116434395313263
0.0 0.05157735198736191
0.0 0.051638610661029816
0.0 0.05171903967857361
0.0 0.05177176743745804
0.0 0.05178527906537056
0.0 0.05178818106651306
0.0 0.05180579796433449
0.0 0.05191044136881828
0.0 0.05194341763854027
0.0 0.051958221942186356
0.0 0.05199926719069481
0.0 0.05217012017965317
0.0 0.05220113322138786
0.0 0.052218396216630936
0.0 0.05229918658733368
0.0 0.05237092077732086
0.0 0.05244286358356476
0.0 0.0524744912981987
0.0 0.0525190643966198
0.0 0.05257260054349899
0.0 0.052691780030727386
0.0 0.05276324227452278
0.0 0.0527842678129673
0.0 0.05290206894278526
0.0 0.05301385000348091
0.0 0.05304098129272461
0.0 0.05310133099555969
0.0 0.05313733592629433
0.0 0.05323448404669762
0.0 0.0532476045191288
0.0 0.05337819829583168
0.0 0.05340437963604927
0.0 0.053444258868694305
0.0 0.0534636527299881
0.0 0.053493525832891464
0.0 0.053531017154455185
0.0 0.0535566583275795
0.0 0.053563669323921204
0.0 0.0537886843085289
0.0 0.05381268635392189
0.0 0.05395401269197464
0.0 0.05398479476571083
0.0 0.05398530140519142
0.0 0.0541398748755455
0.0 0.05413999408483505
0.0 0.054148491472005844
0.0 0.054242487996816635
0.0 0.054517246782779694
0.0 0.05453517660498619
0.0 0.054607030004262924
0.0 0.05466318503022194
0.0 0.054668210446834564
0.0 0.054744865745306015
0.0 0.05476827174425125
0.0 0.05477575585246086
0.0 0.05486085265874863
0.0 0.05487002804875374
0.0 0.055031657218933105
0.0 0.055044420063495636
0.0 0.05509849637746811
0.0 0.05511732026934624
0.0 0.055243197828531265
0.0 0.05528746545314789
0.0 0.055378466844558716
0.0 0.055423710495233536
0.0 0.05545494705438614
0.0 0.05568348988890648
0.0 0.05575357377529144
0.0 0.055762890726327896
0.0 0.05579032748937607
0.0 0.055970266461372375
0.0 0.05598364397883415
0.0 0.05611063912510872
0.0 0.056118693202733994
0.0 0.05614538490772247
0.0 0.05622933432459831
0.0 0.056235648691654205
0.0 0.05627061799168587
0.0 0.05628185719251633
0.0 0.05630169436335564
0.0 0.05631958320736885
0.0 0.05637270212173462
0.0 0.05645829439163208
0.0 0.056511860340833664
0.0 0.05657998099923134
0.0 0.05660194903612137
0.0 0.05660533905029297
0.0 0.05693444237112999
0.0 0.056960124522447586
0.0 0.057036690413951874
0.0 0.05713138356804848
0.0 0.05715293437242508
0.0 0.05731702223420143
0.0 0.05733500048518181
0.0 0.05736566707491875
0.0 0.057390209287405014
0.0 0.05740606039762497
0.0 0.057502150535583496
0.0 0.05751717463135719
0.0 0.05756862461566925
0.0 0.057609278708696365
0.0 0.057654500007629395
0.0 0.05765926465392113
0.0 0.05775060877203941
0.0 0.05779513716697693
0.0 0.05781694874167442
0.0 0.057916998863220215
0.0 0.057919953018426895
0.0 0.0579431913793087
0.0 0.05832388624548912
0.0 0.05837901681661606
0.0 0.058382585644721985
0.0 0.05841390788555145
0.0 0.05841965600848198
0.0 0.05845414474606514
0.0 0.05846434459090233
0.0 0.05851772800087929
0.0 0.058560602366924286
0.0 0.05864337459206581
0.0 0.05869587883353233
0.0 0.058706700801849365
0.0 0.05875242128968239
0.0 0.058758798986673355
0.0 0.05883251875638962
0.0 0.058896634727716446
0.0 0.058971211314201355
0.0 0.058979183435440063
0.0 0.05899383872747421
0.0 0.05902831628918648
0.0 0.059041187167167664
0.0 0.05904838815331459
0.0 0.05909920856356621
0.0 0.05938778445124626
0.0 0.05940690636634827
0.0 0.05944203585386276
0.0 0.059457387775182724
0.0 0.05947105213999748
0.0 0.059487391263246536
0.0 0.05950864031910896
0.0 0.059562183916568756
0.0 0.05957498773932457
0.0 0.05971255153417587
0.0 0.05993829295039177
0.0 0.05994733050465584
0.0 0.0601181760430336
0.0 0.06022779271006584
0.0 0.06029480695724487
0.0 0.060299746692180634
0.0 0.06030479818582535
0.0 0.06033317744731903
0.0 0.060366567224264145
0.0 0.060370948165655136
0.0 0.060383208096027374
0.0 0.06042918935418129
0.0 0.06043380871415138
0.0 0.060477595776319504
0.0 0.06054849922657013
0.0 0.060609981417655945
0.0 0.06061335280537605
0.0 0.06065123528242111
0.0 0.06092293933033943
0.0 0.06102496758103371
0.0 0.06102914363145828
0.0 0.06104876846075058
0.0 0.06114853173494339
0.0 0.061517827212810516
0.0 0.0616229884326458
0.0 0.061710458248853683
0.0 0.061716228723526
0.0 0.06172822788357735
0.0 0.06176699325442314
0.0 0.06178639456629753
0.0 0.06178997829556465
0.0 0.06197618693113327
0.0 0.06207398697733879
0.0 0.062092263251543045
0.0 0.06219840422272682
0.0 0.0622691884636879
0.0 0.06238221377134323
0.0 0.06239631026983261
0.0 0.0624404102563858
0.0 0.06250154227018356
0.0 0.06253841519355774
0.0 0.06254395842552185
0.0 0.06262290477752686
0.0 0.06270544975996017
0.0 0.06294335424900055
0.0 0.06295399367809296
0.0 0.06303591281175613
0.0 0.06304872035980225
0.0 0.06315585225820541
0.0 0.0631641149520874
0.0 0.06319427490234375
0.0 0.06330668181180954
0.0 0.06337699294090271
0.0 0.06368716061115265
0.0 0.06369061022996902
0.0 0.06377233564853668
0.0 0.06408285349607468
0.0 0.06412704288959503
0.0 0.06423772871494293
0.0 0.06426315009593964
0.0 0.06430207192897797
0.0 0.0643979087471962
0.0 0.06440914422273636
0.0 0.06451496481895447
0.0 0.0645458847284317
0.0 0.0645599290728569
0.0 0.06466522067785263
0.0 0.06466709077358246
0.0 0.06467995792627335
0.0 0.06481502205133438
0.0 0.06481961160898209
0.0 0.06490524113178253
0.0 0.06497783958911896
0.0 0.06502573192119598
0.0 0.06524769216775894
0.0 0.06541459262371063
0.0 0.06541647017002106
0.0 0.06546495854854584
0.0 0.06559940427541733
0.0 0.06559990346431732
0.0 0.06560733169317245
0.0 0.06576919555664062
0.0 0.06577285379171371
0.0 0.06591986864805222
0.0 0.06594022363424301
0.0 0.06606641411781311
0.0 0.06617017835378647
0.0 0.06619228422641754
0.0 0.06622011959552765
0.0 0.06622327864170074
0.0 0.06622429192066193
0.0 0.06630005687475204
0.0 0.06640280038118362
0.0 0.06645696610212326
0.0 0.0665741041302681
0.0 0.06661371141672134
0.0 0.06675968319177628
0.0 0.06678856909275055
0.0 0.06682675331830978
0.0 0.06683195382356644
0.0 0.06693268567323685
0.0 0.06697601824998856
0.0 0.06706217676401138
0.0 0.06708715856075287
0.0 0.06712041050195694
0.0 0.0672714039683342
0.0 0.06735244393348694
0.0 0.06754276156425476
0.0 0.06756655871868134
0.0 0.06763876229524612
0.0 0.06769374012947083
0.0 0.06770355999469757
0.0 0.0677158311009407
0.0 0.0678008571267128
0.0 0.06789948791265488
0.0 0.06790255010128021
0.0 0.06803224235773087
0.0 0.06821292638778687
0.0 0.06824833154678345
0.0 0.06828613579273224
0.0 0.06845869868993759
0.0 0.0685158297419548
0.0 0.06853815168142319
0.0 0.06860264390707016
0.0 0.06875497102737427
0.0 0.06879479438066483
0.0 0.06879518181085587
0.0 0.0688670426607132
0.0 0.06891488283872604
0.0 0.06892542541027069
0.0 0.06899590790271759
0.0 0.06900224834680557
0.0 0.06918267160654068
0.0 0.06926383078098297
0.0 0.06929915398359299
0.0 0.0693306252360344
0.0 0.06969201564788818
0.0 0.06979766488075256
0.0 0.06983468681573868
0.0 0.0698636844754219
0.0 0.07000727951526642
0.0 0.07002163678407669
0.0 0.07005710154771805
0.0 0.07006949931383133
0.0 0.07016034424304962
0.0 0.07023528218269348
0.0 0.07032088935375214
0.0 0.07051997631788254
0.0 0.07053770124912262
0.0 0.0706457868218422
0.0 0.07078290730714798
0.0 0.07079259306192398
0.0 0.07124795764684677
0.0 0.07126259803771973
0.0 0.07127673178911209
0.0 0.07158401608467102
0.0 0.0716104581952095
0.0 0.07168058305978775
0.0 0.07168684154748917
0.0 0.07188914716243744
0.0 0.07230117172002792
0.0 0.07240499556064606
0.0 0.07263895869255066
0.0 0.07266076654195786
0.0 0.07266656309366226
0.0 0.07268285751342773
0.0 0.07269274443387985
0.0 0.07315724343061447
0.0 0.07323948293924332
0.0 0.07335031032562256
0.0 0.073434017598629
0.0 0.0734667107462883
0.0 0.0736595094203949
0.0 0.0736815556883812
0.0 0.07370562851428986
0.0 0.07380479574203491
0.0 0.07396245747804642
0.0 0.0740034431219101
0.0 0.07407164573669434
0.0 0.07416436076164246
0.0 0.07451603561639786
0.0 0.07454436272382736
0.0 0.07485566288232803
0.0 0.07491863518953323
0.0 0.07498951256275177
0.0 0.0749984085559845
0.0 0.07515053451061249
0.0 0.07532085478305817
0.0 0.07533986121416092
0.0 0.07547561079263687
0.0 0.07553337514400482
0.0 0.07554420828819275
0.0 0.07572732865810394
0.0 0.07615914195775986
0.0 0.07625066488981247
0.0 0.07645522803068161
0.0 0.07654598355293274
0.0 0.07667511701583862
0.0 0.07680878788232803
0.0 0.07697085291147232
0.0 0.07768543064594269
0.0 0.07770301401615143
0.0 0.07785259187221527
0.0 0.07807289063930511
0.0 0.07855487614870071
0.0 0.07870293408632278
0.0 0.0787426009774208
0.0 0.07876722514629364
0.0 0.0788000300526619
0.0 0.07884383946657181
0.0 0.07889716327190399
0.0 0.07891695946455002
0.0 0.07908812910318375
0.0 0.07913799583911896
0.0 0.07923907041549683
0.0 0.07945876568555832
0.0 0.07948560267686844
0.0 0.0796913132071495
0.0 0.07973462343215942
0.0 0.07974913716316223
0.0 0.07999197393655777
0.0 0.08055505156517029
0.0 0.08066319674253464
0.0 0.08104860782623291
0.0 0.08126720786094666
0.0 0.08149369806051254
0.0 0.08152444660663605
0.0 0.08157393336296082
0.0 0.0816701129078865
0.0 0.08201543241739273
0.0 0.08215799182653427
0.0 0.08244601637125015
0.0 0.08260466158390045
0.0 0.08276236802339554
0.0 0.08285096287727356
0.0 0.08301103860139847
0.0 0.08302447944879532
0.0 0.08307008445262909
0.0 0.08326929807662964
0.0 0.08334138244390488
0.0 0.08339856564998627
0.0 0.083417609333992
0.0 0.08345812559127808
0.0 0.08356326073408127
0.0 0.0836293175816536
0.0 0.08375755697488785
0.0 0.08391305804252625
0.0 0.08423906564712524
0.0 0.08439939469099045
0.0 0.0845983624458313
0.0 0.08506821095943451
0.0 0.08510778844356537
0.0 0.08532416075468063
0.0 0.08618497848510742
0.0 0.08631343394517899
0.0 0.08753598481416702
0.0 0.08782491832971573
0.0 0.08786996454000473
0.0 0.08804728090763092
0.0 0.08855536580085754
0.0 0.08857542276382446
0.0 0.08915513753890991
0.0 0.09020770341157913
0.0 0.09039374440908432
0.0 0.09056849777698517
0.0 0.09109819680452347
0.0 0.09187186509370804
0.0 0.09309905022382736
0.0 0.09313268214464188
0.0 0.09345974773168564
0.0 0.09367728978395462
0.0 0.09412491321563721
0.0 0.0942797139286995
0.0 0.09464651346206665
0.0 0.0951174944639206
0.0 0.09557066857814789
0.0 0.09655362367630005
0.0 0.09660746902227402
0.0 0.09688577800989151
0.0 0.09762353450059891
0.0 0.10078463703393936
0.0 0.10100778937339783
0.0 0.10219258069992065
0.0 0.1032707542181015
0.0 0.10355260968208313
0.0 0.10406526923179626
0.0 0.10593398660421371
0.0 0.10646767914295197
0.0 0.10952936857938766
0.0 0.11143053323030472
0.0 0.11209338158369064
0.0 inf
