0.0 0.03414968401193619
0.0 0.037253495305776596
0.0 0.03825074061751366
0.0 0.039216797798871994
0.0 0.03955981880426407
0.0 0.04040450230240822
0.0 0.040810491889715195
0.0 0.040935974568128586
0.0 0.04140731319785118
0.0 0.041547857224941254
0.0 0.041842810809612274
0.0 0.042031578719615936
0.0 0.04235243424773216
0.0 0.042371444404125214
0.0 0.04252464696764946
0.0 0.04285767674446106
0.0 0.04311544820666313
0.0 0.04315230995416641
0.0 0.04362281784415245
0.0 0.043642617762088776
0.0 0.043800003826618195
0.0 0.04389213025569916
0.0 0.04397892951965332
0.0 0.04408871382474899
0.0 0.044212378561496735
0.0 0.04430082440376282
0.0 0.04431997984647751
0.0 0.04436173662543297
0.0 0.044399138540029526
0.0 0.044712863862514496
0.0 0.04480977728962898
0.0 0.04486953839659691
0.0 0.044896118342876434
0.0 0.045092400163412094
0.0 0.04515030235052109
0.0 0.04517620801925659
0.0 0.045411620289087296
0.0 0.04543608799576759
0.0 0.04562588408589363
0.0 0.04575318470597267
0.0 0.045843455940485
0.0 0.04599502682685852
0.0 0.046193111687898636
0.0 0.04621231183409691
0.0 0.04630844667553902
0.0 0.046344514936208725
0.0 0.04646113142371178
0.0 0.04647621512413025
0.0 0.0467502661049366
0.0 0.04682933911681175
0.0 0.04694830998778343
0.0 0.0470111146569252
0.0 0.047048915177583694
0.0 0.047076884657144547
0.0 0.047174446284770966
0.0 0.04722519591450691
0.0 0.04724600538611412
0.0 0.047246940433979034
0.0 0.04725654795765877
0.0 0.047303155064582825
0.0 0.04733051732182503
0.0 0.047459378838539124
0.0 0.04753557965159416
0.0 0.04762781411409378
0.0 0.047723494470119476
0.0 0.04773203283548355
0.0 0.04774148017168045
0.0 0.04775566607713699
0.0 0.04776821658015251
0.0 0.04776949808001518
0.0 0.047805193811655045
0.0 0.047924187034368515
0.0 0.048007454723119736
0.0 0.048019178211688995
0.0 0.048022568225860596
0.0 0.04802769050002098
0.0 0.04802946373820305
0.0 0.04806317761540413
0.0 0.04817134514451027
0.0 0.04819931089878082
0.0 0.04830916225910187
0.0 0.04831267148256302
0.0 0.04831700026988983
0.0 0.04833747446537018
0.0 0.0484098382294178
0.0 0.04841166362166405
0.0 0.0484132319688797
0.0 0.048443254083395004
0.0 0.04846043512225151
0.0 0.04853987693786621
0.0 0.048779815435409546
0.0 0.048798877745866776
0.0 0.04885842651128769
0.0 0.048954326659440994
0.0 0.04895733669400215
0.0 0.04904308170080185
0.0 0.049048785120248795
0.0 0.04919204115867615
0.0 0.049197640269994736
0.0 0.04930075258016586
0.0 0.04934162274003029
0.0 0.04943166300654411
0.0 0.0494832880795002
0.0 0.04950825124979019
0.0 0.04958021268248558
0.0 0.049611981958150864
0.0 0.04985930398106575
0.0 0.04989349842071533
0.0 0.04989771917462349
0.0 0.049993958324193954
0.0 0.05004023015499115
0.0 0.050070397555828094
0.0 0.05013863369822502
0.0 0.050277628004550934
0.0 0.050399333238601685
0.0 0.05057244002819061
0.0 0.050624627619981766
0.0 0.05064668878912926
0.0 0.050677601248025894
0.0 0.05077936127781868
0.0 0.05080583319067955
0.0 0.050863977521657944
0.0 0.050899479538202286
0.0 0.05095013976097107
0.0 0.05100375786423683
0.0 0.05103946849703789
0.0 0.05109483748674393
0.0 0.05117341876029968
0.0 0.05118546634912491
0.0 0.05120253190398216
0.0 0.05121420696377754
0.0 0.051242657005786896
0.0 0.05129868537187576
0.0 0.05132514610886574
0.0 0.051374875009059906
0.0 0.05140606313943863
0.0 0.051451217383146286
0.0 0.05145324766635895
0.0 0.05174306407570839
0.0 0.051761094480752945
0.0 0.05179707333445549
0.0 0.0518069826066494
0.0 0.05182259902358055
0.0 0.05182681232690811
0.0 0.0518423467874527
0.0 0.05190825089812279
0.0 0.05191146582365036
0.0 0.05198244750499725
0.0 0.05217714607715607
0.0 0.05220567807555199
0.0 0.05220611020922661
0.0 0.0522950179874897
0.0 0.05231911689043045
0.0 0.052385199815034866
0.0 0.052416663616895676
0.0 0.05263926088809967
0.0 0.05265124514698982
0.0 0.05265166983008385
0.0 0.05278535559773445
0.0 0.05281275510787964
0.0 0.052891846746206284
0.0 0.05289493128657341
0.0 0.05292666330933571
0.0 0.05293485149741173
0.0 0.052962642163038254
0.0 0.052990444004535675
0.0 0.053061772137880325
0.0 0.05306550860404968
0.0 0.05309554561972618
0.0 0.053136151283979416
0.0 0.05330270528793335
0.0 0.05333734303712845
0.0 0.05348755046725273
0.0 0.05357500538229942
0.0 0.053604334592819214
0.0 0.05361945554614067
0.0 0.0536528006196022
0.0 0.053658440709114075
0.0 0.053763605654239655
0.0 0.053784310817718506
0.0 0.053857747465372086
0.0 0.05396308749914169
0.0 0.05429631099104881
0.0 0.05431992560625076
0.0 0.05434613674879074
0.0 0.054368600249290466
0.0 0.054422203451395035
0.0 0.05449916794896126
0.0 0.054502326995134354
0.0 0.0545056089758873
0.0 0.05451676622033119
0.0 0.05460856109857559
0.0 0.05475182458758354
0.0 0.05478011816740036
0.0 0.054806653410196304
0.0 0.05484551563858986
0.0 0.05498508736491203
0.0 0.055270370095968246
0.0 0.05530203506350517
0.0 0.0554017499089241
0.0 0.05542091652750969
0.0 0.05544377118349075
0.0 0.05544540658593178
0.0 0.05564587563276291
0.0 0.055695775896310806
0.0 0.05576156824827194
0.0 0.05580815300345421
0.0 0.05582083761692047
0.0 0.05591084808111191
0.0 0.05604521185159683
0.0 0.05606236681342125
0.0 0.05615345761179924
0.0 0.05623370409011841
0.0 0.05623400956392288
0.0 0.0563041977584362
0.0 0.056316766887903214
0.0 0.05636507272720337
0.0 0.05637673661112785
0.0 0.0563981719315052
0.0 0.05640776827931404
0.0 0.056420210748910904
0.0 0.056427907198667526
0.0 0.05649137124419212
0.0 0.05656266584992409
0.0 0.056647978723049164
0.0 0.05666865408420563
0.0 0.056673191487789154
0.0 0.056679148226976395
0.0 0.05684048682451248
0.0 0.05686040222644806
0.0 0.05688900500535965
0.0 0.056895751506090164
0.0 0.056896891444921494
0.0 0.05701885372400284
0.0 0.05704590305685997
0.0 0.05718231201171875
0.0 0.057243894785642624
0.0 0.05732624977827072
0.0 0.05745057389140129
0.0 0.05749771371483803
0.0 0.05755152553319931
0.0 0.05780871957540512
0.0 0.057969119399785995
0.0 0.058135032653808594
0.0 0.058136459439992905
0.0 0.05815985053777695
0.0 0.05820987746119499
0.0 0.0583215057849884
0.0 0.058379437774419785
0.0 0.05842703953385353
0.0 0.05845947563648224
0.0 0.058556362986564636
0.0 0.05860709026455879
0.0 0.05877997353672981
0.0 0.058807164430618286
0.0 0.058871109038591385
0.0 0.058912310749292374
0.0 0.058953046798706055
0.0 0.05895787477493286
0.0 0.05908719450235367
0.0 0.05919403210282326
0.0 0.059221070259809494
0.0 0.05944211781024933
0.0 0.0594705231487751
0.0 0.05969533324241638
0.0 0.059716347604990005
0.0 0.059767723083496094
0.0 0.05981181189417839
0.0 0.059899453073740005
0.0 0.059949684888124466
0.0 0.06005634367465973
0.0 0.06008806452155113
0.0 0.06011436879634857
0.0 0.06016657128930092
0.0 0.060316093266010284
0.0 0.06042436137795448
0.0 0.0605449415743351
0.0 0.060604311525821686
0.0 0.06063956022262573
0.0 0.06065651401877403
0.0 0.06067506968975067
0.0 0.06069834530353546
0.0 0.0607023723423481
0.0 0.06075737997889519
0.0 0.060964297503232956
0.0 0.06110450625419617
0.0 0.061297520995140076
0.0 0.061417464166879654
0.0 0.061469342559576035
0.0 0.06147206202149391
0.0 0.06162257120013237
0.0 0.061931200325489044
0.0 0.06202661991119385
0.0 0.06205502152442932
0.0 0.06207829341292381
0.0 0.0621497817337513
0.0 0.06218845024704933
0.0 0.06227554753422737
0.0 0.062362514436244965
0.0 0.0625658631324768
0.0 0.06256641447544098
0.0 0.0625893622636795
0.0 0.06263315677642822
0.0 0.06265883892774582
0.0 0.06266292184591293
0.0 0.06267780065536499
0.0 0.06295233219861984
0.0 0.0631689801812172
0.0 0.0631914809346199
0.0 0.06319985538721085
0.0 0.06330527365207672
0.0 0.06332607567310333
0.0 0.06337103247642517
0.0 0.06347598135471344
0.0 0.0636206567287445
0.0 0.06375380605459213
0.0 0.06392353028059006
0.0 0.06403757631778717
0.0 0.06412110477685928
0.0 0.06412973999977112
0.0 0.06417099386453629
0.0 0.06420941650867462
0.0 0.06428592652082443
0.0 0.06443662196397781
0.0 0.0645512044429779
0.0 0.06457459181547165
0.0 0.06459470093250275
0.0 0.06466472148895264
0.0 0.0648932233452797
0.0 0.06497349590063095
0.0 0.06521682441234589
0.0 0.06522372364997864
0.0 0.06526083499193192
0.0 0.06528189033269882
0.0 0.06532295048236847
0.0 0.06553245335817337
0.0 0.06562790274620056
0.0 0.06573119014501572
0.0 0.06573456525802612
0.0 0.06585517525672913
0.0 0.06595471501350403
0.0 0.06610703468322754
0.0 0.06616836041212082
0.0 0.06665009260177612
0.0 0.06669443845748901
0.0 0.0666954442858696
0.0 0.06681714951992035
0.0 0.06685177236795425
0.0 0.0669313594698906
0.0 0.06701573729515076
0.0 0.06710027158260345
0.0 0.06725401431322098
0.0 0.06742766499519348
0.0 0.06745339930057526
0.0 0.06753968447446823
0.0 0.06755416095256805
0.0 0.06766358762979507
0.0 0.06775394827127457
0.0 0.06785104423761368
0.0 0.06801453232765198
0.0 0.06809013336896896
0.0 0.06810779124498367
0.0 0.06813531368970871
0.0 0.0682242289185524
0.0 0.0682721957564354
0.0 0.06831961125135422
0.0 0.06843429058790207
0.0 0.06875637918710709
0.0 0.06898652017116547
0.0 0.06905822455883026
0.0 0.06930063664913177
0.0 0.06932036578655243
0.0 0.0694110095500946
0.0 0.06953797489404678
0.0 0.06961598247289658
0.0 0.0697798952460289
0.0 0.06979842483997345
0.0 0.07001450657844543
0.0 0.07022316753864288
0.0 0.07029476016759872
0.0 0.07034628838300705
0.0 0.07037945091724396
0.0 0.07047821581363678
0.0 0.07057777047157288
0.0 0.0706472247838974
0.0 0.0707148090004921
0.0 0.07072847336530685
0.0 0.07081315666437149
0.0 0.07092231512069702
0.0 0.07106159627437592
0.0 0.0713479220867157
0.0 0.07152034342288971
0.0 0.07167740911245346
0.0 0.0717146173119545
0.0 0.0717247873544693
0.0 0.07178271561861038
0.0 0.07185538858175278
0.0 0.0718865767121315
0.0 0.07192184031009674
0.0 0.07196646928787231
0.0 0.07234980911016464
0.0 0.07267846167087555
0.0 0.07297327369451523
0.0 0.07318024337291718
0.0 0.07327225804328918
0.0 0.07330328971147537
0.0 0.07335666567087173
0.0 0.073398157954216
0.0 0.0734088271856308
0.0 0.07349780946969986
0.0 0.07372508198022842
0.0 0.07382291555404663
0.0 0.07391276210546494
0.0 0.0739997997879982
0.0 0.07402084767818451
0.0 0.07405935227870941
0.0 0.07429161667823792
0.0 0.07431508600711823
0.0 0.07462449371814728
0.0 0.07466325163841248
0.0 0.0748978704214096
0.0 0.07498638331890106
0.0 0.07510311156511307
0.0 0.0752861499786377
0.0 0.07533957809209824
0.0 0.07541212439537048
0.0 0.07556711882352829
0.0 0.0756787583231926
0.0 0.07568304240703583
0.0 0.07579538971185684
0.0 0.07590368390083313
0.0 0.07640352100133896
0.0 0.07646434009075165
0.0 0.07659755647182465
0.0 0.07675553858280182
0.0 0.07689158618450165
0.0 0.07721637189388275
0.0 0.07729638367891312
0.0 0.07754819840192795
0.0 0.07762999832630157
0.0 0.07819459587335587
0.0 0.07841245085000992
0.0 0.07894746214151382
0.0 0.07922129333019257
0.0 0.07939542829990387
0.0 0.07962962239980698
0.0 0.07971759140491486
0.0 0.07999151200056076
0.0 0.08014701306819916
0.0 0.08028951287269592
0.0 0.08054529875516891
0.0 0.08058065176010132
0.0 0.08106677234172821
0.0 0.08113893121480942
0.0 0.08132568001747131
0.0 0.08134935796260834
0.0 0.0814649760723114
0.0 0.0815601721405983
0.0 0.08194965869188309
0.0 0.08199024200439453
0.0 0.08255290240049362
0.0 0.08257932960987091
0.0 0.08288277685642242
0.0 0.08303184062242508
0.0 0.0831112414598465
0.0 0.08314383774995804
0.0 0.0833764523267746
0.0 0.08354976773262024
0.0 0.08371595293283463
0.0 0.0839434266090393
0.0 0.08407162874937057
0.0 0.0849628821015358
0.0 0.0850689709186554
0.0 0.08522924780845642
0.0 0.08564580976963043
0.0 0.08592216670513153
0.0 0.08608338236808777
0.0 0.08611050248146057
0.0 0.086600162088871
0.0 0.0871860608458519
0.0 0.08728005737066269
0.0 0.0873527005314827
0.0 0.08762267976999283
0.0 0.0880313590168953
0.0 0.08808331936597824
0.0 0.08817888796329498
0.0 0.08977526426315308
0.0 0.09103693068027496
0.0 0.09239599108695984
0.0 0.0925367996096611
0.0 0.09273669868707657
0.0 0.09279748052358627
0.0 0.09384915232658386
0.0 0.0946311503648758
0.0 0.09525614976882935
0.0 0.09721625596284866
0.0 0.09760190546512604
0.0 0.09777125716209412
0.0 0.09800895303487778
0.0 0.10003941506147385
0.0 0.10038701444864273
0.0 0.10060219466686249
0.0 0.10067830234766006
0.0 0.1029272973537445
0.0 0.103047214448452
0.0 0.10554664582014084
0.0 0.10744423419237137
0.0 0.10756514221429825
0.0 0.12051869928836823
0.0 0.1251750886440277
0.0 0.12909376621246338
0.0 inf
