0.0 0.022174173966050148
0.0 0.026217162609100342
0.0 0.026714542880654335
0.0 0.027224091812968254
0.0 0.027322430163621902
0.0 0.02738237753510475
0.0 0.027714751660823822
0.0 0.027991153299808502
0.0 0.02816651202738285
0.0 0.028633469715714455
0.0 0.02864627167582512
0.0 0.02871198207139969
0.0 0.02873443439602852
0.0 0.028741514310240746
0.0 0.028795016929507256
0.0 0.028835488483309746
0.0 0.028872322291135788
0.0 0.028881307691335678
0.0 0.028917793184518814
0.0 0.029065057635307312
0.0 0.029150743037462234
0.0 0.02928469330072403
0.0 0.02941177971661091
0.0 0.029474694281816483
0.0 0.029474759474396706
0.0 0.029476134106516838
0.0 0.029537701979279518
0.0 0.02967526949942112
0.0 0.029756730422377586
0.0 0.029764223843812943
0.0 0.02979036420583725
0.0 0.02982129156589508
0.0 0.02985047735273838
0.0 0.029860857874155045
0.0 0.030091935768723488
0.0 0.03012298047542572
0.0 0.030469946563243866
0.0 0.03070577047765255
0.0 0.030981186777353287
0.0 0.03129557892680168
0.0 0.03136496990919113
0.0 0.03138183429837227
0.0 0.031514573842287064
0.0 0.03155942261219025
0.0 0.0316714271903038
0.0 0.03167399764060974
0.0 0.03173932805657387
0.0 0.03176218271255493
0.0 0.031961362808942795
0.0 0.03210373595356941
0.0 0.032187625765800476
0.0 0.0321970209479332
0.0 0.03248040750622749
0.0 0.032527659088373184
0.0 0.032533373683691025
0.0 0.032580919563770294
0.0 0.03258875012397766
0.0 0.03263133019208908
0.0 0.032658666372299194
0.0 0.032800499349832535
0.0 0.03288811817765236
0.0 0.03309929743409157
0.0 0.03315390273928642
0.0 0.033174555748701096
0.0 0.03321096673607826
0.0 0.03322054073214531
0.0 0.03328373655676842
0.0 0.033513836562633514
0.0 0.03353923186659813
0.0 0.03354281559586525
0.0 0.03354471176862717
0.0 0.03358963876962662
0.0 0.03364339470863342
0.0 0.03367801010608673
0.0 0.03368310257792473
0.0 0.033693790435791016
0.0 0.03381732851266861
0.0 0.03382761776447296
0.0 0.03391442820429802
0.0 0.034006014466285706
0.0 0.034069355577230453
0.0 0.03408951312303543
0.0 0.03409668058156967
0.0 0.03416380286216736
0.0 0.034177690744400024
0.0 0.03429742529988289
0.0 0.03432032838463783
0.0 0.03434755653142929
0.0 0.03437566012144089
0.0 0.03440267965197563
0.0 0.03440733626484871
0.0 0.0344821996986866
0.0 0.03454482555389404
0.0 0.034555092453956604
0.0 0.03455589711666107
0.0 0.03459637239575386
0.0 0.034623026847839355
0.0 0.034627899527549744
0.0 0.034639064222574234
0.0 0.034666214138269424
0.0 0.03471871837973595
0.0 0.03472907468676567
0.0 0.034823622554540634
0.0 0.034866128116846085
0.0 0.03489863499999046
0.0 0.034996263682842255
0.0 0.03504834324121475
0.0 0.03509518504142761
0.0 0.03515111654996872
0.0 0.035179056227207184
0.0 0.035216689109802246
0.0 0.035263389348983765
0.0 0.03527367487549782
0.0 0.03528587892651558
0.0 0.03532164916396141
0.0 0.03544776886701584
0.0 0.035541024059057236
0.0 0.03557491675019264
0.0 0.03567250445485115
0.0 0.035709723830223083
0.0 0.03578145429491997
0.0 0.03581290319561958
0.0 0.03582446277141571
0.0 0.03582678362727165
0.0 0.03584730252623558
0.0 0.03587060049176216
0.0 0.03590855747461319
0.0 0.0359552837908268
0.0 0.036056309938430786
0.0 0.03607551380991936
0.0 0.036079585552215576
0.0 0.03609488159418106
0.0 0.03614112734794617
0.0 0.036151088774204254
0.0 0.036187730729579926
0.0 0.03627429157495499
0.0 0.0362861193716526
0.0 0.03633207827806473
0.0 0.03638819605112076
0.0 0.03644309937953949
0.0 0.03646492213010788
0.0 0.03647586330771446
0.0 0.036520976573228836
0.0 0.036537036299705505
0.0 0.036572664976119995
0.0 0.036622121930122375
0.0 0.03663291409611702
0.0 0.036656349897384644
0.0 0.03670032322406769
0.0 0.036755383014678955
0.0 0.036847129464149475
0.0 0.03687759116292
0.0 0.03704225271940231
0.0 0.037094470113515854
0.0 0.03713985159993172
0.0 0.037310436367988586
0.0 0.03735671192407608
0.0 0.037415966391563416
0.0 0.03743148595094681
0.0 0.03752106428146362
0.0 0.037642527371644974
0.0 0.03771837428212166
0.0 0.03778868168592453
0.0 0.03781846538186073
0.0 0.0378383994102478
0.0 0.03805304318666458
0.0 0.03808878734707832
0.0 0.03814311698079109
0.0 0.03815348818898201
0.0 0.03825806826353073
0.0 0.03845897689461708
0.0 0.03852943331003189
0.0 0.03852974250912666
0.0 0.03856508433818817
0.0 0.03858030214905739
0.0 0.03859380632638931
0.0 0.03860819339752197
0.0 0.03862330690026283
0.0 0.03872882202267647
0.0 0.03873720020055771
0.0 0.038778096437454224
0.0 0.03878725692629814
0.0 0.038833413273096085
0.0 0.03888310119509697
0.0 0.03890674188733101
0.0 0.03895678371191025
0.0 0.038980111479759216
0.0 0.039076101034879684
0.0 0.03908941149711609
0.0 0.03913111239671707
0.0 0.039168182760477066
0.0 0.03921489417552948
0.0 0.039415083825588226
0.0 0.03951441869139671
0.0 0.039590734988451004
0.0 0.039655350148677826
0.0 0.03978892043232918
0.0 0.039827898144721985
0.0 0.03996572270989418
0.0 0.04005678743124008
0.0 0.04006008058786392
0.0 0.04006260633468628
0.0 0.0401921384036541
0.0 0.04027482122182846
0.0 0.04032735154032707
0.0 0.040351539850234985
0.0 0.04043060541152954
0.0 0.04043852910399437
0.0 0.040442463010549545
0.0 0.040476392954587936
0.0 0.0405680313706398
0.0 0.04064200818538666
0.0 0.04080117866396904
0.0 0.040806565433740616
0.0 0.040856219828128815
0.0 0.040995460003614426
0.0 0.04107192903757095
0.0 0.04115918651223183
0.0 0.0411827489733696
0.0 0.041218195110559464
0.0 0.041231706738471985
0.0 0.04123789817094803
0.0 0.04126274958252907
0.0 0.04127741605043411
0.0 0.041291527450084686
0.0 0.041345395147800446
0.0 0.04139792174100876
0.0 0.04141690209507942
0.0 0.04143081605434418
0.0 0.04145513102412224
0.0 0.04149702936410904
0.0 0.04151510074734688
0.0 0.041516222059726715
0.0 0.04153051972389221
0.0 0.04169878363609314
0.0 0.0417499877512455
0.0 0.04175258427858353
0.0 0.04179698973894119
0.0 0.04219662398099899
0.0 0.04220164194703102
0.0 0.04223446175456047
0.0 0.0422898605465889
0.0 0.04231062904000282
0.0 0.04239305481314659
0.0 0.04243426397442818
0.0 0.04245319962501526
0.0 0.042471133172512054
0.0 0.042549483478069305
0.0 0.04255199432373047
0.0 0.04269138723611832
0.0 0.042720094323158264
0.0 0.04277554526925087
0.0 0.04280580207705498
0.0 0.0428139865398407
0.0 0.042840491980314255
0.0 0.04289728030562401
0.0 0.04291733354330063
0.0 0.04295063018798828
0.0 0.04303782060742378
0.0 0.043101392686367035
0.0 0.04311368986964226
0.0 0.04326380789279938
0.0 0.04334591329097748
0.0 0.04340220242738724
0.0 0.04341695085167885
0.0 0.04342756047844887
0.0 0.04344428330659866
0.0 0.0434761568903923
0.0 0.04348974674940109
0.0 0.04353509098291397
0.0 0.04355495050549507
0.0 0.04362957924604416
0.0 0.04369092360138893
0.0 0.04372617229819298
0.0 0.04372924193739891
0.0 0.04373003542423248
0.0 0.043791770935058594
0.0 0.043792031705379486
0.0 0.04386952146887779
0.0 0.044015198945999146
0.0 0.0440998412668705
0.0 0.04431984946131706
0.0 0.0443241260945797
0.0 0.04439981281757355
0.0 0.04444994404911995
0.0 0.044516514986753464
0.0 0.04458736628293991
0.0 0.044625431299209595
0.0 0.044653937220573425
0.0 0.04465923458337784
0.0 0.04466284066438675
0.0 0.044711340218782425
0.0 0.044712524861097336
0.0 0.044813308864831924
0.0 0.04486226290464401
0.0 0.04486506059765816
0.0 0.04500368610024452
0.0 0.045023363083601
0.0 0.045068610459566116
0.0 0.045111510902643204
0.0 0.04536895826458931
0.0 0.0454401969909668
0.0 0.045523501932621
0.0 0.045540668070316315
0.0 0.04560282826423645
0.0 0.04564087837934494
0.0 0.04570811241865158
0.0 0.04572658613324165
0.0 0.045810263603925705
0.0 0.04605744779109955
0.0 0.04611963406205177
0.0 0.046120621263980865
0.0 0.04620089754462242
0.0 0.04627319797873497
0.0 0.046310100704431534
0.0 0.046391960233449936
0.0 0.04647982865571976
0.0 0.046628016978502274
0.0 0.046688634902238846
0.0 0.046775467693805695
0.0 0.046806834638118744
0.0 0.04693752899765968
0.0 0.0469793938100338
0.0 0.047008905559778214
0.0 0.04701564460992813
0.0 0.047044262290000916
0.0 0.047083478420972824
0.0 0.04723979905247688
0.0 0.04724045470356941
0.0 0.04730334132909775
0.0 0.047317635267972946
0.0 0.04733870178461075
0.0 0.047349750995635986
0.0 0.047391556203365326
0.0 0.04740746691823006
0.0 0.047452617436647415
0.0 0.04757320135831833
0.0 0.04762993007898331
0.0 0.04767454415559769
0.0 0.0477134995162487
0.0 0.04771727696061134
0.0 0.047787636518478394
0.0 0.04788209870457649
0.0 0.04789895936846733
0.0 0.04794029891490936
0.0 0.04797504469752312
0.0 0.04822864755988121
0.0 0.04832793399691582
0.0 0.04835720732808113
0.0 0.0484178364276886
0.0 0.04842173308134079
0.0 0.04843782261013985
0.0 0.048505932092666626
0.0 0.048594165593385696
0.0 0.04862823709845543
0.0 0.04862871766090393
0.0 0.048646919429302216
0.0 0.04866506904363632
0.0 0.04874459654092789
0.0 0.04877663031220436
0.0 0.04882368817925453
0.0 0.048831045627593994
0.0 0.04885982349514961
0.0 0.048860080540180206
0.0 0.048868585377931595
0.0 0.048962775617837906
0.0 0.04905643314123154
0.0 0.049094393849372864
0.0 0.04915111884474754
0.0 0.04915585368871689
0.0 0.049179207533597946
0.0 0.04929828643798828
0.0 0.04931517317891121
0.0 0.04967577010393143
0.0 0.049778781831264496
0.0 0.04990522190928459
0.0 0.04990549013018608
0.0 0.049958501011133194
0.0 0.04995914176106453
0.0 0.04995987191796303
0.0 0.04999420791864395
0.0 0.05009615048766136
0.0 0.05013291537761688
0.0 0.050254322588443756
0.0 0.050366856157779694
0.0 0.050403203815221786
0.0 0.050432559102773666
0.0 0.05063759908080101
0.0 0.050678398460149765
0.0 0.0507015585899353
0.0 0.050724729895591736
0.0 0.05079951509833336
0.0 0.05101395398378372
0.0 0.05104001611471176
0.0 0.05105043202638626
0.0 0.051076244562864304
0.0 0.05111650004982948
0.0 0.051199838519096375
0.0 0.05145871639251709
0.0 0.051532845944166183
0.0 0.05168113112449646
0.0 0.051775429397821426
0.0 0.05198781192302704
0.0 0.05201735720038414
0.0 0.052039407193660736
0.0 0.05204818770289421
0.0 0.05218074470758438
0.0 0.05224665254354477
0.0 0.05225164070725441
0.0 0.052334900945425034
0.0 0.0523349903523922
0.0 0.05251353234052658
0.0 0.052550483494997025
0.0 0.0525813028216362
0.0 0.05260426923632622
0.0 0.05260974168777466
0.0 0.05286117643117905
0.0 0.05289680138230324
0.0 0.053187351673841476
0.0 0.05335138738155365
0.0 0.05389809608459473
0.0 0.05399700999259949
0.0 0.05406300351023674
0.0 0.054512057453393936
0.0 0.05459979176521301
0.0 0.05466268211603165
0.0 0.054671939462423325
0.0 0.05473429709672928
0.0 0.05485988408327103
0.0 0.05492793396115303
0.0 0.05511530488729477
0.0 0.055168285965919495
0.0 0.0551692359149456
0.0 0.055175766348838806
0.0 0.05523357167840004
0.0 0.055248428136110306
0.0 0.05538763478398323
0.0 0.055404696613550186
0.0 0.05569523945450783
0.0 0.05569758638739586
0.0 0.055770646780729294
0.0 0.056388579308986664
0.0 0.056710802018642426
0.0 0.056835975497961044
0.0 0.056892115622758865
0.0 0.05708833038806915
0.0 0.05722864717245102
0.0 0.05740609019994736
0.0 0.057467203587293625
0.0 0.057621151208877563
0.0 0.05817091092467308
0.0 0.05837530270218849
0.0 0.05840899422764778
0.0 0.0584319569170475
0.0 0.05863497033715248
0.0 0.05871196836233139
0.0 0.05876272916793823
0.0 0.05878915637731552
0.0 0.05886492133140564
0.0 0.05891795456409454
0.0 0.05901950225234032
0.0 0.059277910739183426
0.0 0.05961044505238533
0.0 0.059674523770809174
0.0 0.05975053459405899
0.0 0.06044449657201767
0.0 0.060615748167037964
0.0 0.060728441923856735
0.0 0.06091564893722534
0.0 0.06114597246050835
0.0 0.06140757352113724
0.0 0.061488255858421326
0.0 0.061742909252643585
0.0 0.06186993420124054
0.0 0.06193191185593605
0.0 0.06217670068144798
0.0 0.062181681394577026
0.0 0.062221456319093704
0.0 0.062329698354005814
0.0 0.062404852360486984
0.0 0.06246213987469673
0.0 0.06277389824390411
0.0 0.06349123269319534
0.0 0.06385395675897598
0.0 0.06398645788431168
0.0 0.06407191604375839
0.0 0.06472332775592804
0.0 0.0648021474480629
0.0 0.06511631608009338
0.0 0.06647967547178268
0.0 0.06651700288057327
0.0 0.06692754477262497
0.0 0.0671864002943039
0.0 0.06771489977836609
0.0 0.06795867532491684
0.0 0.06878609210252762
0.0 0.06891757249832153
0.0 0.07045800983905792
0.0 0.07051657885313034
0.0 0.0713566467165947
0.0 0.07180847972631454
0.0 0.07199706137180328
0.0 0.072669617831707
0.0 0.07468817383050919
0.0 0.07508239150047302
0.0 0.08042310923337936
0.0 0.08080761879682541
0.0 0.08084365725517273
0.0 0.0862581729888916
0.0 0.08906716853380203
0.0 0.09556357562541962
0.0 inf
