0.0 0.039983972907066345
0.0 0.042063768953084946
0.0 0.042914990335702896
0.0 0.04523598775267601
0.0 0.04572426155209541
0.0 0.04591589793562889
0.0 0.04616745561361313
0.0 0.04656097665429115
0.0 0.04695240780711174
0.0 0.04787089675664902
0.0 0.04823905602097511
0.0 0.048279352486133575
0.0 0.04836151748895645
0.0 0.04864265397191048
0.0 0.048662614077329636
0.0 0.04876343533396721
0.0 0.04905159771442413
0.0 0.04918016120791435
0.0 0.04941726475954056
0.0 0.04946104809641838
0.0 0.04951409995555878
0.0 0.04960360750555992
0.0 0.04967958480119705
0.0 0.050272151827812195
0.0 0.050302255898714066
0.0 0.05049658194184303
0.0 0.05057533457875252
0.0 0.050937727093696594
0.0 0.05104734003543854
0.0 0.05113448202610016
0.0 0.0511547327041626
0.0 0.0512511283159256
0.0 0.05130743235349655
0.0 0.05138399451971054
0.0 0.051511287689208984
0.0 0.05152152478694916
0.0 0.051577210426330566
0.0 0.051632124930620193
0.0 0.05164320394396782
0.0 0.05166349560022354
0.0 0.05176623910665512
0.0 0.051923491060733795
0.0 0.05197843164205551
0.0 0.05199989303946495
0.0 0.05212577059864998
0.0 0.05221300944685936
0.0 0.05221405252814293
0.0 0.05237586051225662
0.0 0.05243080481886864
0.0 0.052437737584114075
0.0 0.05254146456718445
0.0 0.0525674968957901
0.0 0.05267896130681038
0.0 0.05268160626292229
0.0 0.052712369710206985
0.0 0.052949871867895126
0.0 0.05300191789865494
0.0 0.05315234139561653
0.0 0.05317389965057373
0.0 0.05317704752087593
0.0 0.05318901315331459
0.0 0.05322058126330376
0.0 0.05331633985042572
0.0 0.053358402103185654
0.0 0.05336726829409599
0.0 0.05358918011188507
0.0 0.053703442215919495
0.0 0.05399581789970398
0.0 0.05412457138299942
0.0 0.05415518954396248
0.0 0.05430292338132858
0.0 0.05452178046107292
0.0 0.054535821080207825
0.0 0.054619427770376205
0.0 0.054639481008052826
0.0 0.054683584719896317
0.0 0.05474351346492767
0.0 0.054761338979005814
0.0 0.05481937900185585
0.0 0.05491100624203682
0.0 0.0549246221780777
0.0 0.054947592318058014
0.0 0.055015772581100464
0.0 0.05502734333276749
0.0 0.055033836513757706
0.0 0.055041830986738205
0.0 0.055055633187294006
0.0 0.05505705624818802
0.0 0.05506211891770363
0.0 0.055092450231313705
0.0 0.05523970350623131
0.0 0.05528908967971802
0.0 0.05540350079536438
0.0 0.05543440952897072
0.0 0.05546914041042328
0.0 0.05552730709314346
0.0 0.055653974413871765
0.0 0.05575047805905342
0.0 0.05584753304719925
0.0 0.055897943675518036
0.0 0.05590471997857094
0.0 0.055953290313482285
0.0 0.056018974632024765
0.0 0.056137073785066605
0.0 0.056303784251213074
0.0 0.05637960880994797
0.0 0.0564550943672657
0.0 0.05653752014040947
0.0 0.05657690390944481
0.0 0.05661248415708542
0.0 0.05678436905145645
0.0 0.056830018758773804
0.0 0.056880127638578415
0.0 0.05690085515379906
0.0 0.05694517120718956
0.0 0.05720457807183266
0.0 0.0572814866900444
0.0 0.0573006272315979
0.0 0.05750153213739395
0.0 0.05762924626469612
0.0 0.05766304209828377
0.0 0.05776732787489891
0.0 0.057783693075180054
0.0 0.05778902396559715
0.0 0.057836536318063736
0.0 0.05783959478139877
0.0 0.05794230103492737
0.0 0.05794665217399597
0.0 0.05795390531420708
0.0 0.05797570198774338
0.0 0.0580126978456974
0.0 0.0580279640853405
0.0 0.058047160506248474
0.0 0.05805132910609245
0.0 0.05810725688934326
0.0 0.05840614065527916
0.0 0.05860282480716705
0.0 0.05876632034778595
0.0 0.05886184424161911
0.0 0.058877281844615936
0.0 0.05897853150963783
0.0 0.059181347489356995
0.0 0.05925048142671585
0.0 0.05927613377571106
0.0 0.05930591747164726
0.0 0.05934851989150047
0.0 0.059458035975694656
0.0 0.05956046283245087
0.0 0.05963147059082985
0.0 0.05966527387499809
0.0 0.05968736112117767
0.0 0.05969668924808502
0.0 0.059716325253248215
0.0 0.05975057929754257
0.0 0.059751350432634354
0.0 0.0598301999270916
0.0 0.05994412675499916
0.0 0.059966567903757095
0.0 0.05998315289616585
0.0 0.0599939189851284
0.0 0.060004834085702896
0.0 0.060052547603845596
0.0 0.06013242155313492
0.0 0.06015866622328758
0.0 0.06017131730914116
0.0 0.060213688760995865
0.0 0.06024251878261566
0.0 0.060342662036418915
0.0 0.06050770729780197
0.0 0.06054594740271568
0.0 0.06065128371119499
0.0 0.06065870448946953
0.0 0.060712117701768875
0.0 0.06075196713209152
0.0 0.06080068647861481
0.0 0.060883697122335434
0.0 0.06098785996437073
0.0 0.061013977974653244
0.0 0.061101701110601425
0.0 0.06111826375126839
0.0 0.06133361905813217
0.0 0.06149018183350563
0.0 0.061528634279966354
0.0 0.06157869100570679
0.0 0.06170901283621788
0.0 0.061737269163131714
0.0 0.06179678067564964
0.0 0.06197205185890198
0.0 0.06199737638235092
0.0 0.06216062977910042
0.0 0.06222826987504959
0.0 0.06224094703793526
0.0 0.06232014670968056
0.0 0.06232042983174324
0.0 0.062329139560461044
0.0 0.06237323582172394
0.0 0.06237791106104851
0.0 0.06238648667931557
0.0 0.06239590793848038
0.0 0.06251214444637299
0.0 0.06258497387170792
0.0 0.06259117275476456
0.0 0.0626751258969307
0.0 0.06274653971195221
0.0 0.06282281875610352
0.0 0.06286870688199997
0.0 0.06291010975837708
0.0 0.062997967004776
0.0 0.06309844553470612
0.0 0.06312719732522964
0.0 0.06313204765319824
0.0 0.06315235048532486
0.0 0.06326673924922943
0.0 0.06327403336763382
0.0 0.06330090761184692
0.0 0.06331127882003784
0.0 0.06333567947149277
0.0 0.06334580481052399
0.0 0.06335347890853882
0.0 0.0633617416024208
0.0 0.06338416785001755
0.0 0.06350774317979813
0.0 0.06370669603347778
0.0 0.06372489780187607
0.0 0.0638151615858078
0.0 0.06385155767202377
0.0 0.06404727697372437
0.0 0.06405754387378693
0.0 0.06411794573068619
0.0 0.06415360420942307
0.0 0.06439337879419327
0.0 0.06456881016492844
0.0 0.06460772454738617
0.0 0.0646173506975174
0.0 0.06478418409824371
0.0 0.06483018398284912
0.0 0.06495059281587601
0.0 0.06500037014484406
0.0 0.06501731276512146
0.0 0.0650341734290123
0.0 0.0651407316327095
0.0 0.06515401601791382
0.0 0.06545305997133255
0.0 0.06562107056379318
0.0 0.06563962996006012
0.0 0.0657162144780159
0.0 0.06597234308719635
0.0 0.06603081524372101
0.0 0.06610119342803955
0.0 0.06614045053720474
0.0 0.06618627160787582
0.0 0.06618916988372803
0.0 0.06626620888710022
0.0 0.0662689059972763
0.0 0.06628283858299255
0.0 0.06654263287782669
0.0 0.06679695099592209
0.0 0.06679734587669373
0.0 0.06684578955173492
0.0 0.0670299157500267
0.0 0.0671314001083374
0.0 0.06730501353740692
0.0 0.06732349842786789
0.0 0.06743761152029037
0.0 0.06749596446752548
0.0 0.06757355481386185
0.0 0.06768783181905746
0.0 0.06771109998226166
0.0 0.0677299052476883
0.0 0.06777159124612808
0.0 0.06794633716344833
0.0 0.06797320395708084
0.0 0.06804364919662476
0.0 0.06808123737573624
0.0 0.06813674420118332
0.0 0.06818529963493347
0.0 0.06824754178524017
0.0 0.06825575977563858
0.0 0.06828578561544418
0.0 0.06841086596250534
0.0 0.06843939423561096
0.0 0.06854518502950668
0.0 0.06861250102519989
0.0 0.06863261014223099
0.0 0.06864357739686966
0.0 0.06878142058849335
0.0 0.06878522038459778
0.0 0.06885033845901489
0.0 0.06888403743505478
0.0 0.06897761672735214
0.0 0.06901389360427856
0.0 0.0692393034696579
0.0 0.06924545019865036
0.0 0.06947358697652817
0.0 0.06959821283817291
0.0 0.06968846917152405
0.0 0.06975986808538437
0.0 0.06978989392518997
0.0 0.0698135495185852
0.0 0.06981614232063293
0.0 0.0698414146900177
0.0 0.07003160566091537
0.0 0.07004311680793762
0.0 0.07019529491662979
0.0 0.07029075920581818
0.0 0.07035341113805771
0.0 0.0703645646572113
0.0 0.07037579268217087
0.0 0.07042736560106277
0.0 0.07056063413619995
0.0 0.07057635486125946
0.0 0.07072523236274719
0.0 0.0707884132862091
0.0 0.07083405554294586
0.0 0.07084871083498001
0.0 0.0708995833992958
0.0 0.07104723155498505
0.0 0.07127991318702698
0.0 0.07136064767837524
0.0 0.07140550762414932
0.0 0.07140560448169708
0.0 0.07155370712280273
0.0 0.0715748518705368
0.0 0.07159003615379333
0.0 0.07163852453231812
0.0 0.07171250134706497
0.0 0.07182250916957855
0.0 0.0719398781657219
0.0 0.0719529241323471
0.0 0.07200022786855698
0.0 0.07213513553142548
0.0 0.07215698808431625
0.0 0.0722556933760643
0.0 0.07228270918130875
0.0 0.07231777906417847
0.0 0.07251588255167007
0.0 0.07254388928413391
0.0 0.07269708812236786
0.0 0.07277894765138626
0.0 0.07285800576210022
0.0 0.07288191467523575
0.0 0.07291042804718018
0.0 0.07291791588068008
0.0 0.07294722646474838
0.0 0.07295345515012741
0.0 0.07301159203052521
0.0 0.07301920652389526
0.0 0.07310529798269272
0.0 0.07314969599246979
0.0 0.07324624806642532
0.0 0.07341276109218597
0.0 0.07348566502332687
0.0 0.07357438653707504
0.0 0.07358886301517487
0.0 0.07374618202447891
0.0 0.07410602271556854
0.0 0.07410839200019836
0.0 0.07418873906135559
0.0 0.0743342787027359
0.0 0.07436946034431458
0.0 0.07444792985916138
0.0 0.0745064839720726
0.0 0.07454638928174973
0.0 0.07454978674650192
0.0 0.07458066940307617
0.0 0.07458927482366562
0.0 0.0746021568775177
0.0 0.07460344582796097
0.0 0.0747305303812027
0.0 0.07474634796380997
0.0 0.07476628571748734
0.0 0.07484922558069229
0.0 0.07495244592428207
0.0 0.07498032599687576
0.0 0.07523734867572784
0.0 0.07524726539850235
0.0 0.0753064900636673
0.0 0.07535310089588165
0.0 0.07536070793867111
0.0 0.0753934308886528
0.0 0.0755872055888176
0.0 0.07564636319875717
0.0 0.07582574337720871
0.0 0.07584736496210098
0.0 0.07594487816095352
0.0 0.07595787942409515
0.0 0.07623039931058884
0.0 0.0762467235326767
0.0 0.0762939378619194
0.0 0.07647283375263214
0.0 0.0765143409371376
0.0 0.07655935734510422
0.0 0.07663702964782715
0.0 0.07665642350912094
0.0 0.07679905742406845
0.0 0.07680307328701019
0.0 0.07701143622398376
0.0 0.07715156674385071
0.0 0.07716511934995651
0.0 0.07724835723638535
0.0 0.07732824981212616
0.0 0.07734360545873642
0.0 0.07757655531167984
0.0 0.07780829817056656
0.0 0.07790131121873856
0.0 0.07792745530605316
0.0 0.0781916081905365
0.0 0.07825834304094315
0.0 0.0783415138721466
0.0 0.07850141823291779
0.0 0.07853908091783524
0.0 0.07862360030412674
0.0 0.07863715291023254
0.0 0.07869746536016464
0.0 0.07884014397859573
0.0 0.07885447889566422
0.0 0.07887239009141922
0.0 0.07888658344745636
0.0 0.0791444480419159
0.0 0.07914718985557556
0.0 0.07920869439840317
0.0 0.07933671027421951
0.0 0.07952149957418442
0.0 0.07953077554702759
0.0 0.07962645590305328
0.0 0.07998304814100266
0.0 0.08003585785627365
0.0 0.08011063933372498
0.0 0.08022836595773697
0.0 0.08024460077285767
0.0 0.08037231862545013
0.0 0.0803796797990799
0.0 0.08042436838150024
0.0 0.08081410080194473
0.0 0.0808185487985611
0.0 0.08092385530471802
0.0 0.08098610490560532
0.0 0.08102831989526749
0.0 0.08105035871267319
0.0 0.08118243515491486
0.0 0.08153724670410156
0.0 0.08155423402786255
0.0 0.08157292008399963
0.0 0.08197807520627975
0.0 0.08217129111289978
0.0 0.08242899179458618
0.0 0.08289230614900589
0.0 0.08299536257982254
0.0 0.0830264687538147
0.0 0.08334317803382874
0.0 0.08334391564130783
0.0 0.08341847360134125
0.0 0.08347000926733017
0.0 0.0835190862417221
0.0 0.08359483629465103
0.0 0.08362052589654922
0.0 0.08362577855587006
0.0 0.08364883810281754
0.0 0.08403307944536209
0.0 0.08432979881763458
0.0 0.08445121347904205
0.0 0.08456738293170929
0.0 0.08465534448623657
0.0 0.08467070013284683
0.0 0.08488143980503082
0.0 0.08507216721773148
0.0 0.08540372550487518
0.0 0.08584535121917725
0.0 0.08604921400547028
0.0 0.08609256893396378
0.0 0.0861934944987297
0.0 0.08742517977952957
0.0 0.08783861994743347
0.0 0.088248111307621
0.0 0.08833353221416473
0.0 0.08856930583715439
0.0 0.08870279788970947
0.0 0.08883216977119446
0.0 0.08961565047502518
0.0 0.09028331935405731
0.0 0.09037931263446808
0.0 0.09039711207151413
0.0 0.09047100692987442
0.0 0.09061281383037567
0.0 0.09085701406002045
0.0 0.09279217571020126
0.0 0.09280506521463394
0.0 0.09375648200511932
0.0 0.09388097375631332
0.0 0.09405719488859177
0.0 0.09412247687578201
0.0 0.09485930949449539
0.0 0.09487787634134293
0.0 0.09548649191856384
0.0 0.09608577191829681
0.0 0.09619453549385071
0.0 0.09626218676567078
0.0 0.09785240888595581
0.0 0.09796721488237381
0.0 0.09855008125305176
0.0 0.09952565282583237
0.0 0.10084878653287888
0.0 0.10206837952136993
0.0 0.1031014546751976
0.0 0.10448091477155685
0.0 0.10636432468891144
0.0 0.10710345208644867
0.0 0.10767200589179993
0.0 0.11256677657365799
0.0 0.11626392602920532
0.0 0.11733353137969971
0.0 inf
