0.0 0.03196712210774422
0.0 0.033513665199279785
0.0 0.03393847495317459
0.0 0.0346611924469471
0.0 0.0356406606733799
0.0 0.03589267656207085
0.0 0.03606967628002167
0.0 0.0360996276140213
0.0 0.03619964420795441
0.0 0.036203429102897644
0.0 0.03629375249147415
0.0 0.03637881949543953
0.0 0.03651929274201393
0.0 0.037142980843782425
0.0 0.03745525702834129
0.0 0.03787068650126457
0.0 0.037929657846689224
0.0 0.03814741596579552
0.0 0.038149770349264145
0.0 0.03823517635464668
0.0 0.038360558450222015
0.0 0.03837963193655014
0.0 0.03843514621257782
0.0 0.03852037712931633
0.0 0.03858094662427902
0.0 0.03888864070177078
0.0 0.03893653303384781
0.0 0.038943879306316376
0.0 0.039079755544662476
0.0 0.03920424357056618
0.0 0.03928956389427185
0.0 0.039451006799936295
0.0 0.03960069641470909
0.0 0.03963550925254822
0.0 0.03968331962823868
0.0 0.03972513973712921
0.0 0.03975929319858551
0.0 0.039776213467121124
0.0 0.040117278695106506
0.0 0.04012366011738777
0.0 0.04027242958545685
0.0 0.04045867919921875
0.0 0.04047868400812149
0.0 0.04048386961221695
0.0 0.04048899561166763
0.0 0.040497392416000366
0.0 0.040611349046230316
0.0 0.040613122284412384
0.0 0.04068882018327713
0.0 0.040779974311590195
0.0 0.04081860929727554
0.0 0.04083134979009628
0.0 0.04084577038884163
0.0 0.04108637943863869
0.0 0.041200943291187286
0.0 0.04125405102968216
0.0 0.04133608937263489
0.0 0.04158909246325493
0.0 0.041607849299907684
0.0 0.04172056168317795
0.0 0.041787371039390564
0.0 0.04178768768906593
0.0 0.041790179908275604
0.0 0.04180989786982536
0.0 0.041876230388879776
0.0 0.0421074703335762
0.0 0.0421857126057148
0.0 0.042202673852443695
0.0 0.042261525988578796
0.0 0.042345039546489716
0.0 0.0423712320625782
0.0 0.04238557815551758
0.0 0.04240242391824722
0.0 0.04240784794092178
0.0 0.04241364449262619
0.0 0.04244912415742874
0.0 0.04245596379041672
0.0 0.04248905926942825
0.0 0.042546939104795456
0.0 0.042549073696136475
0.0 0.04254923760890961
0.0 0.04256853461265564
0.0 0.04257975518703461
0.0 0.04262947663664818
0.0 0.04264257848262787
0.0 0.042673006653785706
0.0 0.042788077145814896
0.0 0.042863793671131134
0.0 0.04295429587364197
0.0 0.04301672428846359
0.0 0.04304793104529381
0.0 0.04317984730005264
0.0 0.043246518820524216
0.0 0.0433521531522274
0.0 0.043387629091739655
0.0 0.043458033353090286
0.0 0.043759025633335114
0.0 0.04377899318933487
0.0 0.04384731128811836
0.0 0.043850187212228775
0.0 0.044114258140325546
0.0 0.04421839863061905
0.0 0.04427579790353775
0.0 0.044393643736839294
0.0 0.04440547898411751
0.0 0.044421348720788956
0.0 0.04447195678949356
0.0 0.044508807361125946
0.0 0.04460286349058151
0.0 0.04471009969711304
0.0 0.04472057521343231
0.0 0.0449540913105011
0.0 0.04502125456929207
0.0 0.04504316300153732
0.0 0.04507353901863098
0.0 0.0451008602976799
0.0 0.045148689299821854
0.0 0.04515976086258888
0.0 0.04533907771110535
0.0 0.04534752666950226
0.0 0.04542705789208412
0.0 0.045464493334293365
0.0 0.04552947357296944
0.0 0.04558291286230087
0.0 0.04563825577497482
0.0 0.0456567257642746
0.0 0.045660559087991714
0.0 0.04572932422161102
0.0 0.04579104110598564
0.0 0.04586271196603775
0.0 0.04589707776904106
0.0 0.045900046825408936
0.0 0.046037495136260986
0.0 0.04611266776919365
0.0 0.04614199697971344
0.0 0.046151451766490936
0.0 0.04627520591020584
0.0 0.04636295512318611
0.0 0.04639376699924469
0.0 0.046405285596847534
0.0 0.0464312806725502
0.0 0.0464516207575798
0.0 0.046465035527944565
0.0 0.04646743834018707
0.0 0.04665893688797951
0.0 0.04667425900697708
0.0 0.04672040790319443
0.0 0.04679686203598976
0.0 0.046824775636196136
0.0 0.04690586403012276
0.0 0.046938348561525345
0.0 0.046960216015577316
0.0 0.046974994242191315
0.0 0.04698535054922104
0.0 0.04700221121311188
0.0 0.047041699290275574
0.0 0.047057051211595535
0.0 0.047295425087213516
0.0 0.04733039066195488
0.0 0.04738505557179451
0.0 0.04753686115145683
0.0 0.04755612462759018
0.0 0.047567907720804214
0.0 0.04765196889638901
0.0 0.047655023634433746
0.0 0.047686170786619186
0.0 0.047753844410181046
0.0 0.04801216721534729
0.0 0.048044078052043915
0.0 0.04809754714369774
0.0 0.0482192300260067
0.0 0.04825112223625183
0.0 0.04830694943666458
0.0 0.04836181551218033
0.0 0.048489224165678024
0.0 0.048508476465940475
0.0 0.048570845276117325
0.0 0.04859837144613266
0.0 0.04863206669688225
0.0 0.0486396849155426
0.0 0.04887913912534714
0.0 0.04889597371220589
0.0 0.04895703122019768
0.0 0.0489824116230011
0.0 0.04900938272476196
0.0 0.04900949448347092
0.0 0.049036409705877304
0.0 0.049049314111471176
0.0 0.049060698598623276
0.0 0.04906098544597626
0.0 0.04906739294528961
0.0 0.04909467697143555
0.0 0.049149204045534134
0.0 0.04919284209609032
0.0 0.049324724823236465
0.0 0.04937201738357544
0.0 0.04944951832294464
0.0 0.04947284981608391
0.0 0.04948263242840767
0.0 0.049540214240550995
0.0 0.04972495511174202
0.0 0.04977656528353691
0.0 0.049895595759153366
0.0 0.04994058609008789
0.0 0.04996854066848755
0.0 0.04998442158102989
0.0 0.04999757185578346
0.0 0.05003955960273743
0.0 0.05004751309752464
0.0 0.05013341084122658
0.0 0.050257034599781036
0.0 0.050337955355644226
0.0 0.05036311596632004
0.0 0.050536416471004486
0.0 0.05058906227350235
0.0 0.050749123096466064
0.0 0.05075683072209358
0.0 0.050810620188713074
0.0 0.050839778035879135
0.0 0.050854023545980453
0.0 0.051062289625406265
0.0 0.051140546798706055
0.0 0.051228925585746765
0.0 0.05127960443496704
0.0 0.05135207995772362
0.0 0.05139252543449402
0.0 0.051580145955085754
0.0 0.05159352719783783
0.0 0.05163762345910072
0.0 0.05170696973800659
0.0 0.05176333338022232
0.0 0.05176352337002754
0.0 0.05181398615241051
0.0 0.051879141479730606
0.0 0.05187954381108284
0.0 0.0518866702914238
0.0 0.05189039558172226
0.0 0.05197525396943092
0.0 0.052019644528627396
0.0 0.05203190818428993
0.0 0.05216788873076439
0.0 0.052178870886564255
0.0 0.05224638059735298
0.0 0.05235036090016365
0.0 0.05247090011835098
0.0 0.052489958703517914
0.0 0.05260956287384033
0.0 0.052737414836883545
0.0 0.05283607542514801
0.0 0.052994418889284134
0.0 0.05301298946142197
0.0 0.05303564295172691
0.0 0.0530630387365818
0.0 0.05314335227012634
0.0 0.053145818412303925
0.0 0.05316602811217308
0.0 0.05324897542595863
0.0 0.053357403725385666
0.0 0.053379230201244354
0.0 0.05341872200369835
0.0 0.053611237555742264
0.0 0.053705085068941116
0.0 0.0537259541451931
0.0 0.053767550736665726
0.0 0.05385554954409599
0.0 0.053889647126197815
0.0 0.05402331426739693
0.0 0.054128214716911316
0.0 0.054138075560331345
0.0 0.05414440110325813
0.0 0.05415704473853111
0.0 0.054159536957740784
0.0 0.05416642129421234
0.0 0.05417436733841896
0.0 0.05423431470990181
0.0 0.05426666885614395
0.0 0.054300397634506226
0.0 0.05431647226214409
0.0 0.05434472858905792
0.0 0.05436127632856369
0.0 0.05440904200077057
0.0 0.05450362712144852
0.0 0.054641593247652054
0.0 0.054899975657463074
0.0 0.05490685999393463
0.0 0.054975248873233795
0.0 0.05513831228017807
0.0 0.05539533123373985
0.0 0.05546821281313896
0.0 0.055525124073028564
0.0 0.05565815791487694
0.0 0.05567725747823715
0.0 0.055703550577163696
0.0 0.05574148893356323
0.0 0.05575593188405037
0.0 0.055773839354515076
0.0 0.05586269870400429
0.0 0.05595947057008743
0.0 0.0561223141849041
0.0 0.05618233606219292
0.0 0.05621746927499771
0.0 0.05625929683446884
0.0 0.056264106184244156
0.0 0.05628491938114166
0.0 0.05638125538825989
0.0 0.056386660784482956
0.0 0.056419942528009415
0.0 0.056591033935546875
0.0 0.05661569908261299
0.0 0.0566445030272007
0.0 0.056722383946180344
0.0 0.05674463510513306
0.0 0.056851886212825775
0.0 0.05691073462367058
0.0 0.05694315582513809
0.0 0.05702752619981766
0.0 0.057029929012060165
0.0 0.05703534930944443
0.0 0.0570940226316452
0.0 0.05710027739405632
0.0 0.05722532793879509
0.0 0.057282693684101105
0.0 0.057479992508888245
0.0 0.05750275030732155
0.0 0.0575777105987072
0.0 0.057768676429986954
0.0 0.05788698047399521
0.0 0.057889122515916824
0.0 0.05791696906089783
0.0 0.05801532045006752
0.0 0.05811167508363724
0.0 0.058148276060819626
0.0 0.05829500034451485
0.0 0.05834393948316574
0.0 0.058347221463918686
0.0 0.05846429616212845
0.0 0.0584726519882679
0.0 0.05863891541957855
0.0 0.0588824488222599
0.0 0.05889373645186424
0.0 0.058906130492687225
0.0 0.058913953602313995
0.0 0.058939624577760696
0.0 0.05897374823689461
0.0 0.059002965688705444
0.0 0.059021852910518646
0.0 0.05918251723051071
0.0 0.05921740084886551
0.0 0.05931156128644943
0.0 0.05967744439840317
0.0 0.05974188819527626
0.0 0.059806328266859055
0.0 0.0598180927336216
0.0 0.059884171932935715
0.0 0.05994587391614914
0.0 0.05995713919401169
0.0 0.0600772425532341
0.0 0.06012258306145668
0.0 0.06029345095157623
0.0 0.06030650436878204
0.0 0.060359496623277664
0.0 0.06051235646009445
0.0 0.06055673211812973
0.0 0.06056797131896019
0.0 0.060670819133520126
0.0 0.06072922423481941
0.0 0.0607389360666275
0.0 0.06079966947436333
0.0 0.06084415316581726
0.0 0.06091883406043053
0.0 0.06096344068646431
0.0 0.06128469109535217
0.0 0.06141699478030205
0.0 0.06144736707210541
0.0 0.061471182852983475
0.0 0.06165701150894165
0.0 0.0617365799844265
0.0 0.06175166368484497
0.0 0.061851099133491516
0.0 0.06192438304424286
0.0 0.06201599910855293
0.0 0.06211039423942566
0.0 0.06214301660656929
0.0 0.062191229313611984
0.0 0.06226503849029541
0.0 0.06228703260421753
0.0 0.06232273951172829
0.0 0.06232476606965065
0.0 0.0623624250292778
0.0 0.06259078532457352
0.0 0.06264641880989075
0.0 0.06276873499155045
0.0 0.06286673992872238
0.0 0.06294582039117813
0.0 0.06299201399087906
0.0 0.06302596628665924
0.0 0.06309261918067932
0.0 0.06309769302606583
0.0 0.06314201653003693
0.0 0.06331872195005417
0.0 0.0633244439959526
0.0 0.06350652128458023
0.0 0.06355247646570206
0.0 0.06375746428966522
0.0 0.06396745890378952
0.0 0.06401219964027405
0.0 0.06408049911260605
0.0 0.06416624039411545
0.0 0.0643501728773117
0.0 0.06436093896627426
0.0 0.06436419486999512
0.0 0.06447768956422806
0.0 0.06452861428260803
0.0 0.06474806368350983
0.0 0.06487469375133514
0.0 0.06524939090013504
0.0 0.06555327028036118
0.0 0.06559325009584427
0.0 0.06561136245727539
0.0 0.06562581658363342
0.0 0.06594967097043991
0.0 0.06620258837938309
0.0 0.06636816263198853
0.0 0.06644649803638458
0.0 0.06664444506168365
0.0 0.06671612709760666
0.0 0.06676819175481796
0.0 0.06677453964948654
0.0 0.06717275083065033
0.0 0.06750159710645676
0.0 0.06759321689605713
0.0 0.06762544065713882
0.0 0.06770043075084686
0.0 0.06772018224000931
0.0 0.0677570104598999
0.0 0.06795699149370193
0.0 0.06814341992139816
0.0 0.06835904717445374
0.0 0.0683862566947937
0.0 0.06841963529586792
0.0 0.06866893917322159
0.0 0.06881769001483917
0.0 0.06891544163227081
0.0 0.06893504410982132
0.0 0.06897156685590744
0.0 0.06905196607112885
0.0 0.06920477002859116
0.0 0.06962402164936066
0.0 0.06966899335384369
0.0 0.0696779116988182
0.0 0.06969258934259415
0.0 0.06974352151155472
0.0 0.06985492259263992
0.0 0.06991172581911087
0.0 0.07005535066127777
0.0 0.07005976140499115
0.0 0.07009044289588928
0.0 0.07011564821004868
0.0 0.070124551653862
0.0 0.070268914103508
0.0 0.07031475752592087
0.0 0.07034946978092194
0.0 0.07035794109106064
0.0 0.07073614001274109
0.0 0.07076786458492279
0.0 0.07085761427879333
0.0 0.07114240527153015
0.0 0.0712195634841919
0.0 0.07123982161283493
0.0 0.07126421481370926
0.0 0.07210396230220795
0.0 0.07215617597103119
0.0 0.07224138081073761
0.0 0.07262500375509262
0.0 0.07294362783432007
0.0 0.07314205914735794
0.0 0.0733475312590599
0.0 0.07350219786167145
0.0 0.07356208562850952
0.0 0.07360729575157166
0.0 0.0737079605460167
0.0 0.07372702658176422
0.0 0.07424462586641312
0.0 0.07429160177707672
0.0 0.07483530789613724
0.0 0.07563214749097824
0.0 0.07602595537900925
0.0 0.07609722763299942
0.0 0.0761033371090889
0.0 0.07637422531843185
0.0 0.07641971111297607
0.0 0.07656880468130112
0.0 0.0770217627286911
0.0 0.0774577334523201
0.0 0.07884969562292099
0.0 0.07909520715475082
0.0 0.07925485074520111
0.0 0.07998131215572357
0.0 0.08045044541358948
0.0 0.08069930970668793
0.0 0.08185825496912003
0.0 0.08398739993572235
0.0 0.0842764675617218
0.0 0.08560143411159515
0.0 0.0879487469792366
0.0 0.0884232297539711
0.0 0.08913466334342957
0.0 0.08952419459819794
0.0 0.09150248765945435
0.0 0.10810443013906479
0.0 0.12232202291488647
0.0 inf
