0.0 0.030337993055582047
0.0 0.03070998191833496
0.0 0.03199901431798935
0.0 0.03311946243047714
0.0 0.033532846719026566
0.0 0.03358841687440872
0.0 0.03359353169798851
0.0 0.03425420820713043
0.0 0.034438736736774445
0.0 0.034527406096458435
0.0 0.03490808978676796
0.0 0.036082904785871506
0.0 0.03625698760151863
0.0 0.03642258793115616
0.0 0.03690798208117485
0.0 0.03697079420089722
0.0 0.03736405447125435
0.0 0.03743794187903404
0.0 0.03775964677333832
0.0 0.03777467459440231
0.0 0.038278695195913315
0.0 0.0382881797850132
0.0 0.038397789001464844
0.0 0.038520146161317825
0.0 0.038655322045087814
0.0 0.03873387724161148
0.0 0.03886353597044945
0.0 0.03888028487563133
0.0 0.03893979638814926
0.0 0.03896886110305786
0.0 0.03920615836977959
0.0 0.039227910339832306
0.0 0.039259713143110275
0.0 0.03927592560648918
0.0 0.03928710147738457
0.0 0.03934282064437866
0.0 0.03944801539182663
0.0 0.03949661925435066
0.0 0.0395321249961853
0.0 0.03958714008331299
0.0 0.039748746901750565
0.0 0.0398561991751194
0.0 0.039923544973134995
0.0 0.04008820280432701
0.0 0.04045528918504715
0.0 0.04054838791489601
0.0 0.04056089371442795
0.0 0.040581610053777695
0.0 0.04060035198926926
0.0 0.04060334339737892
0.0 0.040672484785318375
0.0 0.040790218859910965
0.0 0.04084281995892525
0.0 0.04086095094680786
0.0 0.04095202311873436
0.0 0.0411263033747673
0.0 0.0411999486386776
0.0 0.04120415821671486
0.0 0.041271816939115524
0.0 0.041403308510780334
0.0 0.04142196103930473
0.0 0.04158175736665726
0.0 0.04162115231156349
0.0 0.041686832904815674
0.0 0.04172813147306442
0.0 0.041733965277671814
0.0 0.0417836457490921
0.0 0.04180360585451126
0.0 0.04182838648557663
0.0 0.041867829859256744
0.0 0.04195161908864975
0.0 0.042068079113960266
0.0 0.04209805652499199
0.0 0.04214676469564438
0.0 0.04224730655550957
0.0 0.042412951588630676
0.0 0.042488109320402145
0.0 0.04260723292827606
0.0 0.04264194145798683
0.0 0.04272178187966347
0.0 0.042795099318027496
0.0 0.04280916228890419
0.0 0.04281668737530708
0.0 0.04281749948859215
0.0 0.042835187166929245
0.0 0.042861972004175186
0.0 0.042989302426576614
0.0 0.043034180998802185
0.0 0.043037738651037216
0.0 0.04304852709174156
0.0 0.043067000806331635
0.0 0.043071068823337555
0.0 0.04308968409895897
0.0 0.043105799704790115
0.0 0.043119147419929504
0.0 0.04318112134933472
0.0 0.04320702701807022
0.0 0.04321072995662689
0.0 0.0432206466794014
0.0 0.04327328875660896
0.0 0.04342913255095482
0.0 0.04346524924039841
0.0 0.04349546879529953
0.0 0.043594297021627426
0.0 0.04360520467162132
0.0 0.043614115566015244
0.0 0.04387343302369118
0.0 0.043885618448257446
0.0 0.04392194375395775
0.0 0.04394708573818207
0.0 0.044014424085617065
0.0 0.04403369501233101
0.0 0.04405337944626808
0.0 0.044068846851587296
0.0 0.04406959190964699
0.0 0.04414096847176552
0.0 0.04419051855802536
0.0 0.04422789812088013
0.0 0.044237419962882996
0.0 0.04427643120288849
0.0 0.04433829337358475
0.0 0.04440460354089737
0.0 0.04441577568650246
0.0 0.04445110261440277
0.0 0.04447796568274498
0.0 0.04453882575035095
0.0 0.04454580694437027
0.0 0.04458478093147278
0.0 0.044593095779418945
0.0 0.04460861533880234
0.0 0.0446825735270977
0.0 0.044692669063806534
0.0 0.04470787197351456
0.0 0.04473815858364105
0.0 0.04485221207141876
0.0 0.04486345127224922
0.0 0.044881630688905716
0.0 0.04488729313015938
0.0 0.044898901134729385
0.0 0.04491100087761879
0.0 0.04491623863577843
0.0 0.044926803559064865
0.0 0.04498504847288132
0.0 0.045012328773736954
0.0 0.045059699565172195
0.0 0.04507676139473915
0.0 0.04509783908724785
0.0 0.045261941850185394
0.0 0.04530416056513786
0.0 0.04532460868358612
0.0 0.04546060785651207
0.0 0.04546907916665077
0.0 0.04552559182047844
0.0 0.045646607875823975
0.0 0.045683350414037704
0.0 0.04568841680884361
0.0 0.04569179564714432
0.0 0.04572738707065582
0.0 0.04580645635724068
0.0 0.04598146677017212
0.0 0.04608228802680969
0.0 0.04610033333301544
0.0 0.046108428388834
0.0 0.046123966574668884
0.0 0.04616821929812431
0.0 0.046198394149541855
0.0 0.04626565799117088
0.0 0.04631291329860687
0.0 0.04634525254368782
0.0 0.04636724665760994
0.0 0.046380408108234406
0.0 0.046429213136434555
0.0 0.046443138271570206
0.0 0.046446293592453
0.0 0.046524565666913986
0.0 0.04658288508653641
0.0 0.04659493267536163
0.0 0.04661030322313309
0.0 0.04662778973579407
0.0 0.04663298279047012
0.0 0.04676783084869385
0.0 0.046876437962055206
0.0 0.04703926667571068
0.0 0.04708823189139366
0.0 0.04714463651180267
0.0 0.0471956841647625
0.0 0.04723523184657097
0.0 0.04740825295448303
0.0 0.047411754727363586
0.0 0.04750936105847359
0.0 0.0475103035569191
0.0 0.047759048640728
0.0 0.047766413539648056
0.0 0.047771893441677094
0.0 0.04781714454293251
0.0 0.04782531410455704
0.0 0.04786312207579613
0.0 0.04789615049958229
0.0 0.047916147857904434
0.0 0.04802229627966881
0.0 0.0480460524559021
0.0 0.048133548349142075
0.0 0.04816758260130882
0.0 0.048208851367235184
0.0 0.04834582284092903
0.0 0.04838315770030022
0.0 0.04838428273797035
0.0 0.048408955335617065
0.0 0.048482321202754974
0.0 0.0485464483499527
0.0 0.048588063567876816
0.0 0.048733409494161606
0.0 0.04875635355710983
0.0 0.048888735473155975
0.0 0.04904896393418312
0.0 0.04921188950538635
0.0 0.049220748245716095
0.0 0.04924745112657547
0.0 0.04928295686841011
0.0 0.04930952936410904
0.0 0.04931867495179176
0.0 0.049338988959789276
0.0 0.04935149848461151
0.0 0.049487266689538956
0.0 0.04949459061026573
0.0 0.04949565976858139
0.0 0.04951321333646774
0.0 0.04960125312209129
0.0 0.04962882399559021
0.0 0.049659062176942825
0.0 0.04969584941864014
0.0 0.04971974715590477
0.0 0.04972633346915245
0.0 0.049731265753507614
0.0 0.04975137859582901
0.0 0.04979020729660988
0.0 0.0498022735118866
0.0 0.04989391565322876
0.0 0.049924980849027634
0.0 0.049938905984163284
0.0 0.04995080828666687
0.0 0.04995916038751602
0.0 0.04996779188513756
0.0 0.05002649873495102
0.0 0.05008786916732788
0.0 0.05010193586349487
0.0 0.050123948603868484
0.0 0.05016383156180382
0.0 0.0501910001039505
0.0 0.05036259815096855
0.0 0.05036972463130951
0.0 0.05042358115315437
0.0 0.05049512907862663
0.0 0.050710175186395645
0.0 0.05072256177663803
0.0 0.05097411945462227
0.0 0.05125774070620537
0.0 0.05125808343291283
0.0 0.051369667053222656
0.0 0.0514117106795311
0.0 0.05144978687167168
0.0 0.05146915093064308
0.0 0.051470592617988586
0.0 0.05154640972614288
0.0 0.05158034712076187
0.0 0.051756005734205246
0.0 0.051959890872240067
0.0 0.05205713212490082
0.0 0.05208192393183708
0.0 0.05212949216365814
0.0 0.05215796083211899
0.0 0.052229516208171844
0.0 0.052240997552871704
0.0 0.052266549319028854
0.0 0.05228312686085701
0.0 0.05236565321683884
0.0 0.052530061453580856
0.0 0.052568595856428146
0.0 0.052580028772354126
0.0 0.0526672899723053
0.0 0.052679643034935
0.0 0.05269448086619377
0.0 0.05292871966958046
0.0 0.052939388900995255
0.0 0.05295008048415184
0.0 0.052957240492105484
0.0 0.05303984880447388
0.0 0.05314074456691742
0.0 0.05319410562515259
0.0 0.05330517888069153
0.0 0.053309205919504166
0.0 0.05331888049840927
0.0 0.05331968143582344
0.0 0.053329404443502426
0.0 0.05335893854498863
0.0 0.05338635668158531
0.0 0.0534990169107914
0.0 0.05354836955666542
0.0 0.053669240325689316
0.0 0.05367448925971985
0.0 0.05371838063001633
0.0 0.05388141795992851
0.0 0.053882014006376266
0.0 0.05403890833258629
0.0 0.05411957576870918
0.0 0.05423188582062721
0.0 0.0543096698820591
0.0 0.05431739240884781
0.0 0.054330870509147644
0.0 0.05434119701385498
0.0 0.054376065731048584
0.0 0.05445685237646103
0.0 0.05449730157852173
0.0 0.054521139711141586
0.0 0.05455818399786949
0.0 0.05460156127810478
0.0 0.05464242026209831
0.0 0.05464429408311844
0.0 0.05473635718226433
0.0 0.05488188937306404
0.0 0.05496060475707054
0.0 0.0549931637942791
0.0 0.05500127002596855
0.0 0.05503145605325699
0.0 0.0551307313144207
0.0 0.05516834557056427
0.0 0.05528916046023369
0.0 0.055400095880031586
0.0 0.055483195930719376
0.0 0.05550346523523331
0.0 0.055540524423122406
0.0 0.055655334144830704
0.0 0.055696409195661545
0.0 0.055775001645088196
0.0 0.05581481382250786
0.0 0.0558956079185009
0.0 0.05590254068374634
0.0 0.05590836703777313
0.0 0.056040067225694656
0.0 0.056047309190034866
0.0 0.05612723529338837
0.0 0.05612899363040924
0.0 0.056192751973867416
0.0 0.05625900626182556
0.0 0.05629834160208702
0.0 0.05631318315863609
0.0 0.05634431168437004
0.0 0.05638663098216057
0.0 0.05648837238550186
0.0 0.056685999035835266
0.0 0.056692641228437424
0.0 0.05670839920639992
0.0 0.05671007186174393
0.0 0.05672925338149071
0.0 0.056745558977127075
0.0 0.05676254257559776
0.0 0.05685072019696236
0.0 0.05696626380085945
0.0 0.05701902136206627
0.0 0.05706462264060974
0.0 0.057129789143800735
0.0 0.05716795474290848
0.0 0.05716942250728607
0.0 0.05719549581408501
0.0 0.057210829108953476
0.0 0.05748491361737251
0.0 0.05765776336193085
0.0 0.05767146125435829
0.0 0.05767945200204849
0.0 0.057757701724767685
0.0 0.057783015072345734
0.0 0.05782900005578995
0.0 0.05792856216430664
0.0 0.05799674615263939
0.0 0.05803307145833969
0.0 0.058044739067554474
0.0 0.05817250907421112
0.0 0.05830186605453491
0.0 0.0585295632481575
0.0 0.05857773497700691
0.0 0.058648157864809036
0.0 0.0587097592651844
0.0 0.05872740596532822
0.0 0.05878276377916336
0.0 0.058787502348423004
0.0 0.05888412520289421
0.0 0.059006575495004654
0.0 0.059099309146404266
0.0 0.0591791495680809
0.0 0.05930164456367493
0.0 0.059498947113752365
0.0 0.05964357778429985
0.0 0.05987587198615074
0.0 0.05992177128791809
0.0 0.0599580816924572
0.0 0.06003427505493164
0.0 0.06073372811079025
0.0 0.06075241416692734
0.0 0.060823578387498856
0.0 0.060850173234939575
0.0 0.06090584397315979
0.0 0.06097715348005295
0.0 0.061053305864334106
0.0 0.06108342111110687
0.0 0.06125186011195183
0.0 0.06126302853226662
0.0 0.06139039620757103
0.0 0.061454709619283676
0.0 0.061465829610824585
0.0 0.06148669496178627
0.0 0.06150316447019577
0.0 0.061621151864528656
0.0 0.061662424355745316
0.0 0.06194978952407837
0.0 0.06197011470794678
0.0 0.06204371154308319
0.0 0.06243469938635826
0.0 0.06251487880945206
0.0 0.06262712180614471
0.0 0.06262775510549545
0.0 0.06283558160066605
0.0 0.06284431368112564
0.0 0.06301448494195938
0.0 0.06306339800357819
0.0 0.0631001815199852
0.0 0.06311462074518204
0.0 0.06342441588640213
0.0 0.0634634792804718
0.0 0.06353108584880829
0.0 0.06391765922307968
0.0 0.06404643505811691
0.0 0.06407427042722702
0.0 0.06408372521400452
0.0 0.06411192566156387
0.0 0.06422754377126694
0.0 0.0642911046743393
0.0 0.06475500017404556
0.0 0.06490854918956757
0.0 0.0650104284286499
0.0 0.0654725581407547
0.0 0.06564822793006897
0.0 0.06573192030191422
0.0 0.06579375267028809
0.0 0.0658501461148262
0.0 0.06592482328414917
0.0 0.06609862297773361
0.0 0.06612548232078552
0.0 0.06630423665046692
0.0 0.06658690422773361
0.0 0.06658834964036942
0.0 0.06659869849681854
0.0 0.06660915911197662
0.0 0.06697743386030197
0.0 0.06715774536132812
0.0 0.0672311782836914
0.0 0.06738543510437012
0.0 0.06746018677949905
0.0 0.06754345446825027
0.0 0.06762205064296722
0.0 0.06784079223871231
0.0 0.06818194687366486
0.0 0.06837011128664017
0.0 0.0687585175037384
0.0 0.06911790370941162
0.0 0.06920415908098221
0.0 0.06922627240419388
0.0 0.06949567049741745
0.0 0.0696430653333664
0.0 0.06976483762264252
0.0 0.06985572725534439
0.0 0.07002460956573486
0.0 0.07010937482118607
0.0 0.07016231119632721
0.0 0.07079294323921204
0.0 0.07112187147140503
0.0 0.0713324174284935
0.0 0.07177995145320892
0.0 0.07283713668584824
0.0 0.07287228852510452
0.0 0.07297376543283463
0.0 0.07358245551586151
0.0 0.07482141256332397
0.0 0.07513686269521713
0.0 0.07534130662679672
0.0 0.07558787614107132
0.0 0.07582642883062363
0.0 0.07601011544466019
0.0 0.07638131082057953
0.0 0.07643367350101471
0.0 0.07660354673862457
0.0 0.07678009569644928
0.0 0.07701236009597778
0.0 0.07773207128047943
0.0 0.07939840853214264
0.0 0.0795622318983078
0.0 0.07976232469081879
0.0 0.07990175485610962
0.0 0.08025841414928436
0.0 0.08126091212034225
0.0 0.08195598423480988
0.0 0.08358032256364822
0.0 0.0842444971203804
0.0 0.08504695445299149
0.0 0.08693236112594604
0.0 0.08750005066394806
0.0 0.08801598101854324
0.0 0.08845466375350952
0.0 0.09172067791223526
0.0 0.1005849689245224
0.0 0.11524249613285065
0.0 0.12523703277111053
0.0 inf
