0.0 0.05441642925143242
0.0 0.05630556121468544
0.0 0.05825219675898552
0.0 0.059065546840429306
0.0 0.06060359254479408
0.0 0.06071656197309494
0.0 0.06088663637638092
0.0 0.061223141849040985
0.0 0.061241377145051956
0.0 0.06160054728388786
0.0 0.06183694675564766
0.0 0.061885133385658264
0.0 0.06190059334039688
0.0 0.06204346567392349
0.0 0.06207554414868355
0.0 0.06223754212260246
0.0 0.06246194243431091
0.0 0.06252441555261612
0.0 0.06255251914262772
0.0 0.06273504346609116
0.0 0.06327546387910843
0.0 0.06334055960178375
0.0 0.06357819586992264
0.0 0.06445363163948059
0.0 0.06477198004722595
0.0 0.06478361040353775
0.0 0.06576701253652573
0.0 0.06608770787715912
0.0 0.06645916402339935
0.0 0.06650472432374954
0.0 0.06656231731176376
0.0 0.06699777394533157
0.0 0.06708348542451859
0.0 0.06727511435747147
0.0 0.06728746742010117
0.0 0.06733445823192596
0.0 0.06820187717676163
0.0 0.06821364164352417
0.0 0.0682990550994873
0.0 0.06839652359485626
0.0 0.06852151453495026
0.0 0.06861787289381027
0.0 0.06890469789505005
0.0 0.06897643208503723
0.0 0.06911738216876984
0.0 0.06913511455059052
0.0 0.06936700642108917
0.0 0.0693788081407547
0.0 0.06944753974676132
0.0 0.06946608424186707
0.0 0.06948508322238922
0.0 0.06965383887290955
0.0 0.07013025879859924
0.0 0.07056646049022675
0.0 0.07067395746707916
0.0 0.07096241414546967
0.0 0.07106111198663712
0.0 0.07119050621986389
0.0 0.07122044265270233
0.0 0.07128136605024338
0.0 0.07139474898576736
0.0 0.07147935777902603
0.0 0.07152813673019409
0.0 0.07152865827083588
0.0 0.07154783606529236
0.0 0.07161439210176468
0.0 0.07169482111930847
0.0 0.07170121371746063
0.0 0.07174883037805557
0.0 0.07179374992847443
0.0 0.07188683748245239
0.0 0.07190444320440292
0.0 0.07193614542484283
0.0 0.07201085984706879
0.0 0.07202567160129547
0.0 0.07228069752454758
0.0 0.0723399668931961
0.0 0.07245449721813202
0.0 0.07261181622743607
0.0 0.07263057678937912
0.0 0.07285251468420029
0.0 0.07287903875112534
0.0 0.07289066165685654
0.0 0.07292643189430237
0.0 0.07296399027109146
0.0 0.07300837337970734
0.0 0.0731736421585083
0.0 0.07320054620504379
0.0 0.0735996887087822
0.0 0.07360443472862244
0.0 0.0736062079668045
0.0 0.07364468276500702
0.0 0.07378280907869339
0.0 0.07380129396915436
0.0 0.07382704317569733
0.0 0.07391385734081268
0.0 0.07404987514019012
0.0 0.07413482666015625
0.0 0.07428182661533356
0.0 0.07446420192718506
0.0 0.07450444251298904
0.0 0.07470235228538513
0.0 0.07500683516263962
0.0 0.0750252977013588
0.0 0.07552797347307205
0.0 0.07555894553661346
0.0 0.07556368410587311
0.0 0.07557177543640137
0.0 0.07557748258113861
0.0 0.0757363811135292
0.0 0.07574202120304108
0.0 0.07579631358385086
0.0 0.07583047449588776
0.0 0.07593437284231186
0.0 0.07608745247125626
0.0 0.07618531584739685
0.0 0.07619881629943848
0.0 0.07620414346456528
0.0 0.07622428238391876
0.0 0.07627902925014496
0.0 0.0763227790594101
0.0 0.07644807547330856
0.0 0.07651718705892563
0.0 0.07657843828201294
0.0 0.07667937129735947
0.0 0.0768289864063263
0.0 0.07700257748365402
0.0 0.07707347720861435
0.0 0.07715176790952682
0.0 0.07740965485572815
0.0 0.07741425931453705
0.0 0.07764052599668503
0.0 0.07791002839803696
0.0 0.07795551419258118
0.0 0.07797809690237045
0.0 0.07800959795713425
0.0 0.0780259221792221
0.0 0.07823225110769272
0.0 0.07842802256345749
0.0 0.07844725996255875
0.0 0.07865279912948608
0.0 0.07873008400201797
0.0 0.07880876213312149
0.0 0.07881859689950943
0.0 0.07894677668809891
0.0 0.0790715366601944
0.0 0.0792326107621193
0.0 0.07926664501428604
0.0 0.07929873466491699
0.0 0.07947556674480438
0.0 0.0794842317700386
0.0 0.07948789745569229
0.0 0.0795045793056488
0.0 0.07955240458250046
0.0 0.07966805249452591
0.0 0.07971331477165222
0.0 0.07985280454158783
0.0 0.07986703515052795
0.0 0.07990610599517822
0.0 0.07993166148662567
0.0 0.08020906150341034
0.0 0.08055215328931808
0.0 0.08065153658390045
0.0 0.08067617565393448
0.0 0.08075715601444244
0.0 0.08078377693891525
0.0 0.0809217020869255
0.0 0.08094202727079391
0.0 0.08123131096363068
0.0 0.08123770356178284
0.0 0.08142052590847015
0.0 0.08151520043611526
0.0 0.08156522363424301
0.0 0.0815654769539833
0.0 0.0815899670124054
0.0 0.08174566924571991
0.0 0.08179932832717896
0.0 0.0818711370229721
0.0 0.08200477063655853
0.0 0.08208321779966354
0.0 0.08208639919757843
0.0 0.08232613652944565
0.0 0.08261501044034958
0.0 0.08271610736846924
0.0 0.0827607661485672
0.0 0.0830683633685112
0.0 0.08327565342187881
0.0 0.0832771435379982
0.0 0.08341068774461746
0.0 0.08345796912908554
0.0 0.08359099179506302
0.0 0.08371847867965698
0.0 0.08380073308944702
0.0 0.08388198167085648
0.0 0.0838986486196518
0.0 0.0840197429060936
0.0 0.08441240340471268
0.0 0.0844196081161499
0.0 0.08442653715610504
0.0 0.08444074541330338
0.0 0.08467584103345871
0.0 0.08498295396566391
0.0 0.08523498475551605
0.0 0.0853443369269371
0.0 0.0853741466999054
0.0 0.08547594398260117
0.0 0.0854853019118309
0.0 0.08559878170490265
0.0 0.08562404662370682
0.0 0.08568967133760452
0.0 0.085729219019413
0.0 0.08586075156927109
0.0 0.08591139316558838
0.0 0.0859660804271698
0.0 0.08621480315923691
0.0 0.08641117066144943
0.0 0.0864272341132164
0.0 0.08671912550926208
0.0 0.08684656769037247
0.0 0.08686524629592896
0.0 0.08701664954423904
0.0 0.08709324896335602
0.0 0.08725973218679428
0.0 0.08726067841053009
0.0 0.08751741796731949
0.0 0.08753776550292969
0.0 0.08762910962104797
0.0 0.08767350763082504
0.0 0.0877620279788971
0.0 0.0877886563539505
0.0 0.08791402727365494
0.0 0.08796509355306625
0.0 0.08802957832813263
0.0 0.0881277397274971
0.0 0.0882931724190712
0.0 0.08838401734828949
0.0 0.08838508278131485
0.0 0.08842077106237411
0.0 0.08847683668136597
0.0 0.08851760625839233
0.0 0.08869988471269608
0.0 0.08870844542980194
0.0 0.08875460177659988
0.0 0.08886178582906723
0.0 0.0889471247792244
0.0 0.08902013301849365
0.0 0.08943680673837662
0.0 0.08968081325292587
0.0 0.08972832560539246
0.0 0.0897553563117981
0.0 0.08977381139993668
0.0 0.08978471159934998
0.0 0.08984898775815964
0.0 0.08991235494613647
0.0 0.08997496962547302
0.0 0.09006867557764053
0.0 0.090107262134552
0.0 0.09012066572904587
0.0 0.0902320072054863
0.0 0.09027181565761566
0.0 0.09034832566976547
0.0 0.09044554829597473
0.0 0.09048254787921906
0.0 0.09051830321550369
0.0 0.0906139388680458
0.0 0.09091828018426895
0.0 0.09104186296463013
0.0 0.09109582751989365
0.0 0.09110508859157562
0.0 0.09111205488443375
0.0 0.09111981838941574
0.0 0.09121803939342499
0.0 0.0913405641913414
0.0 0.09141255915164948
0.0 0.09142798185348511
0.0 0.09157254546880722
0.0 0.09173958748579025
0.0 0.09190312027931213
0.0 0.09200506657361984
0.0 0.09203268587589264
0.0 0.09215489029884338
0.0 0.0922488123178482
0.0 0.09253567457199097
0.0 0.09260736405849457
0.0 0.09263146668672562
0.0 0.09265356510877609
0.0 0.09267084300518036
0.0 0.09272581338882446
0.0 0.09301421791315079
0.0 0.09313226491212845
0.0 0.09329592436552048
0.0 0.09330473095178604
0.0 0.09352124482393265
0.0 0.09359224885702133
0.0 0.09363015741109848
0.0 0.09363655000925064
0.0 0.09379026293754578
0.0 0.09384329617023468
0.0 0.09388340264558792
0.0 0.09389887005090714
0.0 0.09396755695343018
0.0 0.09421737492084503
0.0 0.09432348608970642
0.0 0.09440741688013077
0.0 0.09468042850494385
0.0 0.09470288455486298
0.0 0.09473276883363724
0.0 0.09475734829902649
0.0 0.09476462751626968
0.0 0.09477938711643219
0.0 0.09516109526157379
0.0 0.09520857781171799
0.0 0.09525157511234283
0.0 0.09526021778583527
0.0 0.09542711079120636
0.0 0.09546887129545212
0.0 0.09559762477874756
0.0 0.09573369473218918
0.0 0.09579108655452728
0.0 0.09581577777862549
0.0 0.09609192609786987
0.0 0.09613194316625595
0.0 0.0962376594543457
0.0 0.09651762247085571
0.0 0.09664872288703918
0.0 0.09679053723812103
0.0 0.0968208834528923
0.0 0.09688664972782135
0.0 0.09715516865253448
0.0 0.09718971699476242
0.0 0.09722670167684555
0.0 0.09734819829463959
0.0 0.09751293808221817
0.0 0.09787710756063461
0.0 0.09787880629301071
0.0 0.09792657196521759
0.0 0.09794454276561737
0.0 0.0979822427034378
0.0 0.09809879213571548
0.0 0.09810923039913177
0.0 0.09815662354230881
0.0 0.09830421954393387
0.0 0.09838113933801651
0.0 0.09848637133836746
0.0 0.09872505813837051
0.0 0.09890875220298767
0.0 0.09900053590536118
0.0 0.09902344644069672
0.0 0.09907497465610504
0.0 0.09912443161010742
0.0 0.09918874502182007
0.0 0.09924054145812988
0.0 0.09925176203250885
0.0 0.09940827637910843
0.0 0.09953813999891281
0.0 0.09958787262439728
0.0 0.09958931803703308
0.0 0.09962371736764908
0.0 0.09984403103590012
0.0 0.09988678246736526
0.0 0.09996666014194489
0.0 0.10010363161563873
0.0 0.10012884438037872
0.0 0.10016974061727524
0.0 0.10023210197687149
0.0 0.10027246177196503
0.0 0.10038779675960541
0.0 0.1004234254360199
0.0 0.10060660541057587
0.0 0.10090046375989914
0.0 0.10112985968589783
0.0 0.10115662962198257
0.0 0.10152172297239304
0.0 0.10154776275157928
0.0 0.10156001895666122
0.0 0.1016366258263588
0.0 0.1016465574502945
0.0 0.10184333473443985
0.0 0.10185322910547256
0.0 0.10218354314565659
0.0 0.10234597325325012
0.0 0.10286367684602737
0.0 0.1030089259147644
0.0 0.10338708013296127
0.0 0.1034160628914833
0.0 0.10342686623334885
0.0 0.10345827043056488
0.0 0.10371214896440506
0.0 0.10379814356565475
0.0 0.1038038432598114
0.0 0.10397845506668091
0.0 0.10413989424705505
0.0 0.10421381145715714
0.0 0.10423114150762558
0.0 0.10429424792528152
0.0 0.10429809242486954
0.0 0.1047581285238266
0.0 0.1047786995768547
0.0 0.10523723065853119
0.0 0.1052377000451088
0.0 0.10534074902534485
0.0 0.10541337728500366
0.0 0.1055520623922348
0.0 0.10585135221481323
0.0 0.10590831190347672
0.0 0.10610297322273254
0.0 0.10613702237606049
0.0 0.10617431253194809
0.0 0.10626916587352753
0.0 0.10631966590881348
0.0 0.10635047405958176
0.0 0.10640022903680801
0.0 0.10657210648059845
0.0 0.10662783682346344
0.0 0.10689783096313477
0.0 0.10710472613573074
0.0 0.10725647956132889
0.0 0.1072944700717926
0.0 0.10782086104154587
0.0 0.10832321643829346
0.0 0.10837841778993607
0.0 0.1084437444806099
0.0 0.10850460082292557
0.0 0.10915525257587433
0.0 0.10922516137361526
0.0 0.10925213992595673
0.0 0.109453484416008
0.0 0.10971811413764954
0.0 0.10978438705205917
0.0 0.10978858917951584
0.0 0.10998665541410446
0.0 0.11005700379610062
0.0 0.1104506105184555
0.0 0.11113713681697845
0.0 0.1114201545715332
0.0 0.11182262748479843
0.0 0.11196500808000565
0.0 0.11233317106962204
0.0 0.11260323226451874
0.0 0.1126921996474266
0.0 0.11317204684019089
0.0 0.11320317536592484
0.0 0.11341594904661179
0.0 0.11343678832054138
0.0 0.11438039690256119
0.0 0.11496912688016891
0.0 0.11603004485368729
0.0 0.11617442220449448
0.0 0.11631783843040466
0.0 0.11660734564065933
0.0 0.11661678552627563
0.0 0.11775562167167664
0.0 0.11785077303647995
0.0 0.11836318671703339
0.0 0.11897953599691391
0.0 0.11923135817050934
0.0 0.11942505091428757
0.0 0.11952731758356094
0.0 0.11973132193088531
0.0 0.11987915635108948
0.0 0.12024403363466263
0.0 0.12041619420051575
0.0 0.12044289708137512
0.0 0.12082796543836594
0.0 0.12102910876274109
0.0 0.12127865850925446
0.0 0.12135066092014313
0.0 0.12166029959917068
0.0 0.12208705395460129
0.0 0.12258875370025635
0.0 0.12259586155414581
0.0 0.12265615910291672
0.0 0.12299033254384995
0.0 0.12302357703447342
0.0 0.12353599071502686
0.0 0.12355863302946091
0.0 0.12406723946332932
0.0 0.12502625584602356
0.0 0.12512588500976562
0.0 0.12520979344844818
0.0 0.12535354495048523
0.0 0.12561926245689392
0.0 0.12576523423194885
0.0 0.126174196600914
0.0 0.12625564634799957
0.0 0.12697285413742065
0.0 0.1270471066236496
0.0 0.12739485502243042
0.0 0.12765204906463623
0.0 0.12768696248531342
0.0 0.12791787087917328
0.0 0.1284189522266388
0.0 0.1287287473678589
0.0 0.12916669249534607
0.0 0.13010625541210175
0.0 0.13142669200897217
0.0 0.13299643993377686
0.0 0.13469809293746948
0.0 0.1347314417362213
0.0 0.13478471338748932
0.0 0.13492853939533234
0.0 0.1349349319934845
0.0 0.13917310535907745
0.0 0.1411316692829132
0.0 0.14123965799808502
0.0 0.14645183086395264
0.0 0.15055596828460693
0.0 0.15648868680000305
0.0 0.16065764427185059
0.0 0.1613043248653412
0.0 0.16331979632377625
0.0 inf
