0.0 0.034784868359565735
0.0 0.03492600843310356
0.0 0.03726993873715401
0.0 0.037688665091991425
0.0 0.03783124312758446
0.0 0.03784977272152901
0.0 0.0380517803132534
0.0 0.03817559406161308
0.0 0.038211677223443985
0.0 0.039726875722408295
0.0 0.03979816287755966
0.0 0.039981357753276825
0.0 0.03999472036957741
0.0 0.04062242433428764
0.0 0.04068519547581673
0.0 0.040948186069726944
0.0 0.040961068123579025
0.0 0.04101536050438881
0.0 0.04121997579932213
0.0 0.043170008808374405
0.0 0.04333700239658356
0.0 0.04339614510536194
0.0 0.043737463653087616
0.0 0.04374554380774498
0.0 0.04377494752407074
0.0 0.04410804063081741
0.0 0.044206857681274414
0.0 0.04424787312746048
0.0 0.044284675270318985
0.0 0.04470977559685707
0.0 0.0448857843875885
0.0 0.04493947699666023
0.0 0.04519205912947655
0.0 0.04534022510051727
0.0 0.045366477221250534
0.0 0.045551199465990067
0.0 0.04557244852185249
0.0 0.045703429728746414
0.0 0.04571472853422165
0.0 0.0457819327712059
0.0 0.04595208168029785
0.0 0.04598252847790718
0.0 0.04606698825955391
0.0 0.046077828854322433
0.0 0.04609079658985138
0.0 0.0464881956577301
0.0 0.04654048755764961
0.0 0.04662010446190834
0.0 0.04665300250053406
0.0 0.04700453579425812
0.0 0.047060150653123856
0.0 0.04707309976220131
0.0 0.047119997441768646
0.0 0.04718906804919243
0.0 0.04725120589137077
0.0 0.047289323061704636
0.0 0.04734044522047043
0.0 0.04743886739015579
0.0 0.047466691583395004
0.0 0.04751846566796303
0.0 0.04757563769817352
0.0 0.04785735532641411
0.0 0.047917213290929794
0.0 0.04792908579111099
0.0 0.04799212887883186
0.0 0.048088639974594116
0.0 0.04811195284128189
0.0 0.04827359691262245
0.0 0.04844726622104645
0.0 0.048466138541698456
0.0 0.04852067306637764
0.0 0.04852670058608055
0.0 0.0485464446246624
0.0 0.0485667921602726
0.0 0.0486023873090744
0.0 0.04875001683831215
0.0 0.048912156373262405
0.0 0.04896312206983566
0.0 0.04898947849869728
0.0 0.04903959855437279
0.0 0.04906878247857094
0.0 0.049106109887361526
0.0 0.049174096435308456
0.0 0.049214866012334824
0.0 0.04928508400917053
0.0 0.049287937581539154
0.0 0.049385540187358856
0.0 0.04942634329199791
0.0 0.04948573559522629
0.0 0.04950947314500809
0.0 0.04953261837363243
0.0 0.04961848631501198
0.0 0.04995819553732872
0.0 0.050028953701257706
0.0 0.050094109028577805
0.0 0.05015178769826889
0.0 0.05027805268764496
0.0 0.050368208438158035
0.0 0.05036873742938042
0.0 0.050426289439201355
0.0 0.05048486217856407
0.0 0.0504910871386528
0.0 0.050508491694927216
0.0 0.05062378570437431
0.0 0.050636693835258484
0.0 0.05067070573568344
0.0 0.05075285583734512
0.0 0.05077812820672989
0.0 0.05079248547554016
0.0 0.05081261694431305
0.0 0.05081377178430557
0.0 0.05088735371828079
0.0 0.05105608329176903
0.0 0.051128651946783066
0.0 0.051281802356243134
0.0 0.05140677094459534
0.0 0.051550522446632385
0.0 0.051598336547613144
0.0 0.05173918604850769
0.0 0.05177965760231018
0.0 0.051820073276758194
0.0 0.05184158310294151
0.0 0.05187280848622322
0.0 0.05192665010690689
0.0 0.051980968564748764
0.0 0.05209215357899666
0.0 0.05215482786297798
0.0 0.05235283449292183
0.0 0.052444979548454285
0.0 0.05259786546230316
0.0 0.052706312388181686
0.0 0.05276121944189072
0.0 0.0528661385178566
0.0 0.05288992077112198
0.0 0.053063131868839264
0.0 0.05315273627638817
0.0 0.05318845063447952
0.0 0.05324177071452141
0.0 0.053269997239112854
0.0 0.05331249162554741
0.0 0.05332803726196289
0.0 0.05335702374577522
0.0 0.05337430536746979
0.0 0.05346570536494255
0.0 0.05355598032474518
0.0 0.05368145927786827
0.0 0.05380866304039955
0.0 0.05395973101258278
0.0 0.054079458117485046
0.0 0.05411764979362488
0.0 0.05411985144019127
0.0 0.05423973128199577
0.0 0.0542420856654644
0.0 0.054281894117593765
0.0 0.05428272858262062
0.0 0.05431663990020752
0.0 0.05447912961244583
0.0 0.054487183690071106
0.0 0.05452994257211685
0.0 0.05457967892289162
0.0 0.05465145781636238
0.0 0.054662324488162994
0.0 0.05468513071537018
0.0 0.05472472682595253
0.0 0.05474188178777695
0.0 0.054764002561569214
0.0 0.05477187782526016
0.0 0.05481024831533432
0.0 0.055219490081071854
0.0 0.055302079766988754
0.0 0.05537896603345871
0.0 0.055522333830595016
0.0 0.05553503334522247
0.0 0.05560288205742836
0.0 0.05564785748720169
0.0 0.05575412139296532
0.0 0.05577492341399193
0.0 0.05611363798379898
0.0 0.05615668743848801
0.0 0.05616192892193794
0.0 0.05634094029664993
0.0 0.056428212672472
0.0 0.056633178144693375
0.0 0.05680343881249428
0.0 0.05690419301390648
0.0 0.056945424526929855
0.0 0.05703391134738922
0.0 0.05708203837275505
0.0 0.05710592120885849
0.0 0.0571315698325634
0.0 0.057163238525390625
0.0 0.05730981007218361
0.0 0.05739324539899826
0.0 0.057474084198474884
0.0 0.05766621232032776
0.0 0.05771342292428017
0.0 0.057757243514060974
0.0 0.05775923654437065
0.0 0.05779901146888733
0.0 0.057853180915117264
0.0 0.05793914571404457
0.0 0.05804950371384621
0.0 0.05808047950267792
0.0 0.058173879981040955
0.0 0.05822573974728584
0.0 0.05825844407081604
0.0 0.05832027643918991
0.0 0.05864647403359413
0.0 0.058811306953430176
0.0 0.05885590612888336
0.0 0.05891408771276474
0.0 0.0589783601462841
0.0 0.058985963463783264
0.0 0.05927756056189537
0.0 0.05929563194513321
0.0 0.059454139322042465
0.0 0.05947079136967659
0.0 0.05948507785797119
0.0 0.059528544545173645
0.0 0.0597706064581871
0.0 0.059788383543491364
0.0 0.05985908955335617
0.0 0.059958603233098984
0.0 0.06000519171357155
0.0 0.06003265082836151
0.0 0.06015980243682861
0.0 0.06019167974591255
0.0 0.060279376804828644
0.0 0.060355737805366516
0.0 0.060427095741033554
0.0 0.06049806997179985
0.0 0.0605010949075222
0.0 0.060576535761356354
0.0 0.06073389947414398
0.0 0.060753077268600464
0.0 0.06080735847353935
0.0 0.0608409121632576
0.0 0.06087296083569527
0.0 0.06101538613438606
0.0 0.061287567019462585
0.0 0.06129024922847748
0.0 0.06134141609072685
0.0 0.06138812005519867
0.0 0.061388324946165085
0.0 0.06140720099210739
0.0 0.06142409145832062
0.0 0.06154067441821098
0.0 0.06154083088040352
0.0 0.0616169199347496
0.0 0.06161704286932945
0.0 0.06162705272436142
0.0 0.06166207790374756
0.0 0.061678167432546616
0.0 0.061679523438215256
0.0 0.0616828054189682
0.0 0.061753612011671066
0.0 0.061764784157276154
0.0 0.06190774589776993
0.0 0.061980169266462326
0.0 0.06199023872613907
0.0 0.06201597675681114
0.0 0.06203112378716469
0.0 0.06208137050271034
0.0 0.0620964951813221
0.0 0.06224832311272621
0.0 0.06227348744869232
0.0 0.06228944659233093
0.0 0.0623009018599987
0.0 0.062306806445121765
0.0 0.06231437250971794
0.0 0.06234029680490494
0.0 0.06238960474729538
0.0 0.062458332628011703
0.0 0.062463440001010895
0.0 0.06252644211053848
0.0 0.06263292580842972
0.0 0.06272110342979431
0.0 0.06272552162408829
0.0 0.06279155611991882
0.0 0.06283862143754959
0.0 0.06302756816148758
0.0 0.06304599344730377
0.0 0.06311525404453278
0.0 0.06311739236116409
0.0 0.06312985718250275
0.0 0.06335218250751495
0.0 0.06349576264619827
0.0 0.06354028731584549
0.0 0.06358320266008377
0.0 0.06360732764005661
0.0 0.06361778825521469
0.0 0.06364995241165161
0.0 0.06371662765741348
0.0 0.06373490393161774
0.0 0.06375716626644135
0.0 0.0637635588645935
0.0 0.06388583034276962
0.0 0.06394891440868378
0.0 0.06403795629739761
0.0 0.06425247341394424
0.0 0.06433450430631638
0.0 0.06444793939590454
0.0 0.06452307105064392
0.0 0.06454057991504669
0.0 0.06460791081190109
0.0 0.06461019814014435
0.0 0.06466630846261978
0.0 0.06470229476690292
0.0 0.06480072438716888
0.0 0.0648336336016655
0.0 0.06494319438934326
0.0 0.06497001647949219
0.0 0.06502686440944672
0.0 0.06512485444545746
0.0 0.0652095302939415
0.0 0.06524188816547394
0.0 0.0653272196650505
0.0 0.06557019799947739
0.0 0.06571095436811447
0.0 0.06574950367212296
0.0 0.06575407832860947
0.0 0.06580421328544617
0.0 0.06580531597137451
0.0 0.06581104546785355
0.0 0.0658915564417839
0.0 0.0659836083650589
0.0 0.06598946452140808
0.0 0.06603986024856567
0.0 0.06617066264152527
0.0 0.06626532226800919
0.0 0.06629977375268936
0.0 0.06634587049484253
0.0 0.06637541204690933
0.0 0.06639594584703445
0.0 0.06646785885095596
0.0 0.06652563810348511
0.0 0.06657716631889343
0.0 0.06659390777349472
0.0 0.06668832153081894
0.0 0.06678088754415512
0.0 0.06683987379074097
0.0 0.06684191524982452
0.0 0.06692587584257126
0.0 0.06693939864635468
0.0 0.06697747111320496
0.0 0.06697995960712433
0.0 0.0670316070318222
0.0 0.0670512393116951
0.0 0.0671689584851265
0.0 0.0672045648097992
0.0 0.06730198860168457
0.0 0.06745624542236328
0.0 0.06756517291069031
0.0 0.06785815954208374
0.0 0.06786998361349106
0.0 0.06806261092424393
0.0 0.0681203082203865
0.0 0.06812259554862976
0.0 0.06828244775533676
0.0 0.06830869615077972
0.0 0.0683969184756279
0.0 0.06843340396881104
0.0 0.06847815960645676
0.0 0.06848084926605225
0.0 0.06860417872667313
0.0 0.06874256581068039
0.0 0.06877287477254868
0.0 0.06888685375452042
0.0 0.06898634880781174
0.0 0.06902708858251572
0.0 0.0690346211194992
0.0 0.06904615461826324
0.0 0.06917453557252884
0.0 0.06944696605205536
0.0 0.06952033936977386
0.0 0.06967703253030777
0.0 0.06978299468755722
0.0 0.06996682286262512
0.0 0.07006614655256271
0.0 0.07025054097175598
0.0 0.07043188065290451
0.0 0.07045931369066238
0.0 0.07049593329429626
0.0 0.07059089094400406
0.0 0.0707959234714508
0.0 0.07080148160457611
0.0 0.07082334160804749
0.0 0.07083871960639954
0.0 0.07092656195163727
0.0 0.07100819796323776
0.0 0.07106955349445343
0.0 0.0713229849934578
0.0 0.07141601294279099
0.0 0.07145529240369797
0.0 0.07149820029735565
0.0 0.07151905447244644
0.0 0.07159917056560516
0.0 0.07178957760334015
0.0 0.07180451601743698
0.0 0.07181277871131897
0.0 0.07190751284360886
0.0 0.07202447205781937
0.0 0.07210800796747208
0.0 0.07215143740177155
0.0 0.07215344905853271
0.0 0.07235818356275558
0.0 0.07235920429229736
0.0 0.07238981872797012
0.0 0.07240615785121918
0.0 0.07271347939968109
0.0 0.07272785902023315
0.0 0.07288254052400589
0.0 0.07326921820640564
0.0 0.07338348776102066
0.0 0.07351458817720413
0.0 0.07365406304597855
0.0 0.07382837682962418
0.0 0.07398884743452072
0.0 0.07419505715370178
0.0 0.07458613812923431
0.0 0.07475852966308594
0.0 0.07495541125535965
0.0 0.07506662607192993
0.0 0.07506883144378662
0.0 0.07527896016836166
0.0 0.07530173659324646
0.0 0.0754348412156105
0.0 0.07560177147388458
0.0 0.07592541724443436
0.0 0.07601313292980194
0.0 0.07602283358573914
0.0 0.07609251141548157
0.0 0.07619326561689377
0.0 0.07645000517368317
0.0 0.07651170343160629
0.0 0.07656776905059814
0.0 0.07668303698301315
0.0 0.07688864320516586
0.0 0.077238067984581
0.0 0.07731520384550095
0.0 0.07733365893363953
0.0 0.07734936475753784
0.0 0.0775291845202446
0.0 0.0775841474533081
0.0 0.07764732837677002
0.0 0.07817036658525467
0.0 0.07939278334379196
0.0 0.07943619787693024
0.0 0.07966774702072144
0.0 0.07998540997505188
0.0 0.08011934161186218
0.0 0.08110003918409348
0.0 0.08114008605480194
0.0 0.08143573999404907
0.0 0.08151308447122574
0.0 0.08260121196508408
0.0 0.08328805863857269
0.0 0.08375335484743118
0.0 0.08435331284999847
0.0 0.08447689563035965
0.0 0.08538859337568283
0.0 0.08553202450275421
0.0 0.08821932226419449
0.0 0.08828312903642654
0.0 0.08854745328426361
0.0 0.09000495076179504
0.0 0.09030510485172272
0.0 0.09241396933794022
0.0 0.09445984661579132
0.0 0.09694107621908188
0.0 0.0976552739739418
0.0 0.10226284712553024
0.0 0.10489270836114883
0.0 0.10581134259700775
0.0 0.10635008662939072
0.0 0.10817524045705795
0.0 0.10948466509580612
0.0 0.11325154453516006
0.0 0.11707694828510284
0.0 0.12016771733760834
0.0 0.12035728245973587
0.0 0.12145653367042542
0.0 0.12261829525232315
0.0 0.12568911910057068
0.0 0.12751156091690063
0.0 0.12927718460559845
0.0 0.13228878378868103
0.0 0.1329977661371231
0.0 0.13436967134475708
0.0 0.13484174013137817
0.0 0.13606907427310944
0.0 0.13860614597797394
0.0 0.14356070756912231
0.0 0.14418348670005798
0.0 0.14444877207279205
0.0 0.14911499619483948
0.0 0.1547226458787918
0.0 0.16875819861888885
0.0 0.1736258715391159
0.0 0.17525942623615265
0.0 0.17694209516048431
0.0 0.17781522870063782
0.0 0.1842389553785324
0.0 0.19279992580413818
0.0 0.1951119750738144
0.0 0.19558404386043549
0.0 0.1983751803636551
0.0 0.19869717955589294
0.0 0.2022094428539276
0.0 0.20642931759357452
0.0 0.20675086975097656
0.0 inf
