0.0 0.03788475692272186
0.0 0.03904394432902336
0.0 0.0400986410677433
0.0 0.041130926460027695
0.0 0.04120197892189026
0.0 0.04156140238046646
0.0 0.04163248464465141
0.0 0.04273517429828644
0.0 0.042861901223659515
0.0 0.04363230988383293
0.0 0.04390851780772209
0.0 0.045173294842243195
0.0 0.04551587253808975
0.0 0.04639240354299545
0.0 0.04640365391969681
0.0 0.04650115594267845
0.0 0.04691255837678909
0.0 0.047475941479206085
0.0 0.04750911518931389
0.0 0.04774102941155434
0.0 0.047866955399513245
0.0 0.0479264110326767
0.0 0.04795221984386444
0.0 0.04795457422733307
0.0 0.04816129803657532
0.0 0.048264771699905396
0.0 0.048290152102708817
0.0 0.048448748886585236
0.0 0.04845990240573883
0.0 0.0485299788415432
0.0 0.048831257969141006
0.0 0.0492880642414093
0.0 0.04932834580540657
0.0 0.049609605222940445
0.0 0.049639992415905
0.0 0.049641747027635574
0.0 0.04973258450627327
0.0 0.049765393137931824
0.0 0.04981270432472229
0.0 0.04992750659584999
0.0 0.05001325532793999
0.0 0.05020325630903244
0.0 0.05027713254094124
0.0 0.05034370347857475
0.0 0.05061045289039612
0.0 0.050720080733299255
0.0 0.05090370029211044
0.0 0.051284704357385635
0.0 0.05129777640104294
0.0 0.05139615386724472
0.0 0.05140402168035507
0.0 0.051469456404447556
0.0 0.05169348046183586
0.0 0.05184764415025711
0.0 0.052093181759119034
0.0 0.05214203521609306
0.0 0.05230412632226944
0.0 0.05237434431910515
0.0 0.05239379405975342
0.0 0.05240267142653465
0.0 0.05244205892086029
0.0 0.05257880687713623
0.0 0.05265684053301811
0.0 0.05268708989024162
0.0 0.052807483822107315
0.0 0.052991610020399094
0.0 0.0531783364713192
0.0 0.0533977635204792
0.0 0.053518146276474
0.0 0.05367978662252426
0.0 0.05368504300713539
0.0 0.053715016692876816
0.0 0.05374325439333916
0.0 0.053918905556201935
0.0 0.05396394059062004
0.0 0.05402562767267227
0.0 0.0540318563580513
0.0 0.05404741317033768
0.0 0.0542890727519989
0.0 0.05434144288301468
0.0 0.05436860769987106
0.0 0.05436864122748375
0.0 0.05469179153442383
0.0 0.05479997396469116
0.0 0.054828014224767685
0.0 0.054838500916957855
0.0 0.05491659417748451
0.0 0.05499439686536789
0.0 0.055102601647377014
0.0 0.055240411311388016
0.0 0.05533817037940025
0.0 0.055377811193466187
0.0 0.0555427223443985
0.0 0.055581048130989075
0.0 0.05560930073261261
0.0 0.05565692111849785
0.0 0.05566789582371712
0.0 0.05569498613476753
0.0 0.05574538931250572
0.0 0.055751606822013855
0.0 0.055810991674661636
0.0 0.055817391723394394
0.0 0.05582067370414734
0.0 0.05597687140107155
0.0 0.056075263768434525
0.0 0.0562826469540596
0.0 0.05628353729844093
0.0 0.05630261451005936
0.0 0.05632932111620903
0.0 0.056351639330387115
0.0 0.05639852583408356
0.0 0.05641748383641243
0.0 0.05643166974186897
0.0 0.05646049976348877
0.0 0.0565129779279232
0.0 0.05655309185385704
0.0 0.05657501518726349
0.0 0.056607432663440704
0.0 0.05668781325221062
0.0 0.05681701377034187
0.0 0.05683837831020355
0.0 0.0568658821284771
0.0 0.05688533931970596
0.0 0.056930407881736755
0.0 0.05696900561451912
0.0 0.057030435651540756
0.0 0.05704712122678757
0.0 0.05705651268362999
0.0 0.05706502124667168
0.0 0.05706699565052986
0.0 0.05716029554605484
0.0 0.057218264788389206
0.0 0.05722109600901604
0.0 0.05728962644934654
0.0 0.057308342307806015
0.0 0.0573892667889595
0.0 0.05742866173386574
0.0 0.05743168294429779
0.0 0.05758349969983101
0.0 0.057703010737895966
0.0 0.05788896232843399
0.0 0.058102987706661224
0.0 0.05821160972118378
0.0 0.0582362599670887
0.0 0.058257490396499634
0.0 0.05838358402252197
0.0 0.05841601639986038
0.0 0.058427680283784866
0.0 0.05844400078058243
0.0 0.05847970023751259
0.0 0.0586668998003006
0.0 0.05869152396917343
0.0 0.058712586760520935
0.0 0.058772724121809006
0.0 0.05885375663638115
0.0 0.059106018394231796
0.0 0.05919835716485977
0.0 0.05923454836010933
0.0 0.05928836390376091
0.0 0.059443145990371704
0.0 0.059532105922698975
0.0 0.05956253409385681
0.0 0.05963150039315224
0.0 0.05995740741491318
0.0 0.060108017176389694
0.0 0.060213226824998856
0.0 0.06036684662103653
0.0 0.06036856025457382
0.0 0.06038559600710869
0.0 0.0604049451649189
0.0 0.060415975749492645
0.0 0.06050838530063629
0.0 0.06053318455815315
0.0 0.0605727918446064
0.0 0.0606176033616066
0.0 0.060694243758916855
0.0 0.06081068515777588
0.0 0.06100592017173767
0.0 0.0610189288854599
0.0 0.0610298290848732
0.0 0.061076145619153976
0.0 0.06109319627285004
0.0 0.061151035130023956
0.0 0.06121252477169037
0.0 0.06130436062812805
0.0 0.061316076666116714
0.0 0.06134158745408058
0.0 0.06136660277843475
0.0 0.06139463558793068
0.0 0.061417993158102036
0.0 0.061459753662347794
0.0 0.061463966965675354
0.0 0.06146986410021782
0.0 0.06149233132600784
0.0 0.06149855628609657
0.0 0.0615517757833004
0.0 0.06168028339743614
0.0 0.06174842268228531
0.0 0.06185183674097061
0.0 0.06190531700849533
0.0 0.06209792196750641
0.0 0.06224874034523964
0.0 0.0624353289604187
0.0 0.06249668449163437
0.0 0.06253740936517715
0.0 0.0625443384051323
0.0 0.06258261203765869
0.0 0.06262923032045364
0.0 0.06275807321071625
0.0 0.06280598044395447
0.0 0.06285419315099716
0.0 0.06297546625137329
0.0 0.0631832554936409
0.0 0.06329290568828583
0.0 0.06333435326814651
0.0 0.06334143131971359
0.0 0.06339533627033234
0.0 0.06345482170581818
0.0 0.06356363743543625
0.0 0.06359901279211044
0.0 0.06375345587730408
0.0 0.06392247974872589
0.0 0.06398214399814606
0.0 0.06406040489673615
0.0 0.06408364325761795
0.0 0.06409559398889542
0.0 0.06414277851581573
0.0 0.06419625133275986
0.0 0.06422258913516998
0.0 0.06437766551971436
0.0 0.06440584361553192
0.0 0.06440907716751099
0.0 0.06455279886722565
0.0 0.06459393352270126
0.0 0.06469812244176865
0.0 0.06487954407930374
0.0 0.06489688158035278
0.0 0.06495466083288193
0.0 0.06498131155967712
0.0 0.065008744597435
0.0 0.06501752883195877
0.0 0.06505337357521057
0.0 0.06512025743722916
0.0 0.06526298075914383
0.0 0.06538507342338562
0.0 0.0655127465724945
0.0 0.06555550545454025
0.0 0.06562354415655136
0.0 0.06568440049886703
0.0 0.06575966626405716
0.0 0.06576750427484512
0.0 0.06581080704927444
0.0 0.06581341475248337
0.0 0.06587114930152893
0.0 0.06622140854597092
0.0 0.0663369745016098
0.0 0.06637760251760483
0.0 0.06639309227466583
0.0 0.06640823185443878
0.0 0.0664188414812088
0.0 0.06649362295866013
0.0 0.06649854779243469
0.0 0.06660766154527664
0.0 0.06662211567163467
0.0 0.06673712283372879
0.0 0.06674190610647202
0.0 0.06683726608753204
0.0 0.06683896481990814
0.0 0.06686919182538986
0.0 0.06698166579008102
0.0 0.06704902648925781
0.0 0.06706085056066513
0.0 0.06714766472578049
0.0 0.0671977624297142
0.0 0.06727942824363708
0.0 0.06734239310026169
0.0 0.06735167652368546
0.0 0.06744720041751862
0.0 0.06746692210435867
0.0 0.06752321124076843
0.0 0.06752380728721619
0.0 0.06759615242481232
0.0 0.06768891960382462
0.0 0.06769615411758423
0.0 0.06791463494300842
0.0 0.06791787594556808
0.0 0.06802504509687424
0.0 0.06822426617145538
0.0 0.06833696365356445
0.0 0.06833699345588684
0.0 0.06864689290523529
0.0 0.06866338849067688
0.0 0.06869093328714371
0.0 0.06885029375553131
0.0 0.06897550076246262
0.0 0.06899159401655197
0.0 0.06914372742176056
0.0 0.06921258568763733
0.0 0.06934408843517303
0.0 0.0693579614162445
0.0 0.0694972425699234
0.0 0.06969273090362549
0.0 0.06969832628965378
0.0 0.06980299949645996
0.0 0.06984840333461761
0.0 0.0698683112859726
0.0 0.06988511979579926
0.0 0.07044688612222672
0.0 0.07081041485071182
0.0 0.07091754674911499
0.0 0.07094040513038635
0.0 0.0710122287273407
0.0 0.07110362499952316
0.0 0.07111431658267975
0.0 0.07126635313034058
0.0 0.0713774561882019
0.0 0.07193173468112946
0.0 0.07194796204566956
0.0 0.07196671515703201
0.0 0.07202165573835373
0.0 0.07202842086553574
0.0 0.0721011832356453
0.0 0.07211210578680038
0.0 0.07215213030576706
0.0 0.07216347754001617
0.0 0.07222475856542587
0.0 0.07226794958114624
0.0 0.07254736125469208
0.0 0.07256027311086655
0.0 0.07264000177383423
0.0 0.0727371871471405
0.0 0.07283105701208115
0.0 0.07283564656972885
0.0 0.07287203520536423
0.0 0.07288065552711487
0.0 0.07288461178541183
0.0 0.072886161506176
0.0 0.07295104116201401
0.0 0.07295429706573486
0.0 0.07297103852033615
0.0 0.07298260927200317
0.0 0.07307636737823486
0.0 0.07321488857269287
0.0 0.073223777115345
0.0 0.07324951142072678
0.0 0.0732751190662384
0.0 0.07329744845628738
0.0 0.07331738620996475
0.0 0.07357382029294968
0.0 0.07377266883850098
0.0 0.07378040254116058
0.0 0.07378540933132172
0.0 0.07382848858833313
0.0 0.0738459900021553
0.0 0.0739835575222969
0.0 0.0740126445889473
0.0 0.07417519390583038
0.0 0.07442896068096161
0.0 0.07473613321781158
0.0 0.07476594299077988
0.0 0.07483143359422684
0.0 0.07512201368808746
0.0 0.07518579065799713
0.0 0.07522144168615341
0.0 0.07534568011760712
0.0 0.07548517733812332
0.0 0.07550186663866043
0.0 0.07584525644779205
0.0 0.0759168416261673
0.0 0.07605751603841782
0.0 0.07607754319906235
0.0 0.07611199468374252
0.0 0.07624057680368423
0.0 0.0765666663646698
0.0 0.07662596553564072
0.0 0.0768858790397644
0.0 0.07689104229211807
0.0 0.07704499363899231
0.0 0.07712853699922562
0.0 0.07727816700935364
0.0 0.07731667160987854
0.0 0.07746342569589615
0.0 0.07750280946493149
0.0 0.07750889658927917
0.0 0.07766995579004288
0.0 0.07767694443464279
0.0 0.07768557220697403
0.0 0.0777440294623375
0.0 0.07784336060285568
0.0 0.0779334232211113
0.0 0.0781104639172554
0.0 0.07821474969387054
0.0 0.07865636795759201
0.0 0.07874856144189835
0.0 0.07880020886659622
0.0 0.07881074398756027
0.0 0.07882234454154968
0.0 0.07920809835195541
0.0 0.07932637631893158
0.0 0.07940462976694107
0.0 0.079446941614151
0.0 0.0797228068113327
0.0 0.07977131009101868
0.0 0.07992289215326309
0.0 0.08053234219551086
0.0 0.08059296011924744
0.0 0.08064650744199753
0.0 0.08093493431806564
0.0 0.08119221776723862
0.0 0.08130668103694916
0.0 0.08136637508869171
0.0 0.0814238041639328
0.0 0.08143544942140579
0.0 0.08153864741325378
0.0 0.08170931041240692
0.0 0.08170988410711288
0.0 0.08190921694040298
0.0 0.08199867606163025
0.0 0.08212848007678986
0.0 0.0821429193019867
0.0 0.08244983106851578
0.0 0.08268561959266663
0.0 0.08275890350341797
0.0 0.0827932134270668
0.0 0.08291595429182053
0.0 0.08312784880399704
0.0 0.08317688852548599
0.0 0.0836244523525238
0.0 0.08367472141981125
0.0 0.08376311510801315
0.0 0.0838543176651001
0.0 0.08426840603351593
0.0 0.08427610248327255
0.0 0.08432966470718384
0.0 0.08443140983581543
0.0 0.08470968902111053
0.0 0.08472617715597153
0.0 0.08475402742624283
0.0 0.08496127277612686
0.0 0.08531272411346436
0.0 0.08564110845327377
0.0 0.08588412404060364
0.0 0.08624143153429031
0.0 0.08626645058393478
0.0 0.08655761927366257
0.0 0.08670792728662491
0.0 0.08676653355360031
0.0 0.08704812824726105
0.0 0.08728162944316864
0.0 0.08739256113767624
0.0 0.08743129670619965
0.0 0.08752969652414322
0.0 0.08789517730474472
0.0 0.08806324005126953
0.0 0.08817838877439499
0.0 0.08835607022047043
0.0 0.08852695673704147
0.0 0.08857043087482452
0.0 0.08863267302513123
0.0 0.08882905542850494
0.0 0.08938330411911011
0.0 0.08978842943906784
0.0 0.0900106430053711
0.0 0.09003167599439621
0.0 0.0902300775051117
0.0 0.09037615358829498
0.0 0.09041007608175278
0.0 0.0906219333410263
0.0 0.09073885530233383
0.0 0.09090535342693329
0.0 0.09183406829833984
0.0 0.09278212487697601
0.0 0.09324094653129578
0.0 0.09335128962993622
0.0 0.09369800239801407
0.0 0.09380732476711273
0.0 0.09462796151638031
0.0 0.09543944150209427
0.0 0.09598726034164429
0.0 0.09651898592710495
0.0 0.09660986810922623
0.0 0.09735826402902603
0.0 0.0974796786904335
0.0 0.09840452671051025
0.0 0.0984698235988617
0.0 0.09852975606918335
0.0 0.09889250993728638
0.0 0.0991879254579544
0.0 0.10004443675279617
0.0 0.10105637460947037
0.0 0.10140636563301086
0.0 0.10216502100229263
0.0 0.10350160300731659
0.0 0.10383208841085434
0.0 0.10418945550918579
0.0 0.1050962433218956
0.0 0.10576703399419785
0.0 0.10596781969070435
0.0 0.10607993602752686
0.0 0.10657890141010284
0.0 0.10666979849338531
0.0 0.108818419277668
0.0 0.11029921472072601
0.0 0.11103468388319016
0.0 0.11307332664728165
0.0 0.11358866095542908
0.0 0.12420317530632019
0.0 0.12553472816944122
0.0 0.13065983355045319
0.0 0.1331736445426941
0.0 0.14309999346733093
0.0 inf
