0.0 0.024251267313957214
0.0 0.03233659267425537
0.0 0.03731227293610573
0.0 0.03737454488873482
0.0 0.03803515434265137
0.0 0.039175763726234436
0.0 0.039768267422914505
0.0 0.04019615426659584
0.0 0.040490053594112396
0.0 0.0412999726831913
0.0 0.04130959138274193
0.0 0.042069002985954285
0.0 0.04211760312318802
0.0 0.042451467365026474
0.0 0.04260741174221039
0.0 0.04273103177547455
0.0 0.042955201119184494
0.0 0.04310693219304085
0.0 0.04342036694288254
0.0 0.04367246851325035
0.0 0.0438585989177227
0.0 0.043931130319833755
0.0 0.04401310160756111
0.0 0.0440979078412056
0.0 0.044138435274362564
0.0 0.04419150575995445
0.0 0.04446660354733467
0.0 0.0445149764418602
0.0 0.04454345256090164
0.0 0.044659893959760666
0.0 0.04476067051291466
0.0 0.044963862746953964
0.0 0.04497697204351425
0.0 0.044999562203884125
0.0 0.04504818469285965
0.0 0.04506868124008179
0.0 0.04509105533361435
0.0 0.045140672475099564
0.0 0.04522677883505821
0.0 0.045258551836013794
0.0 0.04544674977660179
0.0 0.04575478285551071
0.0 0.04576880484819412
0.0 0.045790866017341614
0.0 0.04581470042467117
0.0 0.04583946242928505
0.0 0.045844513922929764
0.0 0.04586154595017433
0.0 0.04599784314632416
0.0 0.04634757712483406
0.0 0.04641164094209671
0.0 0.046474818140268326
0.0 0.04677833616733551
0.0 0.04685565084218979
0.0 0.04702591896057129
0.0 0.04725804924964905
0.0 0.04729680344462395
0.0 0.047370605170726776
0.0 0.047511693090200424
0.0 0.04758736863732338
0.0 0.04760236293077469
0.0 0.04775647073984146
0.0 0.04777177423238754
0.0 0.047772571444511414
0.0 0.04792439937591553
0.0 0.047950416803359985
0.0 0.04803507402539253
0.0 0.048041801899671555
0.0 0.04805036261677742
0.0 0.04805866256356239
0.0 0.048213522881269455
0.0 0.04826216772198677
0.0 0.04827754572033882
0.0 0.04835567623376846
0.0 0.04836827144026756
0.0 0.04842647537589073
0.0 0.04851628839969635
0.0 0.048606641590595245
0.0 0.04866953566670418
0.0 0.04876860976219177
0.0 0.04880150407552719
0.0 0.04884831979870796
0.0 0.04885626956820488
0.0 0.04891781136393547
0.0 0.049008216708898544
0.0 0.04906737059354782
0.0 0.049081120640039444
0.0 0.04912619665265083
0.0 0.04917426407337189
0.0 0.049182694405317307
0.0 0.04927963390946388
0.0 0.04929407685995102
0.0 0.049309201538562775
0.0 0.04931515082716942
0.0 0.049348317086696625
0.0 0.049445509910583496
0.0 0.04946833848953247
0.0 0.049660805612802505
0.0 0.04968056082725525
0.0 0.049876753240823746
0.0 0.04998791590332985
0.0 0.05001068115234375
0.0 0.05002652481198311
0.0 0.05012568458914757
0.0 0.050144921988248825
0.0 0.05027876794338226
0.0 0.05035996809601784
0.0 0.050540484488010406
0.0 0.05073725804686546
0.0 0.05074837803840637
0.0 0.05076581612229347
0.0 0.05079292505979538
0.0 0.05081753805279732
0.0 0.05089021101593971
0.0 0.05089564621448517
0.0 0.05091594159603119
0.0 0.05099308490753174
0.0 0.051023028790950775
0.0 0.051064372062683105
0.0 0.051220815628767014
0.0 0.051227547228336334
0.0 0.051230039447546005
0.0 0.051732003688812256
0.0 0.05190379545092583
0.0 0.051978759467601776
0.0 0.051979780197143555
0.0 0.05198283866047859
0.0 0.05200476571917534
0.0 0.05207432806491852
0.0 0.052125561982393265
0.0 0.052126552909612656
0.0 0.05215335264801979
0.0 0.05216161906719208
0.0 0.052222851663827896
0.0 0.05240131542086601
0.0 0.05249879136681557
0.0 0.05252522602677345
0.0 0.05257958546280861
0.0 0.05262285843491554
0.0 0.05266835168004036
0.0 0.052681077271699905
0.0 0.05274749919772148
0.0 0.052840426564216614
0.0 0.052901655435562134
0.0 0.05295489728450775
0.0 0.05304579436779022
0.0 0.053065959364175797
0.0 0.053075965493917465
0.0 0.05310088023543358
0.0 0.053103007376194
0.0 0.053147006779909134
0.0 0.05316907539963722
0.0 0.05322166532278061
0.0 0.05331091210246086
0.0 0.053311001509428024
0.0 0.05335824564099312
0.0 0.0534207746386528
0.0 0.053603291511535645
0.0 0.05361323803663254
0.0 0.053627368062734604
0.0 0.053834229707717896
0.0 0.05384555459022522
0.0 0.05386403203010559
0.0 0.053937725722789764
0.0 0.05412077531218529
0.0 0.05433887615799904
0.0 0.0543673150241375
0.0 0.05440376326441765
0.0 0.054424721747636795
0.0 0.05461146682500839
0.0 0.054656822234392166
0.0 0.05467577651143074
0.0 0.05469576641917229
0.0 0.05474384129047394
0.0 0.05479909107089043
0.0 0.05492239445447922
0.0 0.054935965687036514
0.0 0.0551878921687603
0.0 0.05523174628615379
0.0 0.05525389686226845
0.0 0.055261578410863876
0.0 0.055310431867837906
0.0 0.05533749982714653
0.0 0.055342718958854675
0.0 0.05538678541779518
0.0 0.05539911240339279
0.0 0.05545571818947792
0.0 0.05546509847044945
0.0 0.05556104704737663
0.0 0.05558576062321663
0.0 0.05575213581323624
0.0 0.05577562749385834
0.0 0.055893439799547195
0.0 0.05608292296528816
0.0 0.056083209812641144
0.0 0.05610739439725876
0.0 0.05622757971286774
0.0 0.05623916909098625
0.0 0.05629011243581772
0.0 0.05643066391348839
0.0 0.05649295449256897
0.0 0.05663110315799713
0.0 0.05671633407473564
0.0 0.05678774043917656
0.0 0.056870508939027786
0.0 0.057093676179647446
0.0 0.05716563016176224
0.0 0.057175226509571075
0.0 0.057211264967918396
0.0 0.057252995669841766
0.0 0.057312268763780594
0.0 0.05735183507204056
0.0 0.05736987292766571
0.0 0.05737173557281494
0.0 0.05749528855085373
0.0 0.05761168524622917
0.0 0.05761835724115372
0.0 0.05763458460569382
0.0 0.05764065682888031
0.0 0.05767141655087471
0.0 0.057739365845918655
0.0 0.057765014469623566
0.0 0.0579475462436676
0.0 0.058053020387887955
0.0 0.05805928260087967
0.0 0.058165550231933594
0.0 0.05824260786175728
0.0 0.058360207825899124
0.0 0.058550700545310974
0.0 0.0585908517241478
0.0 0.0587429516017437
0.0 0.05876535549759865
0.0 0.058873243629932404
0.0 0.05900716781616211
0.0 0.05900879204273224
0.0 0.05903588980436325
0.0 0.05904485285282135
0.0 0.05917230620980263
0.0 0.05923275277018547
0.0 0.05930924415588379
0.0 0.059312302619218826
0.0 0.05955532565712929
0.0 0.05968521162867546
0.0 0.059756554663181305
0.0 0.05984344705939293
0.0 0.05986997112631798
0.0 0.059955138713121414
0.0 0.06001686304807663
0.0 0.06005058437585831
0.0 0.060155730694532394
0.0 0.06023386865854263
0.0 0.06024596095085144
0.0 0.060381677001714706
0.0 0.060397207736968994
0.0 0.06043536216020584
0.0 0.0604778490960598
0.0 0.060720060020685196
0.0 0.06094043701887131
0.0 0.06098617613315582
0.0 0.06101814657449722
0.0 0.06104660406708717
0.0 0.06106969341635704
0.0 0.061088286340236664
0.0 0.06117495894432068
0.0 0.061285264790058136
0.0 0.06133044883608818
0.0 0.061359062790870667
0.0 0.06136724725365639
0.0 0.061495743691921234
0.0 0.061527132987976074
0.0 0.06154806166887283
0.0 0.0615806058049202
0.0 0.06164487078785896
0.0 0.06164494901895523
0.0 0.061703167855739594
0.0 0.06180354207754135
0.0 0.061848100274801254
0.0 0.06190698593854904
0.0 0.06193861737847328
0.0 0.062129635363817215
0.0 0.06214333698153496
0.0 0.06220598146319389
0.0 0.06223310902714729
0.0 0.06224815547466278
0.0 0.0623026043176651
0.0 0.06236741319298744
0.0 0.06242891401052475
0.0 0.06245345249772072
0.0 0.06246303766965866
0.0 0.06250330060720444
0.0 0.06266742944717407
0.0 0.06268578767776489
0.0 0.06270316988229752
0.0 0.06290170550346375
0.0 0.06290493160486221
0.0 0.06305181235074997
0.0 0.06315114349126816
0.0 0.0631842240691185
0.0 0.06327197700738907
0.0 0.06331198662519455
0.0 0.06332095712423325
0.0 0.06338914483785629
0.0 0.06340675801038742
0.0 0.06367980688810349
0.0 0.0637938529253006
0.0 0.06389772146940231
0.0 0.06393677741289139
0.0 0.06395534425973892
0.0 0.06413012742996216
0.0 0.06414906680583954
0.0 0.06416700035333633
0.0 0.06436698138713837
0.0 0.06462451070547104
0.0 0.06472533941268921
0.0 0.0647265762090683
0.0 0.06478797644376755
0.0 0.06479485332965851
0.0 0.06494898349046707
0.0 0.06497017294168472
0.0 0.06504017114639282
0.0 0.06508809328079224
0.0 0.0651264637708664
0.0 0.06513173878192902
0.0 0.06514100730419159
0.0 0.0653219074010849
0.0 0.06532304733991623
0.0 0.06537225842475891
0.0 0.06537796556949615
0.0 0.06547705829143524
0.0 0.0655510202050209
0.0 0.06559907644987106
0.0 0.06566490978002548
0.0 0.06574323028326035
0.0 0.06579822301864624
0.0 0.06593689322471619
0.0 0.06594453752040863
0.0 0.06597811728715897
0.0 0.06599367409944534
0.0 0.06601080298423767
0.0 0.06612443178892136
0.0 0.06616465747356415
0.0 0.06619318574666977
0.0 0.06645131856203079
0.0 0.06653676927089691
0.0 0.06661925464868546
0.0 0.0666329637169838
0.0 0.06666681915521622
0.0 0.06668604910373688
0.0 0.06678714603185654
0.0 0.06679189950227737
0.0 0.06680921465158463
0.0 0.06684901565313339
0.0 0.06703532487154007
0.0 0.06723739951848984
0.0 0.06730435788631439
0.0 0.0674993097782135
0.0 0.06753748655319214
0.0 0.06761358678340912
0.0 0.06767543405294418
0.0 0.06767749786376953
0.0 0.06776419281959534
0.0 0.06777383387088776
0.0 0.0678369477391243
0.0 0.06796369701623917
0.0 0.06811864674091339
0.0 0.06814281642436981
0.0 0.0682663843035698
0.0 0.06826916337013245
0.0 0.06828628480434418
0.0 0.0686471089720726
0.0 0.0690147802233696
0.0 0.06909000128507614
0.0 0.06911668926477432
0.0 0.0691247209906578
0.0 0.06917461007833481
0.0 0.06925047188997269
0.0 0.06925711780786514
0.0 0.06944222003221512
0.0 0.06954015791416168
0.0 0.06972134858369827
0.0 0.06983205676078796
0.0 0.06984657049179077
0.0 0.06987395137548447
0.0 0.07009543478488922
0.0 0.07039117068052292
0.0 0.0705551728606224
0.0 0.07057984918355942
0.0 0.07068053632974625
0.0 0.07070749253034592
0.0 0.07083933800458908
0.0 0.07092701643705368
0.0 0.07096566259860992
0.0 0.07106951624155045
0.0 0.07123417407274246
0.0 0.07142569124698639
0.0 0.07164424657821655
0.0 0.07167982310056686
0.0 0.07172384858131409
0.0 0.07178470492362976
0.0 0.0718279555439949
0.0 0.07224294543266296
0.0 0.0723523199558258
0.0 0.0725795105099678
0.0 0.07260187715291977
0.0 0.07263161987066269
0.0 0.0727628692984581
0.0 0.07292939722537994
0.0 0.07304538041353226
0.0 0.0731179267168045
0.0 0.07317925244569778
0.0 0.07320372015237808
0.0 0.07344115525484085
0.0 0.0735812559723854
0.0 0.073686383664608
0.0 0.07372986525297165
0.0 0.07373686879873276
0.0 0.073788121342659
0.0 0.07421965897083282
0.0 0.07436127215623856
0.0 0.07455442100763321
0.0 0.07458901405334473
0.0 0.07470020651817322
0.0 0.07485350221395493
0.0 0.0750664547085762
0.0 0.07527001202106476
0.0 0.07543399930000305
0.0 0.07559548318386078
0.0 0.07578038424253464
0.0 0.07593274116516113
0.0 0.07593375444412231
0.0 0.07599449157714844
0.0 0.07603278756141663
0.0 0.07618456333875656
0.0 0.0764654204249382
0.0 0.07649944722652435
0.0 0.07716197520494461
0.0 0.07722550630569458
0.0 0.0774741843342781
0.0 0.07754361629486084
0.0 0.07812537997961044
0.0 0.07852862030267715
0.0 0.0787140429019928
0.0 0.07885070890188217
0.0 0.07901427894830704
0.0 0.07909638434648514
0.0 0.07921600341796875
0.0 0.07955764979124069
0.0 0.07955914735794067
0.0 0.07958007603883743
0.0 0.07972516119480133
0.0 0.0799168199300766
0.0 0.07994088530540466
0.0 0.08022376894950867
0.0 0.0802944153547287
0.0 0.0805027186870575
0.0 0.08088380843400955
0.0 0.08193917572498322
0.0 0.08206808567047119
0.0 0.08212990313768387
0.0 0.08306057006120682
0.0 0.0830969586968422
0.0 0.08312735706567764
0.0 0.08352751284837723
0.0 0.08388884365558624
0.0 0.08397820591926575
0.0 0.08405528962612152
0.0 0.08411762863397598
0.0 0.08489330112934113
0.0 0.08567219227552414
0.0 0.08590143918991089
0.0 0.08596421778202057
0.0 0.08731921762228012
0.0 0.08777183294296265
0.0 0.08790723234415054
0.0 0.08800900727510452
0.0 0.0882640928030014
0.0 0.0890268012881279
0.0 0.08906463533639908
0.0 0.08945739269256592
0.0 0.08964219689369202
0.0 0.09013822674751282
0.0 0.09035235643386841
0.0 0.09060012549161911
0.0 0.09071105718612671
0.0 0.0910639613866806
0.0 0.09152814745903015
0.0 0.0917164534330368
0.0 0.09212200343608856
0.0 0.09397082030773163
0.0 0.0968514233827591
0.0 0.096864715218544
0.0 0.09974648058414459
0.0 0.09984607249498367
0.0 0.10000674426555634
0.0 0.10035799443721771
0.0 0.10644044727087021
0.0 0.10832926630973816
0.0 0.10872017592191696
0.0 0.1095309779047966
0.0 0.11026126891374588
0.0 0.1107839047908783
0.0 0.11103696376085281
0.0 0.1111019030213356
0.0 0.11222253739833832
0.0 0.11427471786737442
0.0 0.11466239392757416
0.0 0.11607683449983597
0.0 0.12170971184968948
0.0 0.1340467929840088
0.0 0.14299045503139496
0.0 0.16642704606056213
0.0 inf
