0.0 0.03956563025712967
0.0 0.041275497525930405
0.0 0.04247835651040077
0.0 0.043151915073394775
0.0 0.0442785806953907
0.0 0.04460735619068146
0.0 0.044884905219078064
0.0 0.04528481140732765
0.0 0.04563795030117035
0.0 0.04572875797748566
0.0 0.04587700217962265
0.0 0.04603804275393486
0.0 0.046107079833745956
0.0 0.047372497618198395
0.0 0.04741518571972847
0.0 0.04806322604417801
0.0 0.04847448319196701
0.0 0.04860491678118706
0.0 0.048966675996780396
0.0 0.04912927746772766
0.0 0.04917442426085472
0.0 0.049569617956876755
0.0 0.049645982682704926
0.0 0.04986563324928284
0.0 0.05028471350669861
0.0 0.05037340521812439
0.0 0.05064714699983597
0.0 0.050821274518966675
0.0 0.0510685034096241
0.0 0.051092542707920074
0.0 0.05198543146252632
0.0 0.05202040076255798
0.0 0.05223681777715683
0.0 0.052317723631858826
0.0 0.05233510211110115
0.0 0.05254034325480461
0.0 0.052760448306798935
0.0 0.05296047776937485
0.0 0.05314624682068825
0.0 0.053225982934236526
0.0 0.05324403569102287
0.0 0.05331595614552498
0.0 0.053548600524663925
0.0 0.05368632823228836
0.0 0.05386624112725258
0.0 0.05388800427317619
0.0 0.05389264225959778
0.0 0.05397236719727516
0.0 0.05400805547833443
0.0 0.054115328937768936
0.0 0.05412843078374863
0.0 0.054145608097314835
0.0 0.05415055900812149
0.0 0.05415616184473038
0.0 0.05416544899344444
0.0 0.05417172610759735
0.0 0.05418812483549118
0.0 0.054289672523736954
0.0 0.054442089051008224
0.0 0.054473914206027985
0.0 0.0544857382774353
0.0 0.05452064424753189
0.0 0.05461655557155609
0.0 0.05461927875876427
0.0 0.05465831980109215
0.0 0.05471384897828102
0.0 0.054748453199863434
0.0 0.05476615950465202
0.0 0.05492549389600754
0.0 0.055194951593875885
0.0 0.05527089163661003
0.0 0.055368173867464066
0.0 0.05547623708844185
0.0 0.05552336201071739
0.0 0.055601295083761215
0.0 0.05565323308110237
0.0 0.05571757256984711
0.0 0.05581926181912422
0.0 0.05589456856250763
0.0 0.055915236473083496
0.0 0.05599265918135643
0.0 0.05599408596754074
0.0 0.056090883910655975
0.0 0.05609752610325813
0.0 0.05612875148653984
0.0 0.05623215436935425
0.0 0.05643057823181152
0.0 0.05670599639415741
0.0 0.0567343570291996
0.0 0.05686144530773163
0.0 0.05690225958824158
0.0 0.05695914849638939
0.0 0.0570240281522274
0.0 0.057081885635852814
0.0 0.057125866413116455
0.0 0.0571514293551445
0.0 0.05719150975346565
0.0 0.05726504698395729
0.0 0.05732230097055435
0.0 0.057324834167957306
0.0 0.057409755885601044
0.0 0.057460419833660126
0.0 0.05765736848115921
0.0 0.0576796755194664
0.0 0.05776768550276756
0.0 0.05776871740818024
0.0 0.05782099440693855
0.0 0.05792956054210663
0.0 0.05795653536915779
0.0 0.057984694838523865
0.0 0.05799829214811325
0.0 0.05800642818212509
0.0 0.05804670974612236
0.0 0.058151327073574066
0.0 0.05821266397833824
0.0 0.05828156694769859
0.0 0.058418113738298416
0.0 0.058436572551727295
0.0 0.05848807096481323
0.0 0.058544181287288666
0.0 0.05856866016983986
0.0 0.0585734024643898
0.0 0.05857644975185394
0.0 0.05865377187728882
0.0 0.05880755931138992
0.0 0.05886062979698181
0.0 0.05889912322163582
0.0 0.058915186673402786
0.0 0.058919329196214676
0.0 0.05896306410431862
0.0 0.05919326841831207
0.0 0.059297628700733185
0.0 0.05931328237056732
0.0 0.059346772730350494
0.0 0.059523675590753555
0.0 0.05955759808421135
0.0 0.05958941951394081
0.0 0.05965167284011841
0.0 0.05974749103188515
0.0 0.05978194251656532
0.0 0.05982356145977974
0.0 0.059830039739608765
0.0 0.05989132076501846
0.0 0.059939127415418625
0.0 0.05995519459247589
0.0 0.060219574719667435
0.0 0.0602269172668457
0.0 0.0602448433637619
0.0 0.06027088314294815
0.0 0.060302749276161194
0.0 0.06068204715847969
0.0 0.060695335268974304
0.0 0.06069923937320709
0.0 0.06072266027331352
0.0 0.0607684962451458
0.0 0.06083670258522034
0.0 0.060904860496520996
0.0 0.06095367297530174
0.0 0.06098782271146774
0.0 0.06099054962396622
0.0 0.06151745468378067
0.0 0.06153768301010132
0.0 0.0615500882267952
0.0 0.06157955154776573
0.0 0.061670511960983276
0.0 0.06169860064983368
0.0 0.06170734763145447
0.0 0.06172962859272957
0.0 0.0617980994284153
0.0 0.06188983470201492
0.0 0.061897993087768555
0.0 0.0621330551803112
0.0 0.0621551014482975
0.0 0.06224890798330307
0.0 0.062341563403606415
0.0 0.06237334758043289
0.0 0.0623740516602993
0.0 0.06238078325986862
0.0 0.06262596696615219
0.0 0.06282515078783035
0.0 0.06290024518966675
0.0 0.06301504373550415
0.0 0.06302355974912643
0.0 0.06305833905935287
0.0 0.06314852088689804
0.0 0.06318236142396927
0.0 0.06319195032119751
0.0 0.06320469081401825
0.0 0.06330759078264236
0.0 0.06335552781820297
0.0 0.06338086724281311
0.0 0.06339816004037857
0.0 0.06340442597866058
0.0 0.0634680688381195
0.0 0.06361744552850723
0.0 0.06366236507892609
0.0 0.06382916867733002
0.0 0.06392477452754974
0.0 0.06393002718687057
0.0 0.06395594030618668
0.0 0.06401335448026657
0.0 0.06406105309724808
0.0 0.06412310898303986
0.0 0.0643233209848404
0.0 0.06433317065238953
0.0 0.06441396474838257
0.0 0.06442682445049286
0.0 0.06443870067596436
0.0 0.06444796174764633
0.0 0.06447338312864304
0.0 0.06450255215167999
0.0 0.06457994133234024
0.0 0.06485597044229507
0.0 0.06500957906246185
0.0 0.06501046568155289
0.0 0.06515635550022125
0.0 0.06517443060874939
0.0 0.06518561393022537
0.0 0.0652243047952652
0.0 0.0652448758482933
0.0 0.06527025252580643
0.0 0.06533552706241608
0.0 0.06535346060991287
0.0 0.06538064777851105
0.0 0.06539422273635864
0.0 0.06546935439109802
0.0 0.06550917029380798
0.0 0.065595343708992
0.0 0.06567452102899551
0.0 0.06569301337003708
0.0 0.06597910076379776
0.0 0.06614463776350021
0.0 0.06614939868450165
0.0 0.06628310680389404
0.0 0.06628718227148056
0.0 0.06634439527988434
0.0 0.06647476553916931
0.0 0.06665649265050888
0.0 0.06680046766996384
0.0 0.06681475043296814
0.0 0.0668398067355156
0.0 0.06685171276330948
0.0 0.06700240820646286
0.0 0.06702622771263123
0.0 0.06708742678165436
0.0 0.06710486114025116
0.0 0.06715802103281021
0.0 0.06736324727535248
0.0 0.06777821481227875
0.0 0.06777886301279068
0.0 0.0678093433380127
0.0 0.06789826601743698
0.0 0.06789956986904144
0.0 0.06795065850019455
0.0 0.06795288622379303
0.0 0.06807776540517807
0.0 0.06819559633731842
0.0 0.06850297749042511
0.0 0.06850594282150269
0.0 0.06857495754957199
0.0 0.06867644190788269
0.0 0.06872640550136566
0.0 0.0688779279589653
0.0 0.06891755014657974
0.0 0.06905540078878403
0.0 0.06912463903427124
0.0 0.06919338554143906
0.0 0.06934879720211029
0.0 0.06940750777721405
0.0 0.06948290020227432
0.0 0.0695066973567009
0.0 0.06951864063739777
0.0 0.06964250653982162
0.0 0.06964587420225143
0.0 0.06972647458314896
0.0 0.06985403597354889
0.0 0.06986609846353531
0.0 0.06993765383958817
0.0 0.0701315850019455
0.0 0.07017253339290619
0.0 0.07028524577617645
0.0 0.0704938992857933
0.0 0.07056622207164764
0.0 0.07058948278427124
0.0 0.070717453956604
0.0 0.07081375271081924
0.0 0.07086675614118576
0.0 0.07092215120792389
0.0 0.07103755325078964
0.0 0.07123304903507233
0.0 0.07130470871925354
0.0 0.07148078829050064
0.0 0.07159162312746048
0.0 0.0717681497335434
0.0 0.07178359478712082
0.0 0.07182348519563675
0.0 0.07183180749416351
0.0 0.07205390930175781
0.0 0.07210983335971832
0.0 0.0721857026219368
0.0 0.0722496435046196
0.0 0.0722576454281807
0.0 0.0723644495010376
0.0 0.07237827032804489
0.0 0.0724043995141983
0.0 0.07259725034236908
0.0 0.07263738662004471
0.0 0.0728185847401619
0.0 0.07282611727714539
0.0 0.07304592430591583
0.0 0.0730614960193634
0.0 0.0731460303068161
0.0 0.07315357029438019
0.0 0.07338637858629227
0.0 0.07346367090940475
0.0 0.07359299063682556
0.0 0.07360314577817917
0.0 0.07377566397190094
0.0 0.07388033717870712
0.0 0.07421448081731796
0.0 0.07423777878284454
0.0 0.07432945817708969
0.0 0.07448744028806686
0.0 0.07454995065927505
0.0 0.07456104457378387
0.0 0.07494992017745972
0.0 0.07500162720680237
0.0 0.0751209631562233
0.0 0.07514315843582153
0.0 0.07535571604967117
0.0 0.07548493146896362
0.0 0.07555128633975983
0.0 0.07565014809370041
0.0 0.07596512883901596
0.0 0.07600173354148865
0.0 0.0763474628329277
0.0 0.07648159563541412
0.0 0.07651020586490631
0.0 0.07658244669437408
0.0 0.07704563438892365
0.0 0.07705505937337875
0.0 0.07709857076406479
0.0 0.07729415595531464
0.0 0.0773279070854187
0.0 0.0774717852473259
0.0 0.0780940130352974
0.0 0.07820328325033188
0.0 0.07846975326538086
0.0 0.07847268879413605
0.0 0.07853896170854568
0.0 0.07865562289953232
0.0 0.07879472523927689
0.0 0.07880029827356339
0.0 0.07909762114286423
0.0 0.07933054864406586
0.0 0.0796198844909668
0.0 0.07971499115228653
0.0 0.07979574054479599
0.0 0.07987178862094879
0.0 0.07988759875297546
0.0 0.08006881922483444
0.0 0.0802687406539917
0.0 0.08030708134174347
0.0 0.08079735934734344
0.0 0.08081205189228058
0.0 0.08098582178354263
0.0 0.08101976662874222
0.0 0.08103607594966888
0.0 0.0811033695936203
0.0 0.08117449283599854
0.0 0.0812101811170578
0.0 0.08132262527942657
0.0 0.0813760757446289
0.0 0.08174251765012741
0.0 0.08185792714357376
0.0 0.08188153058290482
0.0 0.08197533339262009
0.0 0.08203791826963425
0.0 0.08204282075166702
0.0 0.08218070864677429
0.0 0.08259508013725281
0.0 0.08262312412261963
0.0 0.08264283090829849
0.0 0.08276879787445068
0.0 0.08313190937042236
0.0 0.08323054015636444
0.0 0.08327890932559967
0.0 0.08392304927110672
0.0 0.0840974822640419
0.0 0.084234818816185
0.0 0.08431319147348404
0.0 0.0844515934586525
0.0 0.08450537174940109
0.0 0.08451028913259506
0.0 0.08494724333286285
0.0 0.08503502607345581
0.0 0.08505363017320633
0.0 0.08512845635414124
0.0 0.0855511948466301
0.0 0.08583845943212509
0.0 0.08585172891616821
0.0 0.08602382987737656
0.0 0.08625389635562897
0.0 0.08629495650529861
0.0 0.08636829257011414
0.0 0.08644749224185944
0.0 0.08654644340276718
0.0 0.08668024092912674
0.0 0.08690813183784485
0.0 0.08695723116397858
0.0 0.08716251701116562
0.0 0.0873071476817131
0.0 0.08757615834474564
0.0 0.08761535584926605
0.0 0.08772675693035126
0.0 0.08786113560199738
0.0 0.08795888721942902
0.0 0.08796804398298264
0.0 0.08831972628831863
0.0 0.08833353966474533
0.0 0.08835509419441223
0.0 0.08904288709163666
0.0 0.08966970443725586
0.0 0.08984673768281937
0.0 0.08990196138620377
0.0 0.0899256095290184
0.0 0.08998111635446548
0.0 0.09015513956546783
0.0 0.09028606116771698
0.0 0.09040579199790955
0.0 0.09057584404945374
0.0 0.09058834612369537
0.0 0.09069585800170898
0.0 0.0913243293762207
0.0 0.09146884083747864
0.0 0.09155338257551193
0.0 0.09175130724906921
0.0 0.09179357439279556
0.0 0.09197919070720673
0.0 0.09231526404619217
0.0 0.09245852380990982
0.0 0.09245915710926056
0.0 0.09253208339214325
0.0 0.09276264160871506
0.0 0.09278809279203415
0.0 0.09297463297843933
0.0 0.09310159832239151
0.0 0.09321682155132294
0.0 0.09330344200134277
0.0 0.0933990553021431
0.0 0.09346146881580353
0.0 0.09346196055412292
0.0 0.09367748349905014
0.0 0.09394042193889618
0.0 0.09394679218530655
0.0 0.09401574730873108
0.0 0.09417396038770676
0.0 0.09428095072507858
0.0 0.09428691864013672
0.0 0.09448359906673431
0.0 0.0945810079574585
0.0 0.09472018480300903
0.0 0.094739630818367
0.0 0.09514125436544418
0.0 0.09519655257463455
0.0 0.09590213000774384
0.0 0.09590800106525421
0.0 0.09594136476516724
0.0 0.09610499441623688
0.0 0.09685111790895462
0.0 0.09762194007635117
0.0 0.0981777161359787
0.0 0.09852819889783859
0.0 0.09874847531318665
0.0 0.09931391477584839
0.0 0.09994979947805405
0.0 0.09996084868907928
0.0 0.0999918058514595
0.0 0.10020063817501068
0.0 0.10072215646505356
0.0 0.10178138315677643
0.0 0.10264011472463608
0.0 0.10316812247037888
0.0 0.10329077392816544
0.0 0.10408005118370056
0.0 0.10436566174030304
0.0 0.10491684824228287
0.0 0.10494822263717651
0.0 0.10503605753183365
0.0 0.10564188659191132
0.0 0.10582878440618515
0.0 0.10688094049692154
0.0 0.10694862902164459
0.0 0.10802792757749557
0.0 0.10817892104387283
0.0 0.1082364171743393
0.0 0.10972841084003448
0.0 0.11020220071077347
0.0 0.11026286333799362
0.0 0.11083890497684479
0.0 0.11215825378894806
0.0 0.11276181042194366
0.0 0.11330390721559525
0.0 0.11390420794487
0.0 0.11730867624282837
0.0 0.11892622709274292
0.0 0.12035096436738968
0.0 0.12235593795776367
0.0 0.1238262727856636
0.0 0.13389438390731812
0.0 0.16901476681232452
0.0 inf
