0.0 0.05412207916378975
0.0 0.058379530906677246
0.0 0.05915873870253563
0.0 0.05920793116092682
0.0 0.06069454178214073
0.0 0.06125093251466751
0.0 0.06156935915350914
0.0 0.061736587435007095
0.0 0.06251279264688492
0.0 0.06359544396400452
0.0 0.0648055374622345
0.0 0.06505722552537918
0.0 0.06515666842460632
0.0 0.0653761550784111
0.0 0.06557217240333557
0.0 0.06573595106601715
0.0 0.06615979969501495
0.0 0.0662742629647255
0.0 0.06637415289878845
0.0 0.06650839000940323
0.0 0.066782146692276
0.0 0.0672321617603302
0.0 0.06749747693538666
0.0 0.06772726774215698
0.0 0.06778515130281448
0.0 0.0683089941740036
0.0 0.06837370246648788
0.0 0.06840907037258148
0.0 0.06867586821317673
0.0 0.06880123168230057
0.0 0.06891714036464691
0.0 0.06904848664999008
0.0 0.06920444220304489
0.0 0.06921597570180893
0.0 0.06955606490373611
0.0 0.06968463212251663
0.0 0.06978662312030792
0.0 0.07028830051422119
0.0 0.07029826194047928
0.0 0.07032674551010132
0.0 0.07037626206874847
0.0 0.07037945836782455
0.0 0.07038715481758118
0.0 0.07074152678251266
0.0 0.07079882174730301
0.0 0.07101452350616455
0.0 0.07106024771928787
0.0 0.0711890161037445
0.0 0.0713217705488205
0.0 0.07145101577043533
0.0 0.07163432240486145
0.0 0.07165979593992233
0.0 0.07178342342376709
0.0 0.07193653285503387
0.0 0.07194674760103226
0.0 0.07202044874429703
0.0 0.07211551070213318
0.0 0.07222959399223328
0.0 0.0723441019654274
0.0 0.07247141748666763
0.0 0.07257123291492462
0.0 0.07271193712949753
0.0 0.07271923124790192
0.0 0.07272305339574814
0.0 0.07274097949266434
0.0 0.07277234643697739
0.0 0.07279472053050995
0.0 0.07280605286359787
0.0 0.07285498082637787
0.0 0.07287754863500595
0.0 0.07289716601371765
0.0 0.07300016283988953
0.0 0.07301110774278641
0.0 0.07307377457618713
0.0 0.07311534881591797
0.0 0.07316233217716217
0.0 0.07322409749031067
0.0 0.07327655702829361
0.0 0.07329560071229935
0.0 0.07332425564527512
0.0 0.07339152693748474
0.0 0.0734202116727829
0.0 0.07342035323381424
0.0 0.0737547054886818
0.0 0.07380501925945282
0.0 0.0740078017115593
0.0 0.07429308444261551
0.0 0.07430215179920197
0.0 0.07434400916099548
0.0 0.0744147077202797
0.0 0.07443050295114517
0.0 0.07444974035024643
0.0 0.0745609849691391
0.0 0.07475373148918152
0.0 0.0748375654220581
0.0 0.07484587281942368
0.0 0.07491391897201538
0.0 0.07503273338079453
0.0 0.07514096796512604
0.0 0.07516203075647354
0.0 0.0753379538655281
0.0 0.0754830613732338
0.0 0.07568050920963287
0.0 0.07570810616016388
0.0 0.07571069151163101
0.0 0.07571991533041
0.0 0.0758371576666832
0.0 0.07584942132234573
0.0 0.07586202770471573
0.0 0.075876384973526
0.0 0.0760176032781601
0.0 0.0762665867805481
0.0 0.07628655433654785
0.0 0.07630765438079834
0.0 0.07631664723157883
0.0 0.07651030272245407
0.0 0.07653085887432098
0.0 0.076624795794487
0.0 0.07677143812179565
0.0 0.07684910297393799
0.0 0.07689692080020905
0.0 0.07692033052444458
0.0 0.07695475965738297
0.0 0.0770249217748642
0.0 0.07726406306028366
0.0 0.07752711325883865
0.0 0.07753308862447739
0.0 0.07761227339506149
0.0 0.07796100527048111
0.0 0.07798904180526733
0.0 0.07800096273422241
0.0 0.07805246114730835
0.0 0.07816831022500992
0.0 0.07818878442049026
0.0 0.07823539525270462
0.0 0.07824428379535675
0.0 0.07824985682964325
0.0 0.07826079428195953
0.0 0.0783960148692131
0.0 0.07843834161758423
0.0 0.07854309678077698
0.0 0.07898594439029694
0.0 0.07901255041360855
0.0 0.07901979982852936
0.0 0.07914711534976959
0.0 0.0791628509759903
0.0 0.07922016084194183
0.0 0.07927537709474564
0.0 0.07928602397441864
0.0 0.07936372607946396
0.0 0.07937924563884735
0.0 0.07940943539142609
0.0 0.0794656053185463
0.0 0.07956516742706299
0.0 0.0796135812997818
0.0 0.07994885742664337
0.0 0.08017357438802719
0.0 0.08051255345344543
0.0 0.08091333508491516
0.0 0.08093664050102234
0.0 0.08096402138471603
0.0 0.08111433684825897
0.0 0.08131535351276398
0.0 0.0813157707452774
0.0 0.08149019628763199
0.0 0.08160683512687683
0.0 0.08175327628850937
0.0 0.08186482638120651
0.0 0.08204697072505951
0.0 0.08208799362182617
0.0 0.08210891485214233
0.0 0.08226712793111801
0.0 0.08230103552341461
0.0 0.08250357210636139
0.0 0.08264119923114777
0.0 0.08266147971153259
0.0 0.08314921706914902
0.0 0.08315858989953995
0.0 0.08331627398729324
0.0 0.08340944349765778
0.0 0.08341432362794876
0.0 0.08342427015304565
0.0 0.08347078412771225
0.0 0.08365961164236069
0.0 0.08370909839868546
0.0 0.08383326977491379
0.0 0.08385877311229706
0.0 0.08393152058124542
0.0 0.08399881422519684
0.0 0.08410614728927612
0.0 0.08413368463516235
0.0 0.08413535356521606
0.0 0.08416303992271423
0.0 0.08421261608600616
0.0 0.08424306660890579
0.0 0.08465847373008728
0.0 0.08484235405921936
0.0 0.08490303158760071
0.0 0.08513602614402771
0.0 0.0851905345916748
0.0 0.08575808256864548
0.0 0.08582919090986252
0.0 0.08590912818908691
0.0 0.08592260628938675
0.0 0.08594474196434021
0.0 0.08608408272266388
0.0 0.0860934779047966
0.0 0.08632919937372208
0.0 0.08655156195163727
0.0 0.08667394518852234
0.0 0.08678574115037918
0.0 0.08695827424526215
0.0 0.08703120052814484
0.0 0.08706213533878326
0.0 0.08713509142398834
0.0 0.08718384802341461
0.0 0.08720656484365463
0.0 0.08738463371992111
0.0 0.08743072301149368
0.0 0.08758794516324997
0.0 0.08762869238853455
0.0 0.08762909471988678
0.0 0.08776209503412247
0.0 0.08795762807130814
0.0 0.08796262741088867
0.0 0.08808698505163193
0.0 0.08809775114059448
0.0 0.08810564875602722
0.0 0.08811227232217789
0.0 0.08815868198871613
0.0 0.08822502195835114
0.0 0.0882582738995552
0.0 0.08836735785007477
0.0 0.08838889747858047
0.0 0.08861757814884186
0.0 0.0889628678560257
0.0 0.0891866460442543
0.0 0.08925088495016098
0.0 0.08930471539497375
0.0 0.08935906738042831
0.0 0.08948003500699997
0.0 0.0896170362830162
0.0 0.08970280736684799
0.0 0.08971048891544342
0.0 0.08971783518791199
0.0 0.0897865891456604
0.0 0.08982452750205994
0.0 0.08994188159704208
0.0 0.08997287601232529
0.0 0.08998413383960724
0.0 0.09003206342458725
0.0 0.09009570628404617
0.0 0.09018231928348541
0.0 0.09053301811218262
0.0 0.09058862924575806
0.0 0.09061339497566223
0.0 0.09067336469888687
0.0 0.09071718156337738
0.0 0.09083086997270584
0.0 0.09087581932544708
0.0 0.09110172837972641
0.0 0.0912986546754837
0.0 0.09140569716691971
0.0 0.09151746332645416
0.0 0.09165915101766586
0.0 0.09176967293024063
0.0 0.091786228120327
0.0 0.09187238663434982
0.0 0.091928631067276
0.0 0.0920434221625328
0.0 0.09209112077951431
0.0 0.09211055934429169
0.0 0.0921362042427063
0.0 0.09213827550411224
0.0 0.09227607399225235
0.0 0.09284339845180511
0.0 0.09299353510141373
0.0 0.09319794178009033
0.0 0.09340254217386246
0.0 0.09346650540828705
0.0 0.09347451478242874
0.0 0.09348776936531067
0.0 0.09355616569519043
0.0 0.09391891211271286
0.0 0.09406935423612595
0.0 0.0941043347120285
0.0 0.09415016323328018
0.0 0.09431003034114838
0.0 0.0946110263466835
0.0 0.09487149864435196
0.0 0.0948987603187561
0.0 0.09532240033149719
0.0 0.09554599225521088
0.0 0.09555192291736603
0.0 0.09581252932548523
0.0 0.09594015777111053
0.0 0.09596558660268784
0.0 0.09605484455823898
0.0 0.09614914655685425
0.0 0.09662476927042007
0.0 0.09663737565279007
0.0 0.09668707102537155
0.0 0.09673911333084106
0.0 0.09675281494855881
0.0 0.09705453366041183
0.0 0.0970783606171608
0.0 0.09711107611656189
0.0 0.09711220860481262
0.0 0.09739641100168228
0.0 0.09767888486385345
0.0 0.09776037186384201
0.0 0.09780363738536835
0.0 0.09782036393880844
0.0 0.09786082804203033
0.0 0.09787539392709732
0.0 0.09805474430322647
0.0 0.09805969148874283
0.0 0.09838642925024033
0.0 0.09849293529987335
0.0 0.09849990159273148
0.0 0.09862621873617172
0.0 0.09882275760173798
0.0 0.09889715909957886
0.0 0.09900487959384918
0.0 0.09900737553834915
0.0 0.09928026050329208
0.0 0.09933248162269592
0.0 0.09942027181386948
0.0 0.09946055710315704
0.0 0.0998874381184578
0.0 0.10002128034830093
0.0 0.10002972930669785
0.0 0.10035759955644608
0.0 0.10054710507392883
0.0 0.10076572746038437
0.0 0.10077980905771255
0.0 0.10085213929414749
0.0 0.10118620842695236
0.0 0.10120086371898651
0.0 0.10126350820064545
0.0 0.10126699507236481
0.0 0.10127594321966171
0.0 0.10144782811403275
0.0 0.10145994275808334
0.0 0.1016201376914978
0.0 0.10181495547294617
0.0 0.10186568647623062
0.0 0.10210392624139786
0.0 0.1021275520324707
0.0 0.10233643651008606
0.0 0.10256490856409073
0.0 0.10259197652339935
0.0 0.10269785672426224
0.0 0.10280124098062515
0.0 0.10289965569972992
0.0 0.10365907847881317
0.0 0.10387109965085983
0.0 0.10389228910207748
0.0 0.1041267067193985
0.0 0.10414282232522964
0.0 0.10428212583065033
0.0 0.10444927960634232
0.0 0.10481990873813629
0.0 0.10503998398780823
0.0 0.10506118088960648
0.0 0.10507336258888245
0.0 0.10507490485906601
0.0 0.1051391065120697
0.0 0.10514954477548599
0.0 0.10518272966146469
0.0 0.10519421845674515
0.0 0.10523829609155655
0.0 0.1052650511264801
0.0 0.1053534746170044
0.0 0.1056937575340271
0.0 0.10590527951717377
0.0 0.10590922832489014
0.0 0.10597562044858932
0.0 0.10606727749109268
0.0 0.10625450313091278
0.0 0.10628942400217056
0.0 0.10630183666944504
0.0 0.1064925342798233
0.0 0.10655713081359863
0.0 0.10679730772972107
0.0 0.10686793178319931
0.0 0.10695657134056091
0.0 0.1074547991156578
0.0 0.10764047503471375
0.0 0.107644222676754
0.0 0.10784643888473511
0.0 0.10799562186002731
0.0 0.10814487934112549
0.0 0.10819992423057556
0.0 0.10832394659519196
0.0 0.10857377201318741
0.0 0.10872066766023636
0.0 0.10899679362773895
0.0 0.1091097816824913
0.0 0.1095358207821846
0.0 0.10968084633350372
0.0 0.10982588678598404
0.0 0.10993772000074387
0.0 0.1101904958486557
0.0 0.110190749168396
0.0 0.11038436740636826
0.0 0.11057262122631073
0.0 0.11110199987888336
0.0 0.11123903840780258
0.0 0.11142044514417648
0.0 0.11155848950147629
0.0 0.11164332181215286
0.0 0.11183501034975052
0.0 0.11193569004535675
0.0 0.11197995394468307
0.0 0.11210577189922333
0.0 0.11222721636295319
0.0 0.11236570030450821
0.0 0.11239714920520782
0.0 0.11242423951625824
0.0 0.11259262263774872
0.0 0.1126224622130394
0.0 0.1126263365149498
0.0 0.113019198179245
0.0 0.11326907575130463
0.0 0.11332002282142639
0.0 0.11389999836683273
0.0 0.11438184231519699
0.0 0.11477456986904144
0.0 0.11480611562728882
0.0 0.11484646052122116
0.0 0.11494110524654388
0.0 0.11512406915426254
0.0 0.11572113633155823
0.0 0.11600930988788605
0.0 0.11618776619434357
0.0 0.11628590524196625
0.0 0.11643190681934357
0.0 0.11643889546394348
0.0 0.11645564436912537
0.0 0.11713851243257523
0.0 0.11720961332321167
0.0 0.11723054945468903
0.0 0.11727634072303772
0.0 0.11730508506298065
0.0 0.11791323125362396
0.0 0.11800245940685272
0.0 0.11806133389472961
0.0 0.11813674867153168
0.0 0.11820951849222183
0.0 0.11838860809803009
0.0 0.11859319359064102
0.0 0.11881759762763977
0.0 0.11883661150932312
0.0 0.11912323534488678
0.0 0.1192757710814476
0.0 0.12133064866065979
0.0 0.12135621905326843
0.0 0.1213986873626709
0.0 0.12155956774950027
0.0 0.12182679772377014
0.0 0.12203044444322586
0.0 0.1227608248591423
0.0 0.12320767343044281
0.0 0.12322145700454712
0.0 0.12435276806354523
0.0 0.12439676374197006
0.0 0.12558867037296295
0.0 0.12603767216205597
0.0 0.1262231171131134
0.0 0.12678219377994537
0.0 0.12721072137355804
0.0 0.12741491198539734
0.0 0.12777596712112427
0.0 0.12777742743492126
0.0 0.12784205377101898
0.0 0.12804661691188812
0.0 0.12825819849967957
0.0 0.12828876078128815
0.0 0.12845346331596375
0.0 0.12886996567249298
0.0 0.1289350390434265
0.0 0.1290922909975052
0.0 0.12916997075080872
0.0 0.12917624413967133
0.0 0.1294427514076233
0.0 0.12966713309288025
0.0 0.12993602454662323
0.0 0.13003244996070862
0.0 0.1300618201494217
0.0 0.1300724446773529
0.0 0.13017834722995758
0.0 0.1306246966123581
0.0 0.13142259418964386
0.0 0.13149087131023407
0.0 0.13457953929901123
0.0 0.1354425549507141
0.0 0.1367226094007492
0.0 0.13677562773227692
0.0 0.1370476335287094
0.0 0.13869327306747437
0.0 0.1397072672843933
0.0 0.1410917490720749
0.0 0.14222857356071472
0.0 0.14291705191135406
0.0 0.14344629645347595
0.0 0.14479070901870728
0.0 0.14549261331558228
0.0 0.14631929993629456
0.0 0.1532873511314392
0.0 0.15357036888599396
0.0 inf
