0.22875088453292847 0.24718353152275085
0.2229212373495102 0.23625269532203674
0.21682295203208923 0.23883333802223206
0.20203983783721924 0.2232305258512497
0.18778741359710693 0.20082351565361023
0.16467884182929993 0.18207578361034393
0.1633000522851944 0.1672094315290451
0.16176678240299225 0.2533146142959595
0.1577555239200592 0.165170356631279
0.1528846174478531 0.17291125655174255
0.1511690467596054 0.17846357822418213
0.15062934160232544 0.1759968101978302
0.14950603246688843 0.17355667054653168
0.1485184282064438 0.15999455749988556
0.14649201929569244 0.1568819135427475
0.1464809626340866 0.16836540400981903
0.14598135650157928 0.17632116377353668
0.14509247243404388 0.15402093529701233
0.1431620717048645 0.14744237065315247
0.14260639250278473 0.18003566563129425
0.1412428915500641 0.14270265400409698
0.1401001363992691 0.15635348856449127
0.13943731784820557 0.18286198377609253
0.137619286775589 0.16134220361709595
0.13707637786865234 0.14931398630142212
0.13507825136184692 0.13934937119483948
0.1341858059167862 0.1715131253004074
0.12988018989562988 0.2218119204044342
0.12974122166633606 0.150457501411438
0.12946142256259918 0.13260237872600555
0.12779562175273895 0.18384253978729248
0.12693719565868378 0.13009878993034363
0.1267654299736023 0.1287464052438736
0.12625114619731903 0.1294144093990326
0.12605147063732147 0.16424933075904846
0.1259177029132843 0.13753996789455414
0.12450287491083145 0.12731795012950897
0.12410405278205872 0.15140219032764435
0.1239008754491806 0.13086117804050446
0.1238115131855011 0.13813360035419464
0.12375149875879288 0.15488487482070923
0.12372948229312897 0.13367407023906708
0.12283362448215485 0.14780782163143158
0.12252730131149292 0.1310405731201172
0.1210755854845047 0.14740309119224548
0.12011555582284927 0.14486439526081085
0.11982887983322144 0.1311839371919632
0.11934902518987656 0.1417616754770279
0.11877010762691498 0.12362329661846161
0.11850123107433319 0.16511452198028564
0.11843930929899216 0.14245174825191498
0.11827472597360611 0.16173413395881653
0.11793284118175507 0.12080211192369461
0.11764516681432724 0.1303916871547699
0.11757884174585342 0.15251556038856506
0.11752345412969589 0.130924254655838
0.11647690087556839 0.12461911886930466
0.11632843315601349 0.17968390882015228
0.11521295458078384 0.11751694977283478
0.1146990954875946 0.11602254956960678
0.11446384340524673 0.12015766650438309
0.11413102596998215 0.12153050303459167
0.1135922372341156 0.12689964473247528
0.11342121660709381 0.13640427589416504
0.11311599612236023 0.1476132571697235
0.11282394826412201 0.14782874286174774
0.11254505813121796 0.28427982330322266
0.11235909909009933 0.12906761467456818
0.11204589903354645 0.15478608012199402
0.11195623129606247 0.11436162143945694
0.11186686158180237 0.11386915296316147
0.11176766455173492 0.12280039489269257
0.11149995774030685 0.20389805734157562
0.11076183617115021 0.13038034737110138
0.11073722690343857 0.11467809975147247
0.11046726256608963 0.1217910423874855
0.10957787930965424 0.1237110123038292
0.10944698750972748 0.12515094876289368
0.10849662125110626 0.12467794865369797
0.10795661807060242 0.18392623960971832
0.1079111322760582 0.14124856889247894
0.1077638491988182 0.10786386579275131
0.10767917335033417 0.14608316123485565
0.10756269097328186 0.11124354600906372
0.10749988257884979 0.12442034482955933
0.10745175182819366 0.12515094876289368
0.10680287331342697 0.1553439497947693
0.10593501478433609 0.13441358506679535
0.1057543084025383 0.13378947973251343
0.1056312769651413 0.12409317493438721
0.10548187792301178 0.14680573344230652
0.10504598915576935 0.10519465059041977
0.104610875248909 0.11584806442260742
0.10416629165410995 0.13102278113365173
0.10377608984708786 0.11883803457021713
0.10372187942266464 0.11350196599960327
0.10370124131441116 0.13224075734615326
0.1032126322388649 0.13853539526462555
0.10304772108793259 0.12221845239400864
0.1028871089220047 0.14190325140953064
0.1028217002749443 0.16010765731334686
0.101396843791008 0.10474812984466553
0.10126183927059174 0.10784660279750824
0.10122494399547577 0.12064943462610245
0.1011841893196106 0.10512132197618484
0.10118046402931213 0.10455707460641861
0.10028671473264694 0.1045587956905365
0.1002749502658844 0.11426442861557007
0.10022719204425812 0.11182738840579987
0.10011845082044601 0.11849238723516464
0.1001058891415596 0.13425394892692566
0.10003864020109177 0.17478564381599426
0.09939215332269669 0.11241132766008377
0.09925078600645065 0.10307659208774567
0.09915822744369507 0.13596589863300323
0.09911300241947174 0.1156577318906784
0.09894803911447525 0.12405100464820862
0.09827397763729095 0.11471021175384521
0.09810751676559448 0.09955817461013794
0.09753382205963135 0.10866649448871613
0.09667827934026718 0.09894176572561264
0.0953860655426979 0.17057350277900696
0.09500619024038315 0.11477808654308319
0.09482119977474213 0.1387961357831955
0.0943276435136795 0.09562649577856064
0.0937158465385437 0.11434346437454224
0.0932450219988823 0.13958269357681274
0.09313085675239563 0.11826204508543015
0.0930134579539299 0.09656909108161926
0.0929313376545906 0.10473191738128662
0.09242106974124908 0.11270768195390701
0.09235703200101852 0.12215025722980499
0.09215693920850754 0.10730919241905212
0.0920192077755928 0.13462243974208832
0.09148188680410385 0.18640050292015076
0.09148182719945908 0.10472177714109421
0.09117396920919418 0.11576897650957108
0.09104420989751816 0.17120987176895142
0.09102071076631546 0.09146389365196228
0.09098999947309494 0.1479872763156891
0.09094497561454773 0.09745056182146072
0.09087761491537094 0.11595768481492996
0.08969833701848984 0.09603215754032135
0.08956492692232132 0.20304042100906372
0.08945051580667496 0.128464475274086
0.08828471601009369 0.09531381726264954
0.08761867880821228 0.10838797688484192
0.08751586079597473 0.16110052168369293
0.08742257207632065 0.1330852061510086
0.08588956296443939 0.15292589366436005
0.08444679528474808 0.08673078566789627
0.08419396728277206 0.08620353788137436
0.08414720743894577 0.0975111573934555
0.08406129479408264 0.10127526521682739
0.08343978226184845 0.1034991666674614
0.0833732858300209 0.0966639444231987
0.08321034908294678 0.08795858174562454
0.08204427361488342 0.1468321681022644
0.08177732676267624 0.091367207467556
0.08164908736944199 0.08961130678653717
0.08113586157560349 0.08542697131633759
0.08048931509256363 0.08127202838659286
0.08044543117284775 0.12478853017091751
0.08024360239505768 0.09596891701221466
0.08023962378501892 0.0837111547589302
0.08003700524568558 0.09940589219331741
0.0794372633099556 0.08528263121843338
0.07926126569509506 0.08414521813392639
0.07915858179330826 0.08522725850343704
0.07879389077425003 0.11554473638534546
0.0787096694111824 0.09072551131248474
0.0782252848148346 0.09596817195415497
0.07792118191719055 0.0877944603562355
0.077641062438488 0.08380702137947083
0.0774378776550293 0.10751011967658997
0.07723737508058548 0.1120385080575943
0.0769108310341835 0.08250146359205246
0.07648857682943344 0.10798666626214981
0.07633928209543228 0.08973778784275055
0.0762973204255104 0.10606402158737183
0.07577373832464218 0.08359755575656891
0.07560646533966064 0.0827656090259552
0.07560372352600098 0.08366390317678452
0.07553483545780182 0.08786887675523758
0.07546865940093994 0.09121344983577728
0.07385128736495972 0.11501001566648483
0.07376082986593246 0.09598527103662491
0.07360318303108215 0.0966382846236229
0.07279405742883682 0.10098537057638168
0.07269303500652313 0.11139478534460068
0.07254939526319504 0.08030784875154495
0.07199984043836594 0.07761252671480179
0.07124146819114685 0.07495168596506119
0.07082708925008774 0.07362280040979385
0.07068635523319244 0.07131180167198181
0.07044056802988052 0.08575572818517685
0.07001693546772003 0.07707012444734573
0.06938086450099945 0.10562372952699661
0.06900469213724136 0.08571113646030426
0.06747080385684967 0.07550473511219025
0.06647717952728271 0.08387476950883865
0.06501508504152298 0.07062351703643799
0.06490331143140793 0.06838078796863556
0.06454440951347351 0.0674290582537651
0.06336763501167297 0.07285266369581223
0.06231875345110893 0.07172931730747223
0.06174008548259735 0.07624451071023941
0.06101837754249573 0.08376411348581314
0.05843118578195572 0.07567191869020462
