0.11343175917863846 0.11475559324026108
0.10712496191263199 0.11137337237596512
0.10446082055568695 0.11288273334503174
0.10235442221164703 0.10356001555919647
0.10011764615774155 0.10372661054134369
0.0993562787771225 0.10085265338420868
0.09313292056322098 0.10505323112010956
0.09268046170473099 0.11872506141662598
0.09228704869747162 0.1038312017917633
0.09219134598970413 0.09223172813653946
0.09031913429498672 0.11522170156240463
0.09018232673406601 0.09204210340976715
0.09000872820615768 0.09646549075841904
0.088591568171978 0.1053619459271431
0.08852774649858475 0.10140176862478256
0.08812500536441803 0.13898348808288574
0.08807401359081268 0.09755764901638031
0.08676809072494507 0.09075618535280228
0.08537911623716354 0.08992717415094376
0.08482003211975098 0.11119473725557327
0.08424551039934158 0.08521370589733124
0.0840955525636673 0.11945724487304688
0.0834943950176239 0.09504058212041855
0.0833316221833229 0.10386893153190613
0.0829199030995369 0.105453260242939
0.08262725174427032 0.08291948586702347
0.08191593736410141 0.11683907359838486
0.08183882385492325 0.10393891483545303
0.08173191547393799 0.08542785793542862
0.08074984699487686 0.08370812982320786
0.08073246479034424 0.10106923431158066
0.0806773453950882 0.08991790562868118
0.08065434545278549 0.10293357819318771
0.08009004592895508 0.09154337644577026
0.07953210920095444 0.10089871287345886
0.07924962043762207 0.0884009525179863
0.07848673313856125 0.09158378094434738
0.07825512439012527 0.0935610756278038
0.07810395956039429 0.1136522963643074
0.07805492728948593 0.1053507998585701
0.07793483883142471 0.08150790631771088
0.07732687890529633 0.07926373183727264
0.07727063447237015 0.0847504660487175
0.07721740752458572 0.09964659065008163
0.0767831951379776 0.09976600110530853
0.07630035281181335 0.09423140436410904
0.07615158706903458 0.10561986267566681
0.07575809210538864 0.08797164261341095
0.07563301175832748 0.07914011180400848
0.07542389631271362 0.11891687661409378
0.07540758699178696 0.10858264565467834
0.07492069154977798 0.09107095748186111
0.07474613934755325 0.12167514115571976
0.07460590451955795 0.08146578073501587
0.07438216358423233 0.08889485895633698
0.07411817461252213 0.09247573465108871
0.073945052921772 0.08864369243383408
0.07357069104909897 0.09023209661245346
0.07192961126565933 0.07909701019525528
0.07190340012311935 0.08012030273675919
0.0718831792473793 0.11620280891656876
0.07082285732030869 0.08063828200101852
0.07049491256475449 0.08060318231582642
0.07034873962402344 0.10808201134204865
0.06952302157878876 0.09669241309165955
0.06910905241966248 0.07434351742267609
0.06905493140220642 0.07624778896570206
0.06904522329568863 0.10746496915817261
0.06843310594558716 0.07049189507961273
0.06763350963592529 0.07219307869672775
0.0675354152917862 0.08502691984176636
0.06731519848108292 0.06825826317071915
0.0668390691280365 0.13163939118385315
0.06669105589389801 0.06725937128067017
0.06627443432807922 0.09813399612903595
0.06619646400213242 0.08866886049509048
0.06588489562273026 0.07766503840684891
0.06550227850675583 0.07461199164390564
0.06504759937524796 0.10609564185142517
0.06488117575645447 0.06829021126031876
0.06480096280574799 0.0709417536854744
0.06478213518857956 0.07061998546123505
0.064211405813694 0.08047270774841309
0.06420696526765823 0.06530387699604034
0.06390097737312317 0.07143399119377136
0.06261321902275085 0.08646755665540695
0.06224244087934494 0.07177556306123734
0.0620148628950119 0.0785943791270256
0.061590444296598434 0.06536690145730972
0.061399392783641815 0.08053329586982727
0.0613657608628273 0.06164859980344772
0.06129733473062515 0.07179362326860428
0.061097584664821625 0.061684057116508484
0.06096388027071953 0.06623677164316177
0.06093341112136841 0.10187151283025742
0.060822442173957825 0.07535729557275772
0.060639332979917526 0.0685194730758667
0.0606146901845932 0.07752791047096252
0.06045706942677498 0.06295353919267654
0.06026154011487961 0.07112304121255875
0.05973329395055771 0.07268106192350388
0.05963252857327461 0.09606355428695679
0.05959582328796387 0.06054404005408287
0.05950494110584259 0.06448815762996674
0.05940143018960953 0.08520609885454178
0.05921298637986183 0.060823243111371994
0.05918843299150467 0.06951890885829926
0.058917585760354996 0.07044003903865814
0.058888595551252365 0.05995221063494682
0.0587836354970932 0.06899198144674301
0.05874406918883324 0.09677944332361221
0.05861065909266472 0.07736736536026001
0.05845027044415474 0.07863352447748184
0.05822882428765297 0.06356881558895111
0.058135438710451126 0.06963324546813965
0.057832419872283936 0.08066035062074661
0.05776573717594147 0.07499033212661743
0.057558443397283554 0.0841052383184433
0.0574200414121151 0.09069826453924179
0.05718570575118065 0.060676947236061096
0.05700911581516266 0.13899406790733337
0.056846458464860916 0.08092518895864487
0.05683830380439758 0.058493856340646744
0.05682521313428879 0.06493861228227615
0.05667201429605484 0.07547508180141449
0.056175295263528824 0.07172352075576782
0.05616244301199913 0.07093895226716995
0.0555918887257576 0.07442533224821091
0.054282691329717636 0.06961948424577713
0.05403640866279602 0.06703121215105057
0.054025180637836456 0.05570569261908531
0.05399899557232857 0.06070113182067871
0.053916409611701965 0.0592624731361866
0.05376680940389633 0.08098165690898895
0.053742676973342896 0.07102011889219284
0.05370902270078659 0.06553667038679123
0.05354040488600731 0.07403123378753662
0.0534917488694191 0.059452444314956665
0.05342324823141098 0.07642434537410736
0.053297679871320724 0.07110777497291565
0.053045619279146194 0.06077197939157486
0.052857425063848495 0.055829670280218124
0.05279237776994705 0.058920636773109436
0.05220475047826767 0.08954550325870514
0.05206353962421417 0.06819646060466766
0.05198299139738083 0.05464516580104828
0.05190682411193848 0.0565873384475708
0.051403939723968506 0.06951890885829926
0.05139237269759178 0.05816962569952011
0.05093176290392876 0.055478982627391815
0.05085224658250809 0.05606506019830704
0.05028324946761131 0.05055997148156166
0.050160009413957596 0.0696641281247139
0.049943022429943085 0.05164431035518646
0.049802016466856 0.05339496582746506
0.0495346374809742 0.05803709477186203
0.0492510162293911 0.05395450070500374
0.049248069524765015 0.060147788375616074
0.049002986401319504 0.05743798986077309
0.04898954555392265 0.049092382192611694
0.04863189533352852 0.0720130130648613
0.048239607363939285 0.061657603830099106
0.04818381741642952 0.05464572086930275
0.04810693860054016 0.05118575319647789
0.048032891005277634 0.06195788085460663
0.047659553587436676 0.06137406826019287
0.047297313809394836 0.05603562667965889
0.04684535413980484 0.0536620169878006
0.046508267521858215 0.06147737056016922
0.04590632766485214 0.06107080355286598
0.045649681240320206 0.07070136815309525
0.04463253915309906 0.07544633746147156
0.043387480080127716 0.061131421476602554
0.04304397478699684 0.052361514419317245
0.04298085719347 0.05760038644075394
0.04296529293060303 0.050466831773519516
0.04245896264910698 0.04331105202436447
0.041977107524871826 0.04624626040458679
0.041620779782533646 0.04558273404836655
0.041471678763628006 0.052390631288290024
0.04080608859658241 0.04317764192819595
0.04056111350655556 0.05124494060873985
0.04049529880285263 0.044057127088308334
0.0404365099966526 0.048758868128061295
0.03908608481287956 0.048118818551301956
0.03830774128437042 0.043995726853609085
0.03784174099564552 0.039914458990097046
0.03768200799822807 0.04690223187208176
