0.2250209003686905 0.228990837931633
0.21305222809314728 0.26401978731155396
0.1867908239364624 0.21556910872459412
0.17314079403877258 0.18148376047611237
0.16173066198825836 0.17300444841384888
0.15603028237819672 0.25511741638183594
0.15421752631664276 0.1580432802438736
0.15255552530288696 0.15409450232982635
0.14634813368320465 0.16230815649032593
0.14602866768836975 0.3003288507461548
0.14483247697353363 0.1507962942123413
0.1439286470413208 0.14727094769477844
0.14238600432872772 0.14448122680187225
0.14213916659355164 0.16000992059707642
0.13714246451854706 0.14745666086673737
0.13661770522594452 0.218537375330925
0.1358308047056198 0.15841341018676758
0.1350569725036621 0.1398971974849701
0.13423088192939758 0.14710770547389984
0.1335333287715912 0.14722615480422974
0.1305432915687561 0.13164688646793365
0.12771542370319366 0.17668649554252625
0.12627124786376953 0.12778589129447937
0.1255801022052765 0.16227537393569946
0.12348176538944244 0.1329139620065689
0.12228868156671524 0.12649734318256378
0.1220260038971901 0.13872772455215454
0.1218985766172409 0.1541261523962021
0.12154432386159897 0.12783773243427277
0.12097374349832535 0.12214773893356323
0.1209612712264061 0.136518195271492
0.119559146463871 0.13643793761730194
0.11757167428731918 0.13769544661045074
0.11580374091863632 0.14847561717033386
0.11541961878538132 0.11949112266302109
0.11506337672472 0.11831671744585037
0.11337990313768387 0.12048832327127457
0.1121058538556099 0.1284550577402115
0.11203201115131378 0.14818081259727478
0.11144861578941345 0.1306990683078766
0.11134296655654907 0.11587122827768326
0.11103508621454239 0.11675918847322464
0.11075922846794128 0.12085086852312088
0.11017733812332153 0.13207083940505981
0.10961928218603134 0.11648482829332352
0.10929222404956818 0.1200532391667366
0.10817883163690567 0.11055011302232742
0.1079317033290863 0.11369651556015015
0.10753287374973297 0.1291639655828476
0.10750966519117355 0.11991860717535019
0.1074628010392189 0.11381272226572037
0.10730081796646118 0.109278105199337
0.10713235288858414 0.12545660138130188
0.10708300024271011 0.11168976873159409
0.10661746561527252 0.10973803699016571
0.1065666526556015 0.10910900682210922
0.10629113018512726 0.11082965135574341
0.10619312524795532 0.11528071016073227
0.10559263825416565 0.12820109724998474
0.10554224252700806 0.11974291503429413
0.10468371212482452 0.10848426818847656
0.10449524223804474 0.10732680559158325
0.10418383777141571 0.10441593080759048
0.10406799614429474 0.16804203391075134
0.10350988805294037 0.1052422821521759
0.10274636000394821 0.10387998819351196
0.10237547010183334 0.10486382246017456
0.10237137973308563 0.11800545454025269
0.10232904553413391 0.117372527718544
0.10169800370931625 0.1124449074268341
0.10106800496578217 0.17012356221675873
0.10098172724246979 0.12597280740737915
0.10052623599767685 0.16486142575740814
0.10042735189199448 0.10103246569633484
0.10003422200679779 0.1004621759057045
0.09936873614788055 0.14076177775859833
0.0992889255285263 0.13114826381206512
0.09928184002637863 0.11289755254983902
0.09918070584535599 0.12545359134674072
0.09870404005050659 0.10210312902927399
0.09861869364976883 0.09984627366065979
0.09854315221309662 0.10552890598773956
0.09833872318267822 0.15834294259548187
0.09800112992525101 0.10602790117263794
0.09786330908536911 0.1235201433300972
0.0974101722240448 0.10181941092014313
0.0973239317536354 0.11991860717535019
0.09715469926595688 0.16514500975608826
0.09689603000879288 0.09988009184598923
0.09684964269399643 0.1324646919965744
0.09653601050376892 0.09726603329181671
0.09604764729738235 0.11217928677797318
0.09594695270061493 0.10478241741657257
0.09552673250436783 0.11835144460201263
0.0952373817563057 0.11871622502803802
0.09517887979745865 0.10181941092014313
0.09498674422502518 0.10555640608072281
0.09492304176092148 0.11702258884906769
0.09448299556970596 0.10310378670692444
0.0938943549990654 0.09987819939851761
0.09388437122106552 0.10651636123657227
0.09375868737697601 0.09403176605701447
0.09373272955417633 0.0973261222243309
0.09337404370307922 0.09937644004821777
0.0931338369846344 0.12081076949834824
0.09309215098619461 0.11034706979990005
0.09282668679952621 0.12132523208856583
0.0927642360329628 0.11030369997024536
0.09259535372257233 0.12493137270212173
0.09252601116895676 0.0951242670416832
0.09232506901025772 0.097264863550663
0.09214302897453308 0.10474210232496262
0.09205643832683563 0.0962587222456932
0.09189192205667496 0.10474210232496262
0.09178247302770615 0.09686344116926193
0.0909392237663269 0.1100476011633873
0.09081520140171051 0.10399326682090759
0.09072273224592209 0.09879074990749359
0.09066256135702133 0.1317669004201889
0.09049362689256668 0.11340244859457016
0.09003327041864395 0.0986056923866272
0.08966772258281708 0.09584138542413712
0.08829066157341003 0.10757974535226822
0.08771338313817978 0.11663143336772919
0.08727005124092102 0.08840668201446533
0.08691200613975525 0.09407690167427063
0.08644797652959824 0.12334555387496948
0.0864369124174118 0.09121603518724442
0.08635958284139633 0.09595286101102829
0.08591776341199875 0.08785553276538849
0.08590169250965118 0.08766386657953262
0.0858793631196022 0.10461129248142242
0.08573579043149948 0.10831695795059204
0.08572909235954285 0.09265678375959396
0.08570247143507004 0.09098826348781586
0.0855971947312355 0.10607969015836716
0.08549323678016663 0.08649836480617523
0.08532696962356567 0.09448909014463425
0.0851794108748436 0.09216507524251938
0.08488675951957703 0.08978161215782166
0.08458045870065689 0.09672106802463531
0.08447465300559998 0.12868377566337585
0.08390045166015625 0.09100937843322754
0.08363185077905655 0.123626209795475
0.08357642590999603 0.10387998819351196
0.0835753083229065 0.08805135637521744
0.08343331515789032 0.1002885177731514
0.08339514583349228 0.09984627366065979
0.08335307985544205 0.10309940576553345
0.08309579640626907 0.11477162688970566
0.08281593024730682 0.11117051541805267
0.08266575634479523 0.11068665236234665
0.08245347440242767 0.089360810816288
0.08239419758319855 0.08630062639713287
0.08175954222679138 0.08570260554552078
0.08174555748701096 0.09798476099967957
0.08151417970657349 0.09352556616067886
0.08142271637916565 0.12429071217775345
0.08133722841739655 0.09751812368631363
0.08119552582502365 0.08452262729406357
0.08094143122434616 0.09619145840406418
0.08091983199119568 0.09699948132038116
0.0809074267745018 0.09352556616067886
0.0808417797088623 0.10541820526123047
0.08066968619823456 0.08307338505983353
0.0805848017334938 0.10278536379337311
0.08042096346616745 0.13364703953266144
0.08021359890699387 0.08400178700685501
0.08012848347425461 0.08599705249071121
0.08008202910423279 0.10212896764278412
0.07984860986471176 0.08176186680793762
0.07932695746421814 0.0921003669500351
0.07894076406955719 0.11698543280363083
0.07878751307725906 0.09047902375459671
0.07870762795209885 0.09865311533212662
0.07862238585948944 0.11065654456615448
0.07851312309503555 0.07952091842889786
0.07825849205255508 0.10386677086353302
0.07816076278686523 0.11883154511451721
0.0780457928776741 0.11067664623260498
0.07800953835248947 0.08288978040218353
0.07780785113573074 0.09673090279102325
0.07772455364465714 0.08354876190423965
0.07759346812963486 0.08295326679944992
0.07737638056278229 0.11186876147985458
0.0772600993514061 0.09732577204704285
0.07695391029119492 0.07798941433429718
0.07684175670146942 0.10198476165533066
0.0767001286149025 0.11300744116306305
0.07649634033441544 0.0952385887503624
0.0764538049697876 0.0891357883810997
0.07641930133104324 0.09435524046421051
0.07621239870786667 0.09049677848815918
0.07610040158033371 0.08963500708341599
0.07556292414665222 0.11888385564088821
0.07535463571548462 0.07911837100982666
0.07532376050949097 0.09171885997056961
0.07499092817306519 0.08129729330539703
0.07482510060071945 0.07638364285230637
0.07477430254220963 0.08505257964134216
0.07443885505199432 0.07785952836275101
0.0739697739481926 0.08728288114070892
0.07394792884588242 0.08010775595903397
0.07354968041181564 0.08879470825195312
0.07353687286376953 0.08099386096000671
0.07344543188810349 0.08610361069440842
0.07310972362756729 0.08612200617790222
0.0729454755783081 0.07808823138475418
0.07294458895921707 0.10600782930850983
0.0727212056517601 0.08702117204666138
0.07218081504106522 0.07913486659526825
0.07212208211421967 0.08228826522827148
0.07185006886720657 0.08107786625623703
0.07169868797063828 0.07243437319993973
0.07163707166910172 0.08034039288759232
0.07145161181688309 0.10770293325185776
0.07076932489871979 0.1034485399723053
0.0707550048828125 0.07208674401044846
0.06999905407428741 0.08199848234653473
0.06974638998508453 0.09369801729917526
0.06940014660358429 0.11985383182764053
0.06825050711631775 0.08732783794403076
0.06793884187936783 0.07738828659057617
0.0665556937456131 0.07619457691907883
0.06577599048614502 0.07166050374507904
0.06543238461017609 0.0777907744050026
0.06530191004276276 0.06963999569416046
0.06373739242553711 0.09661208838224411
0.06368987262248993 0.0833926647901535
0.06272416561841965 0.06715470552444458
0.061971984803676605 0.06984584033489227
0.05647658929228783 0.06072148308157921
