0.2229071408510208 0.2314562201499939
0.1706305742263794 0.1732531040906906
0.15580260753631592 0.159149169921875
0.14476147294044495 0.15639683604240417
0.13908086717128754 0.150621235370636
0.137961745262146 0.14934341609477997
0.13139526546001434 0.17597781121730804
0.1308789998292923 0.1470804512500763
0.1300910860300064 0.1380673050880432
0.12394004315137863 0.1486591398715973
0.12292321026325226 0.12726405262947083
0.12052182108163834 0.12885810434818268
0.11856096237897873 0.13511794805526733
0.11818815022706985 0.13135068118572235
0.11764281243085861 0.14273084700107574
0.11699821799993515 0.17083825170993805
0.11572351306676865 0.1318027675151825
0.11493847519159317 0.11991297453641891
0.11424315720796585 0.15166272222995758
0.11372430622577667 0.1381630301475525
0.11319153755903244 0.12664178013801575
0.11221665143966675 0.11277475208044052
0.11209133267402649 0.1410493403673172
0.1106686219573021 0.1222214624285698
0.11034924536943436 0.1238115131855011
0.10975836962461472 0.1388888955116272
0.10894451290369034 0.12731637060642242
0.10887005925178528 0.10962864011526108
0.10875989496707916 0.14873890578746796
0.1085037812590599 0.11622529476881027
0.10663601011037827 0.1066754087805748
0.1053447276353836 0.11021191626787186
0.10520109534263611 0.1218341588973999
0.10500121116638184 0.14322344958782196
0.10426640510559082 0.1070694625377655
0.10332518815994263 0.1917479783296585
0.1020447388291359 0.10741658508777618
0.10200481861829758 0.11589045822620392
0.10187523812055588 0.10234672576189041
0.10131281614303589 0.11171232908964157
0.10131226480007172 0.10883079469203949
0.1012420803308487 0.10730402916669846
0.10109653323888779 0.10234672576189041
0.10088343918323517 0.10439658910036087
0.10075265914201736 0.1153138056397438
0.09951584041118622 0.10209096968173981
0.09943526238203049 0.10081730782985687
0.09937513619661331 0.11620105057954788
0.09931503981351852 0.1047702431678772
0.09879987686872482 0.11676688492298126
0.09874866157770157 0.10560952126979828
0.09868349879980087 0.1312129944562912
0.09851256757974625 0.13653968274593353
0.09850763529539108 0.16568540036678314
0.09809666126966476 0.13412131369113922
0.09795717895030975 0.1695195585489273
0.09793996065855026 0.10898755490779877
0.09744828194379807 0.11397194117307663
0.09706609696149826 0.1177898496389389
0.0969170480966568 0.16054277122020721
0.09642189741134644 0.10070715844631195
0.09635709226131439 0.14564353227615356
0.09586706757545471 0.13234850764274597
0.09580424427986145 0.10725519806146622
0.0954035297036171 0.10501401871442795
0.09537021070718765 0.1061868742108345
0.095267653465271 0.09579286724328995
0.0952371209859848 0.10572883486747742
0.0950469970703125 0.12816540896892548
0.09474749118089676 0.16835953295230865
0.09398547559976578 0.175723135471344
0.09340808540582657 0.11492405831813812
0.09294673055410385 0.14870239794254303
0.09291031956672668 0.10274206101894379
0.0925777480006218 0.09562481939792633
0.0921461284160614 0.09441425651311874
0.09185736626386642 0.11028274893760681
0.09142624586820602 0.10838819295167923
0.09123603254556656 0.1336294710636139
0.09085013717412949 0.11285357922315598
0.09059371799230576 0.12128069251775742
0.08989307284355164 0.09643255174160004
0.08972546458244324 0.10516087710857391
0.08955134451389313 0.12086785584688187
0.08943993598222733 0.09221171587705612
0.08925177901983261 0.10845619440078735
0.08913397789001465 0.1523805856704712
0.08871615678071976 0.09270615130662918
0.08839799463748932 0.15202666819095612
0.0883726254105568 0.10715615004301071
0.08822602778673172 0.10079807043075562
0.0882248803973198 0.0985545739531517
0.0873490422964096 0.10452310740947723
0.08728667348623276 0.13462284207344055
0.08656574785709381 0.10217923671007156
0.08639295399188995 0.0942743793129921
0.08584385365247726 0.14534075558185577
0.08485323190689087 0.0887552797794342
0.08414773643016815 0.12255395948886871
0.08408177644014359 0.08463118225336075
0.08400432020425797 0.1347167044878006
0.08395002037286758 0.08650203794240952
0.08353033661842346 0.12637196481227875
0.08291176706552505 0.08753711730241776
0.08241456001996994 0.11239250749349594
0.08226588368415833 0.10936039686203003
0.08216492086648941 0.08663001656532288
0.08204901963472366 0.10194756835699081
0.08178535103797913 0.08571066707372665
0.08129526674747467 0.0982367992401123
0.08117152750492096 0.14814059436321259
0.08083058148622513 0.08700992912054062
0.08074717968702316 0.09938202798366547
0.08042830228805542 0.10015259683132172
0.08037067204713821 0.08313889056444168
0.08013689517974854 0.08425887674093246
0.0799349769949913 0.08676575869321823
0.0795726329088211 0.08323062211275101
0.07953301817178726 0.1257275938987732
0.0792074203491211 0.08922532200813293
0.07904039323329926 0.08124496042728424
0.07901190221309662 0.09175531566143036
0.07894381135702133 0.09382675588130951
0.07888700813055038 0.09235142916440964
0.0783548429608345 0.09530012309551239
0.07833091914653778 0.09313315153121948
0.07812532037496567 0.092069610953331
0.07741208374500275 0.09727930277585983
0.07736311852931976 0.08037063479423523
0.07726597785949707 0.07811568677425385
0.07683032751083374 0.07784992456436157
0.07661283761262894 0.11023757606744766
0.07658439129590988 0.12221761792898178
0.07636944949626923 0.08367802202701569
0.07606186717748642 0.08421042561531067
0.07596220821142197 0.08264850825071335
0.07579658180475235 0.08755877614021301
0.07575509697198868 0.11856137961149216
0.07552470266819 0.08425887674093246
0.07540513575077057 0.12307395786046982
0.07477883249521255 0.07882586121559143
0.07475186884403229 0.08410703390836716
0.07474686950445175 0.13132111728191376
0.07448992133140564 0.2050616294145584
0.07434148341417313 0.13336816430091858
0.07322118431329727 0.08291075378656387
0.07320509105920792 0.14553625881671906
0.07260730862617493 0.07598187029361725
0.07253141701221466 0.0949680507183075
0.07206474244594574 0.12018012255430222
0.07179979234933853 0.07783980667591095
0.07177378237247467 0.07376985996961594
0.07143952697515488 0.07468470185995102
0.0713733360171318 0.07306773215532303
0.07056614011526108 0.07424981892108917
0.0705295279622078 0.10998331755399704
0.07033447176218033 0.08607538789510727
0.07026311755180359 0.07291427999734879
0.06991095840930939 0.09023015946149826
0.06928388774394989 0.1063820943236351
0.06875964999198914 0.07354702055454254
0.06815196573734283 0.07135309278964996
0.06807616353034973 0.07615029811859131
0.0677918940782547 0.12111904472112656
0.06740386039018631 0.07664815336465836
0.06733009219169617 0.07708080857992172
0.06727581471204758 0.08678966015577316
0.06612331420183182 0.0867220088839531
0.06597859412431717 0.08134403079748154
0.06564436852931976 0.07407154887914658
0.06480927020311356 0.07026590406894684
0.06474192440509796 0.06593544781208038
0.0646398738026619 0.07658776640892029
0.06389334052801132 0.07120583206415176
0.06258899718523026 0.08351262658834457
0.06254584342241287 0.07465523481369019
0.06211404502391815 0.06431597471237183
0.06128643453121185 0.06839270144701004
0.061256300657987595 0.07379847764968872
0.061022523790597916 0.06408154219388962
0.05978986620903015 0.07324741035699844
0.05876227840781212 0.06154754385352135
0.054965198040008545 0.07011543959379196
0.054411500692367554 0.05505715683102608
0.053230833262205124 0.07269582897424698
