0.06317506730556488 0.06397474557161331
0.062061723321676254 0.06589922308921814
0.058950092643499374 0.059607721865177155
0.05748831108212471 0.06372421979904175
0.05723949149250984 0.058186788111925125
0.05642399191856384 0.056562021374702454
0.05639670789241791 0.05826001614332199
0.055404212325811386 0.056806452572345734
0.0546722449362278 0.05567881092429161
0.0545203723013401 0.0551835335791111
0.05448359623551369 0.06029364466667175
0.053841233253479004 0.05470984801650047
0.05347684025764465 0.06142757087945938
0.05326244980096817 0.05349808186292648
0.05277206376194954 0.06612954288721085
0.05274835228919983 0.05511536821722984
0.05242961272597313 0.07088770717382431
0.05239202827215195 0.052806269377470016
0.05236557126045227 0.053216781467199326
0.05222678557038307 0.055069711059331894
0.05186287686228752 0.055317237973213196
0.05164523795247078 0.05302245914936066
0.05148525908589363 0.052181176841259
0.05146109312772751 0.057640668004751205
0.051123637706041336 0.05384862795472145
0.050797514617443085 0.059013210237026215
0.050251346081495285 0.054186027497053146
0.05024338141083717 0.05435803160071373
0.0502178929746151 0.054348066449165344
0.050135549157857895 0.05296294018626213
0.05005599185824394 0.050998467952013016
0.04965671896934509 0.05022371560335159
0.049521271139383316 0.05896845459938049
0.048925984650850296 0.049660708755254745
0.04704514145851135 0.06097964197397232
0.046970855444669724 0.052546460181474686
0.046874962747097015 0.0487225167453289
0.04601680859923363 0.05013063922524452
0.04586242884397507 0.05310126394033432
0.045737672597169876 0.04657292738556862
0.045720912516117096 0.053099341690540314
0.045436546206474304 0.04820917919278145
0.0453609824180603 0.0454084649682045
0.04510590061545372 0.04643163084983826
0.04488057643175125 0.06130264699459076
0.04454271122813225 0.046918097883462906
0.04424446076154709 0.0598517581820488
0.043943457305431366 0.061351481825113297
0.04388856515288353 0.053636156022548676
0.043845053762197495 0.05311146378517151
0.043454017490148544 0.044971004128456116
0.043412163853645325 0.04556937888264656
0.043348245322704315 0.044941872358322144
0.043334078043699265 0.05738402158021927
0.04301908239722252 0.05236392095685005
0.04237064719200134 0.0480932779610157
0.04218996688723564 0.04333176091313362
0.04218285158276558 0.042367443442344666
0.04180615395307541 0.0629955530166626
0.04139342159032822 0.059648383408784866
0.04137803986668587 0.06921899318695068
0.041041336953639984 0.05679190158843994
0.041016723960638046 0.04748692736029625
0.04094674065709114 0.04678884893655777
0.040820784866809845 0.04365606606006622
0.0407758392393589 0.054856766015291214
0.04072754085063934 0.05033126845955849
0.04062782973051071 0.05761459469795227
0.040420401841402054 0.042897921055555344
0.040177129209041595 0.047446317970752716
0.040152180939912796 0.04749413952231407
0.040126193314790726 0.04637584090232849
0.04005851596593857 0.04078146815299988
0.03994869813323021 0.054443277418613434
0.039898235350847244 0.054720498621463776
0.03989335894584656 0.04178769141435623
0.0398460254073143 0.054018717259168625
0.03965972736477852 0.05540496110916138
0.039398666471242905 0.04344552755355835
0.03931343927979469 0.03949831426143646
0.039274103939533234 0.044938717037439346
0.039030514657497406 0.06228739395737648
0.039001286029815674 0.0391748882830143
0.03842400386929512 0.03948788717389107
0.0384194478392601 0.038493286818265915
0.03839227184653282 0.042916618287563324
0.03832443058490753 0.04552188515663147
0.038283176720142365 0.05659688264131546
0.038165319710969925 0.04336843267083168
0.038132887333631516 0.05838955193758011
0.03797615319490433 0.04190939664840698
0.03780773654580116 0.041556213051080704
0.03773224726319313 0.050217460840940475
0.037561334669589996 0.04603525623679161
0.03746005520224571 0.054348066449165344
0.03737932816147804 0.047161731868982315
0.0373535193502903 0.04813363403081894
0.03681664168834686 0.038853827863931656
0.03681335225701332 0.05686003714799881
0.03674181550741196 0.03838234022259712
0.036684419959783554 0.049146320670843124
0.036547500640153885 0.040979884564876556
0.036483798176050186 0.040463320910930634
0.0364702008664608 0.037394989281892776
0.036442697048187256 0.06426160782575607
0.03615289926528931 0.04569065570831299
0.03596750646829605 0.03848406299948692
0.03584979847073555 0.03598567843437195
0.03579164296388626 0.03733919933438301
0.03565812110900879 0.041214946657419205
0.03563196584582329 0.03678218647837639
0.03557229042053223 0.03603122755885124
0.03527504578232765 0.03849881514906883
0.035250984132289886 0.03579966351389885
0.035092223435640335 0.04434949904680252
0.03505273163318634 0.06466998904943466
0.034959737211465836 0.0350613072514534
0.03461426869034767 0.057363227009773254
0.03456761687994003 0.035111673176288605
0.034418877214193344 0.037980034947395325
0.034269217401742935 0.04352802783250809
0.034209296107292175 0.03602927550673485
0.03386668115854263 0.04840349406003952
0.033768799155950546 0.04394252970814705
0.03358105570077896 0.033779967576265335
0.033556267619132996 0.045578569173812866
0.03340417891740799 0.0390772707760334
0.0329531654715538 0.05496528372168541
0.03286534920334816 0.03573017194867134
0.03284537419676781 0.03803156316280365
0.03272648900747299 0.04528321698307991
0.03272586688399315 0.035205401480197906
0.032687604427337646 0.046051837503910065
0.032327115535736084 0.03604910895228386
0.03223103657364845 0.0464116632938385
0.03220883756875992 0.04291306808590889
0.03212803974747658 0.032919593155384064
0.03208846598863602 0.04710754379630089
0.03199148178100586 0.04912484064698219
0.031933676451444626 0.040330685675144196
0.03185289353132248 0.033784519881010056
0.03171324357390404 0.047812484204769135
0.03167104721069336 0.03692484274506569
0.031656209379434586 0.05156616121530533
0.03160293400287628 0.042286425828933716
0.03157893940806389 0.03162359446287155
0.031287118792533875 0.0370105504989624
0.03115277923643589 0.03288799524307251
0.03112258017063141 0.0319381058216095
0.03100198321044445 0.05624403432011604
0.030937664210796356 0.03643639013171196
0.030799897387623787 0.03524607792496681
0.030630072578787804 0.033479150384664536
0.030249372124671936 0.0420442670583725
0.030107850208878517 0.03216256573796272
0.030060844495892525 0.030992986634373665
0.029671577736735344 0.030490096658468246
0.029555058106780052 0.04320419207215309
0.02950468100607395 0.035517025738954544
0.029415292665362358 0.031759269535541534
0.02930610626935959 0.03640643134713173
0.029074562713503838 0.029728250578045845
0.028929755091667175 0.031314950436353683
0.028514502570033073 0.03336705267429352
0.02766033262014389 0.040153443813323975
0.027636827901005745 0.03442024812102318
0.027323346585035324 0.028849907219409943
0.027013443410396576 0.039239220321178436
0.0269722118973732 0.02779833972454071
0.026885749772191048 0.029800385236740112
0.026747016236186028 0.02712276391685009
0.02645655907690525 0.0312897227704525
0.026366809383034706 0.02995973266661167
0.02624468132853508 0.04171250760555267
0.02608557976782322 0.029689691960811615
0.025905195623636246 0.036517053842544556
0.025708286091685295 0.025841429829597473
0.02567032352089882 0.029522940516471863
0.025630084797739983 0.02712947130203247
0.025366513058543205 0.03426137939095497
0.025200296193361282 0.029247425496578217
0.025187542662024498 0.029516225680708885
0.025078432634472847 0.02883438766002655
0.024347325786948204 0.03414619714021683
0.024317272007465363 0.03619205579161644
0.024299323558807373 0.04494636505842209
0.023434238508343697 0.025993837043642998
0.022510485723614693 0.023492252454161644
