0.19185230135917664 0.2120380401611328
0.18039841949939728 0.19414347410202026
0.17518027126789093 0.17894288897514343
0.17511281371116638 0.1805715709924698
0.17335736751556396 0.18139629065990448
0.1689559370279312 0.17153941094875336
0.16848205029964447 0.17070476710796356
0.1673937737941742 0.17344719171524048
0.16736213862895966 0.1698925942182541
0.1670006513595581 0.16721799969673157
0.1656682938337326 0.16884936392307281
0.16378448903560638 0.17773491144180298
0.16229434311389923 0.1649450808763504
0.16132286190986633 0.1694675236940384
0.15934260189533234 0.16562674939632416
0.15790656208992004 0.16296285390853882
0.15660016238689423 0.1760282665491104
0.15652310848236084 0.16459688544273376
0.15636920928955078 0.15688493847846985
0.15595926344394684 0.15897803008556366
0.15471632778644562 0.15708909928798676
0.15369568765163422 0.1582452356815338
0.1536233276128769 0.1574346125125885
0.15359856188297272 0.15398332476615906
0.15300427377223969 0.1540759652853012
0.15169627964496613 0.1600572168827057
0.1513904184103012 0.1626235842704773
0.15039026737213135 0.15460938215255737
0.15033701062202454 0.16184183955192566
0.15004862844944 0.15163926780223846
0.14963969588279724 0.1639261543750763
0.14942249655723572 0.17572838068008423
0.14941240847110748 0.17813612520694733
0.14859925210475922 0.1490655243396759
0.1481764316558838 0.16244935989379883
0.14784057438373566 0.16695235669612885
0.14766788482666016 0.15771059691905975
0.14766281843185425 0.15125450491905212
0.14742736518383026 0.169642835855484
0.14716438949108124 0.17126452922821045
0.1466711461544037 0.1506749838590622
0.14653229713439941 0.16349945962429047
0.14557282626628876 0.1658494621515274
0.13964125514030457 0.1532827466726303
0.1392693966627121 0.15141341090202332
0.13743506371974945 0.14765769243240356
0.13642655313014984 0.14963889122009277
0.13558490574359894 0.1609164923429489
0.13523009419441223 0.14619742333889008
0.1347774863243103 0.17800894379615784
0.13434000313282013 0.1426282525062561
0.13402009010314941 0.13518930971622467
0.13334257900714874 0.14198461174964905
0.13312143087387085 0.14619742333889008
0.13233664631843567 0.1493506133556366
0.13230594992637634 0.1388961225748062
0.13193918764591217 0.15770629048347473
0.131020188331604 0.13612250983715057
0.13096879422664642 0.15484711527824402
0.1301223486661911 0.1437119096517563
0.13003666698932648 0.13553066551685333
0.1293361634016037 0.1332126259803772
0.1293010413646698 0.13891729712486267
0.12927457690238953 0.14748017489910126
0.12900152802467346 0.13049763441085815
0.12780030071735382 0.15387298166751862
0.12703807651996613 0.158269003033638
0.12703217566013336 0.13873839378356934
0.1267719566822052 0.14953845739364624
0.1265745311975479 0.1512482911348343
0.12650230526924133 0.12826980650424957
0.12646569311618805 0.12668171525001526
0.1264421045780182 0.13717082142829895
0.12601931393146515 0.12770624458789825
0.1256149560213089 0.126693457365036
0.12561123073101044 0.13151943683624268
0.12487225234508514 0.13133732974529266
0.12483495473861694 0.1261657029390335
0.1237364187836647 0.13460619747638702
0.12339525669813156 0.12443836778402328
0.1230323538184166 0.19870871305465698
0.12268323451280594 0.14982254803180695
0.12230770289897919 0.1458071619272232
0.12228225916624069 0.1806788444519043
0.12156713008880615 0.18355047702789307
0.12128806859254837 0.16554859280586243
0.12022589892148972 0.13360200822353363
0.1200837641954422 0.1345365047454834
0.11992160230875015 0.1234673410654068
0.11976417154073715 0.1307862550020218
0.11909843236207962 0.12150910496711731
0.11832960695028305 0.12614606320858002
0.11810865253210068 0.15462657809257507
0.11726047098636627 0.1292499303817749
0.11634738743305206 0.13129010796546936
0.11542899161577225 0.11584056913852692
0.11528428643941879 0.12501533329486847
0.11517735570669174 0.1499977558851242
0.11489348113536835 0.16155385971069336
0.1135089248418808 0.13425540924072266
0.11319736391305923 0.12047045677900314
0.11312104761600494 0.1301375776529312
0.11254638433456421 0.14198461174964905
0.11251277476549149 0.12406764179468155
0.11156371980905533 0.15035371482372284
0.11121870577335358 0.11920322477817535
0.11114315688610077 0.1314346194267273
0.11108162999153137 0.11126051098108292
0.11094795167446136 0.17279052734375
0.11068867146968842 0.12330872565507889
0.11052075028419495 0.15319056808948517
0.1102294996380806 0.12451067566871643
0.10982806235551834 0.12593990564346313
0.10982710868120193 0.1211354210972786
0.10982061922550201 0.1497846096754074
0.10969377309083939 0.12656255066394806
0.10963564366102219 0.1123775988817215
0.10859505832195282 0.15886905789375305
0.10851901024580002 0.1285095065832138
0.10828441381454468 0.11700373142957687
0.10798343271017075 0.14512552320957184
0.10788064450025558 0.12455219030380249
0.10749346017837524 0.11450663208961487
0.10738593339920044 0.11112652719020844
0.10718243569135666 0.12002284079790115
0.1067313402891159 0.12327481806278229
0.10667011886835098 0.1347624808549881
0.10640188306570053 0.16832168400287628
0.10634466260671616 0.1839044988155365
0.10597722977399826 0.12386517971754074
0.10572794824838638 0.1070629358291626
0.10502103716135025 0.1091456189751625
0.10469359159469604 0.10960380733013153
0.10427293926477432 0.1217336505651474
0.10423889011144638 0.15674906969070435
0.10418487340211868 0.10794725269079208
0.10292530804872513 0.10711115598678589
0.10278239101171494 0.13423502445220947
0.10264188051223755 0.1266147941350937
0.1026325672864914 0.10966917872428894
0.10261031240224838 0.14032059907913208
0.10258389264345169 0.11354637891054153
0.10256528109312057 0.1931314319372177
0.10242676734924316 0.10693389177322388
0.10238449275493622 0.1535969227552414
0.10186323523521423 0.13690851628780365
0.10181041806936264 0.10630238801240921
0.10163090378046036 0.11872101575136185
0.10142624378204346 0.13920997083187103
0.10137733072042465 0.13309815526008606
0.1008821651339531 0.14161086082458496
0.10081986337900162 0.11835473030805588
0.10072121769189835 0.15419979393482208
0.10043352097272873 0.12539727985858917
0.10040031373500824 0.1183599904179573
0.10031155496835709 0.11239165812730789
0.10015878081321716 0.12481750547885895
0.09958892315626144 0.13230068981647491
0.09956100583076477 0.17950879037380219
0.09949073195457458 0.11247887462377548
0.09934372454881668 0.10817714780569077
0.09926686435937881 0.1123691201210022
0.09874746948480606 0.1292375922203064
0.09869810938835144 0.12992875277996063
0.09838912636041641 0.19487260282039642
0.09819580614566803 0.1186726912856102
0.0973740741610527 0.164600670337677
0.096918024122715 0.14688093960285187
0.09631845355033875 0.11338607221841812
0.09582251310348511 0.09690841287374496
0.09505342692136765 0.10843144357204437
0.09474911540746689 0.13428446650505066
0.09466251730918884 0.0966055616736412
0.09457376599311829 0.11332034319639206
0.0945686548948288 0.0988096073269844
0.09450504928827286 0.10937507450580597
0.09427942335605621 0.10415098816156387
0.09379325062036514 0.10897417366504669
0.09372303634881973 0.17876394093036652
0.09349211305379868 0.09495336562395096
0.09343794733285904 0.09585079550743103
0.09300181269645691 0.11130698770284653
0.09294851124286652 0.10052544623613358
0.09265250712633133 0.09754034131765366
0.09210771322250366 0.09437136352062225
0.09189628809690475 0.12092574685811996
0.09162754565477371 0.1101294681429863
0.09151880443096161 0.09168948978185654
0.09110671281814575 0.10923628509044647
0.09109409898519516 0.11931797862052917
0.09099896997213364 0.1275426745414734
0.09091003984212875 0.1631191074848175
0.09076354652643204 0.1015910804271698
0.09051008522510529 0.09085413068532944
0.09036055207252502 0.22945646941661835
0.09004576504230499 0.1867053508758545
0.09004046767950058 0.1100815013051033
0.08975502848625183 0.11215510219335556
0.08969639241695404 0.09379920363426208
0.08965282887220383 0.12309768795967102
0.08959607779979706 0.1499142199754715
0.08957096189260483 0.1088929995894432
0.08907021582126617 0.10528748482465744
0.08884439617395401 0.10975819826126099
0.08859949558973312 0.12194482982158661
0.08832278847694397 0.11065210402011871
0.08799416571855545 0.09522542357444763
0.0877489298582077 0.1035691425204277
0.08745838701725006 0.13481847941875458
0.08739443868398666 0.12584461271762848
0.08660578727722168 0.09867732226848602
0.0865301564335823 0.11216128617525101
0.08624013513326645 0.09309215098619461
0.08596590906381607 0.12426789849996567
0.08549389988183975 0.1043945699930191
0.08547607809305191 0.09897641092538834
0.08538976311683655 0.11190410703420639
0.08531112968921661 0.10138572752475739
0.085298553109169 0.10075759887695312
0.0844397023320198 0.09243521094322205
0.08437480032444 0.12264339625835419
0.08382716774940491 0.10226726531982422
0.08381331712007523 0.10211653262376785
0.08361965417861938 0.09939281642436981
0.08220401406288147 0.10052544623613358
0.08220042288303375 0.09663709998130798
0.08205623179674149 0.08982168883085251
0.08197719603776932 0.09534041583538055
0.08189266175031662 0.10147371143102646
0.08043181151151657 0.09622795879840851
0.07995208352804184 0.08907248824834824
0.07952366024255753 0.08620811253786087
0.07817258685827255 0.08742254972457886
0.0750524252653122 0.07563366740942001
0.07461540400981903 0.08610770851373672
0.07432982325553894 0.08639463037252426
0.07261369377374649 0.07483822107315063
0.06875014305114746 0.07614156603813171
0.06857187300920486 0.13148418068885803
