0.19784192740917206 0.2041906714439392
0.194878950715065 0.2045566588640213
0.18140654265880585 0.1936669945716858
0.17221243679523468 0.18769563734531403
0.17106187343597412 0.17262612283229828
0.16421426832675934 0.1755972057580948
0.16009511053562164 0.17455437779426575
0.15953458845615387 0.16862986981868744
0.15718483924865723 0.19128233194351196
0.15124063193798065 0.1799190491437912
0.15019501745700836 0.16193142533302307
0.15001516044139862 0.17006352543830872
0.14618952572345734 0.1498090624809265
0.14580631256103516 0.15071223676204681
0.14532069861888885 0.1493711769580841
0.1452362835407257 0.14541058242321014
0.1452244222164154 0.17121298611164093
0.14499811828136444 0.14868004620075226
0.1449863165616989 0.16972880065441132
0.14477896690368652 0.15404540300369263
0.14373669028282166 0.1456770896911621
0.14321070909500122 0.19791781902313232
0.14313989877700806 0.15682855248451233
0.14271147549152374 0.15910209715366364
0.14268112182617188 0.16765964031219482
0.14231467247009277 0.16714102029800415
0.1421106606721878 0.14712373912334442
0.14169993996620178 0.1430191695690155
0.1414172351360321 0.15011100471019745
0.1401500254869461 0.1460384875535965
0.13907383382320404 0.150777205824852
0.13878437876701355 0.1503763496875763
0.13788338005542755 0.14280104637145996
0.13785257935523987 0.13851472735404968
0.13746772706508636 0.14929674565792084
0.13724105060100555 0.1503918617963791
0.13676461577415466 0.15335586667060852
0.13656964898109436 0.14201466739177704
0.13618013262748718 0.1594279706478119
0.1361597627401352 0.15623365342617035
0.13615034520626068 0.15184232592582703
0.1359136700630188 0.15038888156414032
0.13548952341079712 0.16389964520931244
0.13416433334350586 0.14243939518928528
0.13392594456672668 0.15237928926944733
0.13343025743961334 0.13347813487052917
0.13291065394878387 0.1528824120759964
0.13253140449523926 0.14051410555839539
0.13214334845542908 0.17105025053024292
0.1321125328540802 0.15338349342346191
0.13204427063465118 0.14016346633434296
0.13102541863918304 0.1418004333972931
0.12986710667610168 0.1336563676595688
0.12963302433490753 0.13791634142398834
0.1290159523487091 0.13336946070194244
0.1286909282207489 0.14076051115989685
0.12813103199005127 0.1348995417356491
0.12707559764385223 0.14390146732330322
0.1269882619380951 0.1320362687110901
0.12649010121822357 0.1477094441652298
0.12633812427520752 0.13986393809318542
0.12617197632789612 0.1674421727657318
0.12549784779548645 0.13514022529125214
0.12438419461250305 0.12768685817718506
0.12430919706821442 0.1334877610206604
0.1242467537522316 0.15206564962863922
0.1241203099489212 0.17379704117774963
0.12381462752819061 0.13001300394535065
0.12364944815635681 0.12507076561450958
0.12353798002004623 0.15914395451545715
0.12339810281991959 0.16275157034397125
0.1233433187007904 0.13358017802238464
0.12313111871480942 0.12917762994766235
0.1229255199432373 0.14180763065814972
0.1227259635925293 0.1480027288198471
0.12265964597463608 0.14832386374473572
0.12259652465581894 0.15880729258060455
0.12219502776861191 0.17639027535915375
0.12195704132318497 0.14204570651054382
0.12178222835063934 0.17771610617637634
0.12176831066608429 0.1487872451543808
0.12167839705944061 0.1356184184551239
0.12110106647014618 0.13714949786663055
0.12097211927175522 0.12157531082630157
0.12078961730003357 0.15141785144805908
0.12074998766183853 0.1299382597208023
0.12056219577789307 0.1299845576286316
0.11991570889949799 0.17765666544437408
0.11975385248661041 0.1359502673149109
0.11958765983581543 0.14314402639865875
0.11952866613864899 0.13347990810871124
0.11895828694105148 0.15898831188678741
0.11878224462270737 0.13503329455852509
0.11874649673700333 0.1654840111732483
0.11865413933992386 0.14945070445537567
0.11832071095705032 0.1317005604505539
0.1177254170179367 0.13689914345741272
0.11751760542392731 0.13199183344841003
0.11732161045074463 0.1857967972755432
0.11720696836709976 0.12323667854070663
0.11694557964801788 0.13108068704605103
0.11688161641359329 0.12756682932376862
0.11678796261548996 0.1399768888950348
0.1166071742773056 0.1746530830860138
0.11659593135118484 0.12934374809265137
0.11645268648862839 0.17638210952281952
0.11612724512815475 0.13485091924667358
0.11612636595964432 0.13545134663581848
0.11588792502880096 0.18030431866645813
0.11564013361930847 0.16886238753795624
0.11547266691923141 0.1412104219198227
0.11517596244812012 0.11879407614469528
0.11496563255786896 0.1158619225025177
0.11442531645298004 0.15319475531578064
0.11421749740839005 0.14981584250926971
0.11415934562683105 0.12688636779785156
0.113803930580616 0.1366473138332367
0.11365731805562973 0.13287128508090973
0.11364483088254929 0.12371808290481567
0.1134968250989914 0.1774166226387024
0.1132916659116745 0.1369454264640808
0.11317960172891617 0.1586935967206955
0.11288613826036453 0.15463483333587646
0.11275182664394379 0.15055647492408752
0.11202209442853928 0.1494019329547882
0.11200262606143951 0.12157531082630157
0.11196714639663696 0.12886041402816772
0.11188388615846634 0.13687065243721008
0.11140348762273788 0.12193645536899567
0.1110653430223465 0.13024932146072388
0.11089557409286499 0.1198897659778595
0.11079742759466171 0.13142304122447968
0.11064688116312027 0.1298806369304657
0.1105504259467125 0.1175941601395607
0.11033990979194641 0.14278385043144226
0.11033385992050171 0.11331997811794281
0.10965444147586823 0.11539158970117569
0.1096353828907013 0.14091692864894867
0.10961677134037018 0.11852075159549713
0.10903101414442062 0.13318102061748505
0.10893688350915909 0.11670807749032974
0.1086580827832222 0.11361055076122284
0.10865530371665955 0.10917533189058304
0.10855483263731003 0.13460657000541687
0.10845094919204712 0.12286622077226639
0.10844411700963974 0.16040726006031036
0.10837673395872116 0.11121585965156555
0.10834631323814392 0.12249818444252014
0.1083122044801712 0.11420461535453796
0.10823860764503479 0.11370156705379486
0.10808567702770233 0.11794275045394897
0.10791702568531036 0.13446597754955292
0.10775500535964966 0.14927755296230316
0.1076580286026001 0.11622978746891022
0.10754108428955078 0.1219341978430748
0.1073770597577095 0.12175057083368301
0.10708223283290863 0.1418391615152359
0.10697243362665176 0.11474473774433136
0.10674935579299927 0.16878646612167358
0.10634380578994751 0.11420612782239914
0.1063242182135582 0.10935048013925552
0.10631243884563446 0.1598581075668335
0.1062280610203743 0.12962336838245392
0.1054743304848671 0.1152847558259964
0.10545375943183899 0.14673346281051636
0.10527940094470978 0.11863723397254944
0.10522321611642838 0.1267651468515396
0.10499650985002518 0.15394410490989685
0.1049201712012291 0.13098010420799255
0.10465282201766968 0.12929758429527283
0.10448725521564484 0.16071578860282898
0.10423336178064346 0.11632534116506577
0.10365985333919525 0.1107930988073349
0.10364419221878052 0.13027098774909973
0.10351251065731049 0.11404155194759369
0.10335846990346909 0.17613278329372406
0.10332059115171432 0.10390949994325638
0.10330379009246826 0.13144391775131226
0.10310754179954529 0.10960482805967331
0.10310371220111847 0.11258381605148315
0.10282962024211884 0.1085369884967804
0.10255984961986542 0.18295592069625854
0.10237109661102295 0.13583628833293915
0.10215886682271957 0.16596530377864838
0.10197513550519943 0.1542716920375824
0.10166969895362854 0.11494478583335876
0.1014242097735405 0.11954217404127121
0.10137119144201279 0.10464183986186981
0.10116851329803467 0.11609473824501038
0.10109314322471619 0.11978717893362045
0.1008160337805748 0.10341312736272812
0.1007271558046341 0.1109427735209465
0.1002444177865982 0.13119937479496002
0.10023646056652069 0.11756458878517151
0.09983938187360764 0.1221856102347374
0.09970343112945557 0.13235734403133392
0.09954400360584259 0.11854955554008484
0.09945613890886307 0.10577590763568878
0.09944877028465271 0.10664106160402298
0.0994240865111351 0.12344055622816086
0.09942125529050827 0.1305931657552719
0.09938613325357437 0.12103292346000671
0.0988750234246254 0.11498881131410599
0.09844036400318146 0.12024076282978058
0.09826233237981796 0.1164901852607727
0.09823619574308395 0.11067242920398712
0.0982196256518364 0.09915587306022644
0.09817438572645187 0.11537078022956848
0.09809347242116928 0.11943855881690979
0.09805528074502945 0.13538606464862823
0.09790676087141037 0.10019241273403168
0.09783494472503662 0.1421203464269638
0.09767139703035355 0.12695713341236115
0.09731536358594894 0.12387430667877197
0.09726963937282562 0.11157645285129547
0.09709422290325165 0.10986272990703583
0.09695935994386673 0.10658545792102814
0.09636399894952774 0.10013174265623093
0.09577702730894089 0.11457893997430801
0.09556343406438828 0.13412725925445557
0.0953466147184372 0.10087727755308151
0.09517502039670944 0.10798776149749756
0.09480489045381546 0.10739716142416
0.09475092589855194 0.13851547241210938
0.09469083696603775 0.16982758045196533
0.09434092789888382 0.09743092954158783
0.09374722093343735 0.11240768432617188
0.09354995936155319 0.1599365472793579
0.09352277219295502 0.18436266481876373
0.09307363629341125 0.12420783191919327
0.09275085479021072 0.14166288077831268
0.09265097975730896 0.10787274688482285
0.09243963658809662 0.09267184138298035
0.09134923666715622 0.10283830016851425
0.09133739024400711 0.11618676781654358
0.09131193161010742 0.09185691177845001
0.09052353352308273 0.1429830938577652
0.09041367471218109 0.1492813229560852
0.09017667919397354 0.10402381420135498
0.09003743529319763 0.1029752567410469
0.0896473228931427 0.09901496022939682
0.08894595503807068 0.10602689534425735
0.08889225870370865 0.119329534471035
0.08756190538406372 0.09665417671203613
0.08753160387277603 0.10575492680072784
0.08748110383749008 0.14945831894874573
0.08741280436515808 0.11277002841234207
0.08734790980815887 0.10305090993642807
0.08728963136672974 0.08733572065830231
0.08722830563783646 0.09837460517883301
0.08719927817583084 0.1031651720404625
0.08659191429615021 0.15285183489322662
0.08595181256532669 0.09267184138298035
0.08566661179065704 0.13132719695568085
0.08520305156707764 0.08875555545091629
0.08513912558555603 0.10707758367061615
0.08479432761669159 0.13554345071315765
0.08316245675086975 0.1080908551812172
0.08285366743803024 0.11137010902166367
0.0816865861415863 0.08633769303560257
0.08121433109045029 0.0898679718375206
0.07912374287843704 0.08394841104745865
0.07873647660017014 0.15903665125370026
0.07840095460414886 0.08199957013130188
0.07665771245956421 0.10293148458003998
0.07240533828735352 0.07349807024002075
0.07184118777513504 0.08670792728662491
0.06760440021753311 0.06881291419267654
0.066588394343853 0.06791837513446808
0.0627397894859314 0.07315315306186676
