0.14315995573997498 0.14384956657886505
0.13862624764442444 0.1483822911977768
0.13828332722187042 0.13866640627384186
0.13622832298278809 0.1521386057138443
0.1304110735654831 0.13518013060092926
0.12970653176307678 0.1404615193605423
0.12920942902565002 0.13518929481506348
0.12871666252613068 0.1429276168346405
0.1254091113805771 0.13042257726192474
0.1238253191113472 0.139644593000412
0.12338132411241531 0.14033056795597076
0.12170348316431046 0.12324327975511551
0.1216256245970726 0.12574584782123566
0.12096074968576431 0.1544896513223648
0.12074828147888184 0.1432262659072876
0.11967165023088455 0.12410057336091995
0.11856953799724579 0.14227209985256195
0.11686098575592041 0.1199706569314003
0.11654941737651825 0.11876234412193298
0.11606267839670181 0.13374914228916168
0.11257871240377426 0.12087646126747131
0.11146844178438187 0.14664506912231445
0.1110001802444458 0.12629199028015137
0.11061874777078629 0.11364022642374039
0.10929394513368607 0.12304984033107758
0.1087016686797142 0.16550764441490173
0.10861141979694366 0.11809120327234268
0.10837844014167786 0.1208292618393898
0.10770853608846664 0.11163569986820221
0.10702420026063919 0.10858132690191269
0.1070227399468422 0.13954439759254456
0.10695301741361618 0.114331915974617
0.10691376775503159 0.1307012289762497
0.10601205378770828 0.1279454529285431
0.10580920428037643 0.11930404603481293
0.1050032302737236 0.10713817924261093
0.10414779186248779 0.14490960538387299
0.1039709523320198 0.15594838559627533
0.10395774245262146 0.114331915974617
0.1037181168794632 0.10578061640262604
0.10355614870786667 0.1148858293890953
0.10328653454780579 0.10748336464166641
0.10253526270389557 0.12728041410446167
0.10240551084280014 0.13550683856010437
0.10219770669937134 0.1253751516342163
0.10120812803506851 0.10671038925647736
0.10057815164327621 0.12028221040964127
0.1003822311758995 0.11492615938186646
0.09999893605709076 0.11545301973819733
0.09958452731370926 0.13504183292388916
0.09938927739858627 0.10354653745889664
0.09889008849859238 0.12093498557806015
0.0988505408167839 0.11658795922994614
0.0987253189086914 0.09881159663200378
0.09846112877130508 0.13846462965011597
0.09842000901699066 0.10633351653814316
0.0977621078491211 0.10021577775478363
0.0974467545747757 0.12709899246692657
0.09731531143188477 0.1117679625749588
0.09700452536344528 0.10549948364496231
0.09689183533191681 0.14943072199821472
0.0966029241681099 0.1287861317396164
0.09646560251712799 0.16037344932556152
0.0962158590555191 0.11052002757787704
0.09589297324419022 0.12060356140136719
0.09569646418094635 0.1065424308180809
0.09545709192752838 0.09882143884897232
0.09533526748418808 0.1145213320851326
0.09517551213502884 0.13737912476062775
0.09512363374233246 0.11274454742670059
0.09486120194196701 0.1531664878129959
0.09454409033060074 0.10109739005565643
0.09416630119085312 0.12450705468654633
0.09413980692625046 0.14505653083324432
0.09361951053142548 0.11918064951896667
0.09334766119718552 0.13440324366092682
0.0928109884262085 0.10006242245435715
0.09278395026922226 0.10862497240304947
0.09240896999835968 0.09776902198791504
0.09190715104341507 0.09844303131103516
0.09133198112249374 0.0960388332605362
0.0909573957324028 0.15903201699256897
0.09082512557506561 0.15447676181793213
0.09070062637329102 0.09308735281229019
0.09022048115730286 0.10409845411777496
0.09019818156957626 0.09032230079174042
0.09018395096063614 0.11013186722993851
0.08989991247653961 0.09173373132944107
0.08923202008008957 0.12618790566921234
0.0890454575419426 0.10720987617969513
0.0878998339176178 0.09251121431589127
0.08789943903684616 0.09303965419530869
0.08778464794158936 0.08807312697172165
0.0876450315117836 0.0943560004234314
0.08763165771961212 0.10070982575416565
0.08736641705036163 0.17617890238761902
0.08733133971691132 0.18540941178798676
0.08727569133043289 0.09498511254787445
0.08681079000234604 0.10264178365468979
0.08676798641681671 0.09849761426448822
0.08663315325975418 0.12689650058746338
0.086631640791893 0.08899369090795517
0.0865897536277771 0.0941004827618599
0.08651129901409149 0.1766059249639511
0.08577966690063477 0.09998723119497299
0.08575814217329025 0.09885691106319427
0.08567853271961212 0.08908006548881531
0.08564112335443497 0.12581698596477509
0.08557295054197311 0.09872445464134216
0.0851229727268219 0.088368721306324
0.0847356989979744 0.10931829363107681
0.08453237265348434 0.08851058781147003
0.08426942676305771 0.10072457790374756
0.08421159535646439 0.10045085847377777
0.08421006053686142 0.08952315151691437
0.08383447676897049 0.09199090301990509
0.08363475650548935 0.12876221537590027
0.08359771221876144 0.1564989686012268
0.08330098539590836 0.13127456605434418
0.08308526128530502 0.0933607816696167
0.08276176452636719 0.10072492808103561
0.08264708518981934 0.0830245390534401
0.08251427114009857 0.08402270823717117
0.08240851759910583 0.10038216412067413
0.08234375715255737 0.10369030386209488
0.08211266249418259 0.12588916718959808
0.08197027444839478 0.0949249416589737
0.08161208033561707 0.08665747195482254
0.08092620968818665 0.09455946087837219
0.08053689450025558 0.08835000544786453
0.08049318939447403 0.10059407353401184
0.08044987171888351 0.09011893719434738
0.08025549352169037 0.08601826429367065
0.08006778359413147 0.09106941521167755
0.07964064925909042 0.07980839163064957
0.07955503463745117 0.08159938454627991
0.0794740840792656 0.08665747195482254
0.07946425676345825 0.08672960847616196
0.07937955111265182 0.08954882621765137
0.07920891046524048 0.08356668800115585
0.07895918935537338 0.14544282853603363
0.07890181988477707 0.09923717379570007
0.07834706455469131 0.1023358404636383
0.07811140269041061 0.08921317756175995
0.07788798958063126 0.083511583507061
0.07781487703323364 0.10692723095417023
0.07764805853366852 0.09510646760463715
0.0775105282664299 0.0939885675907135
0.07691464573144913 0.0824754387140274
0.07690012454986572 0.07818801701068878
0.07619991898536682 0.09947635978460312
0.07614637911319733 0.08093154430389404
0.0753122866153717 0.07915666699409485
0.07493691891431808 0.08719713985919952
0.07492918521165848 0.11456012725830078
0.07466734200716019 0.09302551299333572
0.07447303831577301 0.09608069062232971
0.07437150180339813 0.08486466854810715
0.07419142872095108 0.10996986925601959
0.07418665289878845 0.1001194566488266
0.0740351602435112 0.07407074421644211
0.0739576444029808 0.10791344195604324
0.07363319396972656 0.08015301823616028
0.07360266149044037 0.08210980892181396
0.07296457886695862 0.10285929590463638
0.07232793420553207 0.10024444013834
0.07220146805047989 0.09418601542711258
0.07217768579721451 0.0805683359503746
0.07206261903047562 0.08359332382678986
0.07204128056764603 0.11990807950496674
0.07193410396575928 0.08438039571046829
0.07148493826389313 0.10471606999635696
0.07129888236522675 0.08987702429294586
0.07128860801458359 0.07406061887741089
0.07092121243476868 0.09168490022420883
0.07007817178964615 0.07013986259698868
0.06979306787252426 0.09222310781478882
0.06979257613420486 0.0769186019897461
0.06947558373212814 0.09334065765142441
0.06943689286708832 0.08197803795337677
0.06917671114206314 0.07475653290748596
0.0689460039138794 0.06971347332000732
0.06871901452541351 0.07021977752447128
0.06837014108896255 0.09400753676891327
0.06798473000526428 0.10013193637132645
0.06765376031398773 0.09283377230167389
0.06713933497667313 0.07196060568094254
0.06469709426164627 0.09318150579929352
0.06384395062923431 0.06855582445859909
0.06357193738222122 0.07089856266975403
0.06331576406955719 0.0865846574306488
0.06318433582782745 0.06763779371976852
0.06314872950315475 0.08929654210805893
0.06312762945890427 0.08892111480236053
0.05589311569929123 0.06656394898891449
0.05283264070749283 0.06543575972318649
