0.36278006434440613 0.37366992235183716
0.36273282766342163 0.3676583468914032
0.36234259605407715 0.37582090497016907
0.36211803555488586 0.3708447515964508
0.3610479235649109 0.3706184923648834
0.36086878180503845 0.3758653998374939
0.3602776825428009 0.36384525895118713
0.3596200942993164 0.37420427799224854
0.3593929708003998 0.3780212104320526
0.3592206537723541 0.37551605701446533
0.35888931155204773 0.36371439695358276
0.23906004428863525 0.23920495808124542
0.2346089631319046 0.23899473249912262
0.2316087782382965 0.2505805492401123
0.22247560322284698 0.28366824984550476
0.21977846324443817 0.2208665907382965
0.21589118242263794 0.26236069202423096
0.2077932357788086 0.22179464995861053
0.20624734461307526 0.2210359275341034
0.20473319292068481 0.20717360079288483
0.20367549359798431 0.2084399312734604
0.20129798352718353 0.21343134343624115
0.20114761590957642 0.23352040350437164
0.19944043457508087 0.20435301959514618
0.19871221482753754 0.20368456840515137
0.1981392353773117 0.23012228310108185
0.19809915125370026 0.21590518951416016
0.1970442682504654 0.21552182734012604
0.19699589908123016 0.26011109352111816
0.19534489512443542 0.2044609934091568
0.19263027608394623 0.23804716765880585
0.1922515630722046 0.23864459991455078
0.19220168888568878 0.22550055384635925
0.1909496784210205 0.19324906170368195
0.19083990156650543 0.2914588153362274
0.1891716718673706 0.19734160602092743
0.18841947615146637 0.20120079815387726
0.18736742436885834 0.23391252756118774
0.18479588627815247 0.2000260055065155
0.18446674942970276 0.20595739781856537
0.18428735435009003 0.23258458077907562
0.1818874329328537 0.24235054850578308
0.18164297938346863 0.1898711621761322
0.18133677542209625 0.215152770280838
0.18083158135414124 0.20182733237743378
0.18040868639945984 0.19048096239566803
0.17918573319911957 0.1819233000278473
0.17817571759223938 0.2274276316165924
0.17741714417934418 0.18519343435764313
0.17712070047855377 0.17958511412143707
0.1738300919532776 0.21100710332393646
0.17370551824569702 0.20513445138931274
0.17185738682746887 0.18866655230522156
0.17056117951869965 0.1996898651123047
0.16906233131885529 0.22951973974704742
0.16889840364456177 0.24132998287677765
0.1684301197528839 0.1811644583940506
0.16822627186775208 0.1806609183549881
0.16747358441352844 0.18136100471019745
0.16746477782726288 0.1688728928565979
0.16731975972652435 0.2978242337703705
0.1670331358909607 0.23813192546367645
0.16624940931797028 0.18285535275936127
0.16477692127227783 0.18824218213558197
0.16437043249607086 0.1673033982515335
0.16296257078647614 0.18892869353294373
0.16273105144500732 0.22390122711658478
0.16243891417980194 0.2384832799434662
0.1618308424949646 0.17190450429916382
0.15959781408309937 0.27688735723495483
0.15943683683872223 0.22898292541503906
0.15807344019412994 0.23955194652080536
0.15310925245285034 0.19378477334976196
0.15301816165447235 0.1745486557483673
0.15229183435440063 0.1985471099615097
0.15220800042152405 0.1727813333272934
0.15216881036758423 0.1553988754749298
0.152113139629364 0.21279379725456238
0.15166951715946198 0.16788631677627563
0.15118712186813354 0.1514843851327896
0.1508319079875946 0.15855178236961365
0.14987580478191376 0.20838366448879242
0.14896659553050995 0.1939620077610016
0.14895328879356384 0.15157684683799744
0.1484498232603073 0.2693968117237091
0.1483631581068039 0.20389020442962646
0.14713135361671448 0.1928865760564804
0.14703497290611267 0.1915600597858429
0.14605648815631866 0.1967686116695404
0.1449582427740097 0.27413254976272583
0.14411233365535736 0.18959319591522217
0.1434192806482315 0.30502304434776306
0.14334413409233093 0.27388301491737366
0.14315779507160187 0.15231652557849884
0.1424754112958908 0.24019312858581543
0.14217881858348846 0.2442544400691986
0.14138834178447723 0.288848876953125
0.14084570109844208 0.20648199319839478
0.14074844121932983 0.1703028678894043
0.14038999378681183 0.15953584015369415
0.1400894969701767 0.25432586669921875
0.13864558935165405 0.19822555780410767
0.13844303786754608 0.19671079516410828
0.13843785226345062 0.1834738701581955
0.13736627995967865 0.16571307182312012
0.1372487097978592 0.20028738677501678
0.13693831861019135 0.2579779028892517
0.13686779141426086 0.1502535194158554
0.13685950636863708 0.19752781093120575
0.1360025405883789 0.23040008544921875
0.1346142441034317 0.1524059772491455
0.13416047394275665 0.1350940316915512
0.13404616713523865 0.23581598699092865
0.13356857001781464 0.2583133280277252
0.13331584632396698 0.14078965783119202
0.13284380733966827 0.1640930473804474
0.13269944489002228 0.13989976048469543
0.13266010582447052 0.13692113757133484
0.13257907330989838 0.20314450562000275
0.1324833184480667 0.21687382459640503
0.1319868266582489 0.3198087215423584
0.13169145584106445 0.1409010887145996
0.13167338073253632 0.14932702481746674
0.13149124383926392 0.14237256348133087
0.13143053650856018 0.13983987271785736
0.1310097575187683 0.19280469417572021
0.13055279850959778 0.13320277631282806
0.13046111166477203 0.13537625968456268
0.13034552335739136 0.1710250824689865
0.1299045979976654 0.27508777379989624
0.12962928414344788 0.13807520270347595
0.12685897946357727 0.14153942465782166
0.12654262781143188 0.176434725522995
0.1262260377407074 0.16739721596240997
0.12602153420448303 0.1340947151184082
0.12528468668460846 0.2903277575969696
0.12522636353969574 0.13328516483306885
0.1250380277633667 0.14248791337013245
0.1245000958442688 0.16284207999706268
0.124372698366642 0.13015234470367432
0.12424138933420181 0.14675436913967133
0.12398303300142288 0.20300351083278656
0.12395548075437546 0.12514255940914154
0.12321922928094864 0.14629317820072174
0.12311791628599167 0.13033168017864227
0.1225680261850357 0.19476518034934998
0.12232070416212082 0.14995470643043518
0.12188272178173065 0.17240647971630096
0.12158475816249847 0.12459421902894974
0.12142453342676163 0.13272333145141602
0.12093178927898407 0.17968101799488068
0.12086040526628494 0.2413412183523178
0.1204998716711998 0.1310872733592987
0.12002985179424286 0.16431637108325958
0.11980579793453217 0.19170063734054565
0.11946272850036621 0.1210339292883873
0.11937312036752701 0.12898552417755127
0.11887244880199432 0.12819969654083252
0.11876121908426285 0.17216120660305023
0.1186155304312706 0.13721022009849548
0.11859022825956345 0.12439185380935669
0.11855662614107132 0.17260903120040894
0.11843439936637878 0.1214107796549797
0.11833570897579193 0.17762355506420135
0.11810379475355148 0.13548900187015533
0.11806776374578476 0.1797623634338379
0.11798334866762161 0.13786746561527252
0.11770360171794891 0.2053493708372116
0.11728518456220627 0.1860736906528473
0.11689652502536774 0.20186875760555267
0.11488369107246399 0.2185126543045044
0.11465711146593094 0.12806476652622223
0.1139269471168518 0.13085095584392548
0.113732248544693 0.14935724437236786
0.11343615502119064 0.22465290129184723
0.11328484863042831 0.15269219875335693
0.11286306381225586 0.15525490045547485
0.11217556148767471 0.11907166987657547
0.11129388958215714 0.15479229390621185
0.11107322573661804 0.11267979443073273
0.11078371107578278 0.145905002951622
0.11074421554803848 0.15917225182056427
0.11018301546573639 0.11715012788772583
0.1097884252667427 0.13425467908382416
0.10941854119300842 0.13602261245250702
0.10917705297470093 0.1429601013660431
0.10892772674560547 0.1249726414680481
0.10819235444068909 0.12129191309213638
0.1080319881439209 0.134865403175354
0.10753295570611954 0.15797239542007446
0.10717657208442688 0.11822210252285004
0.1047489121556282 0.14812594652175903
0.10193348675966263 0.10341721773147583
0.10077939182519913 0.10246586799621582
0.09960056096315384 0.10539831966161728
0.09918171167373657 0.14469259977340698
0.09888459742069244 0.11036849021911621
0.0960640236735344 0.10157361626625061
0.09577116370201111 0.11031899601221085
0.09489123523235321 0.09663572907447815
0.09058243781328201 0.10424414277076721
0.08598501980304718 0.13679999113082886
0.0797615498304367 0.09851066023111343
0.07876943796873093 0.10186932235956192
