0.3518563508987427 0.3602502942085266
0.2716250419616699 0.29019176959991455
0.261768102645874 0.2634384036064148
0.2595258355140686 0.2632296085357666
0.25003546476364136 0.2706528306007385
0.24449384212493896 0.2530147135257721
0.24245935678482056 0.256205290555954
0.23943299055099487 0.2726854681968689
0.23900939524173737 0.28283220529556274
0.23662430047988892 0.24028854072093964
0.2351989895105362 0.2473185956478119
0.23436176776885986 0.24855937063694
0.23395179212093353 0.29273971915245056
0.22180403769016266 0.22708584368228912
0.209990456700325 0.22350038588047028
0.20708297193050385 0.21342472732067108
0.2070787400007248 0.20836295187473297
0.204993337392807 0.2239997386932373
0.2045648843050003 0.228414848446846
0.20413093268871307 0.21546250581741333
0.1976451277732849 0.20565806329250336
0.19737613201141357 0.21402545273303986
0.19706444442272186 0.21297389268875122
0.19365963339805603 0.20037120580673218
0.1876659244298935 0.19028541445732117
0.1871568262577057 0.23307669162750244
0.18226473033428192 0.23291471600532532
0.1804153472185135 0.18479904532432556
0.16742214560508728 0.16877047717571259
0.16557393968105316 0.16794760525226593
0.16505512595176697 0.18018454313278198
0.1641891449689865 0.17358098924160004
0.1636432409286499 0.18804402649402618
0.16247645020484924 0.16495808959007263
0.16231591999530792 0.18960921466350555
0.16054676473140717 0.16696390509605408
0.1583235263824463 0.16302840411663055
0.15829889476299286 0.22605843842029572
0.1551356166601181 0.18821220099925995
0.1548503041267395 0.17939618229866028
0.1540452241897583 0.20561781525611877
0.15332043170928955 0.16604003310203552
0.15271829068660736 0.20581094920635223
0.15186381340026855 0.16688503324985504
0.1502009630203247 0.1663815975189209
0.15015645325183868 0.1552024632692337
0.14872267842292786 0.1516301929950714
0.14871279895305634 0.1749706119298935
0.148673415184021 0.20178571343421936
0.14848993718624115 0.17832276225090027
0.14806029200553894 0.1738298088312149
0.14724428951740265 0.1648128181695938
0.1454445719718933 0.16043047606945038
0.14506854116916656 0.1519007831811905
0.1445932239294052 0.14998798072338104
0.14431622624397278 0.15829290449619293
0.14424151182174683 0.1461486965417862
0.14408287405967712 0.1485958695411682
0.14331601560115814 0.1480097770690918
0.14301630854606628 0.173836812376976
0.14289815723896027 0.14960870146751404
0.14280714094638824 0.15501494705677032
0.14268608391284943 0.16384729743003845
0.142582967877388 0.1546323597431183
0.1419762372970581 0.14612437784671783
0.14179718494415283 0.14955444633960724
0.1417892575263977 0.16254715621471405
0.14141607284545898 0.15467175841331482
0.14134497940540314 0.15489058196544647
0.14079339802265167 0.19585935771465302
0.13974396884441376 0.15390105545520782
0.13968533277511597 0.14385083317756653
0.13929234445095062 0.15788958966732025
0.1389288604259491 0.1581128090620041
0.13887345790863037 0.14880529046058655
0.13869315385818481 0.15439994633197784
0.13843926787376404 0.17205864191055298
0.1380109190940857 0.15052658319473267
0.1379200965166092 0.14849735796451569
0.13625317811965942 0.13661551475524902
0.1357535719871521 0.16767266392707825
0.1352376490831375 0.16353631019592285
0.13522252440452576 0.14344899356365204
0.1351643204689026 0.14350810647010803
0.13483911752700806 0.19645848870277405
0.13456279039382935 0.16907495260238647
0.13435223698616028 0.17263974249362946
0.13390590250492096 0.1450740396976471
0.13382194936275482 0.1367964744567871
0.13317938148975372 0.28238704800605774
0.13299758732318878 0.17957408726215363
0.13157261908054352 0.163834348320961
0.13113397359848022 0.1335073709487915
0.13094529509544373 0.1325916051864624
0.12996460497379303 0.14621996879577637
0.12920622527599335 0.1449105143547058
0.12889204919338226 0.14298184216022491
0.12876567244529724 0.1552794873714447
0.12871894240379333 0.14738556742668152
0.1285877227783203 0.14787234365940094
0.12855151295661926 0.13154929876327515
0.12845675647258759 0.19682654738426208
0.1283571869134903 0.18974938988685608
0.12797927856445312 0.14581160247325897
0.12752848863601685 0.1784050315618515
0.12750104069709778 0.1322411298751831
0.1261209398508072 0.13006101548671722
0.12456648051738739 0.15607503056526184
0.1240527480840683 0.1315155327320099
0.12378056347370148 0.32733994722366333
0.12377005815505981 0.14982619881629944
0.12369858473539352 0.17393159866333008
0.12339983880519867 0.13400621712207794
0.12217673659324646 0.14747117459774017
0.12127169221639633 0.1694106161594391
0.12096578627824783 0.14773443341255188
0.11896823346614838 0.13899299502372742
0.1189635843038559 0.17706260085105896
0.11856802552938461 0.14553910493850708
0.11852341890335083 0.13077688217163086
0.11808383464813232 0.1593504101037979
0.11783231794834137 0.14038293063640594
0.1168377622961998 0.1396099030971527
0.11671357601881027 0.1418762505054474
0.11557717621326447 0.18276377022266388
0.1155271828174591 0.12848351895809174
0.1153642013669014 0.19323614239692688
0.1150355413556099 0.12415004521608353
0.1138698160648346 0.14791281521320343
0.11325240880250931 0.1227756068110466
0.1131347268819809 0.12110903859138489
0.1130080446600914 0.14069773256778717
0.11186195909976959 0.12251043319702148
0.11154569685459137 0.12907226383686066
0.11089993268251419 0.1318230777978897
0.110830157995224 0.22485469281673431
0.1104913279414177 0.1813875138759613
0.11023923754692078 0.1136658564209938
0.10988518595695496 0.1329997181892395
0.1094658225774765 0.12756705284118652
0.10931631177663803 0.16209934651851654
0.10921933501958847 0.12788496911525726
0.1090950295329094 0.11231038719415665
0.1079108938574791 0.11553478240966797
0.10775084048509598 0.11831444501876831
0.10729043185710907 0.15719403326511383
0.1072511076927185 0.15525047481060028
0.10661885142326355 0.13351060450077057
0.10654420405626297 0.13534341752529144
0.1061902865767479 0.14194153249263763
0.1061849296092987 0.10770764201879501
0.10613624006509781 0.11326692998409271
0.10582076758146286 0.13609232008457184
0.10543595999479294 0.13375087082386017
0.10361775010824203 0.1099085807800293
0.10350503772497177 0.12477656453847885
0.10281293839216232 0.11853452771902084
0.10244183242321014 0.1680545061826706
0.10198792070150375 0.10719785839319229
0.10072489082813263 0.16444988548755646
0.10067866742610931 0.13432732224464417
0.09931942075490952 0.14956916868686676
0.09899111837148666 0.16458037495613098
0.0988282784819603 0.118695929646492
0.09838031977415085 0.1314854770898819
0.09780865162611008 0.10581447184085846
0.0971985012292862 0.09990103542804718
0.09716398268938065 0.10745926946401596
0.09667447209358215 0.12146803736686707
0.09433551877737045 0.10371159017086029
0.09384822845458984 0.10411243885755539
0.09358188509941101 0.11725589632987976
0.09352170675992966 0.10474366694688797
0.09271974116563797 0.10129578411579132
0.09253677725791931 0.11279963701963425
0.09234252572059631 0.09641978144645691
0.0923374816775322 0.1233745738863945
0.09230536222457886 0.13624434173107147
0.09198491275310516 0.10253430902957916
0.09153767675161362 0.10973398387432098
0.09120319783687592 0.10784938186407089
0.0910923033952713 0.12422327697277069
0.09064313024282455 0.10405062139034271
0.08970437943935394 0.10981182754039764
0.08943165838718414 0.09119641035795212
0.08861547708511353 0.11633652448654175
0.08831128478050232 0.09819710999727249
0.0873655304312706 0.10276437550783157
0.08574067056179047 0.11564595997333527
0.08497259020805359 0.10477139055728912
0.08390636742115021 0.10741202533245087
0.08323603123426437 0.08883059769868851
0.08313474804162979 0.1114557757973671
0.08283810317516327 0.08516489714384079
0.08147700130939484 0.09877470880746841
0.0805099755525589 0.09592755138874054
0.07769449800252914 0.10276420414447784
0.07595004886388779 0.09389714896678925
0.07585662603378296 0.0806683748960495
0.07490336894989014 0.07626444846391678
0.07410525530576706 0.09291331470012665
0.07259050011634827 0.1193852648139
0.07050032913684845 0.08797387033700943
0.06874756515026093 0.08243272453546524
0.0631147101521492 0.0811212956905365
0.05938199907541275 0.0708887130022049
