0.21743206679821014 0.24294805526733398
0.21689440310001373 0.22349953651428223
0.207640141248703 0.2107439935207367
0.20678770542144775 0.21013756096363068
0.2065611630678177 0.2161172777414322
0.20143529772758484 0.2087242603302002
0.20137156546115875 0.2107245773077011
0.19845128059387207 0.21996992826461792
0.19592387974262238 0.19701412320137024
0.19561836123466492 0.2030574232339859
0.19545404613018036 0.19662334024906158
0.19532857835292816 0.1982392519712448
0.1952006071805954 0.2140028178691864
0.1951843798160553 0.20585781335830688
0.19345074892044067 0.2543812096118927
0.1930854767560959 0.20696833729743958
0.19259044528007507 0.19815674424171448
0.19078786671161652 0.19103001058101654
0.19047801196575165 0.19894056022167206
0.18941757082939148 0.19893084466457367
0.18899664282798767 0.22400984168052673
0.18889635801315308 0.19066090881824493
0.18838924169540405 0.1916024386882782
0.18558388948440552 0.24296659231185913
0.1849713772535324 0.20648512244224548
0.18487529456615448 0.22395716607570648
0.1848396211862564 0.20541448891162872
0.18462678790092468 0.20890672504901886
0.18454328179359436 0.1972457468509674
0.18401630222797394 0.19054217636585236
0.18392778933048248 0.21219781041145325
0.1835526078939438 0.20228064060211182
0.18287169933319092 0.23593701422214508
0.1828000545501709 0.18382911384105682
0.18142269551753998 0.21379660069942474
0.18131469190120697 0.2021067887544632
0.18087248504161835 0.18626239895820618
0.18023738265037537 0.18533630669116974
0.1801469326019287 0.18055158853530884
0.17842668294906616 0.18161237239837646
0.1763099581003189 0.1942289173603058
0.17584677040576935 0.17733290791511536
0.17477379739284515 0.1826539784669876
0.17446230351924896 0.21584968268871307
0.17306768894195557 0.17621807754039764
0.17271988093852997 0.21140849590301514
0.17247265577316284 0.20604319870471954
0.17213617265224457 0.18598158657550812
0.1714317798614502 0.1869080513715744
0.1712034046649933 0.17897765338420868
0.17062507569789886 0.19528737664222717
0.17055007815361023 0.18035508692264557
0.1697591096162796 0.1796124279499054
0.16974075138568878 0.17150293290615082
0.1685730516910553 0.21444639563560486
0.16784870624542236 0.22890877723693848
0.16744588315486908 0.18758869171142578
0.16641589999198914 0.19319123029708862
0.16604290902614594 0.20569023489952087
0.16580241918563843 0.1938343346118927
0.16534146666526794 0.18459556996822357
0.16502001881599426 0.16880235075950623
0.16501110792160034 0.1826382875442505
0.1648917943239212 0.22851862013339996
0.16455107927322388 0.19400997459888458
0.16400042176246643 0.18774226307868958
0.16376648843288422 0.17714151740074158
0.16347402334213257 0.16934867203235626
0.16257554292678833 0.17780476808547974
0.16232550144195557 0.19457703828811646
0.16178037226200104 0.19382838904857635
0.16131439805030823 0.18538863956928253
0.1612084060907364 0.18745502829551697
0.161028191447258 0.17062881588935852
0.160714253783226 0.17810633778572083
0.16043031215667725 0.19987666606903076
0.16019383072853088 0.22657665610313416
0.16003648936748505 0.1843559890985489
0.15985359251499176 0.1782388538122177
0.15944983065128326 0.16816720366477966
0.1594184786081314 0.1679384708404541
0.1593160629272461 0.17150439321994781
0.15885856747627258 0.1692662537097931
0.15842019021511078 0.1638117879629135
0.1583007574081421 0.16054274141788483
0.15820030868053436 0.1904670000076294
0.15815593302249908 0.21020768582820892
0.15808650851249695 0.18176880478858948
0.1580226868391037 0.24696996808052063
0.15771131217479706 0.2086222618818283
0.15756626427173615 0.17654505372047424
0.15752145648002625 0.18688078224658966
0.15682071447372437 0.171173095703125
0.15628020465373993 0.16069301962852478
0.15607352554798126 0.16352419555187225
0.15586893260478973 0.17330636084079742
0.15552107989788055 0.18858745694160461
0.15550152957439423 0.18099941313266754
0.15549707412719727 0.16353082656860352
0.1554408073425293 0.16312235593795776
0.1551467776298523 0.1714630424976349
0.15502892434597015 0.1689460724592209
0.1548503339290619 0.170894593000412
0.1548493653535843 0.17792096734046936
0.15476170182228088 0.18825824558734894
0.15474379062652588 0.18132035434246063
0.15461543202400208 0.16102437674999237
0.15448111295700073 0.1676509529352188
0.15388615429401398 0.17071931064128876
0.15385738015174866 0.17242828011512756
0.15373526513576508 0.21999824047088623
0.15373283624649048 0.174173966050148
0.15350094437599182 0.1826639324426651
0.1533752679824829 0.15358854830265045
0.15336067974567413 0.15663422644138336
0.15332001447677612 0.1625915765762329
0.15321263670921326 0.19102829694747925
0.15310584008693695 0.17223753035068512
0.1527440845966339 0.21846634149551392
0.15272094309329987 0.16910810768604279
0.1526230126619339 0.18990078568458557
0.1523168981075287 0.19315724074840546
0.152206689119339 0.16845841705799103
0.15206660330295563 0.163990318775177
0.15203365683555603 0.15257073938846588
0.15199683606624603 0.16171666979789734
0.1519409865140915 0.15808497369289398
0.15181075036525726 0.16671818494796753
0.15170198678970337 0.15666258335113525
0.15168818831443787 0.17111332714557648
0.15167491137981415 0.16484571993350983
0.15160423517227173 0.15245993435382843
0.1515636295080185 0.1967206746339798
0.1514420062303543 0.18157844245433807
0.1511860340833664 0.18212932348251343
0.15100441873073578 0.1792028844356537
0.15085357427597046 0.15663452446460724
0.1508423238992691 0.2107439935207367
0.15075267851352692 0.16681967675685883
0.15074115991592407 0.17357097566127777
0.15072210133075714 0.163520947098732
0.150686115026474 0.2618916928768158
0.15060794353485107 0.17133459448814392
0.150583416223526 0.15679192543029785
0.15057255327701569 0.20414987206459045
0.15057052671909332 0.17096993327140808
0.1504131704568863 0.17768746614456177
0.1501058042049408 0.17332251369953156
0.1499793976545334 0.17083418369293213
0.14976239204406738 0.1669972836971283
0.14960035681724548 0.16103677451610565
0.14951515197753906 0.1636655479669571
0.14951176941394806 0.15800870954990387
0.14939434826374054 0.20241935551166534
0.14935845136642456 0.17489078640937805
0.14907748997211456 0.17613913118839264
0.14899520576000214 0.15946175158023834
0.14895270764827728 0.18221113085746765
0.14879438281059265 0.22958599030971527
0.1487513780593872 0.22857286036014557
0.14867562055587769 0.28006914258003235
0.14855100214481354 0.1647729128599167
0.14844459295272827 0.17797614634037018
0.14825904369354248 0.15555819869041443
0.1481953114271164 0.18152496218681335
0.1481539011001587 0.17342904210090637
0.14813348650932312 0.17857666313648224
0.14808961749076843 0.1770087331533432
0.14807943999767303 0.16488519310951233
0.1479163020849228 0.20525570213794708
0.1477517932653427 0.18110647797584534
0.14771752059459686 0.1891014277935028
0.14759744703769684 0.16656078398227692
0.14750613272190094 0.17756669223308563
0.14742524921894073 0.16240151226520538
0.14731884002685547 0.15800870954990387
0.14706635475158691 0.14859288930892944
0.14706435799598694 0.16519726812839508
0.14682894945144653 0.21625910699367523
0.14682596921920776 0.16525593400001526
0.14667323231697083 0.1548648625612259
0.14651381969451904 0.16246528923511505
0.14647948741912842 0.1752656102180481
0.1461513489484787 0.19467806816101074
0.14588584005832672 0.16094575822353363
0.14580599963665009 0.16084608435630798
0.14538928866386414 0.17776119709014893
0.1453188806772232 0.16562840342521667
0.14528828859329224 0.1536412090063095
0.14527636766433716 0.17874440550804138
0.14525891840457916 0.1921263039112091
0.14519226551055908 0.23749496042728424
0.14463013410568237 0.1664658784866333
0.14462804794311523 0.2060188353061676
0.14461487531661987 0.21475020051002502
0.14444099366664886 0.17229411005973816
0.14422103762626648 0.17419463396072388
0.1436683088541031 0.1641741245985031
0.14350944757461548 0.1809035688638687
0.14336569607257843 0.24718348681926727
0.14298869669437408 0.15063579380512238
0.14288583397865295 0.18736982345581055
0.14262861013412476 0.16494479775428772
0.14259468019008636 0.1847313791513443
0.14258553087711334 0.1800866723060608
0.1422986537218094 0.1458483189344406
0.14189571142196655 0.18938428163528442
0.14187446236610413 0.1714630424976349
0.14161141216754913 0.19298657774925232
0.14058436453342438 0.1782284379005432
0.14055922627449036 0.18389658629894257
0.14026446640491486 0.17021383345127106
0.14017681777477264 0.19744771718978882
0.13982200622558594 0.1512768715620041
0.1397937536239624 0.15192224085330963
0.13965176045894623 0.22262124717235565
0.13964024186134338 0.17436686158180237
0.13892261683940887 0.22343438863754272
0.13870134949684143 0.2343520075082779
0.13856343924999237 0.18724887073040009
0.13748405873775482 0.2175682783126831
0.1373497098684311 0.1460985392332077
0.13682052493095398 0.18709518015384674
0.1359483152627945 0.13892029225826263
0.13474546372890472 0.21393278241157532
0.13412389159202576 0.14201350510120392
0.13399311900138855 0.17676936089992523
0.1338346004486084 0.17500104010105133
0.13354630768299103 0.17741063237190247
0.13334888219833374 0.14003358781337738
0.13298995792865753 0.15281017124652863
0.13260553777217865 0.22900299727916718
0.1321616917848587 0.18170630931854248
0.13214388489723206 0.1584799587726593
0.13205218315124512 0.24781589210033417
0.13161636888980865 0.17897194623947144
0.13078953325748444 0.1399998515844345
0.13039442896842957 0.19038718938827515
0.1295100748538971 0.17672772705554962
0.1292562484741211 0.2372792661190033
0.12813764810562134 0.1287909597158432
0.1281205266714096 0.14130738377571106
0.12682399153709412 0.2593570649623871
0.1264953911304474 0.15659643709659576
0.12635986506938934 0.1553637683391571
0.12604336440563202 0.12666736543178558
0.1240215077996254 0.18540123105049133
0.123356394469738 0.18653787672519684
0.12330904603004456 0.14136016368865967
0.12324324250221252 0.12452694028615952
0.12301471084356308 0.20627403259277344
0.12221115082502365 0.226423442363739
0.12211896479129791 0.16397076845169067
0.12206479161977768 0.12810885906219482
0.12154217064380646 0.16815419495105743
0.1200236901640892 0.12476138770580292
0.11996415257453918 0.14552997052669525
0.11718549579381943 0.11772814393043518
0.11670083552598953 0.13670530915260315
0.11660860478878021 0.12086211889982224
0.11619993299245834 0.12990130484104156
0.1153048723936081 0.12371988594532013
0.11433473229408264 0.16372115910053253
0.11341541260480881 0.12934856116771698
0.11192188411951065 0.12228497117757797
0.11079403012990952 0.14051496982574463
0.10939483344554901 0.11306800693273544
0.10787330567836761 0.10999435931444168
0.10780693590641022 0.11088178306818008
0.10710056871175766 0.14633016288280487
0.09770878404378891 0.1171078085899353
0.09692520648241043 0.10587918013334274
