0.2537037134170532 0.2742230296134949
0.25136443972587585 0.25927796959877014
0.2499023675918579 0.2614891529083252
0.24959075450897217 0.256206214427948
0.2477077692747116 0.24920733273029327
0.24746865034103394 0.25189268589019775
0.24720513820648193 0.250480592250824
0.2471589297056198 0.2519439458847046
0.24689926207065582 0.2587578296661377
0.24669098854064941 0.26574239134788513
0.24563740193843842 0.25699013471603394
0.2455374002456665 0.2524891495704651
0.24499882757663727 0.2506980299949646
0.24476654827594757 0.25271883606910706
0.24466687440872192 0.254991352558136
0.24457921087741852 0.2599808871746063
0.24420809745788574 0.25205934047698975
0.24417008459568024 0.2599804103374481
0.24387326836585999 0.2619825005531311
0.2436213493347168 0.2555370330810547
0.24358205497264862 0.2656005620956421
0.22057783603668213 0.24058164656162262
0.21656997501850128 0.23840798437595367
0.20436541736125946 0.22603513300418854
0.20315852761268616 0.22386394441127777
0.2007623314857483 0.20823243260383606
0.19894517958164215 0.23209242522716522
0.19891473650932312 0.2509213387966156
0.1985529065132141 0.20706422626972198
0.19343334436416626 0.20794495940208435
0.19193589687347412 0.19409433007240295
0.18475370109081268 0.1923135668039322
0.18447048962116241 0.21262408792972565
0.18322080373764038 0.21179084479808807
0.18272460997104645 0.21979883313179016
0.17984648048877716 0.18701423704624176
0.1797751933336258 0.1910911500453949
0.1785074770450592 0.1858166605234146
0.17824576795101166 0.19646471738815308
0.17706380784511566 0.18180234730243683
0.17551177740097046 0.19663794338703156
0.17304469645023346 0.19988204538822174
0.17132118344306946 0.1829754263162613
0.17110663652420044 0.2003929316997528
0.17011120915412903 0.1899287849664688
0.16926220059394836 0.17673198878765106
0.16905003786087036 0.19460031390190125
0.16819345951080322 0.2496379166841507
0.16533426940441132 0.18677228689193726
0.16283729672431946 0.17315244674682617
0.16275492310523987 0.21846319735050201
0.16230392456054688 0.18487775325775146
0.1619301587343216 0.2681037485599518
0.16037897765636444 0.25245288014411926
0.15926410257816315 0.16234683990478516
0.159211203455925 0.1644235998392105
0.1584629863500595 0.2065839320421219
0.1578924059867859 0.2343684881925583
0.1573256403207779 0.18153029680252075
0.1572990119457245 0.16168250143527985
0.15683776140213013 0.15700852870941162
0.1567915380001068 0.23018716275691986
0.15650317072868347 0.18855133652687073
0.1554173231124878 0.16755728423595428
0.154195636510849 0.159714013338089
0.15385764837265015 0.16858814656734467
0.1532875895500183 0.16433928906917572
0.1521671861410141 0.16520807147026062
0.15201741456985474 0.1569385975599289
0.15166334807872772 0.15678347647190094
0.1512206643819809 0.16863606870174408
0.1500653773546219 0.16692927479743958
0.14948278665542603 0.20984192192554474
0.14837029576301575 0.17115777730941772
0.1481759399175644 0.25325310230255127
0.14774850010871887 0.17472732067108154
0.1472618132829666 0.19255082309246063
0.14634358882904053 0.18457604944705963
0.14619436860084534 0.15189982950687408
0.14477010071277618 0.1478591114282608
0.1446959227323532 0.16217833757400513
0.1445614993572235 0.1882871836423874
0.14427275955677032 0.18890658020973206
0.14409074187278748 0.18316423892974854
0.14401882886886597 0.16628991067409515
0.14221914112567902 0.14279626309871674
0.1420130729675293 0.1469988375902176
0.14198771119117737 0.23809334635734558
0.14102067053318024 0.15273474156856537
0.14087516069412231 0.17059627175331116
0.14012059569358826 0.21955041587352753
0.13933132588863373 0.16622579097747803
0.1381310522556305 0.14130614697933197
0.1375710815191269 0.25635671615600586
0.13739682734012604 0.16152812540531158
0.1369323581457138 0.19863227009773254
0.13638710975646973 0.15531672537326813
0.13610246777534485 0.13695256412029266
0.13603566586971283 0.17059791088104248
0.1357329934835434 0.13763049244880676
0.1356704980134964 0.223055899143219
0.13482969999313354 0.1928033083677292
0.13458986580371857 0.1354288011789322
0.13437530398368835 0.14682921767234802
0.1342371553182602 0.2475312054157257
0.134115070104599 0.2583519220352173
0.13388140499591827 0.13588565587997437
0.1334928423166275 0.16161848604679108
0.13329942524433136 0.2051423192024231
0.13293693959712982 0.13474494218826294
0.13247926533222198 0.15051114559173584
0.13208159804344177 0.15615937113761902
0.13207568228244781 0.13761617243289948
0.1320641040802002 0.22089004516601562
0.1320042461156845 0.2409207820892334
0.13186690211296082 0.16386063396930695
0.13153314590454102 0.14317122101783752
0.1314099282026291 0.2447124421596527
0.13112737238407135 0.1472737342119217
0.13025708496570587 0.19640646874904633
0.13006055355072021 0.19056443870067596
0.12955906987190247 0.15749193727970123
0.12901662290096283 0.16478924453258514
0.1286594569683075 0.13504894077777863
0.1281196027994156 0.14671704173088074
0.12752653658390045 0.20279397070407867
0.1272035390138626 0.16497774422168732
0.1270611435174942 0.14463119208812714
0.12696798145771027 0.1867552101612091
0.12674041092395782 0.14015406370162964
0.12668399512767792 0.2359749972820282
0.12620095908641815 0.1452847421169281
0.1259750872850418 0.1451842188835144
0.12581203877925873 0.2320426106452942
0.12531818449497223 0.22404193878173828
0.1248217225074768 0.19981339573860168
0.12473757565021515 0.1423817127943039
0.12444684654474258 0.1787785291671753
0.12387346476316452 0.1849650740623474
0.12384220957756042 0.14487117528915405
0.12381120771169662 0.23669448494911194
0.12322878837585449 0.15953432023525238
0.12260887026786804 0.12748324871063232
0.12221619486808777 0.21499386429786682
0.12210561335086823 0.2608274519443512
0.12126797437667847 0.14311598241329193
0.12126651406288147 0.12393096089363098
0.12121018767356873 0.13292452692985535
0.12108269333839417 0.1307290494441986
0.11937317252159119 0.2143511325120926
0.11880413442850113 0.15000788867473602
0.11852054297924042 0.12601491808891296
0.11742457747459412 0.14010827243328094
0.11656945198774338 0.14869104325771332
0.11640075594186783 0.13021133840084076
0.11607575416564941 0.14466853439807892
0.11605760455131531 0.1392020285129547
0.11587870121002197 0.12627580761909485
0.11557184159755707 0.153174489736557
0.11485479772090912 0.16126568615436554
0.11468570679426193 0.12007714062929153
0.11397446691989899 0.11986352503299713
0.11307384818792343 0.13273067772388458
0.11271031945943832 0.12089800089597702
0.11208313703536987 0.12868732213974
0.11173783987760544 0.12145384401082993
0.11164428293704987 0.153414785861969
0.11039423197507858 0.15236686170101166
0.11033196747303009 0.17169375717639923
0.11019474267959595 0.12042249739170074
0.11009357124567032 0.11865660548210144
0.10996069014072418 0.12857972085475922
0.10902023315429688 0.11889253556728363
0.10837793350219727 0.14109350740909576
0.10739973932504654 0.10879617929458618
0.10739616304636002 0.11165986210107803
0.10726005584001541 0.1427127569913864
0.1066146194934845 0.1190873235464096
0.10656389594078064 0.11152490228414536
0.10646039992570877 0.11127855628728867
0.10593322664499283 0.26538726687431335
0.10543712973594666 0.12871567904949188
0.10536688566207886 0.1383444368839264
0.10497898608446121 0.12310654670000076
0.10480230301618576 0.1208009272813797
0.1046832948923111 0.13257603347301483
0.10458425432443619 0.11169508844614029
0.10428887605667114 0.13383972644805908
0.10347755253314972 0.10421019047498703
0.10240907967090607 0.10528063774108887
0.10219847410917282 0.13304291665554047
0.10169717669487 0.10503733158111572
0.1016237661242485 0.10394733399152756
0.10157134383916855 0.11674103885889053
0.10135190188884735 0.11275062710046768
0.10107465833425522 0.10123152285814285
0.10070919990539551 0.11377421021461487
0.10065875947475433 0.11143048852682114
0.10018949210643768 0.12777340412139893
0.0995694175362587 0.10753815621137619
0.09914001077413559 0.10712788999080658
0.09871561080217361 0.12098371982574463
0.09859690815210342 0.11226804554462433
0.09809506684541702 0.1364108771085739
0.09790953993797302 0.11960571259260178
0.09546265006065369 0.10034661740064621
0.09492473304271698 0.10034769028425217
0.09468328207731247 0.09956593811511993
0.09182240068912506 0.1183219850063324
0.0912649855017662 0.10592588037252426
0.08887336403131485 0.09932798147201538
0.08830804377794266 0.11970078945159912
0.08794483542442322 0.10721663385629654
0.08786053955554962 0.09628647565841675
0.08763829618692398 0.09204573184251785
0.08760300278663635 0.09918205440044403
0.08749230951070786 0.12047682702541351
0.08534572273492813 0.08617565780878067
0.08471446484327316 0.10515520721673965
0.07703888416290283 0.08004691451787949
0.07255719602108002 0.08391951024532318
