0.255085825920105 0.255260169506073
0.17293983697891235 0.1757282167673111
0.15565548837184906 0.15819603204727173
0.15383203327655792 0.15972141921520233
0.15024657547473907 0.18930359184741974
0.14763863384723663 0.17763929069042206
0.14678241312503815 0.15082374215126038
0.14505504071712494 0.15194229781627655
0.14498695731163025 0.14989638328552246
0.1429685354232788 0.14624087512493134
0.13674797117710114 0.14116065204143524
0.13547925651073456 0.16169631481170654
0.133173406124115 0.14799989759922028
0.13156235218048096 0.13210529088974
0.13023173809051514 0.14605897665023804
0.12532247602939606 0.13279184699058533
0.12510289251804352 0.16338150203227997
0.12472336739301682 0.13114814460277557
0.12332089245319366 0.12756392359733582
0.12329071760177612 0.12456069886684418
0.12324614077806473 0.16524054110050201
0.1232365071773529 0.13062432408332825
0.12297595292329788 0.13169369101524353
0.12267971783876419 0.15485836565494537
0.1207156777381897 0.12483091652393341
0.1191779300570488 0.1422768086194992
0.11915077269077301 0.14221344888210297
0.11882112175226212 0.12050990760326385
0.11736171692609787 0.14730028808116913
0.11722099035978317 0.1274539679288864
0.11615626513957977 0.14556486904621124
0.11518886685371399 0.14073622226715088
0.11463861912488937 0.1311609297990799
0.11455269902944565 0.12091176211833954
0.11215826123952866 0.1252886950969696
0.11167209595441818 0.11623958498239517
0.11099933087825775 0.11974199116230011
0.1107114851474762 0.12755337357521057
0.11043915152549744 0.13543608784675598
0.1101134642958641 0.11126337200403214
0.10995092988014221 0.1145702451467514
0.10983728617429733 0.11172368377447128
0.10970389097929001 0.12829656898975372
0.10962002724409103 0.13143818080425262
0.10961057990789413 0.13323058187961578
0.10832670331001282 0.1366729587316513
0.10736130177974701 0.11554966121912003
0.10674829035997391 0.12001669406890869
0.10635167360305786 0.1435527354478836
0.1060146614909172 0.15540972352027893
0.10598679631948471 0.13661429286003113
0.10569233447313309 0.11007168889045715
0.1053495705127716 0.1394301950931549
0.10498937964439392 0.14341722428798676
0.10488500446081161 0.14865189790725708
0.10443034023046494 0.14363513886928558
0.10412552952766418 0.12280501425266266
0.10392352193593979 0.15792232751846313
0.1038234531879425 0.12160196900367737
0.10307863354682922 0.1195521205663681
0.10288246721029282 0.12471423298120499
0.10220182687044144 0.14283208549022675
0.10170137137174606 0.10401102900505066
0.10121981054544449 0.1449449509382248
0.10012953728437424 0.10491496324539185
0.10002534091472626 0.1505494862794876
0.09996680170297623 0.14631393551826477
0.09989503026008606 0.11785390228033066
0.0998450294137001 0.12621326744556427
0.09944509714841843 0.10488849878311157
0.09923316538333893 0.10375609248876572
0.0991508886218071 0.15949876606464386
0.09908712655305862 0.12438397854566574
0.09841293841600418 0.10036507993936539
0.09801484644412994 0.13711340725421906
0.09793884307146072 0.18830502033233643
0.09771928191184998 0.10516002029180527
0.09769119322299957 0.12324955314397812
0.09766879677772522 0.09867463260889053
0.0975351482629776 0.09890324622392654
0.09683219343423843 0.11050289124250412
0.09635031968355179 0.14327754080295563
0.0958394855260849 0.10270769894123077
0.0956084281206131 0.12065019458532333
0.09558971971273422 0.11176019161939621
0.09526070952415466 0.1001763790845871
0.09503223747015 0.15947340428829193
0.0949438214302063 0.1558508276939392
0.09484872221946716 0.11700081825256348
0.09469468146562576 0.15779604017734528
0.09435807168483734 0.09969853609800339
0.09414400905370712 0.12694793939590454
0.09386967122554779 0.10346393287181854
0.09374695271253586 0.10296090692281723
0.09353791922330856 0.1675998866558075
0.09319628775119781 0.10566750168800354
0.09297116100788116 0.13355715572834015
0.09274441748857498 0.09514341503381729
0.092612624168396 0.14718535542488098
0.0922819972038269 0.09933492541313171
0.09182493388652802 0.11345815658569336
0.09169106185436249 0.11376455426216125
0.09135186672210693 0.14361581206321716
0.09128156304359436 0.09711726009845734
0.091266930103302 0.15431733429431915
0.09076293557882309 0.10390429198741913
0.09058516472578049 0.09231603890657425
0.09010402858257294 0.1606956124305725
0.0893700048327446 0.12254532426595688
0.08915113657712936 0.11231092363595963
0.08803525567054749 0.09540323913097382
0.08798801153898239 0.09551508724689484
0.08796434849500656 0.08864128589630127
0.08789364993572235 0.08831854909658432
0.08788461238145828 0.08930535614490509
0.08773122727870941 0.08843223750591278
0.08755316585302353 0.13250821828842163
0.08723296970129013 0.12242167443037033
0.08718927204608917 0.08799982070922852
0.08707188814878464 0.1091059148311615
0.0860137864947319 0.13435141742229462
0.08597126603126526 0.14043542742729187
0.08594772964715958 0.1729157418012619
0.08581262081861496 0.16410693526268005
0.08546975255012512 0.08890428394079208
0.08540177345275879 0.08976055681705475
0.08537842333316803 0.13650183379650116
0.08534161001443863 0.17548178136348724
0.0852476954460144 0.08541938662528992
0.0849517285823822 0.08986061066389084
0.08491864800453186 0.11812698096036911
0.08484470099210739 0.10033625364303589
0.08481308072805405 0.09778109937906265
0.08481131494045258 0.08953294903039932
0.08452797681093216 0.1068774089217186
0.08434373140335083 0.1315305382013321
0.08433002978563309 0.09238695353269577
0.08419506251811981 0.08677065372467041
0.08411604911088943 0.09735602885484695
0.08401930332183838 0.10637135803699493
0.08386775106191635 0.08663395792245865
0.08384589850902557 0.08635624498128891
0.08372165262699127 0.09627532958984375
0.08359415084123611 0.12637440860271454
0.08348287642002106 0.09647323191165924
0.08330982178449631 0.12567439675331116
0.08285005390644073 0.08977419883012772
0.08261086791753769 0.08733106404542923
0.08228897303342819 0.11068882793188095
0.08212929964065552 0.13313302397727966
0.08191442489624023 0.15737076103687286
0.08188030868768692 0.09703763574361801
0.08186221867799759 0.1062806025147438
0.08185423910617828 0.09265605360269547
0.08185135573148727 0.0852777287364006
0.08165477961301804 0.08676787465810776
0.08161686360836029 0.08824817091226578
0.08120957016944885 0.08536141365766525
0.08038421720266342 0.08130476623773575
0.07926462590694427 0.09654983133077621
0.07890496402978897 0.08827174454927444
0.07869885116815567 0.09357459843158722
0.07859000563621521 0.17324553430080414
0.07852306216955185 0.09042489528656006
0.07847362011671066 0.13848796486854553
0.07788891345262527 0.08646806329488754
0.07782625406980515 0.09503630548715591
0.07739591598510742 0.08034206181764603
0.07712431997060776 0.10164347290992737
0.07681401073932648 0.0823618695139885
0.07643411308526993 0.08037305623292923
0.07628776133060455 0.09337892383337021
0.07520576566457748 0.13477537035942078
0.07510104030370712 0.08832050114870071
0.074892058968544 0.08521415293216705
0.07442585378885269 0.08345634490251541
0.07424382865428925 0.07718309015035629
0.07413411885499954 0.09372401982545853
0.07384883612394333 0.08348076045513153
0.0737384781241417 0.07978539913892746
0.0735345408320427 0.08751282840967178
0.07352855056524277 0.10108164697885513
0.07350688427686691 0.08608628064393997
0.07335707545280457 0.09042854607105255
0.0728422999382019 0.10739355534315109
0.07283133268356323 0.07846168428659439
0.07262557744979858 0.0995187982916832
0.07249828428030014 0.07678396999835968
0.07226688414812088 0.08291584253311157
0.07164769619703293 0.07352784276008606
0.07162788510322571 0.11652842909097672
0.07122454792261124 0.11728932708501816
0.07099668681621552 0.0936698392033577
0.07094807177782059 0.10004003345966339
0.07051469385623932 0.07576151192188263
0.07009800523519516 0.10468275845050812
0.06996418535709381 0.10014939308166504
0.06963004916906357 0.0743950754404068
0.0688273161649704 0.07518663257360458
0.06763826310634613 0.07129230350255966
0.06696092337369919 0.06926238536834717
0.06693153828382492 0.06872782856225967
0.06683424115180969 0.06739774346351624
0.06669404357671738 0.08743391931056976
0.06665989756584167 0.07576151192188263
0.06651424616575241 0.0700501948595047
0.06612212210893631 0.0671737790107727
0.06556595116853714 0.07071995735168457
0.06544160842895508 0.07016678899526596
0.06410141289234161 0.08290325105190277
0.0640629455447197 0.07420288026332855
0.06264644861221313 0.0740513950586319
0.062487393617630005 0.09111466258764267
0.061754923313856125 0.0968782901763916
0.061690960079431534 0.07923045754432678
0.06009639427065849 0.07942351698875427
0.0555163212120533 0.058346785604953766
0.054350320249795914 0.05577584728598595
