0.2849251627922058 0.28588709235191345
0.2840542793273926 0.28676116466522217
0.21091671288013458 0.21393974125385284
0.1905125230550766 0.20536577701568604
0.1810547262430191 0.19599297642707825
0.17396540939807892 0.2827073037624359
0.16804158687591553 0.1702975332736969
0.16660186648368835 0.19783326983451843
0.1643734574317932 0.17050069570541382
0.16139967739582062 0.16691693663597107
0.14612464606761932 0.15489330887794495
0.14434123039245605 0.16960111260414124
0.14398013055324554 0.16177842020988464
0.14378628134727478 0.1875443011522293
0.14199627935886383 0.15329775214195251
0.14136183261871338 0.17302943766117096
0.14131182432174683 0.1511204093694687
0.14126095175743103 0.15601864457130432
0.14009739458560944 0.1472269743680954
0.13805225491523743 0.13872142136096954
0.13771440088748932 0.16995269060134888
0.1372639387845993 0.15229864418506622
0.1365482211112976 0.13907814025878906
0.13615861535072327 0.15554870665073395
0.13565853238105774 0.1628119796514511
0.13476203382015228 0.1539359986782074
0.13470901548862457 0.17915286123752594
0.13369542360305786 0.16084980964660645
0.13356098532676697 0.20147524774074554
0.13352276384830475 0.15731486678123474
0.13331972062587738 0.16778446733951569
0.13329468667507172 0.1475517302751541
0.13185542821884155 0.14617791771888733
0.13165591657161713 0.14246533811092377
0.1316557079553604 0.14315353333950043
0.13127005100250244 0.15672561526298523
0.13074198365211487 0.15217362344264984
0.1281718611717224 0.1488586664199829
0.12777556478977203 0.14540810883045197
0.12758435308933258 0.14943821728229523
0.12671267986297607 0.15653452277183533
0.12648507952690125 0.13865381479263306
0.12633049488067627 0.13927225768566132
0.12608885765075684 0.16973251104354858
0.12490974366664886 0.1286422163248062
0.1233203336596489 0.1843091994524002
0.12228468805551529 0.13850805163383484
0.1222764253616333 0.17809757590293884
0.12210966646671295 0.13852591812610626
0.1215161457657814 0.1230906993150711
0.12126276642084122 0.1341143101453781
0.1205296665430069 0.1577092707157135
0.12044956535100937 0.1796499490737915
0.11966060847043991 0.1542413979768753
0.11956514418125153 0.1222425028681755
0.11819994449615479 0.13083040714263916
0.1178542897105217 0.13502137362957
0.11697354912757874 0.11763910204172134
0.11629123985767365 0.1593242734670639
0.11598376929759979 0.12472254037857056
0.1156449019908905 0.15200145542621613
0.1155083030462265 0.148824080824852
0.11549443006515503 0.134229376912117
0.11448758840560913 0.17842146754264832
0.11441916972398758 0.1626085638999939
0.11429039388895035 0.11686619371175766
0.11363149434328079 0.1783808469772339
0.11345358937978745 0.1226688027381897
0.11295109987258911 0.12189885973930359
0.11215892434120178 0.11706230789422989
0.11196278035640717 0.13481606543064117
0.11184954643249512 0.139722540974617
0.11182130128145218 0.12065986543893814
0.11168330907821655 0.13985592126846313
0.11157985776662827 0.11836480349302292
0.11077067255973816 0.11572107672691345
0.11071265488862991 0.12347427010536194
0.1100751981139183 0.1554308384656906
0.11004506796598434 0.1785394698381424
0.10991314798593521 0.20923076570034027
0.10900108516216278 0.13295403122901917
0.10855676233768463 0.11630214005708694
0.10853827744722366 0.21666571497917175
0.10847785323858261 0.12992548942565918
0.10797302424907684 0.11181274056434631
0.10784497112035751 0.11345948278903961
0.10652366280555725 0.11228138953447342
0.10636025667190552 0.11111889779567719
0.10632109642028809 0.17605195939540863
0.10615096986293793 0.1719362437725067
0.10588274896144867 0.11594659835100174
0.10579366981983185 0.2011348158121109
0.10575984418392181 0.11419696360826492
0.10565876960754395 0.2129553258419037
0.10505247116088867 0.12041344493627548
0.1049998477101326 0.10550713539123535
0.10483617335557938 0.11442722380161285
0.10474041104316711 0.18505209684371948
0.1046922579407692 0.23442046344280243
0.10458911955356598 0.14902366697788239
0.10417317599058151 0.1926572471857071
0.10403341799974442 0.14737211167812347
0.10402295738458633 0.10527390241622925
0.10396473854780197 0.11686817556619644
0.10374552011489868 0.1071356013417244
0.10356663912534714 0.1111057847738266
0.10333673655986786 0.10976311564445496
0.10295639932155609 0.11011046171188354
0.10294850915670395 0.11254430562257767
0.10263266414403915 0.10708875209093094
0.10241073369979858 0.13549229502677917
0.10227501392364502 0.11742900311946869
0.10225711762905121 0.17715075612068176
0.1016232892870903 0.10744497925043106
0.10068494081497192 0.17802609503269196
0.10049552470445633 0.10147181898355484
0.10000976920127869 0.1106719970703125
0.09924060851335526 0.23525546491146088
0.09919022768735886 0.12769272923469543
0.09848489612340927 0.0997830331325531
0.09841714054346085 0.11561298370361328
0.09778507798910141 0.09856805205345154
0.0969603955745697 0.12282048910856247
0.09690535068511963 0.11349532753229141
0.09677805751562119 0.14741061627864838
0.09664572030305862 0.0971279889345169
0.09651008248329163 0.15095235407352448
0.09573367238044739 0.11656402796506882
0.0951889231801033 0.1279449760913849
0.09427282214164734 0.1538887768983841
0.09409088641405106 0.10282480716705322
0.0940425917506218 0.10383106768131256
0.09334549307823181 0.14584487676620483
0.09280628710985184 0.12127401679754257
0.09229888767004013 0.09267136454582214
0.09189308434724808 0.09789809584617615
0.09109325706958771 0.13475775718688965
0.09107373654842377 0.1592412143945694
0.09102355688810349 0.10194899141788483
0.0909099355340004 0.09374234080314636
0.09066445380449295 0.12253282219171524
0.09034005552530289 0.1691972017288208
0.08968448638916016 0.0988672748208046
0.08927901834249496 0.09297744184732437
0.08905267715454102 0.09341972321271896
0.08892978727817535 0.13691116869449615
0.08881925046443939 0.1277053952217102
0.08853635936975479 0.0971279889345169
0.08832073956727982 0.10144603997468948
0.08829782158136368 0.13312864303588867
0.08828027546405792 0.11247435957193375
0.08788332343101501 0.12342138588428497
0.08719713240861893 0.10235006362199783
0.08713450282812119 0.1471271812915802
0.08684714883565903 0.08861672878265381
0.08678404241800308 0.08958592265844345
0.08607662469148636 0.10111060738563538
0.0858943834900856 0.10382609814405441
0.08572753518819809 0.11382603645324707
0.0856645405292511 0.0943722128868103
0.08560339361429214 0.10395299643278122
0.08557172119617462 0.10128773748874664
0.08553282916545868 0.08941835165023804
0.08465122431516647 0.08606027811765671
0.08456529676914215 0.0857669860124588
0.08441869169473648 0.11955594271421432
0.08394705504179001 0.08737418800592422
0.08370526134967804 0.09312508255243301
0.08283565193414688 0.10889887064695358
0.08278807997703552 0.08433765918016434
0.08221141993999481 0.09189955145120621
0.08197987079620361 0.08486737310886383
0.08152659237384796 0.08406933397054672
0.08142197877168655 0.10260417312383652
0.08061365783214569 0.09989718347787857
0.08027907460927963 0.1036287471652031
0.08024287968873978 0.10174358636140823
0.07942371070384979 0.11189407855272293
0.07902837544679642 0.11510725319385529
0.07715614140033722 0.0912223681807518
0.07233896106481552 0.09823799878358841
0.07192697376012802 0.08709844201803207
0.07173855602741241 0.0775904506444931
0.07170762866735458 0.07515819370746613
0.07094326615333557 0.09028152376413345
0.0663856491446495 0.08120232820510864
