0.16275298595428467 0.1775236576795578
0.1519957184791565 0.1851377636194229
0.1505303531885147 0.18119244277477264
0.1414690762758255 0.185336634516716
0.1362018585205078 0.14637413620948792
0.13432577252388 0.15782015025615692
0.13323955237865448 0.1759735345840454
0.13306738436222076 0.15240883827209473
0.13013111054897308 0.19430460035800934
0.11429499089717865 0.12166112661361694
0.10086280852556229 0.11320219933986664
0.09704665094614029 0.09925512969493866
0.0943974182009697 0.1084897369146347
0.09399334341287613 0.11881876736879349
0.09349874407052994 0.09358566254377365
0.09206915646791458 0.09503728151321411
0.08762177079916 0.0919063463807106
0.08412693440914154 0.10076779872179031
0.08291264623403549 0.09062111377716064
0.08280504494905472 0.08360667526721954
0.08024800568819046 0.08088701963424683
0.07950711250305176 0.08068504929542542
0.07922511547803879 0.0816400796175003
0.07755568623542786 0.08457174897193909
0.07722548395395279 0.09431994706392288
0.07709210366010666 0.079398013651371
0.0769139975309372 0.08433184027671814
0.07645788043737411 0.09304352849721909
0.0754568874835968 0.07740169763565063
0.07532200962305069 0.08439997583627701
0.07504483312368393 0.0853693038225174
0.07432249188423157 0.07686074078083038
0.07354681193828583 0.08397296816110611
0.07331773638725281 0.09641177952289581
0.07304130494594574 0.07480228692293167
0.07232055068016052 0.07330909371376038
0.07100576907396317 0.07193244248628616
0.07064758986234665 0.07295267283916473
0.07048163563013077 0.07464328408241272
0.06879683583974838 0.11754034459590912
0.06775812059640884 0.09030866622924805
0.06752421706914902 0.0771460086107254
0.06723500788211823 0.06740076094865799
0.06702981889247894 0.07066278159618378
0.06698765605688095 0.07172009348869324
0.06693000346422195 0.09743962436914444
0.0665184035897255 0.07205095142126083
0.06582610309123993 0.06612130254507065
0.06565498560667038 0.08496527373790741
0.06548037379980087 0.10345635563135147
0.06546414643526077 0.07457002997398376
0.06516339629888535 0.07040797173976898
0.06435814499855042 0.07167330384254456
0.06346777826547623 0.08940530568361282
0.06335747987031937 0.06797613203525543
0.06320816278457642 0.06443502753973007
0.06258860975503922 0.06531915813684464
0.06206148490309715 0.07292235642671585
0.061988938599824905 0.08093760162591934
0.06175551563501358 0.07218144834041595
0.061654504388570786 0.06988590210676193
0.06161775067448616 0.0742008313536644
0.06148441135883331 0.07143830507993698
0.06147647649049759 0.08196383714675903
0.06092672795057297 0.08546486496925354
0.06052017584443092 0.06733155250549316
0.060448527336120605 0.07569515705108643
0.06040611118078232 0.06255796551704407
0.060120727866888046 0.06721755117177963
0.059849727898836136 0.0605325922369957
0.05967145413160324 0.07015665620565414
0.05942196026444435 0.07552126795053482
0.05918172746896744 0.06714785844087601
0.05915514752268791 0.07810716331005096
0.05900182947516441 0.08888566493988037
0.0588068850338459 0.061088841408491135
0.05858682468533516 0.060563113540410995
0.058583393692970276 0.0791923776268959
0.05833585932850838 0.05839216336607933
0.05824561044573784 0.062012746930122375
0.05671294778585434 0.07319211959838867
0.05637485906481743 0.06218471750617027
0.055535513907670975 0.06828290224075317
0.05540241301059723 0.055653542280197144
0.05537247285246849 0.0787036269903183
0.055263955146074295 0.06853330880403519
0.05509287118911743 0.0817032977938652
0.05508987978100777 0.06354280561208725
0.054667748510837555 0.08305275440216064
0.054413843899965286 0.0679040178656578
0.05386564880609512 0.07274680584669113
0.05368348956108093 0.05496428534388542
0.05368337035179138 0.09058021754026413
0.05359680950641632 0.05902181565761566
0.05286887288093567 0.08570486307144165
0.052837200462818146 0.05990935117006302
0.0522933267056942 0.07136200368404388
0.05195964127779007 0.05815725401043892
0.051747146993875504 0.05344615504145622
0.051200032234191895 0.05472759157419205
0.05093007907271385 0.09311706572771072
0.050825025886297226 0.09904240816831589
0.05044066905975342 0.06376588344573975
0.05038788169622421 0.08540444076061249
0.05029517784714699 0.051582202315330505
0.050197962671518326 0.05656416714191437
0.04993081092834473 0.0680723786354065
0.049681611359119415 0.05045072361826897
0.04957053065299988 0.06345397233963013
0.04950897395610809 0.052322790026664734
0.0492173470556736 0.05147157609462738
0.04849473387002945 0.05138375982642174
0.04844190925359726 0.0876372680068016
0.04832962527871132 0.05193419009447098
0.047746360301971436 0.054783761501312256
0.047737348824739456 0.05031386762857437
0.04750235378742218 0.054852113127708435
0.04729042574763298 0.049912214279174805
0.04673805087804794 0.05492187291383743
0.04650945961475372 0.07608846575021744
0.04650503396987915 0.05056776851415634
0.046203434467315674 0.052244771271944046
0.046066924929618835 0.05310053750872612
0.046021562069654465 0.04652678221464157
0.04575296863913536 0.04957938194274902
0.045163191854953766 0.04990970715880394
0.04399552568793297 0.059401120990514755
0.043633557856082916 0.04600151628255844
0.043559569865465164 0.055241506546735764
0.042903508991003036 0.04895736649632454
0.04239563271403313 0.0508006252348423
0.042382556945085526 0.04514238238334656
0.04212667793035507 0.04979279637336731
0.04159204289317131 0.048268355429172516
0.041567813605070114 0.07225343585014343
0.041206151247024536 0.0525878369808197
0.041126180440187454 0.04755839705467224
0.04102722555398941 0.053084466606378555
0.04087786003947258 0.04435991123318672
0.04053489491343498 0.05679650977253914
0.04033258184790611 0.062454771250486374
0.04015209898352623 0.04196437448263168
0.0399584025144577 0.04338550567626953
0.03960760682821274 0.050252217799425125
0.03956351429224014 0.0447072796523571
0.03919980674982071 0.04041365534067154
0.03916507959365845 0.04417705908417702
0.03722953423857689 0.04590225592255592
0.03479113429784775 0.043025050312280655
