0.2609082758426666 0.26199501752853394
0.2564818561077118 0.26000192761421204
0.25389164686203003 0.2569504380226135
0.2517141103744507 0.25968748331069946
0.2505020797252655 0.25103896856307983
0.2500684857368469 0.25773870944976807
0.2487560659646988 0.2530757188796997
0.24849039316177368 0.25912797451019287
0.24841704964637756 0.25516605377197266
0.24769742786884308 0.2621985673904419
0.211307093501091 0.21603326499462128
0.20206241309642792 0.23338660597801208
0.1954866647720337 0.22309406101703644
0.1810256689786911 0.18277837336063385
0.1795252561569214 0.2722429037094116
0.17535586655139923 0.21876339614391327
0.16950315237045288 0.230438232421875
0.1692095398902893 0.22622589766979218
0.1636078804731369 0.1838110089302063
0.16294680535793304 0.26534414291381836
0.16071352362632751 0.16161689162254333
0.1602550595998764 0.21621842682361603
0.15830890834331512 0.1629103571176529
0.15690405666828156 0.15730145573616028
0.15610045194625854 0.1730528473854065
0.15364903211593628 0.24668210744857788
0.15264880657196045 0.17604176700115204
0.15230564773082733 0.15398357808589935
0.15048088133335114 0.15368437767028809
0.1492784172296524 0.15416336059570312
0.14776557683944702 0.15045693516731262
0.14755778014659882 0.18306715786457062
0.1468699872493744 0.16369538009166718
0.1467692106962204 0.15021327137947083
0.1449025720357895 0.22186240553855896
0.14463749527931213 0.14660203456878662
0.14369094371795654 0.21045362949371338
0.1431286484003067 0.15712657570838928
0.1423652321100235 0.16301274299621582
0.141856387257576 0.15460611879825592
0.1418125480413437 0.1447174847126007
0.14148066937923431 0.14561988413333893
0.1398414671421051 0.15154609084129333
0.13940763473510742 0.1470649689435959
0.1374737173318863 0.13776235282421112
0.1374446302652359 0.14326317608356476
0.13713255524635315 0.14270539581775665
0.13697846233844757 0.20013785362243652
0.13560546934604645 0.15363310277462006
0.13338953256607056 0.15255695581436157
0.13219493627548218 0.17737804353237152
0.13149799406528473 0.13576264679431915
0.13146565854549408 0.1330229640007019
0.12950725853443146 0.17607532441616058
0.12949258089065552 0.14772102236747742
0.1275794953107834 0.16236728429794312
0.12703968584537506 0.13665637373924255
0.12675349414348602 0.14476412534713745
0.1254613995552063 0.1436367630958557
0.12530474364757538 0.18940305709838867
0.12468507885932922 0.129323348402977
0.12379983812570572 0.13292963802814484
0.12358426302671432 0.1836741417646408
0.12344588339328766 0.14694468677043915
0.12333695590496063 0.12769976258277893
0.12319571524858475 0.12656423449516296
0.12278889864683151 0.15104331076145172
0.1226421594619751 0.1513151079416275
0.12263358384370804 0.14401854574680328
0.12176297605037689 0.14975093305110931
0.12173034250736237 0.14554330706596375
0.12122592329978943 0.13805599510669708
0.12068440765142441 0.13852663338184357
0.1191682517528534 0.13911081850528717
0.11896934360265732 0.19684870541095734
0.11892733722925186 0.16466298699378967
0.11887922883033752 0.13182131946086884
0.11869887262582779 0.11879854649305344
0.11859594285488129 0.21330301463603973
0.11853847652673721 0.15014329552650452
0.11829347163438797 0.15206463634967804
0.11785594373941422 0.19406352937221527
0.11779379844665527 0.14138925075531006
0.11750879883766174 0.12766636908054352
0.11604650318622589 0.11975317448377609
0.11582767218351364 0.125253364443779
0.11568967252969742 0.14205873012542725
0.1152900978922844 0.21370288729667664
0.11514339596033096 0.13004986941814423
0.11494585126638412 0.13132216036319733
0.11460830271244049 0.14646273851394653
0.11434987932443619 0.13817930221557617
0.11399427056312561 0.11421523988246918
0.11372613906860352 0.15468831360340118
0.11323171854019165 0.15865647792816162
0.11284933239221573 0.14204876124858856
0.11276310682296753 0.11324315518140793
0.11267129331827164 0.19695711135864258
0.11257874220609665 0.13644179701805115
0.11210843175649643 0.11674360185861588
0.11186185479164124 0.16978153586387634
0.11176188290119171 0.13236215710639954
0.11135028302669525 0.11173629760742188
0.11105035990476608 0.12489116936922073
0.11083506047725677 0.158397376537323
0.11061307042837143 0.11135653406381607
0.11049544811248779 0.15095432102680206
0.10918428748846054 0.12018045037984848
0.10914085060358047 0.14552004635334015
0.10835843533277512 0.13015516102313995
0.10835003852844238 0.13120660185813904
0.1081925705075264 0.1186613067984581
0.10806411504745483 0.11482040584087372
0.10797002911567688 0.14321917295455933
0.1079574003815651 0.20966610312461853
0.10787910968065262 0.21410125494003296
0.1070784479379654 0.12136460095643997
0.10633847117424011 0.1153988465666771
0.10604949295520782 0.13234417140483856
0.10586652159690857 0.11912347376346588
0.10585767030715942 0.14271487295627594
0.10554438829421997 0.12391651421785355
0.10540212690830231 0.1297806352376938
0.10512435436248779 0.12133386731147766
0.10508371889591217 0.12409687787294388
0.10467735677957535 0.11000196635723114
0.10467671602964401 0.12022896856069565
0.10442900657653809 0.12493670731782913
0.10397923737764359 0.14909297227859497
0.10346002131700516 0.10448908805847168
0.10333339124917984 0.1171787679195404
0.10323995351791382 0.11295822262763977
0.10298944264650345 0.11493507772684097
0.10290316492319107 0.11491944640874863
0.10284265130758286 0.16442212462425232
0.10281269252300262 0.14526262879371643
0.10279367864131927 0.1303376406431198
0.10208684951066971 0.11167929321527481
0.10171813517808914 0.11611203849315643
0.10167379677295685 0.11103970557451248
0.10095392167568207 0.10307042300701141
0.10089755803346634 0.10914722084999084
0.10059228539466858 0.11422766000032425
0.10040553659200668 0.1159343495965004
0.10039904713630676 0.1157507672905922
0.09999226778745651 0.10446362942457199
0.09991413354873657 0.11869168281555176
0.09949245303869247 0.1059006005525589
0.09937641024589539 0.13875599205493927
0.09913918375968933 0.11039095371961594
0.09861110895872116 0.10092190653085709
0.09859079122543335 0.11434399336576462
0.09841664880514145 0.1253189891576767
0.0983642116189003 0.2039504051208496
0.09774484485387802 0.15372711420059204
0.09756336361169815 0.11236117780208588
0.09691233187913895 0.1164134219288826
0.0966600850224495 0.14160212874412537
0.09627202153205872 0.1039448007941246
0.09623709321022034 0.10994569957256317
0.0958557203412056 0.14414429664611816
0.09567469358444214 0.13281641900539398
0.09553755819797516 0.13689503073692322
0.09552549570798874 0.10264316946268082
0.09550154209136963 0.09982365369796753
0.09529129415750504 0.15777955949306488
0.09523770213127136 0.10134369879961014
0.09474645555019379 0.11927565932273865
0.09439130872488022 0.09688369929790497
0.09432234615087509 0.09481760859489441
0.09382268786430359 0.10248462110757828
0.09377449005842209 0.13933122158050537
0.09336216002702713 0.09419116377830505
0.09328275918960571 0.10276764631271362
0.09313273429870605 0.09706927090883255
0.09290332347154617 0.1002289354801178
0.09278970211744308 0.09317468851804733
0.09214828163385391 0.09539083391427994
0.09196775406599045 0.09910599142313004
0.0918702483177185 0.12931989133358002
0.09174070507287979 0.14662005007266998
0.09148524701595306 0.10037235915660858
0.09139508008956909 0.10309984534978867
0.09113366156816483 0.10200835764408112
0.09093725681304932 0.11195991188287735
0.09091245383024216 0.14175178110599518
0.09066048264503479 0.11008007824420929
0.09027452021837234 0.10341322422027588
0.09019872546195984 0.1255376935005188
0.09016930311918259 0.10176600515842438
0.0901523232460022 0.1046856939792633
0.08941919356584549 0.09396348148584366
0.0881909728050232 0.09894168376922607
0.08779342472553253 0.10174497216939926
0.08729187399148941 0.0927605852484703
0.08716948330402374 0.10657443851232529
0.08713855594396591 0.09297952800989151
0.08683130890130997 0.0956135168671608
0.08640806376934052 0.08693963289260864
0.08620467782020569 0.10756750404834747
0.08587805926799774 0.08993170410394669
0.08584526181221008 0.1112433597445488
0.08569469302892685 0.08745845407247543
0.08560814708471298 0.0879395604133606
0.08535390347242355 0.09228388965129852
0.08382249623537064 0.09762249886989594
0.08362139016389847 0.10820992290973663
0.08349891752004623 0.10250023007392883
0.08322454243898392 0.11366166174411774
0.08295147866010666 0.10578719526529312
0.08221960067749023 0.09989304095506668
0.08207015693187714 0.08525516092777252
0.08163560926914215 0.1101708710193634
0.08113832771778107 0.08421335369348526
0.0807938203215599 0.09215333312749863
0.08045791834592819 0.10696230083703995
0.08018122613430023 0.08069212734699249
0.07962272316217422 0.10632511973381042
0.07937214523553848 0.11369311064481735
0.07935813069343567 0.11426009237766266
0.07923035323619843 0.1777399480342865
0.07900409400463104 0.08823961764574051
0.07780162245035172 0.0897129476070404
0.07760697603225708 0.09110499918460846
0.07756709307432175 0.10118039697408676
0.0771598145365715 0.09649325162172318
0.07701881229877472 0.09385181218385696
0.07587943971157074 0.08955015242099762
0.07516931742429733 0.08854682743549347
0.07465158402919769 0.08355901390314102
0.070294588804245 0.09998252987861633
0.06863920390605927 0.07587604969739914
