0.1126742959022522 0.11591879278421402
0.10572703182697296 0.11579214036464691
0.10444369167089462 0.10516882687807083
0.09704563021659851 0.10641980171203613
0.09702782332897186 0.106724314391613
0.09516819566488266 0.10074040293693542
0.09384943544864655 0.09558245539665222
0.09330114722251892 0.10286515206098557
0.09233798831701279 0.10549818724393845
0.09049948304891586 0.09619345515966415
0.08959199488162994 0.09062067419290543
0.08950326591730118 0.09120629727840424
0.08853413164615631 0.10449806600809097
0.08798319101333618 0.08855104446411133
0.08697114884853363 0.09799540042877197
0.0864562839269638 0.11079385876655579
0.0838969498872757 0.11293751001358032
0.08365138620138168 0.1126561313867569
0.08340439945459366 0.10517749935388565
0.08297235518693924 0.0832771584391594
0.08290765434503555 0.08992141485214233
0.08286628872156143 0.08582364022731781
0.08211807161569595 0.08952812850475311
0.08113299310207367 0.09049393236637115
0.0800778716802597 0.08010061830282211
0.07981047034263611 0.08079814910888672
0.07963509112596512 0.08192300796508789
0.0794188380241394 0.08727151155471802
0.07924475520849228 0.10867822915315628
0.07910897582769394 0.08055556565523148
0.07842869311571121 0.11812195926904678
0.07838134467601776 0.09976500272750854
0.07837281376123428 0.08081206679344177
0.07833491265773773 0.10041415691375732
0.07803500443696976 0.10584531724452972
0.07797607779502869 0.09903307259082794
0.07797252386808395 0.09403478354215622
0.07792028784751892 0.07878752797842026
0.07636285573244095 0.11377787590026855
0.07632701843976974 0.07912255078554153
0.07591396570205688 0.10602694004774094
0.07559671998023987 0.11256325244903564
0.0755092054605484 0.08854445070028305
0.07525061815977097 0.08256048709154129
0.07469756156206131 0.07472033053636551
0.07420727610588074 0.114750437438488
0.07387696206569672 0.08682695776224136
0.07377447187900543 0.09419291466474533
0.07371680438518524 0.08046454191207886
0.07342510670423508 0.09547222405672073
0.07340393960475922 0.08373988419771194
0.07292141020298004 0.07562275230884552
0.07283610105514526 0.08362042158842087
0.07255136966705322 0.11663001030683517
0.07229374349117279 0.08149227499961853
0.07218726724386215 0.07885082811117172
0.0716521367430687 0.07456139475107193
0.06994349509477615 0.09566342830657959
0.06982752680778503 0.07465838640928268
0.06961964070796967 0.07195847481489182
0.06860848516225815 0.07672051340341568
0.0675031766295433 0.07370826601982117
0.0674528032541275 0.06866244971752167
0.0672076940536499 0.07007937133312225
0.06703385710716248 0.08241564780473709
0.06669251620769501 0.06704224646091461
0.06666602194309235 0.08533631265163422
0.06649672240018845 0.06697727739810944
0.06638018786907196 0.07128255069255829
0.06637801975011826 0.08421994000673294
0.06625368446111679 0.07873237878084183
0.06594826281070709 0.0693863108754158
0.06580226868391037 0.08385787904262543
0.06538829952478409 0.08595015853643417
0.06537780910730362 0.08586517721414566
0.06482060253620148 0.06692315638065338
0.0648128092288971 0.12152454257011414
0.06417681276798248 0.08397608250379562
0.06343477964401245 0.06641363352537155
0.06341944634914398 0.07216969132423401
0.06332659721374512 0.06439836323261261
0.06307286769151688 0.0716770589351654
0.06257644295692444 0.09310682862997055
0.062185537070035934 0.0886799693107605
0.06201300024986267 0.08347458392381668
0.06145768240094185 0.07570738345384598
0.06125955283641815 0.06268510967493057
0.06105794757604599 0.08769658207893372
0.06086376681923866 0.07006973773241043
0.06051585078239441 0.06081156060099602
0.059974558651447296 0.06067701801657677
0.05973340943455696 0.06072640419006348
0.05935220420360565 0.05974239856004715
0.05895819142460823 0.06647331267595291
0.0588848851621151 0.06301020085811615
0.05869283527135849 0.06944791227579117
0.058592312037944794 0.06575538218021393
0.05819002166390419 0.0856437012553215
0.05784028023481369 0.057864196598529816
0.057668134570121765 0.058514226227998734
0.057405781000852585 0.05915025994181633
0.057039204984903336 0.07069525122642517
0.05698614567518234 0.10019975900650024
0.056949764490127563 0.09761832654476166
0.056658785790205 0.06155107542872429
0.05615659058094025 0.062430527061223984
0.055967990309000015 0.07710926234722137
0.055461715906858444 0.07228913903236389
0.0554518885910511 0.0628378838300705
0.05498595908284187 0.07162374258041382
0.054714929312467575 0.06838405132293701
0.054665252566337585 0.08999873697757721
0.05461833253502846 0.06237182393670082
0.05430709570646286 0.07542148232460022
0.05421711876988411 0.08225610107183456
0.054022397845983505 0.07357387989759445
0.05369271710515022 0.06212726607918739
0.052924562245607376 0.05510030314326286
0.052901629358530045 0.07813882827758789
0.052759651094675064 0.08682370185852051
0.05263008177280426 0.05349044129252434
0.052480392158031464 0.06781398504972458
0.0523701049387455 0.07418663054704666
0.0521460585296154 0.05925449728965759
0.052080221474170685 0.05492116138339043
0.05200035497546196 0.08680282533168793
0.051801495254039764 0.05610334873199463
0.051695674657821655 0.05240217596292496
0.05119134858250618 0.09354995936155319
0.051111411303281784 0.051381345838308334
0.05099799111485481 0.051627229899168015
0.05091314762830734 0.06342136859893799
0.05022476613521576 0.052617188543081284
0.05005275458097458 0.059570856392383575
0.04976645112037659 0.07258626818656921
0.04948069155216217 0.12627139687538147
0.049406372010707855 0.05017370358109474
0.049299124628305435 0.06426313519477844
0.048722293227910995 0.05029371753334999
0.04811892285943031 0.0528189092874527
0.048057325184345245 0.05107594281435013
0.04796701669692993 0.050170041620731354
0.04773137718439102 0.04856341704726219
0.04753704369068146 0.05389826372265816
0.047461263835430145 0.10574326664209366
0.047425467520952225 0.05722673982381821
0.04720673710107803 0.054072845727205276
0.046736154705286026 0.052569616585969925
0.04655136913061142 0.05251635983586311
0.04649164155125618 0.05389667674899101
0.045338451862335205 0.05176501348614693
0.04526860639452934 0.04599372670054436
0.04514142498373985 0.06276877224445343
0.04509089142084122 0.05137491226196289
0.04500505328178406 0.05640450492501259
0.044737476855516434 0.0602373406291008
0.044724319130182266 0.052336134016513824
0.044262345880270004 0.05002420395612717
0.0442468598484993 0.06626319140195847
0.04424114152789116 0.048976730555295944
0.04410894960165024 0.06032101809978485
0.044106364250183105 0.0465708002448082
0.04409787058830261 0.06824520230293274
0.044001851230859756 0.052644599229097366
0.04393257200717926 0.04651346430182457
0.0436028391122818 0.052277322858572006
0.043410710990428925 0.056792959570884705
0.04296956956386566 0.05505100637674332
0.04212411120533943 0.043086085468530655
0.04109404981136322 0.04427191987633705
0.0403025820851326 0.05391437187790871
0.039688702672719955 0.04246252402663231
0.0395486019551754 0.046952590346336365
0.03748323768377304 0.043021392077207565
0.03731267899274826 0.04282427579164505
0.036422599107027054 0.04244758561253548
0.035380441695451736 0.03722459077835083
