0.15041759610176086 0.16183501482009888
0.14414919912815094 0.1590174287557602
0.13990706205368042 0.1454760730266571
0.13835649192333221 0.14443600177764893
0.13016749918460846 0.15475481748580933
0.12793032824993134 0.16089290380477905
0.12368525564670563 0.12540236115455627
0.11966318637132645 0.13635337352752686
0.11929551512002945 0.14887021481990814
0.11858691275119781 0.12933208048343658
0.11676850914955139 0.16229183971881866
0.116402268409729 0.12428653985261917
0.11483711004257202 0.14081919193267822
0.11376947909593582 0.1308727264404297
0.11287088692188263 0.13055957853794098
0.11191005259752274 0.1171608492732048
0.11049644649028778 0.1168738603591919
0.11047486960887909 0.13171802461147308
0.11037328094244003 0.12672211229801178
0.1101553812623024 0.11958406120538712
0.1097453162074089 0.13614200055599213
0.10873614996671677 0.1260637491941452
0.10851173847913742 0.11272415518760681
0.10788577795028687 0.14878086745738983
0.10783010721206665 0.14021816849708557
0.10781999677419662 0.11455490440130234
0.107387475669384 0.1509517878293991
0.10626521706581116 0.10810353606939316
0.10498644411563873 0.1556023210287094
0.10493431240320206 0.12009993195533752
0.10464058816432953 0.13571567833423615
0.10388435423374176 0.1065155565738678
0.10307303816080093 0.16306903958320618
0.10300429910421371 0.12120886147022247
0.10260696709156036 0.1642218977212906
0.10260655730962753 0.1279384195804596
0.101499043405056 0.17830611765384674
0.10066219419240952 0.10145487636327744
0.0998900830745697 0.1004197895526886
0.09973476082086563 0.10364783555269241
0.09947018325328827 0.16742227971553802
0.09905935078859329 0.10852295905351639
0.09857798367738724 0.09923535585403442
0.09783128648996353 0.09886746853590012
0.09758192300796509 0.11549308151006699
0.09598260372877121 0.12429402023553848
0.09585634618997574 0.09966094046831131
0.09577156603336334 0.10444005578756332
0.09542491286993027 0.11168220639228821
0.09520906209945679 0.13107989728450775
0.0951232984662056 0.11211584508419037
0.09440591931343079 0.1178031638264656
0.09392654150724411 0.15402762591838837
0.09366411715745926 0.16520030796527863
0.09334414452314377 0.1022273451089859
0.09186340123414993 0.10009550303220749
0.09164642542600632 0.1454259306192398
0.09106288105249405 0.15479020774364471
0.09023171663284302 0.09239200502634048
0.09016697108745575 0.10019642859697342
0.08984600752592087 0.11894933879375458
0.08951496332883835 0.14122970402240753
0.08888310194015503 0.15586122870445251
0.08887184411287308 0.1075742095708847
0.08829917758703232 0.17172624170780182
0.08803729712963104 0.11749694496393204
0.08773735165596008 0.12044154852628708
0.08758685737848282 0.10742731392383575
0.08727086335420609 0.10018926113843918
0.08679640293121338 0.0935034304857254
0.08676408976316452 0.12369182705879211
0.08642715960741043 0.08927493542432785
0.0858524963259697 0.09728771448135376
0.08570319414138794 0.1153225302696228
0.08403877168893814 0.08725329488515854
0.08371005207300186 0.08754006773233414
0.08317583799362183 0.092808797955513
0.0829387754201889 0.12050726264715195
0.08291945606470108 0.09582921117544174
0.082299143075943 0.11439810693264008
0.08173621445894241 0.1205185204744339
0.08157003670930862 0.14254912734031677
0.08153120428323746 0.11397489905357361
0.0811913013458252 0.1366070806980133
0.08050993829965591 0.1577690988779068
0.08044824004173279 0.1293286830186844
0.08028638362884521 0.11154220998287201
0.08000752329826355 0.0976843535900116
0.07994548231363297 0.13596656918525696
0.07982087135314941 0.10980600118637085
0.0797768235206604 0.08269840478897095
0.07953421026468277 0.08911062031984329
0.07896223664283752 0.08384036272764206
0.07858742028474808 0.2125735729932785
0.0785563662648201 0.11667843908071518
0.0783868357539177 0.09130924940109253
0.07825034111738205 0.10699665546417236
0.07823670655488968 0.14177489280700684
0.07749038189649582 0.11448609828948975
0.07705901563167572 0.07952167093753815
0.07661803811788559 0.1000610738992691
0.07586202770471573 0.09112291783094406
0.07576586306095123 0.0766635313630104
0.0750771313905716 0.09806174784898758
0.07495927810668945 0.08421050012111664
0.07487589120864868 0.08145136386156082
0.07417602837085724 0.08805089443922043
0.07404806464910507 0.07668168842792511
0.07392416149377823 0.07966962456703186
0.07325144112110138 0.07957269996404648
0.073194719851017 0.07567287236452103
0.07293438911437988 0.09107135236263275
0.0726805254817009 0.07479579746723175
0.07257109135389328 0.12154680490493774
0.07243956625461578 0.10408040136098862
0.07213760912418365 0.1075228601694107
0.07213037461042404 0.14642153680324554
0.07182349264621735 0.14609654247760773
0.07031625509262085 0.08340303599834442
0.07007225602865219 0.16529253125190735
0.06977441906929016 0.16016530990600586
0.06974934041500092 0.07010354101657867
0.06961553543806076 0.06983409076929092
0.06948506832122803 0.07230232656002045
0.06894804537296295 0.10800954699516296
0.06885915994644165 0.09366864711046219
0.0679502859711647 0.07561798393726349
0.06767011433839798 0.07009556144475937
0.06736954301595688 0.07558353245258331
0.06682591140270233 0.0889878123998642
0.06618159264326096 0.07801691442728043
0.06607327610254288 0.07009509205818176
0.06570049375295639 0.07661045342683792
0.06529167294502258 0.09852594137191772
0.06497988104820251 0.07276260107755661
0.06455119699239731 0.07656562328338623
0.06411454826593399 0.09478606283664703
0.06390056014060974 0.0695766881108284
0.06364788115024567 0.0703667551279068
0.06324660032987595 0.06634814292192459
0.06272175908088684 0.06612218171358109
0.06241656094789505 0.07270404696464539
0.062088362872600555 0.06585148721933365
0.06187846139073372 0.062434423714876175
0.06132753938436508 0.07151590287685394
0.06108121573925018 0.07186182588338852
0.059955988079309464 0.06176192685961723
0.05915936082601547 0.0686454102396965
0.05846911296248436 0.07648888975381851
0.05634858086705208 0.07844270020723343
0.056058626621961594 0.07417454570531845
0.05605337768793106 0.07425055652856827
0.055352579802274704 0.06266382336616516
0.05449874699115753 0.07063443213701248
0.052694354206323624 0.054711923003196716
0.05210241675376892 0.060772817581892014
0.05112891271710396 0.05278768762946129
0.04908740893006325 0.06700901687145233
0.04900763928890228 0.05986633151769638
0.046927377581596375 0.049301136285066605
0.04424077272415161 0.045255497097969055
