0.718399167060852 0.7199217081069946
0.12729907035827637 0.13252030313014984
0.10706716030836105 0.12669730186462402
0.10225344449281693 0.11890192329883575
0.09940482676029205 0.10355564206838608
0.0992746353149414 0.11276895552873611
0.09631775319576263 0.10887672752141953
0.0929248109459877 0.12888017296791077
0.08759570121765137 0.10030177980661392
0.08574624359607697 0.08626280725002289
0.08415640890598297 0.08453942090272903
0.0841526985168457 0.08457853645086288
0.08347487449645996 0.08996099978685379
0.08346351981163025 0.08740119636058807
0.08329456299543381 0.08652867376804352
0.08323340117931366 0.08830887824296951
0.08292258530855179 0.09174284338951111
0.08280960470438004 0.08391304314136505
0.0825764536857605 0.09767841547727585
0.08228915184736252 0.08854604512453079
0.08198318630456924 0.08453942090272903
0.08166482299566269 0.08830705285072327
0.0813431367278099 0.10747947543859482
0.08081433176994324 0.08492497354745865
0.08054087311029434 0.08173628896474838
0.08047756552696228 0.09496130794286728
0.07965095341205597 0.08723237365484238
0.07856626063585281 0.10480678081512451
0.07811571657657623 0.08423665910959244
0.07783012092113495 0.0946955531835556
0.0774320662021637 0.08515522629022598
0.07711067795753479 0.08812987804412842
0.07690656930208206 0.0947093740105629
0.07689675688743591 0.08486348390579224
0.07661768049001694 0.09260293841362
0.07620397955179214 0.07812623679637909
0.07566574960947037 0.09104882925748825
0.07554472982883453 0.08635815978050232
0.07507351785898209 0.09241251647472382
0.07420791685581207 0.09063280373811722
0.0740082785487175 0.09880755841732025
0.0739225372672081 0.10767707228660583
0.07351215928792953 0.10622623562812805
0.07346640527248383 0.07637490332126617
0.07343339174985886 0.11309631913900375
0.07281795144081116 0.11132020503282547
0.07267211377620697 0.07704851776361465
0.07246289402246475 0.10394234955310822
0.07219251245260239 0.10799466073513031
0.07210095971822739 0.11173965036869049
0.07184330374002457 0.07762358337640762
0.07146453112363815 0.09527464956045151
0.07141993939876556 0.10204336047172546
0.0712852030992508 0.11945253610610962
0.07126330584287643 0.09072916209697723
0.07108671218156815 0.07742223888635635
0.07076703011989594 0.08115179091691971
0.07037517428398132 0.10809804499149323
0.0702882930636406 0.07387606799602509
0.07017403095960617 0.07819903641939163
0.06974010169506073 0.07819903641939163
0.06933268159627914 0.10111567378044128
0.06906720250844955 0.07215719670057297
0.06872828304767609 0.07174115628004074
0.06852629780769348 0.0702836886048317
0.06825883686542511 0.08266504108905792
0.06823834776878357 0.07254395633935928
0.06821165233850479 0.07498456537723541
0.06816143542528152 0.09716465324163437
0.06776592135429382 0.08344274759292603
0.06761547923088074 0.06775302439928055
0.06725502014160156 0.0770496055483818
0.06713106483221054 0.07493841648101807
0.0668410062789917 0.08613631129264832
0.06677956134080887 0.10622424632310867
0.06639215350151062 0.11291472613811493
0.066055066883564 0.07667694985866547
0.06605425477027893 0.07555543631315231
0.0660475566983223 0.07609246671199799
0.0657518059015274 0.09160955250263214
0.06555114686489105 0.07272576540708542
0.06546417623758316 0.0693143978714943
0.06541179865598679 0.08429291099309921
0.0653124526143074 0.07823065668344498
0.06500538438558578 0.07378005236387253
0.06486759334802628 0.06528078764677048
0.06481333822011948 0.0706372931599617
0.06466668844223022 0.06695906817913055
0.06420297920703888 0.11832458525896072
0.06344364583492279 0.0675431340932846
0.06343430280685425 0.06565950065851212
0.06340661644935608 0.07074859738349915
0.06336536258459091 0.06363971531391144
0.063076451420784 0.06514590233564377
0.06295732408761978 0.06397802382707596
0.06268209218978882 0.06612415611743927
0.062379948794841766 0.07791944593191147
0.06223025172948837 0.07717905193567276
0.06189997121691704 0.0763121098279953
0.061869122087955475 0.061977434903383255
0.06183842569589615 0.06421393901109695
0.06159836798906326 0.06458260864019394
0.06155766546726227 0.09094856679439545
0.06093769893050194 0.10226111114025116
0.06087387353181839 0.06403923034667969
0.06086983159184456 0.06460173428058624
0.06047052890062332 0.07646801322698593
0.06032153591513634 0.09718964248895645
0.06011055409908295 0.11220765858888626
0.06002887338399887 0.09458363056182861
0.060028187930583954 0.07859425991773605
0.060006171464920044 0.06531229615211487
0.059912752360105515 0.06662994623184204
0.059843871742486954 0.10658421367406845
0.0598318837583065 0.05985386669635773
0.05980644375085831 0.061934202909469604
0.05923926830291748 0.08805789053440094
0.05914336442947388 0.05962773784995079
0.058886319398880005 0.06770584732294083
0.05870118364691734 0.07947708666324615
0.05836697295308113 0.05892777815461159
0.05833679437637329 0.07528278976678848
0.058066751807928085 0.06595156341791153
0.05803024023771286 0.05808727815747261
0.05789512023329735 0.10433565825223923
0.05723252519965172 0.07253485918045044
0.05720410495996475 0.06592516601085663
0.05677255615592003 0.05821606144309044
0.05665550008416176 0.06487087160348892
0.05648310109972954 0.06839065253734589
0.05642426013946533 0.1158754900097847
0.056420955806970596 0.06841954588890076
0.055730435997247696 0.057278525084257126
0.055183522403240204 0.05870164558291435
0.055138565599918365 0.05758725479245186
0.054956771433353424 0.05926230922341347
0.0549236424267292 0.06651384383440018
0.054920922964811325 0.06720378249883652
0.054866403341293335 0.060359690338373184
0.054659418761730194 0.05777442082762718
0.054319530725479126 0.05921093001961708
0.05409793555736542 0.056565526872873306
0.05393166467547417 0.058523088693618774
0.05390789359807968 0.0663713663816452
0.05356424301862717 0.05449562147259712
0.05346347391605377 0.06711339950561523
0.05345276743173599 0.06168229877948761
0.05330269783735275 0.06332013756036758
0.05327905714511871 0.057985834777355194
0.053048741072416306 0.05829527601599693
0.0527581125497818 0.05409611016511917
0.0526864230632782 0.06505613774061203
0.05253390595316887 0.05705558508634567
0.05225580558180809 0.06782867014408112
0.052215177565813065 0.05314125120639801
0.05203850939869881 0.05343952775001526
0.051967836916446686 0.0599057637155056
0.05183481052517891 0.08365797251462936
0.05110124871134758 0.06304112821817398
0.050590552389621735 0.07778408378362656
0.050313085317611694 0.05999426543712616
0.049804892390966415 0.05273701995611191
0.04841195046901703 0.05585625395178795
0.047352708876132965 0.056163299828767776
0.04689519852399826 0.04890220984816551
0.046784400939941406 0.051592957228422165
0.04409865289926529 0.05213136598467827
0.04370182007551193 0.048488643020391464
0.04308982565999031 0.04705352336168289
0.04190145432949066 0.047345057129859924
0.04162673279643059 0.05811324715614319
0.041545361280441284 0.04262939468026161
0.0388772077858448 0.0414644293487072
