0.14963702857494354 0.15592335164546967
0.1413498967885971 0.144288569688797
0.13831369578838348 0.14711380004882812
0.12356057018041611 0.12380501627922058
0.12325290590524673 0.1343216598033905
0.12160696089267731 0.130658820271492
0.11799229681491852 0.13252542912960052
0.1174902692437172 0.13193398714065552
0.11450976878404617 0.14715130627155304
0.11431345343589783 0.11607350409030914
0.11284703761339188 0.11733760684728622
0.11135569214820862 0.12844114005565643
0.10889336466789246 0.1211637333035469
0.10654553771018982 0.11243623495101929
0.10569692403078079 0.1277063488960266
0.10399390012025833 0.11004189401865005
0.10378335416316986 0.15014739334583282
0.10334044694900513 0.13817624747753143
0.1003856360912323 0.1107567548751831
0.10035551339387894 0.12001162767410278
0.09873436391353607 0.11259102821350098
0.09816410392522812 0.10672248154878616
0.0976223275065422 0.10725624114274979
0.09712232649326324 0.11674219369888306
0.0955883264541626 0.09800885617733002
0.09534610062837601 0.10413849353790283
0.09473493695259094 0.102410688996315
0.09447404742240906 0.09532099217176437
0.09309171140193939 0.11796510219573975
0.09268262982368469 0.09271753579378128
0.09257909655570984 0.10010728240013123
0.09251432865858078 0.09360087662935257
0.09181153774261475 0.09636836498975754
0.09167326986789703 0.10492650419473648
0.0914902612566948 0.11219719797372818
0.09148312360048294 0.0916399359703064
0.09131045639514923 0.12624646723270416
0.09129021316766739 0.0982259064912796
0.09110751748085022 0.09792755544185638
0.09101556986570358 0.1037721112370491
0.09066444635391235 0.10814482718706131
0.09031915664672852 0.10239531844854355
0.09000403434038162 0.09575343877077103
0.08983265608549118 0.10587281733751297
0.08963655680418015 0.11907230317592621
0.08916966617107391 0.09783878177404404
0.08857507258653641 0.1462171971797943
0.08850394934415817 0.09571812301874161
0.08742134273052216 0.11910416930913925
0.0872519239783287 0.09610918909311295
0.08579178154468536 0.10766730457544327
0.08576349169015884 0.09993302077054977
0.08571682870388031 0.14965100586414337
0.08560344576835632 0.09039363265037537
0.08467790484428406 0.10938117653131485
0.08459378778934479 0.09223327785730362
0.08429403603076935 0.11950144916772842
0.08272857218980789 0.15058860182762146
0.08244236558675766 0.09752311557531357
0.08218495547771454 0.08701847493648529
0.08168177306652069 0.09480030834674835
0.08155862987041473 0.11092574149370193
0.08152113854885101 0.09563880413770676
0.08115644752979279 0.1268686056137085
0.08091271668672562 0.10828214883804321
0.07941502332687378 0.08878801763057709
0.07940375804901123 0.08206913620233536
0.07922619581222534 0.1029893159866333
0.07905589789152145 0.12019544094800949
0.07905527949333191 0.08695773780345917
0.0787956714630127 0.09114114195108414
0.07848645001649857 0.09675545245409012
0.07835733890533447 0.08060068637132645
0.07751328498125076 0.08418962359428406
0.0775008350610733 0.11004703491926193
0.07741730660200119 0.08701037615537643
0.07736889272928238 0.11950818449258804
0.07717445492744446 0.13708701729774475
0.07710636407136917 0.07917086035013199
0.07705772668123245 0.14673872292041779
0.0766286551952362 0.08281917870044708
0.07659831643104553 0.12315341830253601
0.0765434056520462 0.13825301826000214
0.07622507959604263 0.09534023702144623
0.07621075958013535 0.09062814712524414
0.0761508122086525 0.08053979277610779
0.07592249661684036 0.10066365450620651
0.07582847774028778 0.08291838318109512
0.07558924704790115 0.11270836740732193
0.07473747432231903 0.09939992427825928
0.07441011816263199 0.0914815291762352
0.07402698695659637 0.08288734406232834
0.07398805022239685 0.11055494844913483
0.07381066679954529 0.09081678092479706
0.07375888526439667 0.09367198497056961
0.07370105385780334 0.14403566718101501
0.07319797575473785 0.15693487226963043
0.07310149818658829 0.08283884823322296
0.07235138863325119 0.07280544191598892
0.07222378998994827 0.10814233869314194
0.07219236344099045 0.1627986878156662
0.07191191613674164 0.08270321786403656
0.0713750496506691 0.08586537837982178
0.07124846428632736 0.16626481711864471
0.07090982049703598 0.11131463199853897
0.07064320147037506 0.08412618190050125
0.07059300690889359 0.09081820398569107
0.07020748406648636 0.08683427423238754
0.07007220387458801 0.07087507098913193
0.07006336748600006 0.07228578627109528
0.06960920244455338 0.07770870625972748
0.06947439163923264 0.07315447926521301
0.06936118751764297 0.0782993957400322
0.06914287060499191 0.07171028107404709
0.06890033185482025 0.07058775424957275
0.06868066638708115 0.12223628163337708
0.06806371361017227 0.11431533843278885
0.0677727460861206 0.09282204508781433
0.06777035444974899 0.07134923338890076
0.0670359656214714 0.11136374622583389
0.06667868793010712 0.07473385334014893
0.06630318611860275 0.07442110031843185
0.06626007705926895 0.10679970681667328
0.06615134328603745 0.07790908962488174
0.06603487581014633 0.15606194734573364
0.06597372889518738 0.08678710460662842
0.0658617913722992 0.0941227525472641
0.06553225219249725 0.07600628584623337
0.06487133353948593 0.06493739783763885
0.06474574655294418 0.06841762363910675
0.06386543810367584 0.06540948152542114
0.06133715435862541 0.07760298252105713
0.0610135942697525 0.07439352571964264
0.0609375461935997 0.06630508601665497
0.060669682919979095 0.0715087279677391
0.06041141226887703 0.0807202085852623
0.060242924839258194 0.10116638243198395
0.059918954968452454 0.06184599921107292
0.05991557613015175 0.07356984168291092
0.05985911190509796 0.06964073330163956
0.05920090153813362 0.06195409968495369
0.05888959392905235 0.07250448316335678
0.058873169124126434 0.07033219933509827
0.05876202881336212 0.06652131676673889
0.058758415281772614 0.07749495655298233
0.05768842250108719 0.06993157416582108
0.057133130729198456 0.07685549557209015
0.05658011883497238 0.06047873944044113
0.05604303255677223 0.05714377760887146
0.05586808919906616 0.08154988288879395
0.0556974932551384 0.05729435011744499
0.05443194881081581 0.06647229939699173
0.05373240262269974 0.05469759553670883
0.05350980907678604 0.07039807736873627
0.05245169997215271 0.060988038778305054
0.05134526640176773 0.057436950504779816
0.050552234053611755 0.05415461212396622
0.050416409969329834 0.05351032689213753
0.04703529179096222 0.05043889954686165
0.046917419880628586 0.05544520542025566
0.04665528982877731 0.04845220968127251
0.04654862731695175 0.06516239792108536
0.04648939520120621 0.05395476520061493
0.04556469991803169 0.05361461266875267
0.04513672739267349 0.0481136180460453
0.04490906000137329 0.04502242058515549
0.044891148805618286 0.0645577609539032
0.04418449103832245 0.04432380571961403
0.04330934211611748 0.044738881289958954
0.04326945170760155 0.057003531605005264
0.03739624470472336 0.042206890881061554
0.0360289141535759 0.036994583904743195
