0.17686274647712708 0.18432682752609253
0.17576974630355835 0.18412095308303833
0.13899153470993042 0.13915003836154938
0.13819147646427155 0.14217732846736908
0.12488829344511032 0.12515640258789062
0.122475266456604 0.12802007794380188
0.12215925753116608 0.12221222370862961
0.12151038646697998 0.13488179445266724
0.12126698344945908 0.15087050199508667
0.11998941749334335 0.12236851453781128
0.11991769820451736 0.12921784818172455
0.11957644671201706 0.1375606805086136
0.11840754002332687 0.12445910274982452
0.11801578849554062 0.12219992280006409
0.11731042712926865 0.11970146745443344
0.1166638508439064 0.12222353368997574
0.11607308685779572 0.11650390923023224
0.11508601903915405 0.11746867001056671
0.11493407934904099 0.11997177451848984
0.11486928164958954 0.13657160103321075
0.11481299251317978 0.12285996228456497
0.11445688456296921 0.12379977852106094
0.11428620666265488 0.11701729148626328
0.11369100958108902 0.11838605999946594
0.11330023407936096 0.11439057439565659
0.11323636770248413 0.11784057319164276
0.11320243775844574 0.1213146448135376
0.11295400559902191 0.11944101005792618
0.11295091360807419 0.12074277549982071
0.11294624954462051 0.12386511266231537
0.11288797110319138 0.11942379176616669
0.11275672167539597 0.11636986583471298
0.11267448216676712 0.11798449605703354
0.11241120845079422 0.1187531128525734
0.11119148135185242 0.11707493662834167
0.1111510619521141 0.11506807804107666
0.11106552928686142 0.11424626410007477
0.11064951866865158 0.11652970314025879
0.11043659597635269 0.12300730496644974
0.11021309345960617 0.11625705659389496
0.11011695116758347 0.11749708652496338
0.10978572815656662 0.11740589886903763
0.10947829484939575 0.11369998753070831
0.10936138033866882 0.15192657709121704
0.1092381402850151 0.12176397442817688
0.10917484760284424 0.11889541149139404
0.1089140996336937 0.11680097877979279
0.10888823866844177 0.14354167878627777
0.1087137907743454 0.1153131052851677
0.10868373513221741 0.13420221209526062
0.10865847021341324 0.12329862266778946
0.10841912031173706 0.11829620599746704
0.10818248987197876 0.13383625447750092
0.1081814244389534 0.1204880028963089
0.10804380476474762 0.12200257182121277
0.10795114189386368 0.10945605486631393
0.10783079266548157 0.11963839083909988
0.1077619418501854 0.11929428577423096
0.10692457854747772 0.12494607269763947
0.10628987848758698 0.10738115757703781
0.10616191476583481 0.1214330792427063
0.10567045211791992 0.1197342798113823
0.10459816455841064 0.10513322800397873
0.10391279309988022 0.11970662325620651
0.10219668596982956 0.12375400960445404
0.10151343047618866 0.10826119780540466
0.10088751465082169 0.1330619603395462
0.10051573812961578 0.1138763502240181
0.10015304386615753 0.12698736786842346
0.10012025386095047 0.10060227662324905
0.1001116931438446 0.12066043168306351
0.10002690553665161 0.13170753419399261
0.098731130361557 0.10159752517938614
0.0984673872590065 0.12689971923828125
0.09792890399694443 0.1110653355717659
0.09785483777523041 0.11955739557743073
0.09621087461709976 0.1271386444568634
0.0953226312994957 0.09757097065448761
0.09487120807170868 0.09662489593029022
0.09462150186300278 0.12599986791610718
0.09379099309444427 0.0989590734243393
0.09304491430521011 0.09433048218488693
0.09258586913347244 0.09793957322835922
0.091922327876091 0.10680996626615524
0.09182027727365494 0.09470728039741516
0.09108216315507889 0.09528796374797821
0.09082569181919098 0.11425405740737915
0.09080670028924942 0.1071861982345581
0.09056960791349411 0.10565022379159927
0.09016597270965576 0.093850277364254
0.09012655913829803 0.11630076915025711
0.08989337831735611 0.10048574954271317
0.08981797099113464 0.09080865979194641
0.08980362862348557 0.09280119836330414
0.08951029181480408 0.09051787108182907
0.0891287550330162 0.09040462970733643
0.0888739824295044 0.09291846305131912
0.08867227286100388 0.12930263578891754
0.08850249648094177 0.10646066069602966
0.0880485326051712 0.10680972784757614
0.08793085068464279 0.10297106951475143
0.08787660300731659 0.10102614760398865
0.08781313896179199 0.0919574424624443
0.0874297097325325 0.11756947636604309
0.08688957989215851 0.11092270910739899
0.08645379543304443 0.10927090048789978
0.08634941279888153 0.10315701365470886
0.08621075749397278 0.10518790036439896
0.08579429984092712 0.10677267611026764
0.08573157340288162 0.1008370891213417
0.08562380075454712 0.11459013819694519
0.0856223925948143 0.1162436380982399
0.08550728112459183 0.11042598634958267
0.08538755029439926 0.08981447666883469
0.08507063239812851 0.10253843665122986
0.08432044833898544 0.08443210273981094
0.08419802039861679 0.13570313155651093
0.08407517522573471 0.09742889553308487
0.08379913866519928 0.0927099883556366
0.08244683593511581 0.09366607666015625
0.08207207173109055 0.1288699060678482
0.08203687518835068 0.08813917636871338
0.08191807568073273 0.08732737600803375
0.08164387196302414 0.08413396030664444
0.08125749230384827 0.11064568161964417
0.08107733726501465 0.13519014418125153
0.08105331659317017 0.11542350798845291
0.08104109019041061 0.09438558667898178
0.08100313693284988 0.1430467814207077
0.08008262515068054 0.09954491257667542
0.079872727394104 0.08768738061189651
0.07965237647294998 0.12382157146930695
0.07957331836223602 0.08316688984632492
0.07922820746898651 0.10473191738128662
0.079072006046772 0.07936470210552216
0.07902577519416809 0.16618570685386658
0.07901094853878021 0.08604957163333893
0.078993059694767 0.08579827100038528
0.07857328653335571 0.116366446018219
0.07810777425765991 0.12491298466920853
0.07793969660997391 0.1000625416636467
0.07740200310945511 0.07768382132053375
0.0773930549621582 0.08266021311283112
0.07693713903427124 0.13703930377960205
0.07691521942615509 0.0957929715514183
0.0767010822892189 0.09065388888120651
0.07665292173624039 0.0795944407582283
0.07638832926750183 0.08541668206453323
0.07637867331504822 0.11007269471883774
0.07630802690982819 0.07915209978818893
0.0761394128203392 0.08583623170852661
0.07595652341842651 0.08440084010362625
0.07521633058786392 0.07832799851894379
0.07516591995954514 0.09455855935811996
0.0750771313905716 0.07825484871864319
0.07482655346393585 0.0788971409201622
0.07475540041923523 0.0993390753865242
0.07454165071249008 0.12486598640680313
0.07443536818027496 0.08206787705421448
0.07436524331569672 0.10028254985809326
0.07428660243749619 0.15595786273479462
0.0740838497877121 0.11255965381860733
0.07385087013244629 0.09401823580265045
0.07346484065055847 0.08609353750944138
0.07298851013183594 0.1072898581624031
0.07273124903440475 0.11631274223327637
0.07269636541604996 0.08083340525627136
0.07125042378902435 0.07285639643669128
0.07111286371946335 0.07258913666009903
0.07074723392724991 0.07481781393289566
0.07053332775831223 0.0852445438504219
0.07045464962720871 0.07595736533403397
0.07013487070798874 0.09861550480127335
0.07011663168668747 0.11128726601600647
0.07011009752750397 0.10214710235595703
0.06985867768526077 0.07859741151332855
0.06971405446529388 0.07865829765796661
0.06964210420846939 0.09607276320457458
0.06935974210500717 0.07681725174188614
0.06924529373645782 0.07743275910615921
0.0691278725862503 0.07641183584928513
0.06879408657550812 0.07714004069566727
0.06836265325546265 0.0686260461807251
0.0677841529250145 0.06854160130023956
0.0673832967877388 0.06910126656293869
0.06732161343097687 0.08481424301862717
0.06686201691627502 0.07786738127470016
0.06610497087240219 0.06685829907655716
0.0659974217414856 0.06861324608325958
0.06583721190690994 0.06939663738012314
0.06529660522937775 0.06927434355020523
0.06529501080513 0.07138233631849289
0.06487923860549927 0.07728953659534454
0.06481434404850006 0.07536651194095612
0.06433595716953278 0.06932239979505539
0.06355849653482437 0.06844807416200638
0.06323684751987457 0.0670132040977478
0.06287353485822678 0.08166388422250748
0.06257417798042297 0.06466833502054214
0.06256051361560822 0.06685829907655716
0.062020476907491684 0.10841703414916992
0.061955686658620834 0.07219608873128891
0.06163980811834335 0.09888383746147156
0.06138031184673309 0.06244983524084091
0.0611041784286499 0.0667354017496109
0.06075194478034973 0.06081113964319229
0.06052334979176521 0.07028067111968994
0.05805044621229172 0.07005731761455536
0.05717678740620613 0.06322924047708511
0.055613286793231964 0.05669419467449188
0.05553664639592171 0.0698232427239418
0.055211059749126434 0.0657346248626709
0.054836612194776535 0.05509085953235626
0.05032555013895035 0.06080762669444084
0.04544869437813759 0.06366440653800964
