0.2798149883747101 0.28946080803871155
0.27972787618637085 0.2864571809768677
0.27740082144737244 0.2783305048942566
0.2771894335746765 0.279886931180954
0.27593326568603516 0.27826380729675293
0.2751666307449341 0.2778899073600769
0.27509045600891113 0.28037622570991516
0.27378299832344055 0.2798282504081726
0.27310657501220703 0.2827545404434204
0.2722984254360199 0.2827637493610382
0.27101248502731323 0.28020456433296204
0.2709845006465912 0.27478885650634766
0.27060237526893616 0.28444743156433105
0.26897698640823364 0.2719419598579407
0.26894667744636536 0.2847117781639099
0.2643941342830658 0.2692241072654724
0.26369184255599976 0.2806668281555176
0.2604541778564453 0.27089571952819824
0.25970980525016785 0.26202329993247986
0.2538924217224121 0.2712027430534363
0.24940869212150574 0.2583421766757965
0.2391352653503418 0.2666053771972656
0.23607932031154633 0.2847613990306854
0.18134276568889618 0.18553109467029572
0.17958976328372955 0.18435828387737274
0.17604802548885345 0.2144511193037033
0.17566640675067902 0.20502831041812897
0.17546327412128448 0.1788640320301056
0.17355379462242126 0.20261310040950775
0.17316247522830963 0.18465812504291534
0.17219354212284088 0.21330027282238007
0.17010560631752014 0.1727093756198883
0.1698240339756012 0.1965004950761795
0.16658829152584076 0.18402646481990814
0.1664254367351532 0.18244768679141998
0.16569696366786957 0.19307804107666016
0.1649162918329239 0.16589254140853882
0.16339707374572754 0.21034154295921326
0.16171111166477203 0.20763316750526428
0.16157399117946625 0.2922523617744446
0.1583196371793747 0.17059794068336487
0.15602876245975494 0.1614075005054474
0.1540687382221222 0.19264744222164154
0.15358024835586548 0.22653484344482422
0.15129613876342773 0.17271117866039276
0.15095217525959015 0.15529869496822357
0.1493753343820572 0.15434782207012177
0.14864423871040344 0.1686141937971115
0.14823012053966522 0.17302130162715912
0.14769698679447174 0.15129230916500092
0.14751699566841125 0.1584925800561905
0.1468828171491623 0.17861531674861908
0.14575418829917908 0.15369851887226105
0.14550936222076416 0.19211967289447784
0.144197478890419 0.1585087776184082
0.14416265487670898 0.15002340078353882
0.14388686418533325 0.19752168655395508
0.14269205927848816 0.2203231006860733
0.1414739042520523 0.16078311204910278
0.14006081223487854 0.18967518210411072
0.13756956160068512 0.175185889005661
0.1367880403995514 0.1535569727420807
0.13569240272045135 0.15110395848751068
0.13517265021800995 0.21011236310005188
0.13514935970306396 0.1488598734140396
0.1350473165512085 0.1527162343263626
0.13489635288715363 0.15365616977214813
0.13463786244392395 0.13612903654575348
0.13333988189697266 0.1839132308959961
0.1325191706418991 0.149883434176445
0.13225944340229034 0.15542013943195343
0.13205024600028992 0.17264248430728912
0.1315184086561203 0.13158604502677917
0.1307724267244339 0.19729530811309814
0.1304357647895813 0.16839022934436798
0.13033011555671692 0.13519571721553802
0.13031630218029022 0.1406554877758026
0.12983401119709015 0.13772736489772797
0.12977245450019836 0.20495116710662842
0.1296226531267166 0.1517660766839981
0.12945453822612762 0.1507575362920761
0.12861554324626923 0.13430851697921753
0.12847666442394257 0.13610757887363434
0.1266987919807434 0.13480284810066223
0.12653762102127075 0.12756164371967316
0.125994473695755 0.19465060532093048
0.12492727488279343 0.14498072862625122
0.12410192936658859 0.13230130076408386
0.12360958009958267 0.1508476883172989
0.12311618775129318 0.17816106975078583
0.12282329797744751 0.21167565882205963
0.1220182478427887 0.1751570850610733
0.12164006382226944 0.13862788677215576
0.12138908356428146 0.13773217797279358
0.12019544839859009 0.2882336974143982
0.11979159712791443 0.13585972785949707
0.11964483559131622 0.15655218064785004
0.11931923031806946 0.22820772230625153
0.1189359799027443 0.22927039861679077
0.11834704130887985 0.1647828221321106
0.11830850690603256 0.1996842324733734
0.11829953640699387 0.16902092099189758
0.11751106381416321 0.13392795622348785
0.11704002320766449 0.12865817546844482
0.11690964549779892 0.12836866080760956
0.11682257801294327 0.13539908826351166
0.11619327962398529 0.13777002692222595
0.11611876636743546 0.20801128447055817
0.11575228720903397 0.16821888089179993
0.11569960415363312 0.13056766986846924
0.11562850326299667 0.2890744209289551
0.11535171419382095 0.11959947645664215
0.11494030058383942 0.12785306572914124
0.11493044346570969 0.1274704784154892
0.1141350045800209 0.11826186627149582
0.113401398062706 0.1417153775691986
0.11209043115377426 0.11474109441041946
0.11202532798051834 0.13238832354545593
0.11190658062696457 0.1612636148929596
0.11147227883338928 0.11944400519132614
0.11092518270015717 0.11847323179244995
0.11090973019599915 0.12561528384685516
0.11069563031196594 0.13233399391174316
0.11031585931777954 0.18364667892456055
0.11027243733406067 0.11445827782154083
0.10978048294782639 0.13693925738334656
0.10965843498706818 0.13188709318637848
0.10941363871097565 0.11997603625059128
0.10940880328416824 0.1263720840215683
0.10912114381790161 0.19065731763839722
0.10844973474740982 0.23150019347667694
0.1074858233332634 0.10869066417217255
0.10747887194156647 0.1715664565563202
0.106721892952919 0.1256219446659088
0.10464593768119812 0.1289130002260208
0.10440488904714584 0.11953480541706085
0.1034824401140213 0.11430785804986954
0.10269992798566818 0.10691346973180771
0.10240492224693298 0.13642840087413788
0.1020578071475029 0.10854093730449677
0.1018870398402214 0.10905369371175766
0.10114585608243942 0.1211264356970787
0.10094303637742996 0.11716322600841522
0.10041491687297821 0.1034659668803215
0.09957268834114075 0.12584801018238068
0.0992203876376152 0.10503935068845749
0.098946213722229 0.11510465294122696
0.09840137511491776 0.11304452270269394
0.09799758344888687 0.10902869701385498
0.09748515486717224 0.10462182760238647
0.0973767340183258 0.1050446480512619
0.09717057645320892 0.09776777774095535
0.09712141007184982 0.10334575176239014
0.09703444689512253 0.1505935788154602
0.09690140187740326 0.14710593223571777
0.09685259312391281 0.1218600645661354
0.09614101052284241 0.18637853860855103
0.09591345489025116 0.10420411825180054
0.09558960050344467 0.19091135263442993
0.09558522701263428 0.10962757468223572
0.09490456432104111 0.10232856869697571
0.0946994200348854 0.10920669883489609
0.09450823068618774 0.09904632717370987
0.0941004604101181 0.10159562528133392
0.09379608929157257 0.10558905452489853
0.09379363059997559 0.09429916739463806
0.09271471202373505 0.10943605750799179
0.0926082506775856 0.10645519196987152
0.09244518727064133 0.092733234167099
0.09231815487146378 0.1065143346786499
0.09230757504701614 0.12743233144283295
0.09159860014915466 0.11080589890480042
0.0910361185669899 0.10471566021442413
0.08987083286046982 0.09099961817264557
0.08760001510381699 0.09675716608762741
0.08752614259719849 0.12275603413581848
0.08751289546489716 0.09137807041406631
0.08685323596000671 0.1024361327290535
0.08683331310749054 0.08816058188676834
0.08573014289140701 0.09822602570056915
0.08499206602573395 0.13588133454322815
0.08424218744039536 0.11566850543022156
0.08298228681087494 0.0907537117600441
0.08278761059045792 0.09468637406826019
0.08266560733318329 0.09757311642169952
0.08242812007665634 0.12046121060848236
0.08225026726722717 0.0931357592344284
0.08039969950914383 0.08558859676122665
0.08009681105613708 0.08529993146657944
0.07981636375188828 0.08933015167713165
0.07843609154224396 0.07976936548948288
0.0775962769985199 0.08613237738609314
0.07736307382583618 0.09346988052129745
0.0761333703994751 0.09380518645048141
0.07482977956533432 0.0883232057094574
0.07430471479892731 0.08276818692684174
0.07422736287117004 0.09273228049278259
0.07301702350378036 0.08838018029928207
0.0686693862080574 0.07066864520311356
