0.22450107336044312 0.22860576212406158
0.22327552735805511 0.2238774597644806
0.22158445417881012 0.22480931878089905
0.22060362994670868 0.22242379188537598
0.22042298316955566 0.22779513895511627
0.2204151451587677 0.22615009546279907
0.22019310295581818 0.22349834442138672
0.219942107796669 0.22198045253753662
0.2195146083831787 0.22020569443702698
0.21883970499038696 0.21990926563739777
0.21874040365219116 0.22363366186618805
0.21826674044132233 0.2209668606519699
0.21824122965335846 0.22486568987369537
0.21820230782032013 0.22664181888103485
0.21813972294330597 0.22624902427196503
0.21778875589370728 0.21971693634986877
0.21769030392169952 0.22558967769145966
0.21761322021484375 0.22138291597366333
0.21753636002540588 0.22351686656475067
0.21733956038951874 0.2291868031024933
0.21731647849082947 0.22395870089530945
0.21725666522979736 0.2269449084997177
0.21714338660240173 0.22154831886291504
0.21693111956119537 0.22825419902801514
0.21691247820854187 0.21978506445884705
0.21691110730171204 0.22020697593688965
0.21684497594833374 0.22439971566200256
0.21674157679080963 0.22159871459007263
0.21669356524944305 0.22890973091125488
0.21656911075115204 0.22990502417087555
0.21626907587051392 0.2296801060438156
0.21623973548412323 0.22559532523155212
0.2162362039089203 0.22809767723083496
0.2161620855331421 0.2224145382642746
0.1953849196434021 0.19838476181030273
0.1755770444869995 0.1813499927520752
0.17435678839683533 0.18243780732154846
0.16067306697368622 0.18876895308494568
0.15978646278381348 0.23169639706611633
0.15453031659126282 0.1786922812461853
0.1477939933538437 0.1529434621334076
0.14718332886695862 0.17322875559329987
0.1428810954093933 0.14451605081558228
0.14256379008293152 0.1655644327402115
0.1400122046470642 0.1729995161294937
0.1362791210412979 0.18445004522800446
0.13619881868362427 0.15397998690605164
0.13083626329898834 0.14126142859458923
0.13062986731529236 0.13576021790504456
0.13035520911216736 0.14370852708816528
0.12995542585849762 0.17937935888767242
0.1299184113740921 0.13710471987724304
0.12878873944282532 0.17425090074539185
0.12713485956192017 0.14655281603336334
0.12601304054260254 0.128903329372406
0.12549038231372833 0.13033722341060638
0.12495671957731247 0.17486423254013062
0.12485722452402115 0.12787678837776184
0.12413571774959564 0.136715829372406
0.12377317994832993 0.13130763173103333
0.12270953506231308 0.13638629019260406
0.12134711444377899 0.17083914577960968
0.12096301466226578 0.13536611199378967
0.12065953761339188 0.12595289945602417
0.11992648988962173 0.12071115523576736
0.11902061849832535 0.12692870199680328
0.11859741806983948 0.15075735747814178
0.11851949989795685 0.1312069296836853
0.11836018413305283 0.16979259252548218
0.11810236424207687 0.15986908972263336
0.11734504997730255 0.12435296177864075
0.11669161170721054 0.17179417610168457
0.11574294418096542 0.13108506798744202
0.11469303071498871 0.1780124306678772
0.11410631239414215 0.14418195188045502
0.11343789845705032 0.1649634689092636
0.1134038195014 0.20734038949012756
0.11309293657541275 0.12412887811660767
0.11303672194480896 0.14970839023590088
0.11297619342803955 0.12292303889989853
0.11267893761396408 0.13002772629261017
0.11267828196287155 0.12412536889314651
0.11207456886768341 0.14898362755775452
0.11146296560764313 0.15463872253894806
0.1114230751991272 0.12130691111087799
0.11090042442083359 0.12202227860689163
0.11056848615407944 0.19750761985778809
0.11039529740810394 0.19926393032073975
0.10855221003293991 0.1108827218413353
0.10850170254707336 0.11579613387584686
0.10827170312404633 0.12497524917125702
0.10825799405574799 0.1481877714395523
0.10823600739240646 0.14355364441871643
0.10804674029350281 0.14700615406036377
0.10787057131528854 0.16903232038021088
0.1075398400425911 0.20087888836860657
0.10718950629234314 0.19562382996082306
0.10714162886142731 0.15527866780757904
0.10677433758974075 0.11822442710399628
0.10631817579269409 0.13641752302646637
0.10557737946510315 0.12695366144180298
0.10530558228492737 0.12292823195457458
0.10468900203704834 0.11901379376649857
0.10453915596008301 0.12639127671718597
0.10413975268602371 0.11426650732755661
0.10346531867980957 0.12941616773605347
0.10159981995820999 0.1297275274991989
0.10130549967288971 0.11723761260509491
0.1011221706867218 0.11329087615013123
0.10060321539640427 0.10955046862363815
0.10050095617771149 0.1136229857802391
0.09968931972980499 0.10991458594799042
0.09927885234355927 0.11843373626470566
0.0992097333073616 0.20072196424007416
0.09913410246372223 0.15312570333480835
0.09894692897796631 0.10631970316171646
0.09848502278327942 0.17445194721221924
0.0983457937836647 0.09875410050153732
0.09818101674318314 0.1460978388786316
0.09809578955173492 0.10875532031059265
0.09751494228839874 0.0975894033908844
0.09742996096611023 0.11921113729476929
0.09682662039995193 0.17540685832500458
0.09658145904541016 0.10295993834733963
0.09517712891101837 0.16626843810081482
0.09509626030921936 0.14505693316459656
0.0949481874704361 0.16398310661315918
0.0926692932844162 0.10701848566532135
0.0924910455942154 0.12621892988681793
0.09241560846567154 0.12113368511199951
0.09234685450792313 0.2152782380580902
0.09218137711286545 0.20239363610744476
0.09151116758584976 0.17938505113124847
0.09087327867746353 0.1278344839811325
0.09065229445695877 0.13637833297252655
0.09056401997804642 0.19967329502105713
0.0903245061635971 0.2109396755695343
0.09028477966785431 0.11634164303541183
0.09025079756975174 0.09458967298269272
0.08944491297006607 0.11981664597988129
0.08942244946956635 0.10053585469722748
0.0889832004904747 0.12947340309619904
0.08855921030044556 0.1317383348941803
0.08811695873737335 0.11977305263280869
0.08720263838768005 0.13773471117019653
0.08711143583059311 0.12923173606395721
0.08701825886964798 0.10771939158439636
0.08673539757728577 0.12024030089378357
0.08666390180587769 0.10702492296695709
0.0863824337720871 0.09390326589345932
0.08634768426418304 0.12256365269422531
0.08620763570070267 0.14279915392398834
0.08590859174728394 0.12336187064647675
0.08588595688343048 0.16927377879619598
0.08577141910791397 0.0879923403263092
0.08481644093990326 0.12294618040323257
0.08466406911611557 0.11824601888656616
0.08449583500623703 0.11170147359371185
0.08417443931102753 0.08851045370101929
0.08400236070156097 0.10687948018312454
0.08351384848356247 0.09339167177677155
0.08350665867328644 0.08720101416110992
0.08335159718990326 0.08669697493314743
0.08331489562988281 0.09908196330070496
0.08282728493213654 0.12067107856273651
0.08278553187847137 0.13845911622047424
0.08276894688606262 0.0951869785785675
0.08246611058712006 0.09953296184539795
0.08246318995952606 0.10394296050071716
0.0819036215543747 0.10191576927900314
0.08108837902545929 0.08761762082576752
0.08103156834840775 0.18941457569599152
0.08019033819437027 0.08053120970726013
0.07923908531665802 0.09541603922843933
0.07889929413795471 0.08170470595359802
0.07870372384786606 0.1252288818359375
0.07761131972074509 0.11662854999303818
0.07746787369251251 0.08971511572599411
0.07739944756031036 0.11149424314498901
0.07734081894159317 0.07964785397052765
0.07654339075088501 0.07963775098323822
0.07641561329364777 0.08118600398302078
0.07564932107925415 0.10092894732952118
0.07525864988565445 0.09511345624923706
0.07369381189346313 0.0792979896068573
0.07318492978811264 0.11497578769922256
0.07161299884319305 0.07917126268148422
0.07148266583681107 0.07616429775953293
0.0707319900393486 0.07501673698425293
0.07033858448266983 0.07406250387430191
0.07033173739910126 0.08028552681207657
0.0700228288769722 0.07453102618455887
0.06888588517904282 0.07406250387430191
0.06682192534208298 0.08689534664154053
0.06476482003927231 0.07179061323404312
0.06453421711921692 0.06710989028215408
0.0640874058008194 0.07536375522613525
0.06359367817640305 0.07216601073741913
0.058939408510923386 0.06604977697134018
