0.1764422059059143 0.18971651792526245
0.1648244559764862 0.18065515160560608
0.14472150802612305 0.15025410056114197
0.1443919688463211 0.16264472901821136
0.1440199464559555 0.1810741126537323
0.14264830946922302 0.15962649881839752
0.12954825162887573 0.13622264564037323
0.12616494297981262 0.12774847447872162
0.12481435388326645 0.1253577619791031
0.12131597101688385 0.13691627979278564
0.1198713481426239 0.1333507001399994
0.11703915894031525 0.13773754239082336
0.1169925257563591 0.12234143912792206
0.11384639889001846 0.14829164743423462
0.11325515806674957 0.11978387087583542
0.1128891333937645 0.11504901200532913
0.11269447952508926 0.11778023093938828
0.10947515070438385 0.12039162963628769
0.10904295742511749 0.11124866455793381
0.10745903849601746 0.11868059635162354
0.10700463503599167 0.11111019551753998
0.10652761161327362 0.10944931209087372
0.10639290511608124 0.15559329092502594
0.10632319748401642 0.10836092382669449
0.10572347044944763 0.12161286920309067
0.1054072380065918 0.11712868511676788
0.10533947497606277 0.1059943437576294
0.10519828647375107 0.11289069056510925
0.10492382198572159 0.10996609181165695
0.10488803684711456 0.12064208835363388
0.10452564805746078 0.10802970826625824
0.1042453944683075 0.1123812347650528
0.10364980250597 0.1152729019522667
0.10356466472148895 0.12987323105335236
0.10290151834487915 0.13712580502033234
0.10282398015260696 0.13379999995231628
0.10281490534543991 0.13497918844223022
0.10202883183956146 0.16567575931549072
0.10094733536243439 0.12320239841938019
0.10041524469852448 0.10747991502285004
0.09830821305513382 0.14418156445026398
0.09709557145833969 0.12838239967823029
0.09692180156707764 0.10050506144762039
0.09599819779396057 0.09753576666116714
0.09594058990478516 0.10006462037563324
0.09491173177957535 0.09856844693422318
0.0939217358827591 0.19478416442871094
0.0932217612862587 0.15673071146011353
0.09136135131120682 0.09277347475290298
0.09074809402227402 0.10677264630794525
0.09070667624473572 0.10655003786087036
0.09040197730064392 0.0977340117096901
0.08984145522117615 0.1022857129573822
0.08874190598726273 0.12302441149950027
0.0882430374622345 0.12315886467695236
0.0880785807967186 0.08809340000152588
0.08766384422779083 0.13486425578594208
0.08714819699525833 0.10352089256048203
0.08666064590215683 0.10395991057157516
0.08541875332593918 0.12775751948356628
0.08462315797805786 0.17992357909679413
0.08402956277132034 0.0853789821267128
0.08383947610855103 0.09094931185245514
0.0831354409456253 0.10184458643198013
0.08280795812606812 0.0838836282491684
0.08262020349502563 0.09214591234922409
0.08224473148584366 0.09100361913442612
0.08223728090524673 0.10761164873838425
0.0820605680346489 0.13528192043304443
0.08196721225976944 0.10845208168029785
0.08182650804519653 0.16199074685573578
0.08180069923400879 0.0822085365653038
0.08164714276790619 0.19854506850242615
0.08126474171876907 0.1253269910812378
0.08079852163791656 0.12579628825187683
0.08075098693370819 0.08901593834161758
0.08072205632925034 0.13599449396133423
0.07999567687511444 0.11979604512453079
0.07953249663114548 0.08082829415798187
0.07922927290201187 0.0822085365653038
0.0790124163031578 0.08084974437952042
0.07893814891576767 0.08667497336864471
0.07869969308376312 0.08122154325246811
0.07848000526428223 0.10463418811559677
0.07786393165588379 0.08156939595937729
0.07784038037061691 0.08034784346818924
0.07770539820194244 0.09623295813798904
0.0776730477809906 0.1267113834619522
0.07618757337331772 0.08838164806365967
0.07614292204380035 0.10453594475984573
0.07598896324634552 0.11120816320180893
0.07375812530517578 0.12782929837703705
0.07310556620359421 0.08249634504318237
0.072970911860466 0.09776848554611206
0.07289725542068481 0.07650315016508102
0.07279771566390991 0.08199840039014816
0.0727715715765953 0.08340375125408173
0.07273916155099869 0.07676646113395691
0.07256602495908737 0.08555141091346741
0.07246758788824081 0.08148103207349777
0.07208321988582611 0.08753831684589386
0.07199279963970184 0.12369316816329956
0.07183054834604263 0.1175621822476387
0.07182783633470535 0.07300762832164764
0.07180076837539673 0.13927580416202545
0.07176702469587326 0.07614275068044662
0.07119593024253845 0.089055635035038
0.07106973230838776 0.0756717175245285
0.07099815458059311 0.07412339001893997
0.07095897942781448 0.0755264163017273
0.07095614075660706 0.08180232346057892
0.07082834094762802 0.08470400422811508
0.07062900811433792 0.07063409686088562
0.07045779377222061 0.10754545778036118
0.0700347051024437 0.08488686382770538
0.06952573359012604 0.07676646113395691
0.06892905384302139 0.08631473779678345
0.0689103752374649 0.08135354518890381
0.06888088583946228 0.08513942360877991
0.06877864897251129 0.09103398025035858
0.0674685686826706 0.06974297761917114
0.06677556782960892 0.07509304583072662
0.06667671352624893 0.0732799544930458
0.06658308953046799 0.08221030235290527
0.06630879640579224 0.06815365701913834
0.06604303419589996 0.0682588517665863
0.06604130566120148 0.07289504259824753
0.0657258927822113 0.06762290745973587
0.06569395214319229 0.0780855342745781
0.06562188267707825 0.0801381915807724
0.06541374325752258 0.07789862155914307
0.06538882851600647 0.06791417300701141
0.06486658751964569 0.08766132593154907
0.06442104279994965 0.0653291866183281
0.06414291262626648 0.07292318344116211
0.06407692283391953 0.06621699035167694
0.06359028071165085 0.06465458124876022
0.0635678768157959 0.07180550694465637
0.06351109594106674 0.0696861743927002
0.06301134079694748 0.0722779631614685
0.06294430047273636 0.06695804744958878
0.062251944094896317 0.0871858298778534
0.062189746648073196 0.0761992409825325
0.062163300812244415 0.06493113189935684
0.06205349043011665 0.07556688040494919
0.06170656532049179 0.06440315395593643
0.06124670431017876 0.07505284249782562
0.06124100834131241 0.06283015757799149
0.06093344837427139 0.06500720232725143
0.060042522847652435 0.06186811253428459
0.059865474700927734 0.06563299149274826
0.059807177633047104 0.07884193956851959
0.059729695320129395 0.060050055384635925
0.05713704973459244 0.06186280772089958
0.05702895298600197 0.11297191679477692
0.05671254172921181 0.06719959527254105
0.056669771671295166 0.08129920810461044
0.056626223027706146 0.05789842829108238
0.05657808110117912 0.08348929136991501
0.05643370375037193 0.05996274948120117
0.05611021816730499 0.06259055435657501
0.05600505694746971 0.05722716078162193
0.05582540109753609 0.07112068682909012
0.055650681257247925 0.06905948370695114
0.05514628067612648 0.06670322269201279
0.0550396591424942 0.06205030530691147
0.054985206574201584 0.0589582622051239
0.05441407486796379 0.058682508766651154
0.05384811386466026 0.054415639489889145
0.053783733397722244 0.05401994287967682
0.053233347833156586 0.05391523614525795
0.05232315510511398 0.06029839813709259
0.05203556269407272 0.05965447053313255
0.05115640163421631 0.054162632673978806
0.04986898973584175 0.07405751198530197
0.04972688853740692 0.058136947453022
0.04953104630112648 0.05965447053313255
