0.2051166594028473 0.21015600860118866
0.19834595918655396 0.20641297101974487
0.19600938260555267 0.2087181657552719
0.19237421452999115 0.19381000101566315
0.18902625143527985 0.2307693213224411
0.1859380155801773 0.1902008354663849
0.18571224808692932 0.20225149393081665
0.18525850772857666 0.27842578291893005
0.1841740757226944 0.19432909786701202
0.18101079761981964 0.1855495274066925
0.17963962256908417 0.21168522536754608
0.17939266562461853 0.18533024191856384
0.17686016857624054 0.2182909995317459
0.17679910361766815 0.21249952912330627
0.1742812693119049 0.20218375325202942
0.17051741480827332 0.17374756932258606
0.17025166749954224 0.1895497590303421
0.1697210967540741 0.17114506661891937
0.16939708590507507 0.19448181986808777
0.16920338571071625 0.19061768054962158
0.16783395409584045 0.19761024415493011
0.16708320379257202 0.20123130083084106
0.16694484651088715 0.18161819875240326
0.16681256890296936 0.1768573671579361
0.1664147824048996 0.20407842099666595
0.16638007760047913 0.19429118931293488
0.1659190058708191 0.2275940626859665
0.16579392552375793 0.18331341445446014
0.16557033360004425 0.2300541251897812
0.1654658019542694 0.18908680975437164
0.16390039026737213 0.177907794713974
0.1637968271970749 0.20115865767002106
0.16331051290035248 0.20025859773159027
0.16325145959854126 0.1660868376493454
0.1629837155342102 0.1923065185546875
0.1626909375190735 0.19376546144485474
0.16249792277812958 0.21628427505493164
0.1619696319103241 0.17771033942699432
0.1609359234571457 0.23752249777317047
0.15981289744377136 0.18143494427204132
0.1595146656036377 0.1789606511592865
0.15927837789058685 0.20372362434864044
0.1592474728822708 0.17167828977108002
0.15861999988555908 0.19194628298282623
0.15830561518669128 0.17974510788917542
0.1582031100988388 0.23554670810699463
0.15812918543815613 0.18378372490406036
0.15807022154331207 0.16437529027462006
0.15796974301338196 0.17335112392902374
0.15736964344978333 0.17915190756320953
0.15712960064411163 0.16723571717739105
0.15657879412174225 0.15817132592201233
0.15642288327217102 0.16080765426158905
0.1556377112865448 0.17627936601638794
0.15540671348571777 0.1722951978445053
0.15530024468898773 0.21769770979881287
0.1545230597257614 0.25104212760925293
0.15417054295539856 0.16443337500095367
0.15312983095645905 0.17118434607982635
0.15307465195655823 0.15621688961982727
0.15249082446098328 0.15813280642032623
0.15241150557994843 0.1612609326839447
0.15180160105228424 0.1997509002685547
0.1516643613576889 0.17097969353199005
0.1510154902935028 0.2151554524898529
0.15025492012500763 0.20324420928955078
0.15020309388637543 0.2291630059480667
0.14993073046207428 0.205890491604805
0.14963701367378235 0.19040903449058533
0.1495295912027359 0.18440212309360504
0.1492994725704193 0.20273679494857788
0.14831751585006714 0.1668926626443863
0.14830808341503143 0.264546275138855
0.14816057682037354 0.2523633539676666
0.14801329374313354 0.16652747988700867
0.1474614143371582 0.21496890485286713
0.14727263152599335 0.15407902002334595
0.1465425193309784 0.238228902220726
0.1464776247739792 0.24960187077522278
0.14479120075702667 0.1688462644815445
0.14465110003948212 0.16067898273468018
0.14464595913887024 0.20749126374721527
0.14458809792995453 0.17702680826187134
0.14449024200439453 0.2220315784215927
0.14404742419719696 0.15263277292251587
0.14352373778820038 0.15108928084373474
0.14293503761291504 0.18270882964134216
0.14292119443416595 0.37180331349372864
0.1419583410024643 0.21606650948524475
0.1418488323688507 0.2164042890071869
0.14183761179447174 0.14920546114444733
0.14167281985282898 0.1607307642698288
0.14087988436222076 0.2614733576774597
0.14077474176883698 0.181062251329422
0.14071477949619293 0.19256919622421265
0.14052458107471466 0.22992652654647827
0.14048032462596893 0.15243029594421387
0.13987939059734344 0.16138993203639984
0.13981811702251434 0.1732582002878189
0.13978008925914764 0.17701949179172516
0.13976852595806122 0.15189839899539948
0.13967497646808624 0.3972395658493042
0.13908793032169342 0.19034212827682495
0.13887426257133484 0.22940407693386078
0.13795432448387146 0.2181490808725357
0.13786256313323975 0.17077991366386414
0.13691005110740662 0.20175544917583466
0.13553787767887115 0.15356288850307465
0.13543736934661865 0.15820808708667755
0.13515307009220123 0.205107644200325
0.13512852787971497 0.1380029320716858
0.1349492073059082 0.22308054566383362
0.13394786417484283 0.1989142745733261
0.13385316729545593 0.20399096608161926
0.1337428241968155 0.3064298629760742
0.1334206908941269 0.17983794212341309
0.13339082896709442 0.22343389689922333
0.13013941049575806 0.13141603767871857
0.12893401086330414 0.23136354982852936
0.1288459151983261 0.19069579243659973
0.12883202731609344 0.23675644397735596
0.12847799062728882 0.222609281539917
0.12582068145275116 0.15885481238365173
0.12445712089538574 0.17521728575229645
0.12445421516895294 0.19705387949943542
0.12403538078069687 0.1472027599811554
0.12302353978157043 0.17344021797180176
0.12245336174964905 0.15526153147220612
0.12210669368505478 0.12543252110481262
0.12173909693956375 0.13269846141338348
0.12112680077552795 0.2551247179508209
0.12087629735469818 0.1615644097328186
0.12014728784561157 0.13488765060901642
0.11958476901054382 0.19623591005802155
0.11943598091602325 0.26911720633506775
0.11856411397457123 0.1706542819738388
0.11844033747911453 0.16770295798778534
0.11722523719072342 0.19210107624530792
0.1168491467833519 0.13989000022411346
0.11597743630409241 0.1258777678012848
0.11457382142543793 0.12813450396060944
0.11328960955142975 0.11852000653743744
0.11297514289617538 0.15168792009353638
0.11213656514883041 0.12711353600025177
0.11138705164194107 0.1148635521531105
0.11119403690099716 0.12017138302326202
0.1085931584239006 0.19531139731407166
0.10630384087562561 0.11257472634315491
0.1028919517993927 0.10391367226839066
0.10226593166589737 0.11375320702791214
0.10171981900930405 0.19221065938472748
0.10039249062538147 0.13790841400623322
0.09904834628105164 0.1672682911157608
0.09875711053609848 0.11562778800725937
0.09799426048994064 0.10592763125896454
0.09664908051490784 0.10208838433027267
0.09475431591272354 0.10100755095481873
0.09267915040254593 0.1085127666592598
0.0900932252407074 0.10611052066087723
