0.3551623821258545 0.36231330037117004
0.351162850856781 0.35333502292633057
0.3491712808609009 0.3505062460899353
0.348219096660614 0.35231244564056396
0.34723567962646484 0.3478474020957947
0.34686318039894104 0.3484271466732025
0.3465580940246582 0.3479105532169342
0.3462579846382141 0.3463326394557953
0.34525689482688904 0.35278764367103577
0.34522929787635803 0.35012805461883545
0.3443200886249542 0.3532765507698059
0.3439938724040985 0.3457316756248474
0.34381964802742004 0.3448428213596344
0.3428427577018738 0.35025152564048767
0.3427266776561737 0.34891578555107117
0.3424222767353058 0.344434916973114
0.3424077332019806 0.3449304699897766
0.34237781167030334 0.3481261134147644
0.3423704206943512 0.3527565896511078
0.34226298332214355 0.3472622036933899
0.3419691324234009 0.34722596406936646
0.3418663442134857 0.3432387709617615
0.34170255064964294 0.349039763212204
0.34168103337287903 0.35145607590675354
0.34159383177757263 0.34779414534568787
0.34147098660469055 0.3464139401912689
0.3413735330104828 0.349049836397171
0.34117844700813293 0.34797629714012146
0.3411712348461151 0.350269079208374
0.34112414717674255 0.35148683190345764
0.3410188853740692 0.3435792624950409
0.3409546911716461 0.3437820374965668
0.34089717268943787 0.34830665588378906
0.34088122844696045 0.3473755717277527
0.34087279438972473 0.34274229407310486
0.3408094346523285 0.34819427132606506
0.340664803981781 0.3478553891181946
0.34040188789367676 0.34592586755752563
0.34038829803466797 0.346395879983902
0.3403604328632355 0.3484205901622772
0.3402945101261139 0.34809985756874084
0.34022653102874756 0.35072457790374756
0.3401194214820862 0.34594666957855225
0.33999815583229065 0.3495491147041321
0.3399544656276703 0.34692496061325073
0.33993253111839294 0.34790122509002686
0.33987095952033997 0.34914878010749817
0.33987075090408325 0.35040050745010376
0.33966803550720215 0.3536175489425659
0.33965280652046204 0.34315192699432373
0.3394773602485657 0.34994766116142273
0.3394276201725006 0.3461458086967468
0.3394148647785187 0.3501932919025421
0.33927494287490845 0.34885960817337036
0.33905085921287537 0.3529537618160248
0.21217001974582672 0.3532971739768982
0.2114928513765335 0.34271830320358276
0.20815221965312958 0.3416925370693207
0.1867978721857071 0.34920573234558105
0.1726582795381546 0.37351855635643005
0.17096908390522003 0.18574070930480957
0.16161419451236725 0.1671968549489975
0.160211980342865 0.1643773466348648
0.15756043791770935 0.17416608333587646
0.15670658648014069 0.15791593492031097
0.1562652885913849 0.16257233917713165
0.15180739760398865 0.16600725054740906
0.14982718229293823 0.1572144478559494
0.14884571731090546 0.1506245732307434
0.14851994812488556 0.3417779803276062
0.1480383574962616 0.35489189624786377
0.14746999740600586 0.15621976554393768
0.1439376324415207 0.14741288125514984
0.14195601642131805 0.14893977344036102
0.14168299734592438 0.3558705747127533
0.141226664185524 0.3518853485584259
0.13957081735134125 0.16102993488311768
0.1393442153930664 0.1454782336950302
0.13828954100608826 0.14087772369384766
0.13739630579948425 0.3464008569717407
0.13617533445358276 0.1736651062965393
0.1358318328857422 0.1692279875278473
0.13516773283481598 0.13700805604457855
0.1346963495016098 0.1794833540916443
0.13431543111801147 0.14079424738883972
0.1324538290500641 0.3543413281440735
0.13102227449417114 0.13879399001598358
0.12980760633945465 0.1580212563276291
0.1283535212278366 0.3602598309516907
0.12791074812412262 0.1430567502975464
0.12700529396533966 0.1314573436975479
0.1268976777791977 0.16732291877269745
0.12673644721508026 0.17844294011592865
0.12610448896884918 0.12679874897003174
0.12487928569316864 0.1355004757642746
0.12475399672985077 0.12730897963047028
0.12373334914445877 0.17477154731750488
0.12279656529426575 0.12518349289894104
0.12266340851783752 0.19152192771434784
0.12143586575984955 0.19498029351234436
0.12089361995458603 0.169089213013649
0.12031391263008118 0.16324558854103088
0.12024369835853577 0.15498660504817963
0.12019321322441101 0.12140697985887527
0.12013571709394455 0.12560130655765533
0.1175573468208313 0.1355339139699936
0.11668149381875992 0.13235700130462646
0.11647173017263412 0.19582581520080566
0.1154472678899765 0.15461744368076324
0.11520132422447205 0.12152866274118423
0.11463406682014465 0.12043315172195435
0.11363287270069122 0.1918376088142395
0.11358148604631424 0.11779315024614334
0.11246029287576675 0.1336241364479065
0.11119778454303741 0.12351908534765244
0.11117902398109436 0.13401983678340912
0.11042569577693939 0.18144498765468597
0.1100725308060646 0.14202015101909637
0.10989265143871307 0.1804817020893097
0.1094646081328392 0.1465945839881897
0.10934475809335709 0.14264550805091858
0.10903328657150269 0.11184003204107285
0.10894861072301865 0.1190476194024086
0.10715043544769287 0.12858633697032928
0.10710815340280533 0.12982501089572906
0.10643621534109116 0.11911455541849136
0.10565706342458725 0.12838788330554962
0.10545562952756882 0.12089763581752777
0.10414669662714005 0.13957683742046356
0.10066936910152435 0.10385876148939133
0.10023263096809387 0.10280762612819672
0.09977733343839645 0.13695374131202698
0.0993214100599289 0.1323285549879074
0.09861114621162415 0.1571681797504425
0.09846433252096176 0.12059395760297775
0.09825614839792252 0.10757599025964737
0.09718053042888641 0.11915550380945206
0.09708788990974426 0.10347912460565567
0.09694993495941162 0.10278796404600143
0.0962577611207962 0.10914898663759232
0.09612483531236649 0.12830249965190887
0.09552077203989029 0.10304509103298187
0.09519502520561218 0.10746423900127411
0.09512399137020111 0.12440888583660126
0.09447507560253143 0.134586364030838
0.09432126581668854 0.11519850790500641
0.0943203717470169 0.095196433365345
0.09425295889377594 0.10529833287000656
0.09364968538284302 0.11350198090076447
0.09220564365386963 0.12782065570354462
0.09177689999341965 0.12237828969955444
0.09145518392324448 0.13622403144836426
0.09086433053016663 0.12104813754558563
0.09078541398048401 0.12367529422044754
0.08955911546945572 0.09002337604761124
0.08851754665374756 0.12001068890094757
0.08674952387809753 0.09304255992174149
0.08619198948144913 0.11391784995794296
0.08608090132474899 0.08855534344911575
0.08564489334821701 0.10325829684734344
0.08350328356027603 0.08847223222255707
0.08276411890983582 0.08553147315979004
0.0826137512922287 0.08673766255378723
0.08246088773012161 0.11111702024936676
0.08173419535160065 0.08566153049468994
0.08129017800092697 0.10459482669830322
0.08081179857254028 0.08453696966171265
0.080074742436409 0.08638620376586914
0.07959888130426407 0.09209879487752914
0.0789358839392662 0.12450218945741653
0.0773463323712349 0.09482810646295547
0.07626377791166306 0.08143207430839539
0.07622627168893814 0.08276161551475525
0.07323507964611053 0.07800932228565216
0.07314880192279816 0.08857865631580353
0.07309424877166748 0.08821151405572891
0.07273842394351959 0.07777674496173859
0.07224990427494049 0.07745984941720963
0.0707714855670929 0.0937211811542511
0.06857419013977051 0.07274046540260315
0.06788292527198792 0.07956861704587936
0.0661151334643364 0.07430929690599442
0.06521569937467575 0.0778617262840271
0.06413879990577698 0.0736086368560791
0.06283329427242279 0.0764710009098053
0.06220798194408417 0.0637388676404953
0.05398678034543991 0.06115947663784027
