0.7477592825889587 0.7480834722518921
0.7447561621665955 0.7521302700042725
0.18007007241249084 0.18085800111293793
0.15212996304035187 0.15848995745182037
0.1495882272720337 0.15335345268249512
0.14746695756912231 0.15012109279632568
0.14394232630729675 0.1488277167081833
0.14366064965724945 0.16099292039871216
0.14269088208675385 0.15210546553134918
0.14075300097465515 0.16292531788349152
0.13771118223667145 0.14347539842128754
0.1367662101984024 0.14168132841587067
0.13672669231891632 0.1614118069410324
0.1362413763999939 0.13709481060504913
0.13556845486164093 0.14238126575946808
0.13386692106723785 0.13592013716697693
0.13375011086463928 0.14358757436275482
0.13291727006435394 0.13388118147850037
0.13021469116210938 0.13589295744895935
0.12854823470115662 0.13128988444805145
0.12722647190093994 0.1299678534269333
0.1269182562828064 0.13811971247196198
0.12671834230422974 0.13040022552013397
0.12531721591949463 0.12548638880252838
0.1252407729625702 0.1336711049079895
0.12475243955850601 0.13748270273208618
0.12319579720497131 0.12474507838487625
0.12284838408231735 0.12767294049263
0.1225036084651947 0.16858947277069092
0.12206199765205383 0.13872189819812775
0.12133107334375381 0.13807909190654755
0.12096881866455078 0.13384830951690674
0.12000459432601929 0.13879524171352386
0.11829611659049988 0.12405838817358017
0.11786052584648132 0.1383271962404251
0.11732300370931625 0.12804129719734192
0.11613836884498596 0.11779552698135376
0.11595103144645691 0.122519850730896
0.11571291089057922 0.12524759769439697
0.11538819223642349 0.13801482319831848
0.11517513543367386 0.12286858260631561
0.11487004905939102 0.12211130559444427
0.11462359130382538 0.13792245090007782
0.11428691446781158 0.11643839627504349
0.1141296848654747 0.12407644838094711
0.11398309469223022 0.1441059708595276
0.11388565599918365 0.20374205708503723
0.11231336742639542 0.1132751926779747
0.11222733557224274 0.13541702926158905
0.11208157986402512 0.11960670351982117
0.11207222938537598 0.13965411484241486
0.11169885098934174 0.1333080530166626
0.11152639240026474 0.13777413964271545
0.11133908480405807 0.12143440544605255
0.11116304993629456 0.1750299334526062
0.11114519089460373 0.11155174672603607
0.11084742099046707 0.11660689860582352
0.1105741336941719 0.11716490983963013
0.11055520921945572 0.12310396134853363
0.10981645435094833 0.11635047942399979
0.10976583510637283 0.176032155752182
0.10953138023614883 0.13288834691047668
0.1091587245464325 0.11149181425571442
0.10892241448163986 0.11970733851194382
0.10871972888708115 0.10904471576213837
0.10856263339519501 0.11140618473291397
0.10834634304046631 0.10946638882160187
0.10786586999893188 0.12519806623458862
0.10751040279865265 0.11135432869195938
0.10749296098947525 0.1313706338405609
0.10702680051326752 0.10789596289396286
0.10694584250450134 0.11124944686889648
0.1064218133687973 0.14877794682979584
0.10641355812549591 0.10959677398204803
0.10636097192764282 0.13815385103225708
0.10619586706161499 0.1204809844493866
0.10602608323097229 0.14458997547626495
0.1056419089436531 0.13702750205993652
0.10532550513744354 0.12506146728992462
0.10529427975416183 0.13813908398151398
0.10515987128019333 0.15550056099891663
0.10467834025621414 0.10744848847389221
0.1043836921453476 0.11159032583236694
0.10381091386079788 0.13211317360401154
0.10317306220531464 0.13364239037036896
0.1030767485499382 0.14076094329357147
0.10261766612529755 0.16569086909294128
0.10255464911460876 0.10643307864665985
0.10249259322881699 0.11805589497089386
0.1022363156080246 0.10385925322771072
0.10211078822612762 0.10369239747524261
0.1020769327878952 0.1111401692032814
0.10142987221479416 0.12326467037200928
0.10086940973997116 0.10294518619775772
0.10060577094554901 0.10400963574647903
0.10054813325405121 0.14405900239944458
0.09998992085456848 0.1269025355577469
0.09988947957754135 0.1725398451089859
0.09968330711126328 0.11336391419172287
0.09932604432106018 0.1290210485458374
0.0991182029247284 0.11287584900856018
0.09834709763526917 0.12020129710435867
0.09831906110048294 0.11344003677368164
0.0981074720621109 0.09834329783916473
0.09757048636674881 0.1471768170595169
0.09705042839050293 0.1250929832458496
0.09643290936946869 0.14151227474212646
0.09619290381669998 0.10048367828130722
0.09615995734930038 0.14434124529361725
0.09591294080018997 0.10766201466321945
0.09521655738353729 0.14514365792274475
0.09489355236291885 0.1340034306049347
0.09383493661880493 0.126775860786438
0.09372922033071518 0.10470110177993774
0.09326343983411789 0.1743183434009552
0.0928604006767273 0.11185946315526962
0.09230440855026245 0.10143150389194489
0.09209364652633667 0.18710331618785858
0.09199360013008118 0.10723927617073059
0.0914091169834137 0.10504834353923798
0.0910942554473877 0.10259976983070374
0.09098947793245316 0.11790748685598373
0.09053003787994385 0.17691190540790558
0.09018117934465408 0.1088545098900795
0.0900338888168335 0.10557948797941208
0.08954554796218872 0.13627943396568298
0.08945558220148087 0.11023517698049545
0.08938051015138626 0.09758642315864563
0.08937200158834457 0.16848647594451904
0.0893164724111557 0.10375268757343292
0.08931523561477661 0.10917624831199646
0.08888521790504456 0.12297633290290833
0.08864228427410126 0.10421998798847198
0.08853016048669815 0.14036592841148376
0.08798255771398544 0.1161530613899231
0.08780784904956818 0.11391178518533707
0.08769278228282928 0.10014794021844864
0.08751693367958069 0.09733251482248306
0.08716075122356415 0.08995568752288818
0.08701317012310028 0.0928693637251854
0.08663596957921982 0.09594602882862091
0.0858772024512291 0.0923476293683052
0.08566690236330032 0.09375669062137604
0.08543913811445236 0.10741335898637772
0.08484726399183273 0.11301253736019135
0.08468075096607208 0.1372939497232437
0.08467104285955429 0.08622770756483078
0.08438945561647415 0.09952913224697113
0.08435650169849396 0.09679501503705978
0.08404054492712021 0.11636347323656082
0.08391810953617096 0.09889785945415497
0.08391712605953217 0.09233158081769943
0.08362166583538055 0.08583944290876389
0.08324821293354034 0.11353233456611633
0.08283377438783646 0.09439796954393387
0.08240073919296265 0.09070958197116852
0.08200973272323608 0.0956193283200264
0.0818738341331482 0.09267181158065796
0.08180467039346695 0.08186620473861694
0.0806969478726387 0.08224692940711975
0.08065575361251831 0.0840834528207779
0.08064212650060654 0.1806543916463852
0.08059901744127274 0.08215789496898651
0.08058493584394455 0.12001396715641022
0.08002512156963348 0.08205552399158478
0.07988037914037704 0.08474388718605042
0.07951710373163223 0.08812221884727478
0.07912318408489227 0.07951629161834717
0.07828075438737869 0.07944139093160629
0.07804512232542038 0.08678563684225082
0.07767222821712494 0.12697833776474
0.07761827856302261 0.08608300983905792
0.07730767130851746 0.07732903957366943
0.07721749693155289 0.15490640699863434
0.0771704688668251 0.11927255243062973
0.07710497081279755 0.08638381958007812
0.07632339000701904 0.09783919900655746
0.07588697969913483 0.12474996596574783
0.07570146769285202 0.13200624287128448
0.07569824159145355 0.07808618247509003
0.07555866986513138 0.08193384855985641
0.0746266171336174 0.08172763139009476
0.0738280788064003 0.0767369419336319
0.07302838563919067 0.07561463862657547
0.0729571208357811 0.14386825263500214
0.07231166213750839 0.08505360037088394
0.07125552743673325 0.08457557111978531
0.07110274583101273 0.09264709800481796
0.07066939026117325 0.11915978044271469
0.07042830437421799 0.08110729604959488
0.07026484608650208 0.075469471514225
0.0701088160276413 0.08646434545516968
0.0700812041759491 0.07555902004241943
0.07004144787788391 0.0714314877986908
0.06944163143634796 0.09179136157035828
0.06937695294618607 0.07939649373292923
0.06777326762676239 0.0710325613617897
0.06766350567340851 0.10196205973625183
0.06746701896190643 0.0775095596909523
0.06702011078596115 0.11243531852960587
0.06432530283927917 0.06774136424064636
0.06394117325544357 0.071074940264225
0.06347370147705078 0.06712963432073593
0.06171796843409538 0.06903309375047684
0.0611586794257164 0.0666772872209549
0.05588202178478241 0.0767873078584671
