0.5842129588127136 0.58712238073349
0.5143465995788574 0.5206857919692993
0.5120061635971069 0.5214343667030334
0.3844394087791443 0.3959868252277374
0.3843240439891815 0.40280574560165405
0.17194506525993347 0.1760806292295456
0.16982969641685486 0.17128556966781616
0.16773545742034912 0.17629948258399963
0.16762179136276245 0.17210224270820618
0.16709117591381073 0.17235897481441498
0.16674832999706268 0.17257332801818848
0.13399577140808105 0.1414009928703308
0.12216563522815704 0.12562350928783417
0.12070058286190033 0.12351621687412262
0.11855053156614304 0.12336529791355133
0.11695094406604767 0.12781737744808197
0.11666106432676315 0.12240961939096451
0.11643442511558533 0.12087158858776093
0.11292508989572525 0.13513712584972382
0.10929042100906372 0.11177732050418854
0.10811859369277954 0.14451299607753754
0.1071404218673706 0.14458593726158142
0.10494738817214966 0.11036854982376099
0.10303816199302673 0.10813736170530319
0.10184270143508911 0.12617304921150208
0.10162714868783951 0.11077646166086197
0.10136517882347107 0.11905350536108017
0.10130436718463898 0.12445453554391861
0.10089601576328278 0.13193279504776
0.10083351284265518 0.10538376122713089
0.10069023817777634 0.10206632316112518
0.10054782778024673 0.11763674020767212
0.10032305121421814 0.1144200935959816
0.10007041692733765 0.10923098772764206
0.09993311017751694 0.11124250292778015
0.09982021898031235 0.10010910779237747
0.0997108444571495 0.10791924595832825
0.09966105222702026 0.1048898845911026
0.09904495626688004 0.10315191745758057
0.0987023264169693 0.099749855697155
0.09854497760534286 0.10420633107423782
0.09854333847761154 0.1062048152089119
0.09840866923332214 0.1332298368215561
0.0979713723063469 0.09926469624042511
0.09785580635070801 0.11706859618425369
0.09769462794065475 0.10474789887666702
0.09761710464954376 0.10302579402923584
0.09745623171329498 0.10334067791700363
0.09743984788656235 0.1126229465007782
0.09694095700979233 0.10041634738445282
0.0968342274427414 0.09953883290290833
0.09660129994153976 0.10650821030139923
0.09615805000066757 0.09893781691789627
0.09585004299879074 0.10005262494087219
0.09537836164236069 0.09955812990665436
0.09489058703184128 0.13085369765758514
0.09477844089269638 0.09500441700220108
0.09409964829683304 0.10486112534999847
0.09398291260004044 0.13545921444892883
0.09371869266033173 0.09906372427940369
0.09333830326795578 0.09772089868783951
0.09333830326795578 0.09685725718736649
0.09328333288431168 0.09914562106132507
0.09306534379720688 0.10288794338703156
0.09259175509214401 0.10508852452039719
0.09254574775695801 0.10536883026361465
0.0917830541729927 0.1066838949918747
0.09165050089359283 0.1354362964630127
0.091541588306427 0.10901351273059845
0.09129718691110611 0.10813736170530319
0.09106852114200592 0.10295099020004272
0.09041130542755127 0.09715167433023453
0.08934817463159561 0.09804534167051315
0.08923497796058655 0.09776981920003891
0.08853760361671448 0.11397574841976166
0.08773557841777802 0.10494618117809296
0.08770611882209778 0.09017959982156754
0.08760910481214523 0.11555264890193939
0.08760207146406174 0.0967310443520546
0.0875052884221077 0.09912362694740295
0.08703382313251495 0.13080887496471405
0.0869508758187294 0.10214662551879883
0.08683635294437408 0.10637564957141876
0.08622109889984131 0.10009798407554626
0.0858687236905098 0.09763908386230469
0.08584874868392944 0.11519371718168259
0.08575502038002014 0.08999142795801163
0.08556414395570755 0.11691036075353622
0.0849689468741417 0.11130034178495407
0.08472567051649094 0.11837959289550781
0.08442942798137665 0.09765279293060303
0.08421026915311813 0.10772990435361862
0.08393646776676178 0.09632902592420578
0.08329496532678604 0.10953982174396515
0.08302799612283707 0.08817393332719803
0.0826147273182869 0.11188476532697678
0.08237409591674805 0.08941514045000076
0.08225580304861069 0.0989612489938736
0.08187602460384369 0.11906740069389343
0.08154790848493576 0.0971815213561058
0.08133503049612045 0.11969207972288132
0.08100198954343796 0.14193420112133026
0.08069754391908646 0.09936901181936264
0.08054214715957642 0.11661194264888763
0.08009673655033112 0.13187924027442932
0.07950915396213531 0.08049820363521576
0.07918871939182281 0.10992539674043655
0.07750172913074493 0.10173787921667099
0.0771496444940567 0.10963589698076248
0.07629550248384476 0.07966259121894836
0.07620280236005783 0.08178246021270752
0.07574061304330826 0.13137757778167725
0.07571090012788773 0.07734483480453491
0.07552437484264374 0.07865219563245773
0.07515192031860352 0.07564842700958252
0.07356075197458267 0.11060462892055511
0.07322443276643753 0.08316919952630997
0.07319267094135284 0.08422327041625977
0.07276945561170578 0.11772900819778442
0.0727032870054245 0.1045941710472107
0.07242179661989212 0.11106207221746445
0.07235494256019592 0.07740742713212967
0.07209085673093796 0.07209775596857071
0.07189839333295822 0.10759668797254562
0.07158985733985901 0.07482019066810608
0.07124817371368408 0.07342644035816193
0.0711093470454216 0.09340184926986694
0.07101580500602722 0.08278818428516388
0.07085844874382019 0.07246574014425278
0.07062820345163345 0.09626530110836029
0.07052761316299438 0.10201042890548706
0.07050997018814087 0.16006265580654144
0.07035799324512482 0.07483529299497604
0.07034802436828613 0.0755225196480751
0.07016827911138535 0.11329027265310287
0.0698457881808281 0.07795912027359009
0.0697469487786293 0.07377257198095322
0.06965908408164978 0.07080323994159698
0.06947459280490875 0.09475131332874298
0.06930693238973618 0.07897617667913437
0.06909797340631485 0.09454148262739182
0.06908667087554932 0.0723150223493576
0.06816070526838303 0.07911025732755661
0.06800287216901779 0.08179425448179245
0.06788425147533417 0.08794154971837997
0.06788380444049835 0.06924402713775635
0.06741837412118912 0.0877985805273056
0.06737411022186279 0.08625426143407822
0.06726109981536865 0.09400950372219086
0.06652577966451645 0.06672926247119904
0.06623103469610214 0.08492027223110199
0.06585009396076202 0.07086987048387527
0.06536456197500229 0.06732562929391861
0.06450466811656952 0.08129558712244034
0.06438682973384857 0.07636410742998123
0.06402692198753357 0.0963485836982727
0.06391174346208572 0.08509383350610733
0.06388039886951447 0.10682689398527145
0.06380895525217056 0.06474035233259201
0.06378842890262604 0.10236738622188568
0.06377758085727692 0.07169847935438156
0.06372510641813278 0.08412477374076843
0.06362801790237427 0.09780622273683548
0.06288112699985504 0.10261648893356323
0.06243181601166725 0.08313988894224167
0.06217101961374283 0.07671571522951126
0.06206526607275009 0.06280848383903503
0.061915215104818344 0.06673113256692886
0.06154617294669151 0.07879901677370071
0.06130030378699303 0.06384797394275665
0.06102636083960533 0.06935708224773407
0.060895971953868866 0.06423237919807434
0.06064492464065552 0.0698452964425087
0.06047815829515457 0.07163325697183609
0.060260109603405 0.07327240705490112
0.0599992573261261 0.07488080859184265
0.05994947627186775 0.0873919203877449
0.05961053818464279 0.06848873198032379
0.058792632073163986 0.09203629940748215
0.05807926505804062 0.05873478576540947
0.057018380612134933 0.07083095610141754
0.05693158134818077 0.05761416256427765
0.05632413551211357 0.06414367258548737
0.056245896965265274 0.0665312111377716
0.05551208183169365 0.06514440476894379
0.055266816169023514 0.06694279611110687
0.055134765803813934 0.08390824496746063
0.05513410270214081 0.05784258618950844
0.05492447316646576 0.06156262382864952
0.05486048012971878 0.055572401732206345
0.05460122600197792 0.06478952616453171
0.05380222573876381 0.06497685611248016
0.0535132996737957 0.065488301217556
0.05285537987947464 0.06088811531662941
0.05245016887784004 0.07864976674318314
0.052430443465709686 0.0610843263566494
0.05209948495030403 0.05678312107920647
0.052067093551158905 0.05973333865404129
0.0519680492579937 0.06376753002405167
0.05172509700059891 0.06837001442909241
0.05148032307624817 0.05689754709601402
0.049581367522478104 0.05368777737021446
0.04919733107089996 0.05707741901278496
0.04866514354944229 0.06723375618457794
0.04727460816502571 0.05387469753623009
0.0463172122836113 0.05535219982266426
0.04583611711859703 0.055876925587654114
0.045454349368810654 0.04999161884188652
0.04451773315668106 0.045170437544584274
0.04253964126110077 0.05954312905669212
0.037129733711481094 0.048032406717538834
