0.1392747163772583 0.14480620622634888
0.13630639016628265 0.1366523951292038
0.13583114743232727 0.14851956069469452
0.12796586751937866 0.13275033235549927
0.12779942154884338 0.13214902579784393
0.12341535836458206 0.12522132694721222
0.12061816453933716 0.14709113538265228
0.11752543598413467 0.1262168437242508
0.1163128986954689 0.12495381385087967
0.11604367196559906 0.12831589579582214
0.1128523126244545 0.11877625435590744
0.11233469098806381 0.131497323513031
0.1118817999958992 0.12358753383159637
0.11077187210321426 0.12198477983474731
0.10957194119691849 0.11464303731918335
0.10886659473180771 0.11460480839014053
0.10783480107784271 0.1133447140455246
0.10758408159017563 0.14080850780010223
0.10677875578403473 0.10687603801488876
0.10663149505853653 0.13843406736850739
0.10651466250419617 0.11905695497989655
0.10592760145664215 0.1472419947385788
0.10579396784305573 0.1167113184928894
0.10539878904819489 0.11441045254468918
0.1051228791475296 0.12882143259048462
0.10405796766281128 0.10750345140695572
0.10380224138498306 0.12110704183578491
0.10255870223045349 0.14860385656356812
0.10222160816192627 0.12720756232738495
0.10188424587249756 0.13075457513332367
0.10177354514598846 0.136749267578125
0.10173903405666351 0.10964491963386536
0.10168679058551788 0.1054336428642273
0.10145765542984009 0.1582498848438263
0.1014198511838913 0.11025651544332504
0.10130850970745087 0.10922761261463165
0.10029732435941696 0.12828555703163147
0.09947627037763596 0.1014837846159935
0.09946176409721375 0.12925760447978973
0.09910045564174652 0.11031996458768845
0.09899616241455078 0.1579548418521881
0.09889046102762222 0.130709707736969
0.09884703159332275 0.10610081255435944
0.09777960181236267 0.11194397509098053
0.09757411479949951 0.12564778327941895
0.09753312915563583 0.10324685275554657
0.09728142619132996 0.09868621081113815
0.09660452604293823 0.09840257465839386
0.09651972353458405 0.11732732504606247
0.09614959359169006 0.0966242104768753
0.0961037129163742 0.15457499027252197
0.0958857536315918 0.11261710524559021
0.09510847181081772 0.1472242772579193
0.09463692456483841 0.12661781907081604
0.09453815966844559 0.11776096373796463
0.09441997855901718 0.09621650725603104
0.09418345987796783 0.11483295261859894
0.09398893266916275 0.10943543910980225
0.09368114918470383 0.10365810990333557
0.09342361241579056 0.09644705057144165
0.09332999587059021 0.19002358615398407
0.09323311597108841 0.10321560502052307
0.09311572462320328 0.1356595903635025
0.09307713061571121 0.09904173761606216
0.09247829765081406 0.10440133512020111
0.09180514514446259 0.10308785736560822
0.09071310609579086 0.09504857659339905
0.08998847007751465 0.11871764808893204
0.08974722772836685 0.09842576831579208
0.08913429081439972 0.14836598932743073
0.08909591287374496 0.13736595213413239
0.08786743134260178 0.09421484172344208
0.0877297967672348 0.09334170073270798
0.08699972927570343 0.08793395757675171
0.08649846911430359 0.09465612471103668
0.08637679368257523 0.0967954769730568
0.08579342812299728 0.11811751872301102
0.08573121577501297 0.0994570329785347
0.08567272126674652 0.1165371835231781
0.08527158200740814 0.09205082803964615
0.08480532467365265 0.08531604707241058
0.084654800593853 0.10321560502052307
0.08461155742406845 0.1014740914106369
0.08445580303668976 0.0921410620212555
0.08430327475070953 0.13403894007205963
0.08407709747552872 0.08652394264936447
0.08370953053236008 0.1008419618010521
0.0833553671836853 0.08546224236488342
0.08328726142644882 0.11633579432964325
0.08313540369272232 0.14554545283317566
0.08298139274120331 0.08620789647102356
0.08293415606021881 0.10626283288002014
0.0824999287724495 0.1128009781241417
0.0823032557964325 0.1632935106754303
0.082185760140419 0.08676761388778687
0.08205835521221161 0.15695929527282715
0.08204220980405807 0.08875323832035065
0.08203023672103882 0.1099294051527977
0.08192003518342972 0.09375866502523422
0.08175203204154968 0.11259754747152328
0.08163485676050186 0.09086164087057114
0.08146795630455017 0.08441969007253647
0.08116693794727325 0.18740180134773254
0.0809810608625412 0.08900745213031769
0.08097672462463379 0.0984511449933052
0.08092760294675827 0.12554533779621124
0.08069957047700882 0.09987489134073257
0.08058491349220276 0.0937914326786995
0.08054862171411514 0.08746550232172012
0.08032622188329697 0.0874657928943634
0.0802454948425293 0.12046092003583908
0.08013642579317093 0.08524146676063538
0.07972470670938492 0.10136771202087402
0.07966626435518265 0.10331440716981888
0.07951100915670395 0.10291242599487305
0.07932434231042862 0.08292050659656525
0.07928948849439621 0.1572255790233612
0.07902108132839203 0.08898746967315674
0.0789729431271553 0.09187980741262436
0.07886446267366409 0.09736912697553635
0.07815495133399963 0.10932809859514236
0.07809042185544968 0.08502781391143799
0.07795967161655426 0.10670877993106842
0.0774722620844841 0.07816492021083832
0.07699158787727356 0.08610066771507263
0.07683862000703812 0.09349676221609116
0.07644224166870117 0.08172890543937683
0.07631870359182358 0.07915337383747101
0.07576620578765869 0.07908256351947784
0.07567806541919708 0.10756788402795792
0.07566958665847778 0.08926969021558762
0.07558980584144592 0.10056459158658981
0.0753883644938469 0.0893682911992073
0.07527376711368561 0.09341961145401001
0.07510730624198914 0.08511117845773697
0.0743858739733696 0.09965074062347412
0.07414563745260239 0.08658499270677567
0.0740412101149559 0.09174378961324692
0.07398347556591034 0.08948598802089691
0.07390400022268295 0.08317406475543976
0.07387253642082214 0.07717026025056839
0.07359753549098969 0.10065639764070511
0.07359255105257034 0.09364757686853409
0.07346821576356888 0.07509265840053558
0.07327739149332047 0.0830104649066925
0.07305457442998886 0.08431901037693024
0.07302497327327728 0.07848942279815674
0.07296507805585861 0.0921662300825119
0.0727706104516983 0.0749649628996849
0.07234488427639008 0.08185170590877533
0.07196297496557236 0.07201937586069107
0.07182370871305466 0.10120058059692383
0.07164254039525986 0.07364438474178314
0.07148028910160065 0.08716252446174622
0.07135799527168274 0.08124557882547379
0.07124241441488266 0.09583597630262375
0.07123936712741852 0.08120407164096832
0.0709700956940651 0.07595597207546234
0.07031188160181046 0.07496665418148041
0.07028022408485413 0.08717811852693558
0.07026682794094086 0.08094743639230728
0.06965864449739456 0.07104247808456421
0.06950969249010086 0.101503387093544
0.06922143697738647 0.07757220417261124
0.06914740055799484 0.08374835550785065
0.06864501535892487 0.06881839036941528
0.06838709115982056 0.07651220262050629
0.06712458282709122 0.07577395439147949
0.06675156950950623 0.09961887449026108
0.06636840105056763 0.0772475153207779
0.06603239476680756 0.07335980236530304
0.06592243909835815 0.07495132088661194
0.06579671055078506 0.06603904813528061
0.06466040760278702 0.06567762792110443
0.06429342925548553 0.066363625228405
0.0632266253232956 0.0658779889345169
0.0629701092839241 0.06858821958303452
0.06240459159016609 0.0756060853600502
0.06123774126172066 0.06793016940355301
0.06091818958520889 0.0644567459821701
0.05997069925069809 0.06728854775428772
0.059594664722681046 0.07772641628980637
0.05958007276058197 0.0751912072300911
0.05937937647104263 0.06794635951519012
0.05893608182668686 0.07534495741128922
0.05688781291246414 0.06414786726236343
0.055465951561927795 0.06766252219676971
