0.22558487951755524 0.22944201529026031
0.21295689046382904 0.22378873825073242
0.1969822347164154 0.20011873543262482
0.19446274638175964 0.21459010243415833
0.1911657154560089 0.2069472074508667
0.1908319741487503 0.1983487606048584
0.1893477737903595 0.1898411065340042
0.1878814697265625 0.1951349526643753
0.1862923502922058 0.19546370208263397
0.18595637381076813 0.20648856461048126
0.18564440310001373 0.20390285551548004
0.18471349775791168 0.20265039801597595
0.1842687577009201 0.19181153178215027
0.18148766458034515 0.18579469621181488
0.1810634732246399 0.1908860057592392
0.18097613751888275 0.1855746954679489
0.18089592456817627 0.19389566779136658
0.18055935204029083 0.19060644507408142
0.17940294742584229 0.19612807035446167
0.1791880875825882 0.1873915046453476
0.17914040386676788 0.18785783648490906
0.17890682816505432 0.2080206722021103
0.178674578666687 0.1937553584575653
0.17787368595600128 0.18946708738803864
0.17751502990722656 0.20724304020404816
0.17705146968364716 0.1990516185760498
0.17668834328651428 0.19055667519569397
0.17616359889507294 0.21431224048137665
0.17578530311584473 0.18620629608631134
0.17559126019477844 0.20991244912147522
0.17469413578510284 0.2023833692073822
0.17458626627922058 0.19012121856212616
0.17377591133117676 0.17884045839309692
0.1733834445476532 0.2144547700881958
0.17302760481834412 0.21246498823165894
0.17187854647636414 0.17365092039108276
0.17115291953086853 0.1806667149066925
0.17084747552871704 0.20197047293186188
0.17083962261676788 0.17925596237182617
0.16920475661754608 0.17134308815002441
0.16895762085914612 0.207957923412323
0.16854393482208252 0.17314466834068298
0.1683051586151123 0.1752694696187973
0.16806448996067047 0.1709611564874649
0.16783826053142548 0.21268141269683838
0.16775083541870117 0.17541350424289703
0.16772682964801788 0.17658083140850067
0.1675146073102951 0.18226838111877441
0.16622887551784515 0.16738121211528778
0.16608723998069763 0.16925184428691864
0.16579370200634003 0.17050231993198395
0.16565366089344025 0.1790958046913147
0.16495166718959808 0.1907513290643692
0.16483329236507416 0.16704048216342926
0.1647363156080246 0.18611274659633636
0.16442552208900452 0.1872607171535492
0.16434694826602936 0.16675110161304474
0.1643233448266983 0.1674950122833252
0.16336044669151306 0.16601519286632538
0.16334831714630127 0.17412517964839935
0.1632813811302185 0.16471333801746368
0.1631624549627304 0.18065816164016724
0.1630333960056305 0.17111536860466003
0.16275982558727264 0.18202611804008484
0.1621776521205902 0.19971466064453125
0.16207483410835266 0.1705320179462433
0.1620447188615799 0.22322680056095123
0.16201630234718323 0.17532798647880554
0.16195560991764069 0.1642911434173584
0.16164886951446533 0.16854281723499298
0.1614326387643814 0.16812334954738617
0.16120493412017822 0.16738121211528778
0.16102220118045807 0.19098757207393646
0.16101248562335968 0.16758295893669128
0.16070502996444702 0.17538395524024963
0.16028368473052979 0.19477224349975586
0.16025079786777496 0.1792088747024536
0.15982148051261902 0.1714424192905426
0.15973472595214844 0.17004743218421936
0.15965664386749268 0.1757643073797226
0.1595933735370636 0.1813834309577942
0.1595519483089447 0.17997761070728302
0.15911993384361267 0.1665029525756836
0.1587241142988205 0.17723636329174042
0.15766645967960358 0.21751901507377625
0.15650427341461182 0.16499020159244537
0.1556262969970703 0.17410314083099365
0.1556108593940735 0.15591572225093842
0.15541253983974457 0.18612539768218994
0.1550842672586441 0.1614050567150116
0.15504789352416992 0.17296749353408813
0.15487812459468842 0.1984098255634308
0.15469768643379211 0.22423239052295685
0.15427623689174652 0.18407504260540009
0.15353672206401825 0.1925995647907257
0.1528998166322708 0.1606113314628601
0.15266123414039612 0.21223567426204681
0.15255852043628693 0.1555912345647812
0.15252229571342468 0.18511199951171875
0.1524101346731186 0.18173378705978394
0.15234579145908356 0.15949934720993042
0.15180641412734985 0.1825336068868637
0.15171214938163757 0.16485026478767395
0.1512763947248459 0.16082260012626648
0.1512259691953659 0.18725253641605377
0.15121155977249146 0.174855038523674
0.15120382606983185 0.2134528011083603
0.15106511116027832 0.1659911721944809
0.15078535676002502 0.17058482766151428
0.1504775434732437 0.16789034008979797
0.1497584730386734 0.16802045702934265
0.1495864987373352 0.15683479607105255
0.1495310217142105 0.15572388470172882
0.1494491547346115 0.1593191921710968
0.1489485502243042 0.16342897713184357
0.14869119226932526 0.16136685013771057
0.14851544797420502 0.2244793027639389
0.1484755128622055 0.15607458353042603
0.1483270823955536 0.15871760249137878
0.1482783406972885 0.1557169109582901
0.148106187582016 0.15276814997196198
0.14808298647403717 0.15349285304546356
0.14792250096797943 0.17543157935142517
0.14765498042106628 0.1602201908826828
0.1474762260913849 0.17917059361934662
0.14731232821941376 0.15690429508686066
0.14729997515678406 0.14849762618541718
0.14718666672706604 0.20389127731323242
0.14716480672359467 0.1615452617406845
0.14656606316566467 0.1922738403081894
0.14618928730487823 0.15861037373542786
0.14597676694393158 0.17789538204669952
0.14438848197460175 0.1913031041622162
0.14427420496940613 0.1604134738445282
0.14414174854755402 0.14438919723033905
0.1439066380262375 0.18407504260540009
0.1438589245080948 0.15655988454818726
0.1438545286655426 0.1718146800994873
0.14372390508651733 0.16228079795837402
0.14354047179222107 0.18246901035308838
0.14335456490516663 0.15287399291992188
0.1430422067642212 0.17930184304714203
0.14293186366558075 0.1648247390985489
0.14286358654499054 0.15715886652469635
0.14286144077777863 0.17705100774765015
0.1427532285451889 0.21969713270664215
0.1427302211523056 0.16189636290073395
0.14261630177497864 0.1821800023317337
0.14256443083286285 0.16594162583351135
0.14241164922714233 0.1810208112001419
0.1424005627632141 0.15740039944648743
0.14239338040351868 0.14266835153102875
0.14239291846752167 0.1887197196483612
0.14218954741954803 0.19881834089756012
0.1421842873096466 0.15688161551952362
0.14205460250377655 0.16142526268959045
0.1418251395225525 0.16653203964233398
0.1413126438856125 0.18390391767024994
0.14005047082901 0.18562938272953033
0.1396590620279312 0.1411430984735489
0.13953876495361328 0.18198947608470917
0.13942685723304749 0.14883339405059814
0.13942526280879974 0.16857166588306427
0.13922619819641113 0.1859920620918274
0.13880778849124908 0.16403590142726898
0.13878308236598969 0.1591714471578598
0.13790076971054077 0.13875319063663483
0.1378215104341507 0.16760368645191193
0.13744598627090454 0.14783672988414764
0.13733039796352386 0.18960368633270264
0.13690181076526642 0.21024537086486816
0.13591371476650238 0.18766029179096222
0.13573923707008362 0.13830557465553284
0.13517902791500092 0.2158076912164688
0.1341731995344162 0.16151537001132965
0.13327433168888092 0.1501309722661972
0.13309331238269806 0.21512050926685333
0.13300639390945435 0.15554291009902954
0.13146036863327026 0.14470958709716797
0.131300687789917 0.14954255521297455
0.13089542090892792 0.13229143619537354
0.12998902797698975 0.1395033448934555
0.12967482209205627 0.19330282509326935
0.12962117791175842 0.17553909122943878
0.1293041855096817 0.19516567885875702
0.12912927567958832 0.14578956365585327
0.128963440656662 0.13647286593914032
0.12813077867031097 0.18605108559131622
0.12803620100021362 0.13615359365940094
0.12776848673820496 0.15137061476707458
0.12721309065818787 0.1419629603624344
0.12651972472667694 0.14958278834819794
0.12598513066768646 0.13908778131008148
0.12565959990024567 0.16836945712566376
0.12510035932064056 0.19101782143115997
0.12404654920101166 0.12981626391410828
0.12403662502765656 0.12785275280475616
0.12395557016134262 0.17720215022563934
0.1231183111667633 0.17059968411922455
0.122521311044693 0.1432933360338211
0.12236999720335007 0.14449764788150787
0.12235140055418015 0.1357467621564865
0.12223999202251434 0.16244010627269745
0.12223821133375168 0.12912356853485107
0.12208406627178192 0.16697143018245697
0.12100968509912491 0.12583303451538086
0.12083186954259872 0.14897367358207703
0.12054888159036636 0.12669487297534943
0.12051203101873398 0.19117215275764465
0.12018278241157532 0.19116826355457306
0.1200268417596817 0.23128287494182587
0.11971200257539749 0.15663652122020721
0.11935654282569885 0.1264342963695526
0.11902011185884476 0.14033009111881256
0.11888828128576279 0.19623227417469025
0.11873772740364075 0.20707020163536072
0.11833246052265167 0.14758142828941345
0.11776643991470337 0.1875676065683365
0.11682071536779404 0.18900568783283234
0.1168067455291748 0.19424833357334137
0.11635994911193848 0.13026537001132965
0.11608441174030304 0.21598200500011444
0.11538419127464294 0.1259213536977768
0.11511656641960144 0.13175512850284576
0.11473490297794342 0.1668464094400406
0.11431404203176498 0.1177903413772583
0.11427204310894012 0.15385086834430695
0.1140194982290268 0.13620585203170776
0.1125505343079567 0.14224877953529358
0.11098656803369522 0.1983286738395691
0.11020643264055252 0.12870082259178162
0.10998641699552536 0.14321373403072357
0.10979996621608734 0.11126137524843216
0.10903856158256531 0.1539749801158905
0.10875410586595535 0.11763716489076614
0.10837621241807938 0.13074913620948792
0.10827670991420746 0.1543973982334137
0.10814523696899414 0.11694792658090591
0.1079898327589035 0.13437294960021973
0.1068643182516098 0.11608892679214478
0.10676059871912003 0.14707930386066437
0.10420306771993637 0.1585574746131897
0.10369465500116348 0.15865667164325714
0.10351518541574478 0.12925292551517487
0.1034531369805336 0.1266067922115326
0.10337425768375397 0.10452758520841599
0.10180053859949112 0.13521133363246918
0.1017291396856308 0.1034807562828064
0.10125461220741272 0.13168857991695404
0.10120686143636703 0.12396106123924255
0.10069075971841812 0.11422567814588547
0.10033432394266129 0.1287926435470581
0.09930223971605301 0.12422046810388565
0.09916757792234421 0.10944680124521255
0.09663116931915283 0.1213107481598854
0.09567849338054657 0.10671112686395645
0.09503880143165588 0.13338503241539001
0.09476064890623093 0.10522973537445068
0.09430260211229324 0.10644525289535522
0.09347593039274216 0.09803150594234467
0.09300486743450165 0.12124381214380264
0.08886487036943436 0.09297464787960052
0.08802590519189835 0.1038949191570282
0.08779944479465485 0.11091012507677078
0.0852683037519455 0.09794299304485321
0.08440234512090683 0.09031394124031067
0.08216698467731476 0.08650688827037811
0.07791057229042053 0.09469597786664963
0.07640744745731354 0.07935120910406113
