0.15387865900993347 0.16604749858379364
0.15181942284107208 0.15957826375961304
0.15074516832828522 0.16070778667926788
0.14526303112506866 0.14553092420101166
0.13885796070098877 0.15052355825901031
0.12678131461143494 0.13619159162044525
0.12526404857635498 0.1284666806459427
0.12421426177024841 0.12823353707790375
0.12241518497467041 0.1486487239599228
0.12159235775470734 0.13932275772094727
0.12074622511863708 0.13213235139846802
0.11953026801347733 0.12162695825099945
0.11952769756317139 0.12327643483877182
0.11893856525421143 0.13372191786766052
0.11741646379232407 0.14425231516361237
0.11693532764911652 0.1563311070203781
0.11562149971723557 0.1284194141626358
0.11491294950246811 0.12001525610685349
0.11432082206010818 0.1518746316432953
0.11418203264474869 0.1488085687160492
0.11405930668115616 0.12349146604537964
0.11247251182794571 0.12924660742282867
0.11205786466598511 0.12415561079978943
0.11203362047672272 0.116704061627388
0.11055463552474976 0.11626295000314713
0.10856051743030548 0.11651168018579483
0.10848704725503922 0.1265905648469925
0.10821563750505447 0.11054360866546631
0.10793793201446533 0.13277654349803925
0.1075001135468483 0.13492901623249054
0.10749723762273788 0.1366216391324997
0.10701612383127213 0.15251915156841278
0.10683545470237732 0.10900551080703735
0.10664830356836319 0.13292016088962555
0.1063290387392044 0.10905776917934418
0.10512744635343552 0.14594882726669312
0.1050843745470047 0.129459947347641
0.10478904098272324 0.10568805038928986
0.10328516364097595 0.13091126084327698
0.10277073830366135 0.1241939589381218
0.10255639255046844 0.12134585529565811
0.10233428329229355 0.1074090301990509
0.10223084688186646 0.1401938796043396
0.10158390551805496 0.13021090626716614
0.10136541724205017 0.11070947349071503
0.10132461041212082 0.1312856376171112
0.1006002128124237 0.14046825468540192
0.10035399347543716 0.10585229843854904
0.09930867701768875 0.10198041051626205
0.09884294122457504 0.13981948792934418
0.0986541286110878 0.11746221780776978
0.09759253263473511 0.09910643100738525
0.09680088609457016 0.12464642524719238
0.0966702476143837 0.15620461106300354
0.09605569392442703 0.13720567524433136
0.09551167488098145 0.1102810874581337
0.09481288492679596 0.11637109518051147
0.09454532712697983 0.14153221249580383
0.09451235830783844 0.16136205196380615
0.09434658288955688 0.10713528096675873
0.09246712177991867 0.15964317321777344
0.09225552529096603 0.16576652228832245
0.09219138324260712 0.13264238834381104
0.09213331341743469 0.11203837394714355
0.09167921543121338 0.20136357843875885
0.09090597927570343 0.10296765714883804
0.09063943475484848 0.09924512356519699
0.08994948863983154 0.12904299795627594
0.08976855874061584 0.10772053152322769
0.0897529348731041 0.10235907137393951
0.08950101584196091 0.11529028415679932
0.08947532624006271 0.1134391650557518
0.08940498530864716 0.13798096776008606
0.08933804929256439 0.10629484057426453
0.08878908306360245 0.1322048455476761
0.08845004439353943 0.16618593037128448
0.08765916526317596 0.13625940680503845
0.08762697130441666 0.14192534983158112
0.08731476217508316 0.09033643454313278
0.08690518885850906 0.11591257899999619
0.08668967336416245 0.10000646114349365
0.08652528375387192 0.08674576133489609
0.08628828078508377 0.10044975578784943
0.08608776330947876 0.11743161827325821
0.08591935783624649 0.1053350418806076
0.08570308238267899 0.08611490577459335
0.08564212918281555 0.11926063150167465
0.08559596538543701 0.10213170200586319
0.0854719877243042 0.09546785801649094
0.08532094210386276 0.1409020572900772
0.08531952649354935 0.08967851847410202
0.08531137555837631 0.15998461842536926
0.08498016744852066 0.10233698785305023
0.0849311426281929 0.08631659299135208
0.08484699577093124 0.1490602195262909
0.08474374562501907 0.14329077303409576
0.0845513790845871 0.08853413164615631
0.08451984822750092 0.16906777024269104
0.08421196043491364 0.11943872272968292
0.08406073600053787 0.17432071268558502
0.08381347358226776 0.1700509637594223
0.08329502493143082 0.10297845304012299
0.08322393149137497 0.08829889446496964
0.0829167291522026 0.16033482551574707
0.08259248733520508 0.09751725196838379
0.0821993425488472 0.09746336936950684
0.08190622180700302 0.10728258639574051
0.08103399723768234 0.17965418100357056
0.08097884058952332 0.08621512353420258
0.08090618997812271 0.08225374668836594
0.08079823106527328 0.18626849353313446
0.08068404346704483 0.0924980565905571
0.0805039256811142 0.0947294533252716
0.08048012852668762 0.08696700632572174
0.08043531328439713 0.10072216391563416
0.08033143728971481 0.0893797054886818
0.08015237003564835 0.11711765825748444
0.08008194714784622 0.09479622542858124
0.07951019704341888 0.17357803881168365
0.07950761169195175 0.12526662647724152
0.07928810268640518 0.07997778058052063
0.07918937504291534 0.15882810950279236
0.07905846834182739 0.11138952523469925
0.07878542691469193 0.08075276762247086
0.07858679443597794 0.09478748589754105
0.07778730988502502 0.07788866013288498
0.07745527476072311 0.12968766689300537
0.07741674035787582 0.12240306288003922
0.07700400054454803 0.10375872999429703
0.07581557333469391 0.08686511963605881
0.07574472576379776 0.07982411235570908
0.07569945603609085 0.08285456895828247
0.07463429868221283 0.08956019580364227
0.0742088332772255 0.0994352251291275
0.07335478812456131 0.16857942938804626
0.07211524993181229 0.09213561564683914
0.07205939292907715 0.12974926829338074
0.07197067886590958 0.08041468262672424
0.07155170291662216 0.09792787581682205
0.07140928506851196 0.08037803322076797
0.07137612253427505 0.15679606795310974
0.07071816176176071 0.07217298448085785
0.07037951797246933 0.08349311351776123
0.07006748765707016 0.10012539476156235
0.06997893750667572 0.07643938809633255
0.06935907155275345 0.07003029435873032
0.06910473108291626 0.07047904282808304
0.0688377320766449 0.09466826915740967
0.06868880242109299 0.08523271232843399
0.06756976991891861 0.07570978254079819
0.06754589080810547 0.07018609344959259
0.06738507747650146 0.1163783073425293
0.06635948270559311 0.07315978407859802
0.06623730808496475 0.0746380165219307
0.06595665216445923 0.08139379322528839
0.0657661035656929 0.06960541009902954
0.06355959177017212 0.0719650462269783
0.06314903497695923 0.09464626759290695
0.0620906688272953 0.07183541357517242
0.06202014535665512 0.10049043595790863
0.06181052327156067 0.07093451172113419
0.061739567667245865 0.06966297328472137
0.0573325976729393 0.060078490525484085
0.05639050900936127 0.062554731965065
0.055665936321020126 0.05893818661570549
0.05501094087958336 0.08568422496318817
0.05478161945939064 0.05904014781117439
0.05457726866006851 0.06400683522224426
0.053927358239889145 0.06052631884813309
0.05080696940422058 0.062450189143419266
0.04715518653392792 0.0481177419424057
0.04671961069107056 0.05285777896642685
0.04644423723220825 0.05851848050951958
