0.16233839094638824 0.16470034420490265
0.1448720544576645 0.1466159224510193
0.13787643611431122 0.1395198404788971
0.13623686134815216 0.1370067596435547
0.13244783878326416 0.18357805907726288
0.13049140572547913 0.13296227157115936
0.1274745762348175 0.12769931554794312
0.12379050999879837 0.16478626430034637
0.121610626578331 0.13041138648986816
0.12105338275432587 0.12417615205049515
0.1167457327246666 0.1372128427028656
0.11672328412532806 0.12903256714344025
0.11614479124546051 0.12228527665138245
0.11613086611032486 0.17469123005867004
0.11493618041276932 0.13850639760494232
0.11260759085416794 0.1305703967809677
0.11198946833610535 0.11524666845798492
0.11026943475008011 0.14731141924858093
0.10848145186901093 0.11544899642467499
0.10631836950778961 0.1258823126554489
0.10585197061300278 0.1339280754327774
0.10540784895420074 0.11113348603248596
0.10517685860395432 0.13992196321487427
0.1051330640912056 0.15654771029949188
0.10420406609773636 0.11486438661813736
0.1029982641339302 0.12315724790096283
0.1026918888092041 0.10493215918540955
0.10219419747591019 0.10614211857318878
0.10156344622373581 0.13939888775348663
0.10127054899930954 0.11413665860891342
0.10007378458976746 0.10082628577947617
0.09953906387090683 0.11108981817960739
0.09901014715433121 0.14598241448402405
0.09820951521396637 0.10495848953723907
0.09811054170131683 0.10027308762073517
0.09782655537128448 0.13557587563991547
0.09776462614536285 0.10750530660152435
0.09703914076089859 0.14052864909172058
0.09690859168767929 0.11095111817121506
0.09619530290365219 0.13635307550430298
0.09612929075956345 0.14089705049991608
0.0957181304693222 0.12153224647045135
0.09562709927558899 0.12135541439056396
0.095194973051548 0.10496620833873749
0.09469055384397507 0.11180953681468964
0.0942743569612503 0.0994240865111351
0.09333593398332596 0.12128205597400665
0.09314246475696564 0.14683212339878082
0.09232751280069351 0.1299048662185669
0.09217160195112228 0.1062851995229721
0.09074467420578003 0.14492017030715942
0.09005410224199295 0.13887465000152588
0.08959808945655823 0.16799381375312805
0.08916123956441879 0.08928018808364868
0.08908822387456894 0.09450488537549973
0.0887768417596817 0.1729881763458252
0.0879923552274704 0.09331876784563065
0.08798728138208389 0.09534826874732971
0.08784685283899307 0.1517903059720993
0.0874156653881073 0.11349985748529434
0.08738898485898972 0.1121067926287651
0.08670032024383545 0.10093826055526733
0.08619147539138794 0.09404656291007996
0.08614859730005264 0.08779587596654892
0.08603236824274063 0.09240856766700745
0.08599572628736496 0.09734804928302765
0.08579704910516739 0.09124162793159485
0.08569884300231934 0.090889111161232
0.085187166929245 0.0980934277176857
0.08476410806179047 0.08833014965057373
0.08462616056203842 0.1098036915063858
0.08450595289468765 0.10517161339521408
0.08383452147245407 0.09615074843168259
0.08364447951316833 0.08385571837425232
0.08333289623260498 0.10616381466388702
0.08304675668478012 0.08599511533975601
0.08299347013235092 0.11133437603712082
0.08258503675460815 0.0859699621796608
0.08243530988693237 0.09193804860115051
0.08230656385421753 0.11795458942651749
0.08221915364265442 0.11546167731285095
0.08137624710798264 0.11962556093931198
0.08118584007024765 0.08171205222606659
0.08090076595544815 0.12183608114719391
0.08074690401554108 0.08528099209070206
0.08066150546073914 0.12203612178564072
0.08065402507781982 0.08446946740150452
0.08051735162734985 0.08529556542634964
0.08016660809516907 0.08460179716348648
0.08009974658489227 0.11553233116865158
0.08005161583423615 0.11071992665529251
0.08003164082765579 0.09245213866233826
0.07912468165159225 0.09961745887994766
0.07882814109325409 0.14267194271087646
0.0787617415189743 0.11722904443740845
0.07872943580150604 0.09501766413450241
0.07863828539848328 0.11427595466375351
0.07785847038030624 0.10777632147073746
0.07784692943096161 0.08488909900188446
0.07767010480165482 0.08409290015697479
0.0774543285369873 0.08271804451942444
0.07742540538311005 0.08722139149904251
0.07719021290540695 0.1525203138589859
0.07717356830835342 0.10081823170185089
0.07701193541288376 0.09035588055849075
0.07696022838354111 0.07824906706809998
0.07692625373601913 0.07758407294750214
0.07660555094480515 0.10057319700717926
0.07653182744979858 0.07956328243017197
0.07647690176963806 0.07700464129447937
0.076221764087677 0.07787074148654938
0.0761091485619545 0.12259198725223541
0.07609768211841583 0.08050087094306946
0.07600893825292587 0.10196736454963684
0.07584248483181 0.09991729259490967
0.07578204572200775 0.09327506273984909
0.07571375370025635 0.1232597827911377
0.07546195387840271 0.08171837776899338
0.0753718763589859 0.11565587669610977
0.07510213553905487 0.0997193232178688
0.0750821903347969 0.08571900427341461
0.07505451142787933 0.10877005755901337
0.07484256476163864 0.10318658500909805
0.07482236623764038 0.13488613069057465
0.07460387796163559 0.1083410382270813
0.07444506138563156 0.08376587927341461
0.07406967878341675 0.07487258315086365
0.0738750472664833 0.08527958393096924
0.07386397570371628 0.07880812883377075
0.07363994419574738 0.09363239258527756
0.07363660633563995 0.08398795872926712
0.07266505807638168 0.10595213621854782
0.07244664430618286 0.09888922423124313
0.07235085219144821 0.0753634050488472
0.07194937765598297 0.103911854326725
0.07179395109415054 0.07321585714817047
0.07151081413030624 0.10216476023197174
0.07141584157943726 0.10457886755466461
0.07139740139245987 0.10057993978261948
0.07117493450641632 0.14428411424160004
0.07081785053014755 0.0723659098148346
0.0697944164276123 0.07054591178894043
0.06972270458936691 0.0775829404592514
0.06953728199005127 0.07350365817546844
0.06927795708179474 0.0774715393781662
0.06900336593389511 0.0964275673031807
0.06848730891942978 0.07954055815935135
0.06832457333803177 0.08031675964593887
0.06824473291635513 0.10444047302007675
0.06801243126392365 0.06849855929613113
0.06796752661466599 0.07368021458387375
0.0679086446762085 0.08049546927213669
0.06776301562786102 0.07812630385160446
0.06716788560152054 0.07555458694696426
0.06680773943662643 0.08240719139575958
0.06610840559005737 0.06771721690893173
0.06603321433067322 0.0698518306016922
0.0657762736082077 0.06772596389055252
0.06577607244253159 0.09641838818788528
0.06572741270065308 0.07392744719982147
0.06529872119426727 0.0708267092704773
0.06513258069753647 0.06752703338861465
0.06511148810386658 0.07102703303098679
0.06496632099151611 0.06842935085296631
0.06487749516963959 0.0794111117720604
0.06479639559984207 0.07397522777318954
0.06467831879854202 0.06478865444660187
0.06458534300327301 0.07005506008863449
0.06265886127948761 0.06887029856443405
0.06229677051305771 0.07596424967050552
0.06218726933002472 0.06493964791297913
0.05999179556965828 0.06126933544874191
0.05974059924483299 0.07776874303817749
0.059600744396448135 0.06625564396381378
0.05953751876950264 0.061588630080223083
0.05783824622631073 0.06397928297519684
0.057536203414201736 0.0706343725323677
