0.17590102553367615 0.2747485339641571
0.17282448709011078 0.17569281160831451
0.17143751680850983 0.19538389146327972
0.16999350488185883 0.17267237603664398
0.16909241676330566 0.19671127200126648
0.16719727218151093 0.19201155006885529
0.16400957107543945 0.16509564220905304
0.16316170990467072 0.17393949627876282
0.16256850957870483 0.1880461871623993
0.15453265607357025 0.15717723965644836
0.15349021553993225 0.1728256493806839
0.1526663601398468 0.16267316043376923
0.15116779506206512 0.15971018373966217
0.15005262196063995 0.169183611869812
0.1475299745798111 0.17454466223716736
0.1467892974615097 0.16266553103923798
0.14664484560489655 0.1641700565814972
0.14617246389389038 0.16789434850215912
0.14601518213748932 0.16252191364765167
0.14593440294265747 0.17628952860832214
0.1451840102672577 0.1663099080324173
0.14478757977485657 0.15521132946014404
0.14441440999507904 0.21552689373493195
0.14347101747989655 0.14590811729431152
0.14299313724040985 0.17368115484714508
0.14172372221946716 0.15460696816444397
0.14086772501468658 0.16502204537391663
0.13993513584136963 0.15100523829460144
0.13984698057174683 0.16034767031669617
0.13964936137199402 0.14383605122566223
0.13956686854362488 0.1577271670103073
0.13954804837703705 0.1827147901058197
0.13854005932807922 0.17204606533050537
0.13827404379844666 0.14631733298301697
0.13735811412334442 0.14844757318496704
0.13565753400325775 0.1533333659172058
0.13554345071315765 0.17451341450214386
0.1347956508398056 0.14310836791992188
0.13448792695999146 0.1670997440814972
0.13440516591072083 0.15412861108779907
0.13386015594005585 0.17837642133235931
0.1332557052373886 0.15549153089523315
0.13248437643051147 0.1442454308271408
0.132316455245018 0.14334140717983246
0.1319129765033722 0.15721271932125092
0.13189588487148285 0.15434828400611877
0.13180424273014069 0.15166355669498444
0.1306762546300888 0.2245948612689972
0.13036523759365082 0.1585303395986557
0.13019315898418427 0.1646653115749359
0.12916603684425354 0.1935281753540039
0.12816879153251648 0.13795149326324463
0.12807951867580414 0.21182630956172943
0.12802031636238098 0.15688908100128174
0.12785495817661285 0.20497171580791473
0.12738801538944244 0.15199100971221924
0.12625502049922943 0.14644722640514374
0.12556582689285278 0.1918819546699524
0.12462909519672394 0.12759645283222198
0.1241832822561264 0.1331438571214676
0.12374532967805862 0.1309116929769516
0.12309300154447556 0.14413905143737793
0.12264572083950043 0.12657244503498077
0.12211310863494873 0.19551265239715576
0.12167972326278687 0.19125500321388245
0.1196034625172615 0.1365022510290146
0.11941718310117722 0.1501101553440094
0.11934616416692734 0.1998542994260788
0.11891549825668335 0.12731128931045532
0.11868733912706375 0.13558396697044373
0.11865508556365967 0.13260522484779358
0.11847715824842453 0.19408869743347168
0.11812247335910797 0.13208416104316711
0.11751560121774673 0.12337180227041245
0.11735616624355316 0.15286511182785034
0.11723743379116058 0.13935990631580353
0.11685033142566681 0.11975681036710739
0.1166660338640213 0.1323724091053009
0.11631863564252853 0.11939411610364914
0.11588037759065628 0.12972772121429443
0.1158219650387764 0.11853490024805069
0.11470652371644974 0.12763741612434387
0.11467310041189194 0.17570985853672028
0.11395135521888733 0.23243021965026855
0.11333124339580536 0.12443684786558151
0.11252012848854065 0.12530627846717834
0.11238045990467072 0.18839751183986664
0.11205416172742844 0.11667390167713165
0.11168895661830902 0.16657684743404388
0.11102722585201263 0.1285657286643982
0.10999671369791031 0.1923912763595581
0.10993118584156036 0.12615655362606049
0.10886190086603165 0.1487850844860077
0.10884594172239304 0.17086821794509888
0.10869394242763519 0.15524166822433472
0.10846900939941406 0.11773587018251419
0.10808121412992477 0.11175065487623215
0.10712459683418274 0.2236732691526413
0.10613153874874115 0.22380270063877106
0.10588409006595612 0.11346323788166046
0.10572120547294617 0.16075940430164337
0.10502064228057861 0.18763749301433563
0.10498348623514175 0.10833454132080078
0.10387755930423737 0.11353655159473419
0.10325136035680771 0.1368636041879654
0.10310877859592438 0.16857515275478363
0.10310282558202744 0.13511811196804047
0.10223473608493805 0.1357155740261078
0.1017947643995285 0.21146148443222046
0.10163925588130951 0.13796129822731018
0.1009317934513092 0.10505037009716034
0.1004544198513031 0.13242526352405548
0.10001002252101898 0.17986445128917694
0.0996871367096901 0.11156605184078217
0.09917117655277252 0.17859114706516266
0.09763213992118835 0.10821540653705597
0.09734837710857391 0.16701637208461761
0.09708916395902634 0.10677823424339294
0.09585925191640854 0.10724081844091415
0.09425503015518188 0.13897915184497833
0.09416906535625458 0.20274211466312408
0.09378159046173096 0.10379164665937424
0.09337945282459259 0.14794328808784485
0.09336794912815094 0.10522636026144028
0.0933162122964859 0.10163094848394394
0.09328209608793259 0.10155120491981506
0.09267192333936691 0.09577042609453201
0.09264315664768219 0.21583253145217896
0.09202998131513596 0.11752170324325562
0.09200683981180191 0.14630752801895142
0.09152381867170334 0.09983595460653305
0.09135814756155014 0.1135496199131012
0.09111367166042328 0.09550594538450241
0.08942753821611404 0.126053124666214
0.08907532691955566 0.09911368787288666
0.08856634795665741 0.1039019376039505
0.0883016288280487 0.13008983433246613
0.08826181292533875 0.12633416056632996
0.08639649301767349 0.09135783463716507
0.08592832833528519 0.1075667142868042
0.08579149842262268 0.08967476338148117
0.08530567586421967 0.09278178215026855
0.08505292236804962 0.10582074522972107
0.08475663512945175 0.09361878037452698
0.08432351052761078 0.08456777781248093
0.08327304571866989 0.09131474047899246
0.08306320011615753 0.08700253814458847
0.08051762729883194 0.10154560953378677
0.08036612719297409 0.08809996396303177
0.0798281580209732 0.09006749838590622
0.0791662409901619 0.0810059905052185
0.07536311447620392 0.08994485437870026
0.07426079362630844 0.08904892951250076
0.0742565244436264 0.08748789876699448
0.07364892214536667 0.08227062970399857
0.07310257107019424 0.07456506043672562
0.07205095142126083 0.07762037962675095
0.07194548845291138 0.08059048652648926
0.07156716287136078 0.08613283187150955
0.07108990103006363 0.07749278843402863
0.07030296325683594 0.082343690097332
0.06801901012659073 0.09291862696409225
0.06571215391159058 0.0680479109287262
