0.21233119070529938 0.21289986371994019
0.2084820568561554 0.21052348613739014
0.2083185315132141 0.21310676634311676
0.2035016119480133 0.21348704397678375
0.20311690866947174 0.21558359265327454
0.20308847725391388 0.20814760029315948
0.15235614776611328 0.15302123129367828
0.1475517749786377 0.14798127114772797
0.1424410492181778 0.17221206426620483
0.14223948121070862 0.14359231293201447
0.14202408492565155 0.14912278950214386
0.13760030269622803 0.1376742720603943
0.13670656085014343 0.1507892608642578
0.13353203237056732 0.13581354916095734
0.1319890022277832 0.14607535302639008
0.1302366405725479 0.14393195509910583
0.13022364675998688 0.15899892151355743
0.13009802997112274 0.13840444386005402
0.12843574583530426 0.15554673969745636
0.12812753021717072 0.13194787502288818
0.1274142861366272 0.13787361979484558
0.12701430916786194 0.129899799823761
0.12631583213806152 0.1355757713317871
0.12616406381130219 0.14676876366138458
0.1229667142033577 0.12631966173648834
0.12282650917768478 0.12745319306850433
0.12224885076284409 0.14113540947437286
0.12096164375543594 0.12771379947662354
0.1209566742181778 0.12859585881233215
0.12049125134944916 0.13203230500221252
0.12042909860610962 0.15525907278060913
0.12030602991580963 0.12261443585157394
0.12007978558540344 0.12410172075033188
0.1199684590101242 0.14128658175468445
0.11951273679733276 0.15737465023994446
0.11786040663719177 0.12818516790866852
0.11773718148469925 0.14676184952259064
0.11722441017627716 0.13266976177692413
0.11620941758155823 0.13859857618808746
0.11502133309841156 0.12490489333868027
0.11458069831132889 0.12625829875469208
0.11372951418161392 0.13649296760559082
0.11148601770401001 0.18103070557117462
0.11141839623451233 0.14796367287635803
0.11105100065469742 0.1357576996088028
0.11049840599298477 0.11217506974935532
0.11001162976026535 0.13636644184589386
0.1094803735613823 0.11821489036083221
0.10943979769945145 0.16325633227825165
0.10900112986564636 0.1263907253742218
0.10888874530792236 0.13425178825855255
0.10886639356613159 0.16494865715503693
0.10872329771518707 0.14312022924423218
0.1086805984377861 0.14613953232765198
0.10828898847103119 0.17738033831119537
0.10799283534288406 0.14065034687519073
0.10708307474851608 0.1101873591542244
0.10701781511306763 0.17963822185993195
0.10680671036243439 0.11982100456953049
0.10660451650619507 0.14386676251888275
0.10645321011543274 0.12142657488584518
0.10610939562320709 0.11449214816093445
0.1057538390159607 0.11256508529186249
0.10525750368833542 0.10991425067186356
0.10518687218427658 0.11029788851737976
0.10483859479427338 0.11074817180633545
0.10458772629499435 0.1464868187904358
0.10443288087844849 0.15041330456733704
0.10407481342554092 0.10489735752344131
0.10209940373897552 0.10969863086938858
0.10156562179327011 0.12449439615011215
0.10148399323225021 0.11064854264259338
0.10143264383077621 0.10820507258176804
0.101410411298275 0.10468586534261703
0.10122622549533844 0.11038459092378616
0.10122105479240417 0.10582807660102844
0.10078701376914978 0.10113001614809036
0.10060417652130127 0.12990641593933105
0.10057640820741653 0.12435226887464523
0.10053357481956482 0.12264764308929443
0.10044798254966736 0.12465330213308334
0.1001548171043396 0.15092778205871582
0.10008328408002853 0.10282055288553238
0.09977610409259796 0.1594879925251007
0.0991286188364029 0.1237441673874855
0.09903892874717712 0.1456363946199417
0.09894594550132751 0.11218917369842529
0.09888364374637604 0.10095065087080002
0.09847000241279602 0.10179602354764938
0.0984119176864624 0.16524970531463623
0.09808412194252014 0.11094240844249725
0.09780200570821762 0.12779001891613007
0.09767916798591614 0.10746164619922638
0.09735753387212753 0.09926854819059372
0.0970010831952095 0.10582178086042404
0.09672930091619492 0.19647382199764252
0.096242755651474 0.10561251640319824
0.09559290111064911 0.09674122929573059
0.09554145485162735 0.1246679499745369
0.09541292488574982 0.11327055096626282
0.09493064880371094 0.10202536731958389
0.0949266105890274 0.0974857360124588
0.09487765282392502 0.10488481819629669
0.09467507153749466 0.12128458172082901
0.09460446238517761 0.16194042563438416
0.0944269523024559 0.09452743828296661
0.09439431130886078 0.14463965594768524
0.09433923661708832 0.11334987729787827
0.09420146048069 0.1030941978096962
0.0941723883152008 0.11567103117704391
0.09358635544776917 0.0997612476348877
0.09352032840251923 0.10631216317415237
0.0934973955154419 0.09769735485315323
0.09291455149650574 0.09475574642419815
0.09278511255979538 0.09580907970666885
0.09272376447916031 0.10240362584590912
0.09267864376306534 0.11799799650907516
0.0926094502210617 0.10700017958879471
0.09252005815505981 0.14575472474098206
0.09243234992027283 0.10898011922836304
0.0921589806675911 0.11254146695137024
0.09205962717533112 0.10377947241067886
0.09191124141216278 0.10544826835393906
0.09190892428159714 0.09431695938110352
0.091792032122612 0.10695776343345642
0.0916987806558609 0.09993421286344528
0.09142814576625824 0.09735094010829926
0.09122522175312042 0.09975909441709518
0.0910612940788269 0.09511786699295044
0.09092531353235245 0.10887348651885986
0.09053298085927963 0.13537338376045227
0.09050049632787704 0.15580031275749207
0.0904645025730133 0.10180359333753586
0.09022218734025955 0.10519310086965561
0.09011350572109222 0.09918459504842758
0.09004510939121246 0.12229233980178833
0.08995083719491959 0.10265456140041351
0.08990655839443207 0.0950176790356636
0.08985568583011627 0.09777054190635681
0.08946295827627182 0.12672217190265656
0.08944807201623917 0.1037268415093422
0.08927042782306671 0.0964268371462822
0.08867238461971283 0.13595248758792877
0.08841387927532196 0.09949029237031937
0.08836100995540619 0.09422488510608673
0.08825160562992096 0.09959815442562103
0.08824533969163895 0.09690342098474503
0.08754805475473404 0.0879632979631424
0.08754125237464905 0.10387618094682693
0.08729560673236847 0.09639866650104523
0.087039515376091 0.11896711587905884
0.08703204989433289 0.0961892381310463
0.08696366101503372 0.1081412136554718
0.08690702170133591 0.20385953783988953
0.08677063137292862 0.14944852888584137
0.08670876920223236 0.08782903850078583
0.08647386729717255 0.09763520210981369
0.08633672446012497 0.10262216627597809
0.0863257646560669 0.09912748634815216
0.0863046869635582 0.09415421634912491
0.08603799343109131 0.11194072663784027
0.08579151332378387 0.09933008253574371
0.08572263270616531 0.11929720640182495
0.08553070574998856 0.09901473671197891
0.08526317030191422 0.15508416295051575
0.08505374938249588 0.10384330153465271
0.08451364934444427 0.14764606952667236
0.08429043740034103 0.09544581919908524
0.08385089039802551 0.08683686703443527
0.08383339643478394 0.0852695032954216
0.0836239606142044 0.12214967608451843
0.08302106708288193 0.10035308450460434
0.08301521092653275 0.12056399881839752
0.08280403912067413 0.10238709300756454
0.08274592459201813 0.1046142578125
0.08267513662576675 0.10955649614334106
0.08240512758493423 0.16534456610679626
0.0823184996843338 0.08320055902004242
0.0822659358382225 0.09133365750312805
0.08213377743959427 0.08435852080583572
0.08176544308662415 0.11448055505752563
0.08125760406255722 0.15649378299713135
0.08116075396537781 0.09218474477529526
0.08085538446903229 0.08424057811498642
0.08077455312013626 0.12410717457532883
0.08072952181100845 0.09626298397779465
0.08038930594921112 0.08770947903394699
0.08029059320688248 0.09324169158935547
0.07993268221616745 0.08876790851354599
0.07986573874950409 0.15978647768497467
0.07965581864118576 0.10261327773332596
0.07942621409893036 0.0856667011976242
0.07921317219734192 0.10615601390600204
0.07918223738670349 0.11062736809253693
0.07899042963981628 0.09039196372032166
0.07881365716457367 0.07984192669391632
0.07875873148441315 0.158084437251091
0.07873041182756424 0.16637635231018066
0.07871807366609573 0.10550332069396973
0.07864994555711746 0.08464954793453217
0.0785621628165245 0.10795166343450546
0.07836233079433441 0.08867426216602325
0.07759279012680054 0.08753140270709991
0.07717779278755188 0.08363184332847595
0.0770469456911087 0.08435852080583572
0.07674054801464081 0.09620673209428787
0.07667870074510574 0.15122133493423462
0.0761781707406044 0.10599006712436676
0.07616858184337616 0.0815611258149147
0.07601388543844223 0.09530635923147202
0.07600992918014526 0.08978213369846344
0.07570800185203552 0.09846321493387222
0.07514216005802155 0.07938656955957413
0.07469857484102249 0.08854523301124573
0.07378268986940384 0.09984348714351654
0.07309449464082718 0.0838426873087883
0.0720512643456459 0.09183698892593384
0.07163191586732864 0.10186640173196793
0.07116226851940155 0.08010589331388474
0.06772267818450928 0.09011714160442352
0.06679925322532654 0.08550915867090225
0.06565631926059723 0.08084521442651749
0.06430183351039886 0.07308414578437805
0.06387797743082047 0.07585113495588303
0.0630505308508873 0.08069229871034622
0.06268154084682465 0.08558861911296844
0.061290279030799866 0.07423461973667145
0.059723228216171265 0.07686778903007507
0.05903787165880203 0.07153929769992828
0.05874881148338318 0.062175750732421875
0.05761789530515671 0.0689810961484909
0.056579574942588806 0.05735161527991295
0.05372699350118637 0.05441684648394585
0.051088254898786545 0.055165912955999374
