0.2829221785068512 0.28563544154167175
0.28104427456855774 0.28824928402900696
0.27650049328804016 0.27776607871055603
0.27636370062828064 0.2786569893360138
0.2758423984050751 0.2802673876285553
0.27573665976524353 0.27980539202690125
0.27480512857437134 0.2820962071418762
0.2735898792743683 0.2795025408267975
0.2211257666349411 0.22665973007678986
0.20044414699077606 0.20726341009140015
0.17812691628932953 0.1844300627708435
0.17674466967582703 0.2110978364944458
0.17096461355686188 0.17231377959251404
0.1681518703699112 0.20592620968818665
0.16704094409942627 0.16815772652626038
0.16252847015857697 0.17208899557590485
0.1586536169052124 0.16521918773651123
0.15825848281383514 0.18370790779590607
0.15751245617866516 0.17958706617355347
0.15620656311511993 0.19868072867393494
0.15243667364120483 0.16636396944522858
0.14376817643642426 0.16301840543746948
0.14318421483039856 0.16978660225868225
0.14214582741260529 0.14715996384620667
0.14146915078163147 0.15993759036064148
0.14129488170146942 0.17232844233512878
0.14027206599712372 0.1526632308959961
0.1395677924156189 0.1924898475408554
0.1395428329706192 0.14021673798561096
0.13918668031692505 0.16441771388053894
0.13890668749809265 0.15507590770721436
0.13823114335536957 0.14066822826862335
0.13817350566387177 0.13898161053657532
0.1373119056224823 0.15855135023593903
0.13713335990905762 0.18404459953308105
0.13399554789066315 0.1415976583957672
0.13363246619701385 0.14606522023677826
0.13186730444431305 0.1552744060754776
0.13156896829605103 0.1435205340385437
0.130906879901886 0.1541040539741516
0.12984149158000946 0.14350642263889313
0.12895244359970093 0.1571694016456604
0.1283230036497116 0.16962671279907227
0.12813588976860046 0.21010161936283112
0.12716792523860931 0.14679166674613953
0.12658098340034485 0.13385559618473053
0.1262836456298828 0.1275353878736496
0.12593671679496765 0.1832313984632492
0.1257769912481308 0.1586078256368637
0.12577378749847412 0.19139398634433746
0.12546776235103607 0.1923866719007492
0.12522542476654053 0.14555862545967102
0.12507933378219604 0.12817220389842987
0.12486016005277634 0.1260843575000763
0.12461887300014496 0.12871886789798737
0.12444117665290833 0.1268131136894226
0.12434133142232895 0.14112024009227753
0.12397851049900055 0.12454135715961456
0.12390043586492538 0.12770067155361176
0.12383142858743668 0.1337316483259201
0.12347711622714996 0.15358524024486542
0.12254346907138824 0.15560562908649445
0.12183722853660583 0.18813078105449677
0.12177714705467224 0.13008832931518555
0.12110093235969543 0.1527775079011917
0.12057036906480789 0.1362302601337433
0.11991386860609055 0.15711234509944916
0.11989480257034302 0.12518848478794098
0.11972959339618683 0.13104185461997986
0.1190032884478569 0.13154703378677368
0.11899283528327942 0.1284267008304596
0.1187465563416481 0.17789074778556824
0.1183382123708725 0.16563178598880768
0.11792576313018799 0.11837368458509445
0.11733836680650711 0.11895545572042465
0.11724093556404114 0.18691205978393555
0.11721008270978928 0.22688566148281097
0.11717958003282547 0.1294538825750351
0.11694185435771942 0.19752848148345947
0.11617671698331833 0.11816069483757019
0.11615966260433197 0.161112979054451
0.11563074588775635 0.18958625197410583
0.11514701694250107 0.15130063891410828
0.11504500359296799 0.16598176956176758
0.11504046618938446 0.14868009090423584
0.1149994283914566 0.1461377590894699
0.11491257697343826 0.13237188756465912
0.11469541490077972 0.14783966541290283
0.11451920866966248 0.11470955610275269
0.11398876458406448 0.13174128532409668
0.11397850513458252 0.14166593551635742
0.11366213113069534 0.1149049773812294
0.11363232135772705 0.11823920160531998
0.1135619655251503 0.11630667001008987
0.11292243003845215 0.1200217679142952
0.11265131086111069 0.12635697424411774
0.11231529712677002 0.16873376071453094
0.11228177696466446 0.12480049580335617
0.11221442371606827 0.17720845341682434
0.111402228474617 0.13415943086147308
0.11115095019340515 0.15367071330547333
0.11104585230350494 0.20340514183044434
0.11048748344182968 0.15711423754692078
0.11008313298225403 0.11766404658555984
0.10991600155830383 0.11616195738315582
0.10954946279525757 0.1127365455031395
0.10911067575216293 0.11651571094989777
0.10901238024234772 0.13474813103675842
0.10888860374689102 0.11201319098472595
0.10848098993301392 0.11010612547397614
0.10785629600286484 0.21405671536922455
0.10769075155258179 0.12605974078178406
0.10755001753568649 0.11715923994779587
0.10720228403806686 0.15354138612747192
0.10719729214906693 0.11630577594041824
0.10719352215528488 0.14030961692333221
0.10694403946399689 0.1336812525987625
0.1063404455780983 0.25547653436660767
0.10592756420373917 0.19261352717876434
0.10584083199501038 0.10691862553358078
0.10572970658540726 0.14847280085086823
0.10466922074556351 0.11749118566513062
0.10420018434524536 0.12310945987701416
0.10393649339675903 0.12378854304552078
0.10386284440755844 0.11393438279628754
0.10374848544597626 0.1967451274394989
0.10327610373497009 0.14165952801704407
0.10255995392799377 0.10793181508779526
0.1022394523024559 0.1120167002081871
0.10211662948131561 0.12382551282644272
0.10153385251760483 0.11603400111198425
0.10150692611932755 0.10500882565975189
0.101224884390831 0.231176495552063
0.10111860930919647 0.10200077295303345
0.1010298877954483 0.11551886051893234
0.10071069002151489 0.14078442752361298
0.10063830763101578 0.11083082109689713
0.10021667927503586 0.23881492018699646
0.10000890493392944 0.10424500703811646
0.09990358352661133 0.11470011621713638
0.09977949410676956 0.10941991209983826
0.09966329485177994 0.11657872796058655
0.09947121888399124 0.1303180456161499
0.0992731899023056 0.126151904463768
0.09877610951662064 0.1673690527677536
0.09875306487083435 0.21514160931110382
0.0986008420586586 0.13058815896511078
0.09848054498434067 0.10637273639440536
0.09797251969575882 0.24592392146587372
0.0979674682021141 0.13562090694904327
0.09738552570343018 0.09931766986846924
0.09724632650613785 0.15540224313735962
0.09722519665956497 0.11036401987075806
0.09718964993953705 0.10767876356840134
0.09677709639072418 0.13554222881793976
0.09676824510097504 0.10605012625455856
0.09628494828939438 0.15832898020744324
0.09624427556991577 0.16011875867843628
0.09615621715784073 0.09990540891885757
0.09613747149705887 0.19453692436218262
0.09568507969379425 0.11294279247522354
0.09546404331922531 0.1072588711977005
0.09519390016794205 0.14215590059757233
0.09401942044496536 0.09466246515512466
0.09391624480485916 0.10170916467905045
0.09388109296560287 0.1113726869225502
0.09325148910284042 0.0990465059876442
0.09299363195896149 0.10523121058940887
0.09293544292449951 0.11052405089139938
0.09145619720220566 0.1045270711183548
0.09103983640670776 0.10677211731672287
0.09095647186040878 0.12681344151496887
0.09039728343486786 0.10195052623748779
0.09001987427473068 0.12400829046964645
0.08975247293710709 0.1472652703523636
0.08885765075683594 0.12692314386367798
0.0885762870311737 0.09601564705371857
0.08854939043521881 0.17690464854240417
0.08838669955730438 0.1249280720949173
0.08817179501056671 0.09356589615345001
0.08817154914140701 0.11592327058315277
0.08767577260732651 0.11701896786689758
0.0862768366932869 0.08764079958200455
0.08358404785394669 0.1014946699142456
0.08340372145175934 0.0834558829665184
0.08230406790971756 0.11410808563232422
0.08136524260044098 0.1015411764383316
0.08021420240402222 0.09673241525888443
0.07956214249134064 0.08739018440246582
0.07851380854845047 0.10238663107156754
0.07775302231311798 0.09033378958702087
0.07757269591093063 0.07841267436742783
0.07654120773077011 0.09091971814632416
0.074302539229393 0.07691950350999832
0.07391238957643509 0.0874713659286499
0.07381439208984375 0.0826505646109581
0.07233399897813797 0.0796683132648468
0.07157284766435623 0.0933782160282135
0.06995519250631332 0.08120210468769073
