0.20966218411922455 0.21239475905895233
0.19750645756721497 0.2053111493587494
0.17984254658222198 0.21171802282333374
0.17893452942371368 0.17980648577213287
0.17581740021705627 0.1775713562965393
0.17518268525600433 0.20306643843650818
0.173907071352005 0.18413342535495758
0.17172177135944366 0.18177925050258636
0.1704430729150772 0.18334831297397614
0.17024730145931244 0.19695888459682465
0.16884808242321014 0.1809728443622589
0.16824838519096375 0.17536179721355438
0.168135866522789 0.1785307675600052
0.16609413921833038 0.1852836161851883
0.16424588859081268 0.17841094732284546
0.16263507306575775 0.1837819665670395
0.15837141871452332 0.17744970321655273
0.1561235934495926 0.17399878799915314
0.15611347556114197 0.16776131093502045
0.15525971353054047 0.1617237776517868
0.15505966544151306 0.17502331733703613
0.15489079058170319 0.16462701559066772
0.15378227829933167 0.16613933444023132
0.15369872748851776 0.20524737238883972
0.1535518318414688 0.1645735800266266
0.1530561000108719 0.16345439851284027
0.15221230685710907 0.15318073332309723
0.1514049470424652 0.18645402789115906
0.1513311266899109 0.1607629805803299
0.1504514217376709 0.16611099243164062
0.1503128558397293 0.1531980186700821
0.14959731698036194 0.18457959592342377
0.14953656494617462 0.17393365502357483
0.14887267351150513 0.15013737976551056
0.14844955503940582 0.16612543165683746
0.14731347560882568 0.15012505650520325
0.14652250707149506 0.15928155183792114
0.14610375463962555 0.1575574278831482
0.14597368240356445 0.17001664638519287
0.14581072330474854 0.15351538360118866
0.14515624940395355 0.1494477540254593
0.1442996710538864 0.18398141860961914
0.14357487857341766 0.1622663289308548
0.14317826926708221 0.15644820034503937
0.14316441118717194 0.16531342267990112
0.14314445853233337 0.19254441559314728
0.14288359880447388 0.1558690220117569
0.1428743153810501 0.1498953104019165
0.14086727797985077 0.16817189753055573
0.14039750397205353 0.14262248575687408
0.14039134979248047 0.147907093167305
0.1399122029542923 0.1490672528743744
0.13967858254909515 0.21497105062007904
0.13957653939723969 0.14164043962955475
0.13873279094696045 0.1398029923439026
0.13861878216266632 0.14008092880249023
0.13786526024341583 0.15685583651065826
0.1373472660779953 0.14222992956638336
0.1373339146375656 0.14435294270515442
0.1370387226343155 0.1451965570449829
0.13694986701011658 0.16045591235160828
0.1369233876466751 0.16656769812107086
0.136872798204422 0.14757344126701355
0.13638350367546082 0.21512353420257568
0.135983407497406 0.16444848477840424
0.13593029975891113 0.14314500987529755
0.13514307141304016 0.14214123785495758
0.13496258854866028 0.166676864027977
0.13474778831005096 0.13724970817565918
0.13427940011024475 0.165615513920784
0.13399633765220642 0.1563730686903
0.1336306482553482 0.2773571312427521
0.13324956595897675 0.1801350712776184
0.1332240104675293 0.1587076634168625
0.13321326673030853 0.22612476348876953
0.13311800360679626 0.1731310933828354
0.13287754356861115 0.16901938617229462
0.13242749869823456 0.1586705595254898
0.13241992890834808 0.1524985432624817
0.13185055553913116 0.15982869267463684
0.1314830482006073 0.1451706886291504
0.13086654245853424 0.1854059398174286
0.13001102209091187 0.16349321603775024
0.1298377811908722 0.14784114062786102
0.12962983548641205 0.19043442606925964
0.12950143218040466 0.1407630443572998
0.1294536292552948 0.16712743043899536
0.12921658158302307 0.17760443687438965
0.12909705936908722 0.18654648959636688
0.1289464682340622 0.13666939735412598
0.12885725498199463 0.13669979572296143
0.1280742585659027 0.13014289736747742
0.128058522939682 0.13080711662769318
0.12789477407932281 0.16325238347053528
0.1278848797082901 0.17186346650123596
0.12764568626880646 0.1763548105955124
0.12644533812999725 0.13681910932064056
0.1258014589548111 0.18012197315692902
0.12573516368865967 0.17473162710666656
0.1256328970193863 0.153915673494339
0.12499253451824188 0.158074751496315
0.124970443546772 0.1369379609823227
0.12482796609401703 0.14736269414424896
0.12475360184907913 0.16806058585643768
0.12455285340547562 0.1513839066028595
0.12450533360242844 0.16910216212272644
0.12450024485588074 0.1338007003068924
0.12428941577672958 0.13567373156547546
0.12427572906017303 0.1558690220117569
0.12415440380573273 0.12868274748325348
0.12406091392040253 0.13517117500305176
0.12402383983135223 0.15792953968048096
0.12351711839437485 0.13405774533748627
0.1229129284620285 0.14259052276611328
0.1227835938334465 0.1372559815645218
0.12276303023099899 0.15094411373138428
0.1227177307009697 0.12682725489139557
0.12257838249206543 0.12271592766046524
0.12235164642333984 0.14618368446826935
0.12198949605226517 0.14695537090301514
0.12186917662620544 0.1721140295267105
0.12168581783771515 0.1249769851565361
0.12153718620538712 0.15452392399311066
0.12124048173427582 0.16403287649154663
0.12120944261550903 0.13837125897407532
0.12109281867742538 0.12339092791080475
0.12106111645698547 0.13540586829185486
0.12085481733083725 0.2866341769695282
0.12084463983774185 0.14163543283939362
0.12027432769536972 0.12841029465198517
0.11997177451848984 0.12711961567401886
0.11991637200117111 0.17511776089668274
0.11976420879364014 0.14588239789009094
0.11909245699644089 0.1312301754951477
0.11900358647108078 0.1617278903722763
0.11897087842226028 0.12135784327983856
0.11890021711587906 0.12121699750423431
0.11888828128576279 0.14426076412200928
0.11884500086307526 0.12314078956842422
0.11876197904348373 0.16482023894786835
0.11791078001260757 0.15946927666664124
0.11776980012655258 0.1673387736082077
0.11755698174238205 0.12086475640535355
0.11726958304643631 0.1437218338251114
0.11705535650253296 0.18010859191417694
0.11697757989168167 0.18646475672721863
0.11697539687156677 0.14957034587860107
0.11629325151443481 0.1608278602361679
0.11622779816389084 0.11903692036867142
0.11611517518758774 0.140432670712471
0.11596483737230301 0.13215644657611847
0.11587917804718018 0.11713188886642456
0.11576703935861588 0.12560565769672394
0.11540484428405762 0.12654809653759003
0.11526085436344147 0.11657065153121948
0.11521316319704056 0.13663901388645172
0.11512702703475952 0.14270129799842834
0.1150890439748764 0.11824044585227966
0.11507416516542435 0.12322589755058289
0.11491250991821289 0.13412387669086456
0.1148352175951004 0.1531822681427002
0.11467744410037994 0.1250811070203781
0.11457739770412445 0.12597167491912842
0.11452872306108475 0.12076354771852493
0.11419174075126648 0.1842688024044037
0.11418401449918747 0.155997633934021
0.11400523781776428 0.12524165213108063
0.11376196146011353 0.1812494844198227
0.11328158527612686 0.19041259586811066
0.11289025098085403 0.16208289563655853
0.11288369446992874 0.11924151331186295
0.11273796856403351 0.18379226326942444
0.11258900910615921 0.1169576421380043
0.11242346465587616 0.13363271951675415
0.11223989725112915 0.1269616037607193
0.11200501769781113 0.12788242101669312
0.1117531880736351 0.17208231985569
0.11164087057113647 0.12882091104984283
0.11155760288238525 0.13211016356945038
0.1114281564950943 0.20056739449501038
0.11113772541284561 0.11920199543237686
0.1106717512011528 0.1122346743941307
0.11057274788618088 0.19520701467990875
0.10999765247106552 0.1214916855096817
0.10965187847614288 0.1352100372314453
0.1093033105134964 0.11353395879268646
0.10920707881450653 0.14694204926490784
0.10874441266059875 0.11114034801721573
0.1086263358592987 0.17063921689987183
0.1084292083978653 0.13929307460784912
0.10810936242341995 0.13303372263908386
0.10799823701381683 0.1749958097934723
0.10691758990287781 0.13883817195892334
0.10671388357877731 0.11455948650836945
0.10666196793317795 0.1161251962184906
0.10658512264490128 0.10845619440078735
0.10627657175064087 0.17899921536445618
0.1061580702662468 0.1308358758687973
0.10597649216651917 0.10784068703651428
0.10570631921291351 0.11466062813997269
0.10547621548175812 0.1850842982530594
0.10543488711118698 0.18184266984462738
0.10516098886728287 0.1144845113158226
0.10437023639678955 0.12240912020206451
0.10420003533363342 0.13565345108509064
0.103838250041008 0.18375831842422485
0.10381355881690979 0.10732797533273697
0.10334969311952591 0.10383297502994537
0.10289377719163895 0.10317689925432205
0.10244273394346237 0.12186621874570847
0.10189608484506607 0.1305546909570694
0.10124792158603668 0.11890407651662827
0.10117288678884506 0.12148641794919968
0.10109465569257736 0.12380130589008331
0.10107748210430145 0.10913708060979843
0.10062968730926514 0.1029072254896164
0.10050351917743683 0.10487203299999237
0.10047321021556854 0.10816684365272522
0.09933898597955704 0.12049133330583572
0.09908293932676315 0.13869138062000275
0.09802011400461197 0.14242058992385864
0.09787413477897644 0.15187154710292816
0.09728626906871796 0.10942469537258148
0.09727683663368225 0.10467420518398285
0.09688090533018112 0.13432419300079346
0.09652768820524216 0.09793485701084137
0.09629053622484207 0.0973309874534607
0.09619680047035217 0.09944936633110046
0.09613294154405594 0.13295511901378632
0.0953778550028801 0.10917410999536514
0.0939452201128006 0.13680912554264069
0.09376867115497589 0.10144084692001343
0.09340359270572662 0.1044575646519661
0.0932442843914032 0.12755991518497467
0.09289713203907013 0.09734403342008591
0.09243254363536835 0.09983476996421814
0.09231586009263992 0.16026701033115387
0.09181071072816849 0.09916641563177109
0.09114443510770798 0.09792953729629517
0.09098377823829651 0.1078924760222435
0.09019089490175247 0.13969013094902039
0.08997007459402084 0.11392704397439957
0.08911749720573425 0.10517442971467972
0.08889593183994293 0.11004315316677094
0.08751567453145981 0.12197082489728928
0.08743280917406082 0.09426326304674149
0.08654717355966568 0.09575513005256653
0.08613528311252594 0.10001521557569504
0.08603911101818085 0.1016615480184555
0.08572827279567719 0.09720683097839355
0.08565909415483475 0.09029526263475418
0.08436331897974014 0.09078136086463928
0.08429282903671265 0.10085076093673706
0.08343761414289474 0.11315196007490158
0.08264505863189697 0.09642710536718369
0.08088712394237518 0.09544332325458527
0.07984598726034164 0.09619627147912979
0.07705920934677124 0.07988692075014114
0.07484188675880432 0.08003861457109451
0.07369627058506012 0.08929476886987686
