0.1282394975423813 0.1364954710006714
0.12509258091449738 0.12779992818832397
0.12481130659580231 0.12775756418704987
0.12181154638528824 0.13289950788021088
0.12047237157821655 0.14044445753097534
0.11986000835895538 0.1251341998577118
0.11837993562221527 0.1253577172756195
0.11749155819416046 0.12305203825235367
0.1161322146654129 0.11774616688489914
0.11510380357503891 0.12536606192588806
0.11492841690778732 0.11638933420181274
0.11459994316101074 0.13213884830474854
0.11424382776021957 0.13341113924980164
0.1138228327035904 0.11518015712499619
0.11357907950878143 0.11925859749317169
0.11357876658439636 0.11789993941783905
0.11278270930051804 0.11612141132354736
0.11189873516559601 0.12075969576835632
0.1116468757390976 0.11259280890226364
0.11086516082286835 0.12547047436237335
0.11065453290939331 0.12268758565187454
0.11048859357833862 0.11586371809244156
0.11042024940252304 0.12401192635297775
0.10964441299438477 0.1135895699262619
0.1091037392616272 0.11371100693941116
0.10895668715238571 0.11262179911136627
0.10893742740154266 0.1292765885591507
0.10886305570602417 0.112984299659729
0.10842800885438919 0.11401192843914032
0.10835660248994827 0.11102386564016342
0.10832638293504715 0.11635839194059372
0.1082911416888237 0.11226313561201096
0.10823510587215424 0.11499747633934021
0.1082213893532753 0.12026727944612503
0.10801181942224503 0.10919547826051712
0.10793235898017883 0.113871730864048
0.10783519595861435 0.10824641585350037
0.10770045965909958 0.11022979021072388
0.10765118151903152 0.11541063338518143
0.10717427730560303 0.11522801965475082
0.1070888414978981 0.12293428927659988
0.10700011998414993 0.11363212019205093
0.10699150711297989 0.11387640982866287
0.10696164518594742 0.1252896934747696
0.10688912123441696 0.12534993886947632
0.10688725113868713 0.13914082944393158
0.10685419291257858 0.11007412523031235
0.10680682957172394 0.11216524243354797
0.10652223229408264 0.11400538682937622
0.1065206453204155 0.10862717032432556
0.10639413446187973 0.11817958205938339
0.10635662078857422 0.11997725814580917
0.10626520216464996 0.11446095257997513
0.10626066476106644 0.11465620994567871
0.10592777281999588 0.11838266998529434
0.10568146407604218 0.11320251226425171
0.10554632544517517 0.10763485729694366
0.10537626594305038 0.10770559310913086
0.10501590371131897 0.12116040289402008
0.10488856583833694 0.10818332433700562
0.10481685400009155 0.10739867389202118
0.10470016300678253 0.11729510873556137
0.10453222692012787 0.13451352715492249
0.1044790968298912 0.11755922436714172
0.1044544130563736 0.10763272643089294
0.1039457842707634 0.11488813906908035
0.1039089635014534 0.11600242555141449
0.10366164147853851 0.10692521184682846
0.10351072251796722 0.15681566298007965
0.10347933322191238 0.10755659639835358
0.10313941538333893 0.11121229827404022
0.10306674987077713 0.1049804836511612
0.10301397740840912 0.10692047327756882
0.10266835242509842 0.10890904068946838
0.10256917774677277 0.11401461064815521
0.1020551398396492 0.12492408603429794
0.10161775350570679 0.11357665807008743
0.10152292996644974 0.10317432135343552
0.101103775203228 0.1428503543138504
0.10084687918424606 0.10118569433689117
0.10064023733139038 0.1068519651889801
0.10063675791025162 0.10119912773370743
0.10007547587156296 0.11382095515727997
0.09979134052991867 0.12091978639364243
0.0993419960141182 0.10123579204082489
0.09925484657287598 0.1118149533867836
0.09844044595956802 0.0986427366733551
0.0983189195394516 0.09925428032875061
0.09790639579296112 0.09886673092842102
0.09775479137897491 0.10906997323036194
0.09771974384784698 0.11726535856723785
0.09707723557949066 0.10120262205600739
0.09687060862779617 0.1033376082777977
0.09642224758863449 0.1007789894938469
0.09604818373918533 0.09739547967910767
0.09530821442604065 0.10149815678596497
0.09462428092956543 0.09662570804357529
0.09443700313568115 0.09555044770240784
0.09384512901306152 0.11959107965230942
0.09372355043888092 0.09431516379117966
0.09355402737855911 0.09700458496809006
0.093242347240448 0.10414828360080719
0.09314417839050293 0.10497698187828064
0.09300687909126282 0.10026989132165909
0.0929938405752182 0.10922098904848099
0.09297341853380203 0.09607217460870743
0.09283707290887833 0.11569186300039291
0.09275216609239578 0.11256548017263412
0.0926896259188652 0.10005397349596024
0.0924401730298996 0.12450379878282547
0.09241723269224167 0.12248941510915756
0.09236893057823181 0.13011275231838226
0.09231923520565033 0.11568388342857361
0.09213334321975708 0.09274590015411377
0.09201745688915253 0.10885971039533615
0.09167887270450592 0.11933925747871399
0.0915074497461319 0.11484155803918839
0.09150455892086029 0.11374737322330475
0.09148101508617401 0.09742305427789688
0.09129910916090012 0.11125748604536057
0.09122184664011002 0.1263839304447174
0.09076234698295593 0.11164389550685883
0.0906061977148056 0.13771362602710724
0.09055685251951218 0.10380730777978897
0.09013066440820694 0.13637065887451172
0.09001649171113968 0.09236802905797958
0.08997473865747452 0.10157272964715958
0.0896928608417511 0.12141002714633942
0.0896289199590683 0.1291796714067459
0.08892351388931274 0.0974305272102356
0.08870350569486618 0.09200361371040344
0.08856528252363205 0.1444960981607437
0.08766234666109085 0.1215159147977829
0.0871279388666153 0.08716288954019547
0.08701621741056442 0.1312970370054245
0.08685123175382614 0.11150755733251572
0.08641579747200012 0.10379913449287415
0.08591943234205246 0.10270708799362183
0.08563899248838425 0.1160496398806572
0.08563125878572464 0.10422615706920624
0.08561993390321732 0.11243942379951477
0.08519481867551804 0.10962962359189987
0.08518726378679276 0.09765512496232986
0.08505481481552124 0.0912361666560173
0.08502267301082611 0.10769207030534744
0.08495055884122849 0.09622824192047119
0.08492917567491531 0.1031486988067627
0.08491148054599762 0.14263170957565308
0.08490464091300964 0.11695334315299988
0.08486277610063553 0.09286238998174667
0.08476106822490692 0.09497983008623123
0.08448042720556259 0.12416134029626846
0.08439503610134125 0.09065485745668411
0.08435559272766113 0.1281161904335022
0.08415862172842026 0.08701574802398682
0.08404911309480667 0.08510614186525345
0.08380244672298431 0.10477511584758759
0.08364610373973846 0.10207761824131012
0.08362732082605362 0.09388156235218048
0.08352205157279968 0.09122364223003387
0.08332762122154236 0.11092036217451096
0.08303754776716232 0.12522169947624207
0.08282313495874405 0.08350491523742676
0.0828096941113472 0.10955385863780975
0.08278241753578186 0.09137719124555588
0.08265894651412964 0.09556938707828522
0.0825754776597023 0.10723768174648285
0.08255159109830856 0.08502551913261414
0.08246839046478271 0.08494121581315994
0.0823555514216423 0.09210603684186935
0.08217643201351166 0.08838382363319397
0.08217407763004303 0.15014858543872833
0.08198856562376022 0.09538795799016953
0.08191533386707306 0.09750083833932877
0.08189443498849869 0.0918121188879013
0.08163521438837051 0.0889466181397438
0.08155099302530289 0.10099462419748306
0.08141091465950012 0.09696246683597565
0.08136163651943207 0.12238776683807373
0.0807696133852005 0.09053842723369598
0.08071823418140411 0.13527508080005646
0.08042754977941513 0.11195128411054611
0.08036784082651138 0.08890611678361893
0.08036056905984879 0.08459635823965073
0.08025310933589935 0.08195355534553528
0.08018328249454498 0.08994781225919724
0.08010953664779663 0.09433955699205399
0.08000212162733078 0.08470036834478378
0.07953660935163498 0.09084728360176086
0.07949213683605194 0.09994986653327942
0.07927674055099487 0.09936285763978958
0.07918715476989746 0.10014250874519348
0.07895070314407349 0.09524712711572647
0.07862235605716705 0.08606396615505219
0.07855828106403351 0.09009242057800293
0.07830937951803207 0.09367964416742325
0.07810855656862259 0.10007353127002716
0.07768112421035767 0.0850517675280571
0.0775529146194458 0.07800551503896713
0.07748542726039886 0.11772473156452179
0.07745577394962311 0.08430604636669159
0.07744783163070679 0.10881156474351883
0.07732751220464706 0.11064848303794861
0.07701702415943146 0.07846684008836746
0.07647912204265594 0.10364922136068344
0.07615143060684204 0.10531888157129288
0.07598558813333511 0.1093505397439003
0.07586301118135452 0.11670272797346115
0.07504131644964218 0.08426110446453094
0.07441364973783493 0.08886493742465973
0.07366809248924255 0.08499111980199814
0.07336629182100296 0.07386951148509979
0.0733637884259224 0.09510233253240585
0.07305411249399185 0.08085020631551743
0.07291149348020554 0.07563628256320953
0.07286924123764038 0.12403889000415802
0.07241038233041763 0.110931396484375
0.07217773050069809 0.10395034402608871
0.07214299589395523 0.10551948100328445
0.07117102295160294 0.10430184751749039
0.07109295576810837 0.0732261911034584
0.07039535045623779 0.1044902503490448
0.07026860862970352 0.10889849066734314
0.06943116337060928 0.07931918650865555
0.06929592788219452 0.08164864033460617
0.06894185394048691 0.11662176251411438
0.06874801218509674 0.08117937296628952
0.06787142902612686 0.0745089128613472
0.06784897297620773 0.08635511994361877
0.06712915748357773 0.07481833547353745
0.06666069477796555 0.07719794660806656
0.0664653331041336 0.07670547813177109
0.06578272581100464 0.09247417747974396
0.06463795900344849 0.07572433352470398
0.064610555768013 0.0858885645866394
0.06432528793811798 0.0708530843257904
0.06317710876464844 0.07902350276708603
0.06189378723502159 0.06401229649782181
0.06149253994226456 0.0714028999209404
0.0613245852291584 0.07462980598211288
0.06067894026637077 0.07570149749517441
0.05931936949491501 0.08173169940710068
0.05881626531481743 0.059494536370038986
0.058485712856054306 0.06142905354499817
0.058395180851221085 0.10084692388772964
0.058134205639362335 0.06377208977937698
0.05812844634056091 0.07061516493558884
0.057529278099536896 0.06784800440073013
0.05708799511194229 0.0719829648733139
0.05579213425517082 0.08703944087028503
0.05573992803692818 0.07204772531986237
0.05503401532769203 0.07123983651399612
0.05416857451200485 0.07647646218538284
0.05405635014176369 0.06602450460195541
0.05389656126499176 0.06365405023097992
0.05362074449658394 0.05465336889028549
0.05253630504012108 0.06270311772823334
0.05181942135095596 0.05808604881167412
0.05135718360543251 0.0651383101940155
0.05063573643565178 0.058170054107904434
