0.23993104696273804 0.27980655431747437
0.23938579857349396 0.26699191331863403
0.23599275946617126 0.23607675731182098
0.23363955318927765 0.24612101912498474
0.22710470855236053 0.23705072700977325
0.22028769552707672 0.22090214490890503
0.21823152899742126 0.23141707479953766
0.2160380631685257 0.23612254858016968
0.21577110886573792 0.22388410568237305
0.21222606301307678 0.21592500805854797
0.21190787851810455 0.23820367455482483
0.20967917144298553 0.22343844175338745
0.206834614276886 0.21651718020439148
0.2050592303276062 0.21815550327301025
0.2044559121131897 0.24573493003845215
0.20343859493732452 0.20829927921295166
0.19918900728225708 0.20792561769485474
0.1979694813489914 0.2069113403558731
0.1958482265472412 0.19789737462997437
0.19559170305728912 0.19874553382396698
0.19509223103523254 0.20557115972042084
0.19503498077392578 0.27677562832832336
0.19498558342456818 0.20672425627708435
0.19481848180294037 0.21454563736915588
0.1941467523574829 0.2093030959367752
0.19372056424617767 0.23282349109649658
0.19353672862052917 0.2031981498003006
0.19149400293827057 0.19186775386333466
0.19139176607131958 0.1971520185470581
0.1909690946340561 0.24211342632770538
0.1906813383102417 0.21580974757671356
0.18550239503383636 0.26066046953201294
0.18419012427330017 0.19264410436153412
0.18019188940525055 0.24548307061195374
0.17843404412269592 0.1842590868473053
0.17803122103214264 0.17892302572727203
0.177267387509346 0.19430220127105713
0.17555606365203857 0.1847100406885147
0.17553122341632843 0.19517317414283752
0.17408093810081482 0.2295505702495575
0.17335090041160583 0.18370994925498962
0.17226199805736542 0.1919984370470047
0.17115744948387146 0.18697881698608398
0.1706807017326355 0.2562483847141266
0.17025071382522583 0.17372573912143707
0.17010436952114105 0.17131531238555908
0.16978923976421356 0.19537223875522614
0.16659119725227356 0.16764356195926666
0.16549962759017944 0.17295758426189423
0.1653509885072708 0.19865535199642181
0.1623152196407318 0.20110949873924255
0.16104833781719208 0.17449399828910828
0.16049763560295105 0.19477203488349915
0.16043829917907715 0.1648581475019455
0.1603941172361374 0.25701984763145447
0.1602960228919983 0.16518233716487885
0.15988986194133759 0.19821076095104218
0.15986359119415283 0.18294285237789154
0.15954136848449707 0.18011781573295593
0.15826775133609772 0.1857411116361618
0.15816156566143036 0.1931457221508026
0.1574467122554779 0.21399998664855957
0.1563703566789627 0.1697138547897339
0.15634392201900482 0.17844952642917633
0.15571284294128418 0.16458898782730103
0.15539748966693878 0.201618492603302
0.15514329075813293 0.1818934679031372
0.1550033688545227 0.20017294585704803
0.15474414825439453 0.1794866919517517
0.1545640528202057 0.166349858045578
0.15341956913471222 0.1701163500547409
0.1528012454509735 0.1686048060655594
0.15225423872470856 0.16797994077205658
0.15197691321372986 0.19925299286842346
0.1516103893518448 0.15698041021823883
0.15133827924728394 0.29414618015289307
0.15065307915210724 0.19924938678741455
0.15036699175834656 0.16587796807289124
0.15020091831684113 0.22362780570983887
0.14975078403949738 0.16420553624629974
0.14946602284908295 0.17286986112594604
0.14935749769210815 0.1682645082473755
0.14873544871807098 0.22595737874507904
0.1486251801252365 0.16903060674667358
0.14785051345825195 0.1515291929244995
0.14784035086631775 0.18858127295970917
0.1477736383676529 0.16061517596244812
0.14768821001052856 0.19781967997550964
0.14697735011577606 0.1754242479801178
0.14685024321079254 0.1706450879573822
0.14620085060596466 0.18735717236995697
0.14580398797988892 0.14794903993606567
0.1450348049402237 0.254276305437088
0.14477011561393738 0.14588679373264313
0.1447439342737198 0.1718868762254715
0.14416730403900146 0.15867896378040314
0.14399650692939758 0.191206157207489
0.1437527984380722 0.17786745727062225
0.143563911318779 0.14501331746578217
0.14292103052139282 0.14434824883937836
0.14221176505088806 0.1595299243927002
0.14213426411151886 0.1462831348180771
0.14093957841396332 0.15521563589572906
0.1406484842300415 0.14757701754570007
0.14008331298828125 0.19046691060066223
0.1393897831439972 0.15558317303657532
0.1392936408519745 0.1677054911851883
0.1389136016368866 0.14033226668834686
0.1385560780763626 0.16206707060337067
0.13813912868499756 0.16685520112514496
0.13798405230045319 0.1805955320596695
0.13794323801994324 0.22088871896266937
0.13766317069530487 0.16637440025806427
0.13748301565647125 0.14919795095920563
0.13682855665683746 0.15756183862686157
0.13657906651496887 0.1397686004638672
0.13631027936935425 0.15354350209236145
0.1361626386642456 0.14155815541744232
0.13613121211528778 0.1965206116437912
0.13612285256385803 0.17250247299671173
0.13590873777866364 0.1759234368801117
0.13583393394947052 0.17136119306087494
0.13539165258407593 0.18838490545749664
0.1353515386581421 0.17991575598716736
0.13533437252044678 0.16951218247413635
0.1351051926612854 0.14831024408340454
0.1347656100988388 0.14797811210155487
0.13443134725093842 0.15514418482780457
0.13437530398368835 0.13636235892772675
0.13418424129486084 0.16927994787693024
0.13401709496974945 0.14158758521080017
0.1337297409772873 0.13936059176921844
0.13370154798030853 0.1595955789089203
0.13316448032855988 0.20178166031837463
0.13301624357700348 0.15097647905349731
0.13203105330467224 0.1325506716966629
0.13076329231262207 0.1734236180782318
0.13071483373641968 0.13451574742794037
0.13024228811264038 0.14133982360363007
0.12923826277256012 0.15585289895534515
0.12881241738796234 0.14616404473781586
0.12843607366085052 0.13864660263061523
0.12829288840293884 0.14153781533241272
0.12815868854522705 0.15612946450710297
0.12810204923152924 0.15393945574760437
0.12798719108104706 0.1347280740737915
0.12785488367080688 0.14076551795005798
0.1277017444372177 0.15190254151821136
0.12766201794147491 0.1653624027967453
0.1275518238544464 0.12995344400405884
0.12716935575008392 0.1394602358341217
0.12666262686252594 0.14134138822555542
0.1264725625514984 0.14038963615894318
0.12637090682983398 0.1399882733821869
0.12629801034927368 0.13464754819869995
0.12618497014045715 0.12788592278957367
0.12612713873386383 0.30379366874694824
0.12604734301567078 0.2034938633441925
0.12579777836799622 0.18769681453704834
0.1254979819059372 0.1821267157793045
0.1254340410232544 0.1406208574771881
0.12542501091957092 0.14727137982845306
0.12491229176521301 0.1665094494819641
0.12478631734848022 0.14997981488704681
0.12467726320028305 0.12798404693603516
0.12464585900306702 0.179646834731102
0.12457134574651718 0.15538163483142853
0.12366101890802383 0.14058642089366913
0.12338422983884811 0.12619270384311676
0.12321997433900833 0.1370328664779663
0.12315294146537781 0.159459188580513
0.12311310321092606 0.15678681433200836
0.12256083637475967 0.13285569846630096
0.12232447415590286 0.12443660199642181
0.12115281075239182 0.12713412940502167
0.12110331654548645 0.1589784324169159
0.1206623837351799 0.13371296226978302
0.12035665661096573 0.16982267796993256
0.12006863951683044 0.1370972990989685
0.12005902826786041 0.16182363033294678
0.11996109783649445 0.14563004672527313
0.11982820183038712 0.13322238624095917
0.1196458488702774 0.16157881915569305
0.11926159262657166 0.2066524773836136
0.11915933340787888 0.13024935126304626
0.11908946931362152 0.13053588569164276
0.11903611570596695 0.16379296779632568
0.11890988796949387 0.15115971863269806
0.1187206506729126 0.13461627066135406
0.11840581148862839 0.12880365550518036
0.11827781796455383 0.1928880214691162
0.11803852766752243 0.14501303434371948
0.1176917627453804 0.20840513706207275
0.11705895513296127 0.11765014380216599
0.11701472103595734 0.13558457791805267
0.11626757681369781 0.12113647162914276
0.11605179309844971 0.12746211886405945
0.11601101607084274 0.18171022832393646
0.11593101173639297 0.13859227299690247
0.11588563024997711 0.11636576056480408
0.11486995965242386 0.12076099216938019
0.11431802809238434 0.1353575438261032
0.11412283033132553 0.13636235892772675
0.11409884691238403 0.14101146161556244
0.11390598118305206 0.11752685904502869
0.1137661337852478 0.1231905072927475
0.11337622255086899 0.13300108909606934
0.11133227497339249 0.12984319031238556
0.11112141609191895 0.1147497296333313
0.11102551966905594 0.1527365893125534
0.11095531284809113 0.13454735279083252
0.1107306033372879 0.11482538282871246
0.11030878126621246 0.131623312830925
0.10985726863145828 0.11039352416992188
0.10979713499546051 0.1387823224067688
0.10958043485879898 0.1516556739807129
0.1095205619931221 0.16046085953712463
0.109519824385643 0.10962510108947754
0.10927484929561615 0.12940464913845062
0.10891658812761307 0.12568078935146332
0.10867639631032944 0.15635572373867035
0.10858289152383804 0.13977302610874176
0.10803117603063583 0.11693035066127777
0.10781950503587723 0.12196037173271179
0.10769279301166534 0.12568078935146332
0.10756397992372513 0.16321316361427307
0.1075393483042717 0.12429386377334595
0.10706770420074463 0.12142138928174973
0.10691669583320618 0.14158019423484802
0.10604897886514664 0.16542623937129974
0.10602080821990967 0.1319260597229004
0.10588230937719345 0.13956740498542786
0.10585322231054306 0.12256674468517303
0.1057422086596489 0.1509806513786316
0.10542842000722885 0.16877131164073944
0.10509852319955826 0.11785387247800827
0.10405496507883072 0.10796710848808289
0.10319028794765472 0.15477406978607178
0.10294809192419052 0.12511654198169708
0.10285315662622452 0.10803724825382233
0.10276329517364502 0.10329533368349075
0.10270757973194122 0.14779354631900787
0.1024097204208374 0.10609090328216553
0.10161318629980087 0.12368419021368027
0.10150017589330673 0.10827150195837021
0.10132870078086853 0.10509788990020752
0.10109400004148483 0.1051894947886467
0.10107435286045074 0.1080455556511879
0.10103011131286621 0.12177292257547379
0.10086454451084137 0.1123572438955307
0.10060832649469376 0.14505954086780548
0.10045157372951508 0.15508951246738434
0.10037732124328613 0.12078005820512772
0.09997885674238205 0.11014699190855026
0.09783685207366943 0.1419910043478012
0.09756870567798615 0.10041804611682892
0.09728293865919113 0.11198246479034424
0.09651318937540054 0.1252482384443283
0.0960371196269989 0.14841482043266296
0.09481227397918701 0.10480660200119019
0.09478963166475296 0.13354338705539703
0.09328992664813995 0.11665818840265274
0.09306644648313522 0.11657120287418365
0.0926491990685463 0.1015188992023468
0.09244342893362045 0.11817759275436401
0.08757954090833664 0.12991248071193695
0.08285953849554062 0.10539829730987549
0.08149121701717377 0.08747465163469315
