0.21945542097091675 0.22522281110286713
0.206843301653862 0.3798339366912842
0.10369791835546494 0.10407614707946777
0.10297246277332306 0.10445690900087357
0.10221892595291138 0.10231062024831772
0.10175315290689468 0.1068655475974083
0.10108669847249985 0.1041126474738121
0.10092789679765701 0.10164661705493927
0.09254452586174011 0.10251197963953018
0.08435820043087006 0.09734117239713669
0.08039546012878418 0.0810244157910347
0.07700218260288239 0.08206401765346527
0.07406429946422577 0.083980493247509
0.0733414888381958 0.07766903191804886
0.07202509790658951 0.0806528702378273
0.06995051354169846 0.07837477326393127
0.06939880549907684 0.08363209664821625
0.0691433846950531 0.08661860227584839
0.06707512587308884 0.06902555376291275
0.06574142724275589 0.07223857194185257
0.06453169137239456 0.06726573407649994
0.06425414234399796 0.08322463184595108
0.06409656256437302 0.08960547298192978
0.0627869963645935 0.0637957900762558
0.06204390153288841 0.0754816085100174
0.061559975147247314 0.08211072534322739
0.060876429080963135 0.0882689505815506
0.06047883629798889 0.0624086931347847
0.06042904034256935 0.06400545686483383
0.06037347391247749 0.06813393533229828
0.05934043228626251 0.06554274260997772
0.058991558849811554 0.06630329042673111
0.058436114341020584 0.06778401881456375
0.05761019140481949 0.062357641756534576
0.05743854120373726 0.07176029682159424
0.05721782147884369 0.06143752485513687
0.05711998790502548 0.058136146515607834
0.05679723992943764 0.07005379348993301
0.05678971856832504 0.06218448281288147
0.056523941457271576 0.06806924939155579
0.056377142667770386 0.07439155876636505
0.056365154683589935 0.06553220748901367
0.05598573386669159 0.07283591479063034
0.055800002068281174 0.0732557401061058
0.05526917800307274 0.0730024129152298
0.05511410906910896 0.059680525213479996
0.05511319264769554 0.06955023854970932
0.05501776188611984 0.056550245732069016
0.054722074419260025 0.0793004035949707
0.05404403433203697 0.06463176012039185
0.05382153019309044 0.07506353408098221
0.05356348305940628 0.06110053136944771
0.05351650342345238 0.060200199484825134
0.05274409428238869 0.05773254111409187
0.05273016542196274 0.05608765780925751
0.052717965096235275 0.06704103946685791
0.052680276334285736 0.07715973258018494
0.052639976143836975 0.05791043862700462
0.05255090072751045 0.0694170892238617
0.0525490827858448 0.058552540838718414
0.05212262272834778 0.057411037385463715
0.05201296880841255 0.05786879360675812
0.05198625102639198 0.05841664969921112
0.051778845489025116 0.07502704858779907
0.051713522523641586 0.06466200202703476
0.05171205848455429 0.07256364077329636
0.051633767783641815 0.06963655352592468
0.05155986174941063 0.07688754051923752
0.051421262323856354 0.06260684132575989
0.051267459988594055 0.055236056447029114
0.051158610731363297 0.0559251569211483
0.05099935829639435 0.05785801634192467
0.05089036375284195 0.058216676115989685
0.05081238970160484 0.05810600891709328
0.05053623765707016 0.0541088692843914
0.05052609741687775 0.07091756165027618
0.05040406063199043 0.05159322917461395
0.050315532833337784 0.052836816757917404
0.050240401178598404 0.06058408319950104
0.04999477416276932 0.05621091648936272
0.049808431416749954 0.06272765249013901
0.049284204840660095 0.04982909560203552
0.049225568771362305 0.05637681111693382
0.04900366812944412 0.059448495507240295
0.04863947629928589 0.062409598380327225
0.048633135855197906 0.07337919622659683
0.048540424555540085 0.06487987190485
0.048213403671979904 0.08774615824222565
0.048105210065841675 0.10698767006397247
0.04802178218960762 0.08960925042629242
0.047765910625457764 0.07556182891130447
0.04773717001080513 0.054328951984643936
0.04768344759941101 0.07760556787252426
0.04763759300112724 0.0482819527387619
0.04763646796345711 0.05122491717338562
0.04761894792318344 0.053291089832782745
0.04761770740151405 0.08061736822128296
0.047597844153642654 0.05099237337708473
0.04759648069739342 0.06853888928890228
0.047411948442459106 0.0650181919336319
0.0471717044711113 0.054750923067331314
0.04709029197692871 0.05507541075348854
0.0469844751060009 0.04874245449900627
0.04678839072585106 0.08073021471500397
0.04643523320555687 0.05554633215069771
0.04637756943702698 0.04642121121287346
0.0458584763109684 0.07752476632595062
0.04572216048836708 0.06201527267694473
0.04531899467110634 0.06180992349982262
0.04512122645974159 0.05493049696087837
0.04461028426885605 0.06482252478599548
0.04450090974569321 0.05347427353262901
0.044280264526605606 0.07025013118982315
0.0440671443939209 0.05462820827960968
0.04394341632723808 0.08016455173492432
0.043854422867298126 0.04506564512848854
0.043663814663887024 0.045516204088926315
0.04312742128968239 0.04346293956041336
0.043084193021059036 0.0873715877532959
0.04298189654946327 0.04327220469713211
0.042897630482912064 0.059837132692337036
0.04259945824742317 0.06644680351018906
0.041996534913778305 0.045490384101867676
0.041922032833099365 0.06416208297014236
0.04190807789564133 0.06988494098186493
0.04174831137061119 0.04825347661972046
0.04142661765217781 0.07449424266815186
0.040913552045822144 0.047193363308906555
0.040251225233078 0.04377792030572891
0.04025030508637428 0.04601076990365982
0.040148552507162094 0.04819020628929138
0.04006263613700867 0.06251603364944458
0.04004231467843056 0.04173314571380615
0.03999074175953865 0.04170239344239235
0.03960232064127922 0.042721714824438095
0.039524998515844345 0.045433104038238525
0.039410486817359924 0.06804578751325607
0.039052028208971024 0.040940988808870316
0.03881421312689781 0.05352531000971794
0.03875419870018959 0.04317115992307663
0.038695890456438065 0.05357398837804794
0.03856296464800835 0.06593911349773407
0.03852865472435951 0.04170394316315651
0.038505904376506805 0.04166584089398384
0.038231633603572845 0.05366113409399986
0.03790290653705597 0.03970298543572426
0.03774475306272507 0.040103327482938766
0.03769252076745033 0.039187557995319366
0.03715335577726364 0.04091740772128105
0.037108954042196274 0.043385572731494904
0.0369398333132267 0.048790328204631805
0.036171671003103256 0.038793645799160004
0.035948414355516434 0.036940596997737885
0.035937681794166565 0.04222238063812256
0.035545673221349716 0.04151204973459244
0.035404205322265625 0.039022475481033325
0.035077840089797974 0.05015964433550835
0.03481391444802284 0.05109861493110657
0.03481189161539078 0.03884653374552727
0.034341927617788315 0.034978870302438736
0.03397916629910469 0.0419454388320446
0.03367489203810692 0.046716656535863876
0.033536188304424286 0.04548554867506027
0.0334651842713356 0.0337258018553257
0.03267984464764595 0.03452131524682045
0.032345015555620193 0.03292452171444893
0.032115597277879715 0.0487656407058239
0.03160112723708153 0.03356638178229332
0.031380098313093185 0.036715127527713776
0.029380518943071365 0.03739309683442116
0.028772655874490738 0.029588919132947922
0.02872622199356556 0.031227361410856247
0.0265653133392334 0.029987897723913193
