0.23252929747104645 0.23533421754837036
0.22139424085617065 0.2309882789850235
0.20267607271671295 0.24156294763088226
0.2016555517911911 0.26911404728889465
0.16657084226608276 0.21871821582317352
0.15977229177951813 0.16072086989879608
0.152368426322937 0.2037408947944641
0.1483316570520401 0.22389821708202362
0.14577142894268036 0.14740270376205444
0.14104756712913513 0.14657197892665863
0.13986817002296448 0.17768888175487518
0.13734114170074463 0.17708902060985565
0.13487385213375092 0.1728517860174179
0.13429075479507446 0.14334216713905334
0.13386264443397522 0.15462078154087067
0.1325974464416504 0.16337954998016357
0.12566757202148438 0.12676626443862915
0.12482474744319916 0.13448357582092285
0.12224573642015457 0.1239892765879631
0.12077666074037552 0.1271650791168213
0.1192372664809227 0.12962456047534943
0.11890581995248795 0.24510900676250458
0.11862370371818542 0.13096371293067932
0.11764373630285263 0.1307527720928192
0.11718184500932693 0.13636909425258636
0.1162678673863411 0.12052588909864426
0.11589058488607407 0.1391286849975586
0.11550995707511902 0.12444987148046494
0.11446412652730942 0.11830084025859833
0.11343909800052643 0.1136901006102562
0.11326245218515396 0.12504729628562927
0.1128263995051384 0.11614035815000534
0.11229991912841797 0.11369410902261734
0.11211194097995758 0.17826606333255768
0.11196164786815643 0.11691123992204666
0.11189423501491547 0.13150544464588165
0.11127974838018417 0.13582414388656616
0.1111542284488678 0.12321706116199493
0.11067655682563782 0.11844346672296524
0.11043083667755127 0.11148585379123688
0.11003516614437103 0.1259637176990509
0.10977835208177567 0.12016354501247406
0.10964541137218475 0.12146808952093124
0.10956098884344101 0.13289447128772736
0.10923661291599274 0.1255701631307602
0.10893859714269638 0.11170248687267303
0.10876303911209106 0.11965230107307434
0.1083221435546875 0.13057318329811096
0.10829953104257584 0.13200555741786957
0.10740223526954651 0.1080271378159523
0.10677923262119293 0.13362210988998413
0.1066625788807869 0.12483374774456024
0.10641312599182129 0.1161838248372078
0.10625888407230377 0.14748801290988922
0.1062246561050415 0.11077019572257996
0.1052275076508522 0.16516254842281342
0.10474441945552826 0.10995981842279434
0.10438869148492813 0.13044340908527374
0.1041325032711029 0.11487896740436554
0.10409575700759888 0.10830394178628922
0.10379109531641006 0.10800226032733917
0.10373786836862564 0.11902882903814316
0.10348457098007202 0.10413922369480133
0.1031278595328331 0.1436082124710083
0.10270509868860245 0.12153331935405731
0.10252196341753006 0.10401666164398193
0.10151199251413345 0.10903887450695038
0.10143295675516129 0.10738807916641235
0.10137996822595596 0.13443578779697418
0.1012725979089737 0.10447336733341217
0.10124064236879349 0.10204405337572098
0.0999571904540062 0.11016464233398438
0.09966141730546951 0.12725381553173065
0.09906543046236038 0.23215138912200928
0.09880661219358444 0.14378546178340912
0.09682419151067734 0.10606192797422409
0.09659423679113388 0.09896998107433319
0.09643147140741348 0.1253821849822998
0.09617616981267929 0.11183254420757294
0.09550724178552628 0.10951495170593262
0.09516911208629608 0.11279167234897614
0.09482641518115997 0.10226614028215408
0.09468944370746613 0.13015729188919067
0.09405779093503952 0.10754978656768799
0.09395676106214523 0.10159239172935486
0.0936974361538887 0.10228174924850464
0.0936078280210495 0.09713811427354813
0.09357929974794388 0.10211091488599777
0.0931929424405098 0.11497419327497482
0.0930163562297821 0.10511044412851334
0.09293872117996216 0.10415288805961609
0.09270169585943222 0.20183144509792328
0.09184476733207703 0.10557560622692108
0.09179925173521042 0.1023905873298645
0.09164612740278244 0.13037101924419403
0.09159669280052185 0.09306573122739792
0.09139681607484818 0.1122196763753891
0.09136451780796051 0.10126899182796478
0.09116486459970474 0.14854052662849426
0.09020757675170898 0.12267737835645676
0.09008283913135529 0.10219413787126541
0.08960017561912537 0.12056247889995575
0.08928459137678146 0.14624197781085968
0.08927079290151596 0.10460478812456131
0.0888303741812706 0.14808501303195953
0.08882606774568558 0.14615169167518616
0.08873394131660461 0.1636820137500763
0.08856464922428131 0.09403212368488312
0.08850345760583878 0.09614815562963486
0.08838531374931335 0.09921429306268692
0.08830856531858444 0.13356897234916687
0.08799795061349869 0.09949247539043427
0.08785898238420486 0.11726775020360947
0.0878131166100502 0.1444876790046692
0.08718656003475189 0.13600443303585052
0.08605373650789261 0.09366891533136368
0.08566457033157349 0.0977848470211029
0.08558075875043869 0.10018563270568848
0.08383072167634964 0.09446723014116287
0.08313797414302826 0.1255577653646469
0.08286592364311218 0.1087912991642952
0.08168245851993561 0.1318501979112625
0.08129440248012543 0.12283230572938919
0.08066060394048691 0.09067650139331818
0.08039442449808121 0.11044950783252716
0.07961881160736084 0.08045253902673721
0.07958152145147324 0.0932280570268631
0.07950058579444885 0.1245415061712265
0.07949955761432648 0.09761115163564682
0.07914724200963974 0.09850535541772842
0.0791093185544014 0.08086714148521423
0.07902311533689499 0.08841193467378616
0.07835431396961212 0.09755546599626541
0.0776912271976471 0.08072928339242935
0.07742053270339966 0.12808217108249664
0.0771622359752655 0.09878065437078476
0.07554448395967484 0.109962098300457
0.07484520971775055 0.10674998909235
0.07378881424665451 0.07648725807666779
0.07366637885570526 0.07729815691709518
0.07363706827163696 0.09371454268693924
0.07285378873348236 0.14800676703453064
0.07159421592950821 0.08420228213071823
0.07133258879184723 0.07274144142866135
0.07130946964025497 0.11185664683580399
0.0709768608212471 0.08558399975299835
0.07000020891427994 0.07164063304662704
0.06976249814033508 0.07029879093170166
0.06948312371969223 0.07281015813350677
0.06941337883472443 0.09796789288520813
0.06911730021238327 0.09026486426591873
0.06905262917280197 0.10210487991571426
0.06879840791225433 0.07062738388776779
0.06827596575021744 0.07037518918514252
0.06754782795906067 0.1380174607038498
0.06719455868005753 0.0777369812130928
0.06686554104089737 0.08421485871076584
0.0662451833486557 0.07726024091243744
0.06437238305807114 0.07085608690977097
0.0640706792473793 0.08263611793518066
0.06346694380044937 0.07273532450199127
0.06254302710294724 0.07000599056482315
0.061843711882829666 0.0724155455827713
0.0615527406334877 0.111238032579422
0.06144900619983673 0.06369069218635559
0.05986802279949188 0.060510940849781036
0.05957530438899994 0.06475145369768143
0.0594782680273056 0.06483940035104752
0.058783385902643204 0.061988137662410736
0.05848738178610802 0.0630434900522232
0.058257389813661575 0.07132618129253387
0.05738130211830139 0.07326705753803253
0.056326135993003845 0.07555674761533737
0.05550571531057358 0.0647571012377739
0.051237691193819046 0.06734571605920792
