0.6421727538108826 0.7069302797317505
0.2266090363264084 0.23019474744796753
0.20444485545158386 0.22007045149803162
0.18238434195518494 0.21495185792446136
0.17276155948638916 0.17704753577709198
0.1709061563014984 0.17226473987102509
0.16204383969306946 0.1657543182373047
0.15972276031970978 0.1881844401359558
0.15805684030056 0.1800421178340912
0.15697415173053741 0.15808044373989105
0.15446120500564575 0.16224482655525208
0.15360470116138458 0.18773484230041504
0.15343508124351501 0.15635453164577484
0.15230751037597656 0.42118144035339355
0.1472492516040802 0.15645991265773773
0.14108812808990479 0.17675381898880005
0.1402929127216339 0.14275801181793213
0.14018744230270386 0.14496971666812897
0.1401715725660324 0.15137575566768646
0.13956564664840698 0.1477600783109665
0.13895973563194275 0.14299555122852325
0.13507671654224396 0.18073564767837524
0.1337326467037201 0.14208081364631653
0.1310257911682129 0.18236657977104187
0.12940357625484467 0.14038096368312836
0.12844811379909515 0.20251639187335968
0.1280946433544159 0.13142617046833038
0.12723566591739655 0.13895253837108612
0.12660770118236542 0.13821102678775787
0.12526696920394897 0.1805029809474945
0.1251118779182434 0.1777697503566742
0.12435496598482132 0.12698927521705627
0.12294530868530273 0.13620707392692566
0.12282782793045044 0.13042813539505005
0.12272670865058899 0.17443925142288208
0.12199240177869797 0.13430389761924744
0.11778048425912857 0.14496232569217682
0.11719829589128494 0.1221051886677742
0.11626821011304855 0.17236311733722687
0.11482376605272293 0.1771778166294098
0.1146882176399231 0.11497902870178223
0.11457952857017517 0.12396454811096191
0.11250819265842438 0.1552698314189911
0.11026926338672638 0.1253257691860199
0.11007358133792877 0.2145269811153412
0.10992893576622009 0.13059234619140625
0.10986556112766266 0.1418440341949463
0.1080714538693428 0.12156052887439728
0.10801912099123001 0.12704868614673615
0.10792704671621323 0.1467740535736084
0.10627711564302444 0.11230380088090897
0.10618765652179718 0.13655729591846466
0.10545165836811066 0.192701056599617
0.10545050352811813 0.11415526270866394
0.10395567864179611 0.11056005209684372
0.10352026671171188 0.16010785102844238
0.10300900787115097 0.10327102243900299
0.10242824256420135 0.1298375427722931
0.10192197561264038 0.14006592333316803
0.10126926004886627 0.1225728988647461
0.10109222680330276 0.11513277143239975
0.10093019157648087 0.11672066152095795
0.10067269951105118 0.13534824550151825
0.10059849917888641 0.10301173478364944
0.1004907488822937 0.43445050716400146
0.10028593987226486 0.1171518936753273
0.10017239302396774 0.14890220761299133
0.10011095553636551 0.1254221796989441
0.10003495961427689 0.12213896960020065
0.099581778049469 0.10022738575935364
0.09943994879722595 0.12263047695159912
0.09942016750574112 0.11822289973497391
0.09932942688465118 0.10682692378759384
0.09856731444597244 0.11868251115083694
0.09845218062400818 0.16039542853832245
0.0979711040854454 0.11098820716142654
0.09793218970298767 0.19332605600357056
0.09782323241233826 0.09827259182929993
0.09778384864330292 0.1239376962184906
0.09616970270872116 0.14207564294338226
0.09578602761030197 0.0986396074295044
0.09568411111831665 0.13122667372226715
0.09518369287252426 0.1014113575220108
0.09430872648954391 0.14348529279232025
0.09416820108890533 0.13313592970371246
0.09384363144636154 0.14982494711875916
0.09250684082508087 0.09543398767709732
0.09184833616018295 0.1097772940993309
0.09107775241136551 0.1091301441192627
0.09090238809585571 0.10824395716190338
0.09066053479909897 0.11531436443328857
0.09039261192083359 0.09930425882339478
0.09025002270936966 0.1175612360239029
0.08951376378536224 0.14224590361118317
0.08942243456840515 0.10627409815788269
0.08888182789087296 0.10545546561479568
0.08742567151784897 0.11108998209238052
0.08737003803253174 0.08925170451402664
0.0868663415312767 0.08749072253704071
0.0864327922463417 0.08787950873374939
0.08605466037988663 0.10109518468379974
0.08600117266178131 0.09043952077627182
0.08595681935548782 0.10663750022649765
0.08542804419994354 0.0996391549706459
0.08503618091344833 0.09968341141939163
0.0848427265882492 0.11474356800317764
0.08448367565870285 0.09456528723239899
0.08444985002279282 0.16525116562843323
0.08420879393815994 0.08691858500242233
0.08337327092885971 0.0898432657122612
0.08306843042373657 0.09562056511640549
0.08297012001276016 0.09884569048881531
0.08285744488239288 0.09087423980236053
0.082509346306324 0.10248792916536331
0.07987039536237717 0.1098315566778183
0.07952691614627838 0.10340286046266556
0.07945787906646729 0.10656765848398209
0.07920991629362106 0.08949995785951614
0.07890912145376205 0.09731876105070114
0.07890088856220245 0.08077278733253479
0.0779266431927681 0.13047905266284943
0.07786426693201065 0.13837429881095886
0.07747893780469894 0.09407056868076324
0.07745681703090668 0.10767624527215958
0.07703954726457596 0.14559851586818695
0.07692568004131317 0.16581974923610687
0.07680963724851608 0.1006184071302414
0.07672705501317978 0.10188405215740204
0.07613018155097961 0.07840128988027573
0.07567813992500305 0.10754354298114777
0.07542858272790909 0.08300422877073288
0.07524871081113815 0.09881661087274551
0.07510547339916229 0.07520081847906113
0.07502857595682144 0.08970978111028671
0.07418980449438095 0.08344513922929764
0.0736948773264885 0.11317836493253708
0.07361225038766861 0.09829763323068619
0.07311318069696426 0.09459226578474045
0.07297303527593613 0.07303453981876373
0.07101497054100037 0.08427407592535019
0.07083749026060104 0.09733685106039047
0.0704091414809227 0.07560690492391586
0.070378378033638 0.07853391766548157
0.07028853893280029 0.09527681767940521
0.06974112242460251 0.13529065251350403
0.06875833123922348 0.08143751323223114
0.06798961758613586 0.08354397863149643
0.06608530879020691 0.06880521774291992
0.06580494344234467 0.08321487158536911
0.06486763805150986 0.07161884754896164
0.06444092094898224 0.06450716406106949
0.06038537621498108 0.07449683547019958
0.05619141831994057 0.06638983637094498
0.05503315478563309 0.07246673852205276
