0.23088981211185455 0.2458837926387787
0.20371784269809723 0.21659837663173676
0.1953703910112381 0.20009201765060425
0.19467587769031525 0.2043089121580124
0.1944475919008255 0.19667430222034454
0.1909502148628235 0.194309800863266
0.18814906477928162 0.1918356716632843
0.18546777963638306 0.1905379295349121
0.18500883877277374 0.1978263556957245
0.18216225504875183 0.1830403357744217
0.1816364973783493 0.19449736177921295
0.1808987259864807 0.20828887820243835
0.17935000360012054 0.19263127446174622
0.1775275617837906 0.1779843419790268
0.1761295050382614 0.18286438286304474
0.17594711482524872 0.21246303617954254
0.1736135631799698 0.234554260969162
0.17279043793678284 0.1938689947128296
0.17260251939296722 0.17803287506103516
0.17073868215084076 0.1870070993900299
0.17009314894676208 0.183902308344841
0.1692768782377243 0.19141073524951935
0.16794152557849884 0.18262231349945068
0.16453143954277039 0.17711926996707916
0.1622789204120636 0.19249722361564636
0.16144901514053345 0.20805278420448303
0.16011221706867218 0.23784314095973969
0.15979571640491486 0.1784670501947403
0.15893015265464783 0.15898005664348602
0.15871818363666534 0.18379031121730804
0.15853674709796906 0.158772811293602
0.15848340094089508 0.20631547272205353
0.1583508551120758 0.1628381460905075
0.15804523229599 0.173043355345726
0.15606844425201416 0.18515199422836304
0.1558527797460556 0.1952497810125351
0.15560317039489746 0.16578321158885956
0.15526315569877625 0.19233228266239166
0.15485833585262299 0.16395919024944305
0.15360386669635773 0.16094103455543518
0.1530328392982483 0.17902381718158722
0.15298454463481903 0.16453015804290771
0.15256576240062714 0.1894368976354599
0.15214566886425018 0.1592508852481842
0.15129855275154114 0.18777398765087128
0.1497623771429062 0.16479729115962982
0.14911554753780365 0.24155385792255402
0.14746041595935822 0.20794068276882172
0.14743296802043915 0.18816572427749634
0.1470087766647339 0.17389529943466187
0.1466241180896759 0.14966461062431335
0.14590021967887878 0.1653045266866684
0.14570793509483337 0.16144408285617828
0.14549189805984497 0.21752291917800903
0.14527080953121185 0.18062478303909302
0.14467260241508484 0.23130477964878082
0.14434686303138733 0.19167092442512512
0.14418789744377136 0.14495356380939484
0.14333876967430115 0.15476393699645996
0.14305056631565094 0.15860241651535034
0.14292371273040771 0.1521441489458084
0.14252257347106934 0.16680552065372467
0.1417379379272461 0.14391060173511505
0.139940083026886 0.15388207137584686
0.139298677444458 0.15624986588954926
0.13879142701625824 0.14001034200191498
0.13878153264522552 0.1427478790283203
0.1387011557817459 0.14972999691963196
0.13812513649463654 0.20641738176345825
0.1377878040075302 0.1389915943145752
0.13731837272644043 0.15756994485855103
0.13673675060272217 0.1391422003507614
0.13574141263961792 0.19932259619235992
0.13515913486480713 0.13881023228168488
0.1339777261018753 0.1908673346042633
0.13380581140518188 0.1950341910123825
0.1330173760652542 0.14417240023612976
0.13205526769161224 0.17625169456005096
0.13169901072978973 0.15126322209835052
0.13071268796920776 0.13984864950180054
0.13068373501300812 0.1424400806427002
0.13061335682868958 0.13942527770996094
0.13057757914066315 0.24276402592658997
0.1304345726966858 0.13980861008167267
0.13003119826316833 0.14358697831630707
0.12981873750686646 0.2416987419128418
0.1297728568315506 0.1391422003507614
0.12974824011325836 0.1471417397260666
0.12953737378120422 0.1636514812707901
0.1288939118385315 0.24916160106658936
0.12888437509536743 0.14953036606311798
0.1288326531648636 0.22098308801651
0.12857414782047272 0.1627855747938156
0.12812790274620056 0.1741841733455658
0.12791931629180908 0.24305228888988495
0.12742187082767487 0.16356033086776733
0.1271442025899887 0.13843964040279388
0.1271289438009262 0.16171163320541382
0.12686368823051453 0.2109314203262329
0.12686243653297424 0.1449640542268753
0.12662436068058014 0.22683149576187134
0.1265910565853119 0.17881332337856293
0.12641790509223938 0.13819779455661774
0.12639588117599487 0.1579606682062149
0.12584058940410614 0.1986340582370758
0.12542062997817993 0.13528749346733093
0.1252867877483368 0.25117620825767517
0.12503688037395477 0.16690386831760406
0.1240449920296669 0.1285870522260666
0.12354520708322525 0.20962005853652954
0.12216190248727798 0.1258796602487564
0.12207485735416412 0.1343144327402115
0.12159870564937592 0.14003677666187286
0.12151911109685898 0.14046841859817505
0.12094885110855103 0.12502141296863556
0.12083590030670166 0.15006090700626373
0.12007267028093338 0.12886731326580048
0.11920660734176636 0.1771930605173111
0.11910044401884079 0.24585117399692535
0.11901546269655228 0.13559666275978088
0.1186966747045517 0.1875746250152588
0.11850636452436447 0.19234861433506012
0.11848756670951843 0.1771894097328186
0.1176537275314331 0.1670481115579605
0.11741623282432556 0.21880660951137543
0.11713874340057373 0.13963311910629272
0.11658070236444473 0.23021867871284485
0.11610700935125351 0.12466984242200851
0.11580070853233337 0.11863988637924194
0.11555466055870056 0.11651106178760529
0.1152380034327507 0.19084297120571136
0.11463705450296402 0.1272232085466385
0.11460702121257782 0.15088526904582977
0.11435484886169434 0.12799616158008575
0.11423710733652115 0.1368066817522049
0.11400830000638962 0.11476608365774155
0.11292997002601624 0.13819435238838196
0.11230229586362839 0.17616041004657745
0.11187751591205597 0.1160004734992981
0.11149096488952637 0.14826937019824982
0.11133413761854172 0.18034103512763977
0.11104860156774521 0.13021345436573029
0.11098486185073853 0.141291081905365
0.11094394326210022 0.12587806582450867
0.11033465713262558 0.16145341098308563
0.10912229865789413 0.1112344041466713
0.10874549299478531 0.19603674113750458
0.10859481245279312 0.18989166617393494
0.10810285061597824 0.12563784420490265
0.10809820890426636 0.12203937768936157
0.10784692317247391 0.11343639343976974
0.10768571496009827 0.11493813991546631
0.10761353373527527 0.12388590723276138
0.10747606307268143 0.2472212165594101
0.10716641694307327 0.10936529189348221
0.10695446282625198 0.11202748119831085
0.10695424675941467 0.18135061860084534
0.10582166165113449 0.11205623298883438
0.10442623496055603 0.1963202953338623
0.10439114272594452 0.19778165221214294
0.10393065959215164 0.15322913229465485
0.10389638692140579 0.12103283405303955
0.10341998934745789 0.10393771529197693
0.10336609929800034 0.1265808790922165
0.10325209051370621 0.10576281696557999
0.10313143581151962 0.13382191956043243
0.10295788198709488 0.115639828145504
0.10291094332933426 0.11267057061195374
0.10284148156642914 0.18318447470664978
0.10276859998703003 0.11964471638202667
0.10245012491941452 0.11295723915100098
0.10223522782325745 0.1182323470711708
0.10207332670688629 0.10522540658712387
0.10202862322330475 0.11645824462175369
0.1013217642903328 0.13058193027973175
0.10108045488595963 0.12807361781597137
0.10099081695079803 0.21229630708694458
0.10062316805124283 0.10379356890916824
0.10026682168245316 0.10131774097681046
0.10006435215473175 0.11351427435874939
0.09926439821720123 0.11147334426641464
0.09900270402431488 0.16305725276470184
0.09851816296577454 0.109304279088974
0.09820478409528732 0.13982880115509033
0.09783092141151428 0.10430655628442764
0.0976225808262825 0.11868038773536682
0.09731531143188477 0.12408895045518875
0.09687221050262451 0.10735022276639938
0.09680511802434921 0.13646771013736725
0.09624546766281128 0.11859086900949478
0.09535742551088333 0.1293780356645584
0.09524556994438171 0.09777569770812988
0.095152348279953 0.09947200864553452
0.0949811339378357 0.16545331478118896
0.09479322284460068 0.10926094651222229
0.09430645406246185 0.10432735830545425
0.09362947940826416 0.11660878360271454
0.09309416264295578 0.10484649240970612
0.09203934669494629 0.10964927077293396
0.09200966358184814 0.09872680902481079
0.08982320874929428 0.09939543157815933
0.08978787064552307 0.1462225615978241
0.08978269249200821 0.09197058528661728
0.08935226500034332 0.09916257113218307
0.08931625634431839 0.1377398818731308
0.0893145203590393 0.11045325547456741
0.08667014539241791 0.10035176575183868
0.08462308347225189 0.09071221947669983
0.08323939889669418 0.09334345906972885
0.08310706168413162 0.08357761800289154
0.08167252689599991 0.08570919185876846
0.08019889891147614 0.09226639568805695
0.0796043649315834 0.08626195788383484
0.07521373778581619 0.09703824669122696
0.07094962149858475 0.08456379175186157
