0.1989830881357193 0.20822590589523315
0.19382430613040924 0.20608587563037872
0.19300992786884308 0.19342198967933655
0.19238226115703583 0.19720852375030518
0.18745408952236176 0.19120579957962036
0.18354704976081848 0.19148458540439606
0.18287719786167145 0.1923912763595581
0.18188396096229553 0.18532602488994598
0.18128396570682526 0.1824243813753128
0.17979110777378082 0.18206265568733215
0.17651532590389252 0.18260818719863892
0.17411239445209503 0.17661380767822266
0.17107108235359192 0.1717466115951538
0.1707548350095749 0.19302056729793549
0.16990846395492554 0.18173280358314514
0.1673121452331543 0.2103727161884308
0.1639358550310135 0.19381320476531982
0.16331325471401215 0.16979527473449707
0.16257654130458832 0.1988828480243683
0.16240085661411285 0.19118383526802063
0.16045251488685608 0.16627280414104462
0.16014613211154938 0.1883535236120224
0.1600300520658493 0.17304901778697968
0.15997503697872162 0.16949617862701416
0.15937590599060059 0.15988650918006897
0.1591871827840805 0.16174417734146118
0.15906968712806702 0.16529615223407745
0.1588965803384781 0.18800602853298187
0.15799623727798462 0.16061711311340332
0.15791353583335876 0.1719849854707718
0.15413744747638702 0.17324478924274445
0.15412071347236633 0.17317387461662292
0.15380600094795227 0.15866689383983612
0.1536066234111786 0.1818670928478241
0.15325959026813507 0.15439443290233612
0.15299487113952637 0.16523072123527527
0.15260891616344452 0.1770906299352646
0.15256822109222412 0.15739145874977112
0.15168333053588867 0.18835331499576569
0.15007148683071136 0.1539887636899948
0.14946135878562927 0.1620943695306778
0.14817392826080322 0.16057834029197693
0.14790378510951996 0.15022128820419312
0.14590267837047577 0.15072208642959595
0.1456829309463501 0.17423494160175323
0.14549294114112854 0.1660236120223999
0.1444435566663742 0.17324478924274445
0.1442791223526001 0.1583126336336136
0.14314004778862 0.18860626220703125
0.14223599433898926 0.19831788539886475
0.14220739901065826 0.14287211000919342
0.14204491674900055 0.15956541895866394
0.1395847052335739 0.1631918102502823
0.13932958245277405 0.1452246606349945
0.13895609974861145 0.1495647430419922
0.136580228805542 0.1684029996395111
0.13643436133861542 0.15756458044052124
0.13611000776290894 0.15132051706314087
0.1355922669172287 0.1427450031042099
0.1355389505624771 0.15151366591453552
0.1344243437051773 0.1792025864124298
0.13440731167793274 0.14448581635951996
0.13435126841068268 0.1524585485458374
0.13370127975940704 0.13790026307106018
0.1330016851425171 0.19648486375808716
0.13291940093040466 0.17851753532886505
0.13271860778331757 0.15487205982208252
0.1325322538614273 0.14938493072986603
0.13244888186454773 0.14862044155597687
0.13197770714759827 0.15015125274658203
0.1315290927886963 0.20390738546848297
0.13035771250724792 0.13174626231193542
0.13035695254802704 0.18532826006412506
0.12977153062820435 0.22091645002365112
0.12856803834438324 0.13256603479385376
0.12836845219135284 0.1291355937719345
0.12796829640865326 0.17049264907836914
0.1278364360332489 0.2144196778535843
0.12762725353240967 0.1612132340669632
0.12687674164772034 0.15552742779254913
0.1263098269701004 0.16302859783172607
0.12622827291488647 0.19718456268310547
0.12610137462615967 0.16294442117214203
0.12591969966888428 0.13092760741710663
0.12540072202682495 0.15465836226940155
0.12524500489234924 0.13688397407531738
0.12408027797937393 0.17813487350940704
0.12396372854709625 0.12745223939418793
0.1232701763510704 0.19142873585224152
0.12296044081449509 0.21294863522052765
0.12253468483686447 0.12378382682800293
0.12181055545806885 0.1374579221010208
0.12121374160051346 0.14896781742572784
0.12101016938686371 0.14313794672489166
0.12073992937803268 0.1375717669725418
0.12072689831256866 0.1311938464641571
0.12019561231136322 0.14807480573654175
0.11896258592605591 0.12522000074386597
0.1188226044178009 0.1233026534318924
0.11868971586227417 0.12425713986158371
0.11868779361248016 0.13028934597969055
0.11830620467662811 0.13549591600894928
0.1179201602935791 0.12206577509641647
0.11788178980350494 0.18806467950344086
0.11779606342315674 0.12072514742612839
0.11768891662359238 0.12978723645210266
0.11765079945325851 0.157610684633255
0.1175052672624588 0.16848914325237274
0.11750014126300812 0.12270054966211319
0.11733179539442062 0.14009125530719757
0.11665041744709015 0.1809830665588379
0.11582815647125244 0.1641489416360855
0.11567581444978714 0.17800869047641754
0.11529214680194855 0.13638648390769958
0.1151401698589325 0.15386618673801422
0.11436156183481216 0.12904314696788788
0.11429411917924881 0.13140009343624115
0.1141199991106987 0.12495669722557068
0.11321093142032623 0.13638949394226074
0.11208873987197876 0.16930553317070007
0.11179431527853012 0.12199271470308304
0.11146700382232666 0.11343136429786682
0.11113013327121735 0.1583625227212906
0.11094633489847183 0.11950868368148804
0.11076518893241882 0.12324895709753036
0.11062689125537872 0.12520577013492584
0.11054860055446625 0.13615110516548157
0.11039381474256516 0.1449224352836609
0.11028924584388733 0.12977497279644012
0.1098642572760582 0.12766779959201813
0.10974656045436859 0.11819355189800262
0.10971226543188095 0.14586679637432098
0.10956417769193649 0.20001231133937836
0.10930237919092178 0.11711160838603973
0.10927992314100266 0.1648915559053421
0.1092543974518776 0.11394663155078888
0.10924773663282394 0.17875419557094574
0.10912781208753586 0.132160946726799
0.10895076394081116 0.17606273293495178
0.10870091617107391 0.18645824491977692
0.10868070274591446 0.15329192578792572
0.10806819796562195 0.11009011417627335
0.10795550793409348 0.12112979590892792
0.1078551635146141 0.11600570380687714
0.10777679830789566 0.17251063883304596
0.10744517296552658 0.17001691460609436
0.10743788629770279 0.19098849594593048
0.10731200128793716 0.1344897747039795
0.10725406557321548 0.1681860387325287
0.10703767091035843 0.11472658067941666
0.10692902654409409 0.14104242622852325
0.10689815133810043 0.11166226118803024
0.10678040236234665 0.12506230175495148
0.10664615780115128 0.1143423393368721
0.10653898864984512 0.10812894254922867
0.10647352039813995 0.1177973523736
0.10622217506170273 0.12299147248268127
0.10617704689502716 0.1876576542854309
0.10604948550462723 0.11547691375017166
0.10591194778680801 0.15830621123313904
0.10576921701431274 0.12447360157966614
0.1056796982884407 0.11600326746702194
0.1054665669798851 0.19243423640727997
0.10509933531284332 0.18724797666072845
0.10496427863836288 0.1184672862291336
0.10494956374168396 0.12059527635574341
0.10475952923297882 0.10664087533950806
0.10434773564338684 0.16327740252017975
0.10412344336509705 0.11415379494428635
0.10369705408811569 0.12020739167928696
0.10350696742534637 0.10713820904493332
0.10343015193939209 0.10779787600040436
0.10328853875398636 0.10732697695493698
0.10304909944534302 0.10343477129936218
0.10263244062662125 0.10522119700908661
0.10250940173864365 0.13879595696926117
0.10243012011051178 0.10274744033813477
0.10205316543579102 0.10838233679533005
0.10196961462497711 0.11931382864713669
0.10189443826675415 0.1143399178981781
0.1018000990152359 0.11744130402803421
0.10135088115930557 0.11086362600326538
0.1008426696062088 0.11079414933919907
0.10058751702308655 0.20105808973312378
0.10055684298276901 0.14947158098220825
0.10054932534694672 0.14726848900318146
0.1005123034119606 0.10791634768247604
0.10029637813568115 0.19447088241577148
0.10003668069839478 0.10033342242240906
0.09986484795808792 0.15524016320705414
0.09975626319646835 0.13135099411010742
0.0994415208697319 0.10593061149120331
0.09884501993656158 0.11678403615951538
0.0983000174164772 0.1157108023762703
0.09774245321750641 0.1002558246254921
0.09686756134033203 0.1179870069026947
0.09640870243310928 0.1578950732946396
0.09570187330245972 0.11573828011751175
0.09544309973716736 0.11830603331327438
0.09519597887992859 0.09645304828882217
0.09508192539215088 0.11740555614233017
0.0949079617857933 0.0980333462357521
0.0947205200791359 0.11268886178731918
0.09421473741531372 0.104233518242836
0.09417028725147247 0.11343872547149658
0.09313524514436722 0.105509914457798
0.09294836968183517 0.18353034555912018
0.09280980378389359 0.09793636202812195
0.09242749959230423 0.11410633474588394
0.09205549210309982 0.1280391961336136
0.09172084182500839 0.1243051066994667
0.09075778722763062 0.1034209206700325
0.09025924652814865 0.11009310930967331
0.08847922086715698 0.09492350369691849
0.08818076550960541 0.09478022903203964
0.0865371897816658 0.11053795367479324
0.0854053944349289 0.09666677564382553
0.0849391371011734 0.0985822081565857
0.08480371534824371 0.10216399282217026
0.08433711528778076 0.08644160628318787
0.08329213410615921 0.09169241040945053
0.08267088234424591 0.1032458245754242
0.08178015798330307 0.09940798580646515
0.08169347047805786 0.09239322692155838
0.08131498843431473 0.08133672922849655
0.08105213940143585 0.09424928575754166
0.07955065369606018 0.08852827548980713
0.07747090607881546 0.07921246439218521
0.07701466232538223 0.08657903224229813
0.07669781148433685 0.0893338993191719
0.07614487409591675 0.07783922553062439
0.07562170177698135 0.08737066388130188
0.07362878322601318 0.08551868051290512
0.07238660752773285 0.08801577240228653
0.06999148428440094 0.0738908126950264
0.06910243630409241 0.07606587558984756
