0.2817993760108948 0.2903374135494232
0.22299864888191223 0.22484931349754333
0.2189020961523056 0.22180119156837463
0.21111711859703064 0.2363470196723938
0.20837979018688202 0.2201254665851593
0.19836001098155975 0.20529776811599731
0.18062777817249298 0.22871693968772888
0.1737210601568222 0.24672116339206696
0.1505604237318039 0.15393447875976562
0.14361132681369781 0.14479784667491913
0.13948765397071838 0.14927753806114197
0.1382325142621994 0.14129464328289032
0.13792961835861206 0.156977578997612
0.1363607496023178 0.15170642733573914
0.1354420781135559 0.14464101195335388
0.13396525382995605 0.13740605115890503
0.1309846192598343 0.1348981410264969
0.13090500235557556 0.15067921578884125
0.13070957362651825 0.1383400708436966
0.13058988749980927 0.14413949847221375
0.12933988869190216 0.12966123223304749
0.1272028088569641 0.12748835980892181
0.12615527212619781 0.14323937892913818
0.1261327564716339 0.13476213812828064
0.12533658742904663 0.13058744370937347
0.12498117238283157 0.1528114229440689
0.12302528321743011 0.12331127375364304
0.1224636435508728 0.1225404292345047
0.11917540431022644 0.12984122335910797
0.11796357482671738 0.1383667290210724
0.11773275583982468 0.1286339908838272
0.11759473383426666 0.12672637403011322
0.11753293126821518 0.14550238847732544
0.1173856183886528 0.13464763760566711
0.11648610979318619 0.1370779126882553
0.11588261276483536 0.14886340498924255
0.1149894967675209 0.13033385574817657
0.11481402069330215 0.17736034095287323
0.11402925103902817 0.15314440429210663
0.1130799725651741 0.11587291210889816
0.11278362572193146 0.13775183260440826
0.11038864403963089 0.11929032951593399
0.10981649160385132 0.11689034104347229
0.10902813076972961 0.12162506580352783
0.10894811898469925 0.12648920714855194
0.10864004492759705 0.12491623312234879
0.10835770517587662 0.10949826240539551
0.10806018859148026 0.12098069489002228
0.10783492028713226 0.12659765779972076
0.10767527669668198 0.11228862404823303
0.10733554512262344 0.14311961829662323
0.1056964099407196 0.14648616313934326
0.10551845282316208 0.11711113154888153
0.10529807955026627 0.10604637116193771
0.10487125813961029 0.1112060695886612
0.10463177412748337 0.11373007297515869
0.10270759463310242 0.15456214547157288
0.10237058252096176 0.12876756489276886
0.10218163579702377 0.10426654666662216
0.10216869413852692 0.11156873404979706
0.10201997309923172 0.12435358762741089
0.10188788175582886 0.11486323922872543
0.10179375857114792 0.12519972026348114
0.1013026013970375 0.1018449142575264
0.10121957212686539 0.10394562780857086
0.10113734751939774 0.11191035807132721
0.10110227763652802 0.10998207330703735
0.10061807930469513 0.13543438911437988
0.10045982897281647 0.10367884486913681
0.10042250156402588 0.11025784909725189
0.1002739891409874 0.10230743885040283
0.09992919117212296 0.11801604181528091
0.09990204125642776 0.1252552568912506
0.09986811131238937 0.102960005402565
0.09959564357995987 0.11113729327917099
0.09932214766740799 0.11978227645158768
0.09930078685283661 0.11122412234544754
0.09906034171581268 0.10365373641252518
0.09850715845823288 0.108381487429142
0.09814347326755524 0.10476227104663849
0.09797491878271103 0.09918849915266037
0.09745514392852783 0.11054124683141708
0.0968809500336647 0.10658431053161621
0.09687952697277069 0.10024736076593399
0.09653820842504501 0.11617925763130188
0.09644189476966858 0.1344159096479416
0.09634798765182495 0.11375349014997482
0.09507174044847488 0.09719540923833847
0.0948357880115509 0.11080599576234818
0.09458738565444946 0.11298581957817078
0.0944116860628128 0.14072909951210022
0.09419196844100952 0.12545566260814667
0.09288644790649414 0.18967317044734955
0.0927433893084526 0.14739294350147247
0.0927240401506424 0.09787227213382721
0.0925891250371933 0.10132145881652832
0.09231406450271606 0.1326734870672226
0.09220796823501587 0.13316529989242554
0.09204313904047012 0.10654175281524658
0.09175913035869598 0.11095307767391205
0.09166216105222702 0.1293743997812271
0.09125006943941116 0.0941547155380249
0.0912376344203949 0.1478983461856842
0.09122730791568756 0.11174649745225906
0.09117436408996582 0.12189237773418427
0.09089536219835281 0.15385426580905914
0.0908106341958046 0.09094855189323425
0.0904451534152031 0.10952599346637726
0.08935660123825073 0.1259370595216751
0.08861057460308075 0.11675345152616501
0.08823957294225693 0.10293696075677872
0.08798108994960785 0.09216903895139694
0.08731377124786377 0.12712238729000092
0.08729048818349838 0.102837935090065
0.08641034364700317 0.09885752201080322
0.08639369159936905 0.11615745723247528
0.08635708689689636 0.14734716713428497
0.08627684414386749 0.09239881485700607
0.08619216829538345 0.0986076071858406
0.08577565848827362 0.10366709530353546
0.08524122834205627 0.1531049758195877
0.0851188525557518 0.10091662406921387
0.08493520319461823 0.09799890220165253
0.08486319333314896 0.10081581026315689
0.08485700935125351 0.12457699328660965
0.08482624590396881 0.09715863317251205
0.08455946296453476 0.10447847098112106
0.08448152244091034 0.11175587028265
0.0840071365237236 0.1282012164592743
0.08397133648395538 0.08579176664352417
0.08367665112018585 0.10730654746294022
0.08310273289680481 0.08765175193548203
0.08288642019033432 0.14569354057312012
0.0828804299235344 0.11260495334863663
0.08216767758131027 0.1076866015791893
0.08212485909461975 0.14880786836147308
0.08203652501106262 0.11836463958024979
0.08192818611860275 0.0926310271024704
0.08151869475841522 0.11640116572380066
0.08016952872276306 0.10236409306526184
0.0798821896314621 0.08622520416975021
0.07985889911651611 0.0849423035979271
0.07982000708580017 0.13793881237506866
0.07913290709257126 0.08255449682474136
0.07897651940584183 0.08582797646522522
0.07888622581958771 0.08747733384370804
0.07885289937257767 0.08690991997718811
0.07864604145288467 0.08342865854501724
0.07838407903909683 0.11180166155099869
0.07831496000289917 0.08823294192552567
0.07830708473920822 0.1552886962890625
0.07740136235952377 0.07881592214107513
0.07722708582878113 0.0818854421377182
0.0769737958908081 0.08133771270513535
0.07632899284362793 0.10805466026067734
0.07624857872724533 0.10109774023294449
0.07622699439525604 0.08943788707256317
0.0761084035038948 0.0766313448548317
0.07458111643791199 0.07687462121248245
0.07456036657094955 0.0750759169459343
0.07449296861886978 0.09730951488018036
0.07414054870605469 0.12171883881092072
0.07368262112140656 0.08523645251989365
0.07357528060674667 0.08095657080411911
0.0729522854089737 0.0775706022977829
0.07271312177181244 0.07316136360168457
0.07230129837989807 0.07478067278862
0.07204770296812057 0.07604075968265533
0.0720396414399147 0.08169864118099213
0.07187873125076294 0.07729852199554443
0.07185560464859009 0.0819501280784607
0.0717635452747345 0.08068332076072693
0.0710529163479805 0.07431660592556
0.07074136286973953 0.097161203622818
0.07061693072319031 0.08979950100183487
0.07052842527627945 0.07230731844902039
0.07049503922462463 0.11821045726537704
0.07029160857200623 0.07998265326023102
0.07005272805690765 0.08806940913200378
0.06970246136188507 0.0807025134563446
0.06965306401252747 0.09531235694885254
0.06830216199159622 0.06945358961820602
0.06811744719743729 0.10742958635091782
0.06809818744659424 0.07435932755470276
0.06770388782024384 0.06875944137573242
0.06735040992498398 0.08166150748729706
0.06723746657371521 0.0892266035079956
0.06701245903968811 0.07986398041248322
0.06700196862220764 0.06846188753843307
0.06691424548625946 0.11370913684368134
0.06664982438087463 0.07290064543485641
0.0664123147726059 0.07035740464925766
0.06602399796247482 0.10791446268558502
0.06558438390493393 0.08104739338159561
0.06547997891902924 0.08531002700328827
0.06428329646587372 0.06466387212276459
0.06302295625209808 0.07977865636348724
0.06258438527584076 0.06330910325050354
0.06217547133564949 0.08795282244682312
0.06132184714078903 0.07416883111000061
0.06038759648799896 0.08706730604171753
0.05933242663741112 0.08094941824674606
0.058708030730485916 0.06338050961494446
0.05736517161130905 0.07051291316747665
0.05599864944815636 0.06167533993721008
0.05579832196235657 0.06629227846860886
0.05566733703017235 0.06953323632478714
0.04976155608892441 0.058154914528131485
