0.13400328159332275 0.13449205458164215
0.11545614898204803 0.14774684607982635
0.11429910361766815 0.11969564110040665
0.11317077279090881 0.11426972597837448
0.11257195472717285 0.13893848657608032
0.11256091296672821 0.11905300617218018
0.11222052574157715 0.11241867393255234
0.10545719414949417 0.11081238836050034
0.10478605329990387 0.1125592291355133
0.10472188889980316 0.12699994444847107
0.10293763130903244 0.13826444745063782
0.10282303392887115 0.11391868442296982
0.10194339603185654 0.1415865272283554
0.1015414297580719 0.13785912096500397
0.10030709952116013 0.11111937463283539
0.09967325627803802 0.10913559049367905
0.0991542637348175 0.10242348909378052
0.09661608189344406 0.09941419959068298
0.09583990275859833 0.10670114308595657
0.09565737843513489 0.09613379836082458
0.09447548538446426 0.09513284265995026
0.09440786391496658 0.10233291983604431
0.09361769258975983 0.12379825115203857
0.09236788749694824 0.09985139220952988
0.0917758047580719 0.10453350841999054
0.09128649532794952 0.10064690560102463
0.09090825170278549 0.1065419614315033
0.0904754102230072 0.09623005241155624
0.08976738899946213 0.11367522925138474
0.08952975273132324 0.09441845118999481
0.08830984681844711 0.10965199768543243
0.0882677212357521 0.09121668338775635
0.08810953050851822 0.10427910089492798
0.08689764887094498 0.14162111282348633
0.08681008964776993 0.0878484696149826
0.08664163202047348 0.09127844125032425
0.08640335500240326 0.09697963297367096
0.08618747442960739 0.09546246379613876
0.08587107062339783 0.10067301988601685
0.08573464304208755 0.0933159813284874
0.08565376698970795 0.15360011160373688
0.08560318499803543 0.09987909346818924
0.08542904257774353 0.09380196034908295
0.08538807183504105 0.09271707385778427
0.0853189006447792 0.08583564311265945
0.08523590117692947 0.1665862798690796
0.08467533439397812 0.09233586490154266
0.08413723856210709 0.08529813587665558
0.0837060809135437 0.09597636014223099
0.08349788188934326 0.10431336611509323
0.08288972079753876 0.09652634710073471
0.08230949193239212 0.10027891397476196
0.08167476952075958 0.09029028564691544
0.08146648108959198 0.09792250394821167
0.08066695183515549 0.08522889763116837
0.08057169616222382 0.13019520044326782
0.07973169535398483 0.12256354093551636
0.07966955006122589 0.11918328702449799
0.07959116250276566 0.0973992645740509
0.07904452085494995 0.08991892635822296
0.07861719280481339 0.13823890686035156
0.0784284770488739 0.0972164049744606
0.07837022095918655 0.10875441133975983
0.07822934538125992 0.08869118988513947
0.07818840444087982 0.1356874704360962
0.0777280256152153 0.14226672053337097
0.07755406945943832 0.08356033265590668
0.07701463252305984 0.08628103882074356
0.07666322588920593 0.09287866204977036
0.07657807320356369 0.10327799618244171
0.07657287269830704 0.16848573088645935
0.07646627724170685 0.11332035809755325
0.07639888674020767 0.1547236293554306
0.0760190412402153 0.08221583068370819
0.07537492364645004 0.13645881414413452
0.07522540539503098 0.10644597560167313
0.07477093487977982 0.11955256015062332
0.07460090517997742 0.12499035894870758
0.07429265230894089 0.0852445662021637
0.07422640174627304 0.07913288474082947
0.0735064223408699 0.14022834599018097
0.07321199029684067 0.18736882507801056
0.07217277586460114 0.09394331276416779
0.07193396240472794 0.11212287843227386
0.07160819321870804 0.08991490304470062
0.07060540467500687 0.0974762886762619
0.07047385722398758 0.09302940219640732
0.07043956965208054 0.08047134429216385
0.07043661177158356 0.12959398329257965
0.07020564377307892 0.07941526919603348
0.06980669498443604 0.07808174937963486
0.06979772448539734 0.08241727948188782
0.06961677968502045 0.07360836863517761
0.06886036694049835 0.07803834974765778
0.06849848479032516 0.08203210681676865
0.06798727065324783 0.08316393196582794
0.06796784698963165 0.09706085175275803
0.06770803779363632 0.1263154298067093
0.06762173026800156 0.10066261887550354
0.06746295839548111 0.08531972020864487
0.06716617196798325 0.11546715348958969
0.06704198569059372 0.11357046663761139
0.06653985381126404 0.11843510717153549
0.06653843820095062 0.06928018480539322
0.06627682596445084 0.0762316882610321
0.06593146175146103 0.06647174805402756
0.06418713927268982 0.09527679532766342
0.06390969455242157 0.09796559065580368
0.06373906135559082 0.06817865371704102
0.06373868882656097 0.08078020811080933
0.06369851529598236 0.0827033668756485
0.06335339695215225 0.07009132951498032
0.0633382648229599 0.07489416748285294
0.0630497932434082 0.11931310594081879
0.06296974420547485 0.08942383527755737
0.06268255412578583 0.06357717514038086
0.06255807727575302 0.1022869125008583
0.0623156875371933 0.06319614499807358
0.062276605516672134 0.09166238456964493
0.06221277639269829 0.08752021938562393
0.06221091374754906 0.08247069269418716
0.06204279139637947 0.06276225298643112
0.06192060187458992 0.07179535925388336
0.06178359314799309 0.08561570942401886
0.06131969764828682 0.06841206550598145
0.06096863001585007 0.06641393899917603
0.060907211154699326 0.07724300026893616
0.06043737381696701 0.062347427010536194
0.0596640408039093 0.06080107018351555
0.05966216325759888 0.10666164755821228
0.059262946248054504 0.0722012147307396
0.05879104509949684 0.07639113068580627
0.05878995358943939 0.061880771070718765
0.05840102955698967 0.07031143456697464
0.058179453015327454 0.07441598176956177
0.057893749326467514 0.06172774359583855
0.05742896348237991 0.09152357280254364
0.05695663392543793 0.06323610246181488
0.05650456249713898 0.06409656256437302
0.056267838925123215 0.06889260560274124
0.05475965514779091 0.06368383765220642
0.05327899381518364 0.0671755000948906
0.05254947021603584 0.05524459481239319
0.051718901842832565 0.05569107085466385
0.05046677961945534 0.05686936900019646
0.046794191002845764 0.051083315163850784
0.04552716389298439 0.052996713668107986
0.04520701244473457 0.05099949240684509
0.04442623630166054 0.046990737318992615
0.041989900171756744 0.05188179761171341
