0.11783024668693542 0.11800181865692139
0.10204553604125977 0.1090407446026802
0.1014922484755516 0.10559960454702377
0.09823508560657501 0.1304532140493393
0.09616533666849136 0.1014787033200264
0.09207448363304138 0.0949014201760292
0.08971162140369415 0.13596554100513458
0.08544396609067917 0.08968085050582886
0.08228752017021179 0.09136205911636353
0.0803033709526062 0.10020475089550018
0.0802939385175705 0.08806160092353821
0.08017243444919586 0.10785014927387238
0.0798935815691948 0.11238649487495422
0.07947013527154922 0.08421608805656433
0.07834765315055847 0.0828457921743393
0.07817935943603516 0.10027260333299637
0.07796963304281235 0.07975685596466064
0.07741829752922058 0.09395060688257217
0.07699385285377502 0.08746328949928284
0.07640726119279861 0.08875899016857147
0.07600165903568268 0.07606372982263565
0.07589107751846313 0.12004952132701874
0.07581022381782532 0.07776021212339401
0.07542788982391357 0.07898075133562088
0.07408777624368668 0.07912763208150864
0.07396062463521957 0.08731455355882645
0.07395584881305695 0.12254273891448975
0.07348444312810898 0.07904957234859467
0.07331164181232452 0.12335401028394699
0.07254144549369812 0.08054950833320618
0.0722343921661377 0.0897718295454979
0.07201319932937622 0.07681892067193985
0.07201207429170609 0.07225016504526138
0.07166022807359695 0.07939385622739792
0.07161110639572144 0.12785843014717102
0.07081679254770279 0.09480208158493042
0.07051577419042587 0.07553594559431076
0.07037299126386642 0.12759633362293243
0.06954918801784515 0.09516386687755585
0.0693344995379448 0.08638641238212585
0.06887069344520569 0.0922960489988327
0.06883690506219864 0.07726772874593735
0.0681658461689949 0.0896674245595932
0.06800608336925507 0.09420142322778702
0.06744380295276642 0.09335772693157196
0.06719890236854553 0.0848328024148941
0.06717140972614288 0.06725716590881348
0.06694149225950241 0.06988099217414856
0.06678182631731033 0.09410180896520615
0.06615366786718369 0.07343205064535141
0.06589636206626892 0.09688984602689743
0.06546536087989807 0.06644195318222046
0.06531592458486557 0.06641586124897003
0.06525526195764542 0.10667236149311066
0.0646323636174202 0.07534368336200714
0.06424247473478317 0.07356094568967819
0.06421219557523727 0.09746909886598587
0.06371217221021652 0.08369245380163193
0.06359667330980301 0.17226992547512054
0.06358430534601212 0.06792134046554565
0.0635085329413414 0.10399036109447479
0.06331171840429306 0.09285102039575577
0.0626261755824089 0.08457572013139725
0.06211985647678375 0.07562205940485
0.06178285926580429 0.06828639656305313
0.061758335679769516 0.06896824389696121
0.06148418411612511 0.09996156394481659
0.06140483170747757 0.10357537865638733
0.061290010809898376 0.06241220235824585
0.06085490807890892 0.0654715821146965
0.06028309836983681 0.06875590234994888
0.06022711098194122 0.11447637528181076
0.060027606785297394 0.0708516463637352
0.05968797579407692 0.062234118580818176
0.05927770212292671 0.13366904854774475
0.05925196409225464 0.06542554497718811
0.05861169472336769 0.06392262876033783
0.05845550075173378 0.06516288965940475
0.0581059493124485 0.059977900236845016
0.05704087018966675 0.0835004597902298
0.05663277208805084 0.08134312182664871
0.056149374693632126 0.07932858914136887
0.055515892803668976 0.0560014508664608
0.05535256862640381 0.062168776988983154
0.054829441010951996 0.06685313582420349
0.05443776398897171 0.0774841234087944
0.0539977103471756 0.06315231323242188
0.052943918853998184 0.0633268728852272
0.05273538827896118 0.061615925282239914
0.05264625698328018 0.06112299859523773
0.052512653172016144 0.0583931989967823
0.051579054445028305 0.053054388612508774
0.051098376512527466 0.05658913031220436
0.05068046599626541 0.06964737921953201
0.04986466467380524 0.05831020325422287
0.04979867488145828 0.05190087482333183
0.04978739470243454 0.05805081129074097
0.04848306253552437 0.04918407276272774
0.04828830808401108 0.09048633277416229
0.04816402867436409 0.053528204560279846
0.04811132699251175 0.05157670006155968
0.048073410987854004 0.08195004612207413
0.04781932011246681 0.05033860355615616
0.047804094851017 0.061650387942790985
0.04676586762070656 0.05543050542473793
0.04659602418541908 0.04715314507484436
0.045618243515491486 0.048262886703014374
0.045478496700525284 0.05277476832270622
0.045416735112667084 0.05377257987856865
0.04536069929599762 0.08212317526340485
0.045214273035526276 0.04988379031419754
0.04501796513795853 0.05803237482905388
0.04478605091571808 0.05486587807536125
0.0447666198015213 0.049580931663513184
0.04433412104845047 0.04773329570889473
0.0440080463886261 0.054776646196842194
0.04346481338143349 0.0532982163131237
0.043061692267656326 0.04611258581280708
0.04238101467490196 0.045959483832120895
0.041936106979846954 0.045438844710588455
0.041502054780721664 0.05029908940196037
0.04101603478193283 0.0527816005051136
0.040201473981142044 0.04198552668094635
0.03787863627076149 0.045416831970214844
