0.10269177705049515 0.10270317643880844
0.10026149451732635 0.10029043257236481
0.09990549832582474 0.1078994870185852
0.09017232805490494 0.09562928229570389
0.08122416585683823 0.10485676676034927
0.07994471490383148 0.08627481758594513
0.07957112789154053 0.08737453073263168
0.07675955444574356 0.08374014496803284
0.07518738508224487 0.08188021928071976
0.0748816579580307 0.07681218534708023
0.074110247194767 0.10205765068531036
0.07227078080177307 0.0886293426156044
0.0715346559882164 0.07407761365175247
0.07024368643760681 0.07251297682523727
0.06987857073545456 0.07050522416830063
0.069708913564682 0.13041719794273376
0.06955036520957947 0.07090907543897629
0.06953883171081543 0.08047839999198914
0.06875623017549515 0.08685129880905151
0.06861446052789688 0.09515403211116791
0.06808497756719589 0.09880148619413376
0.0674104392528534 0.06924379616975784
0.0673958957195282 0.06934037059545517
0.06696312129497528 0.0779925137758255
0.06685180962085724 0.08459584414958954
0.06625966727733612 0.0691504180431366
0.06618758291006088 0.08003105968236923
0.06599896401166916 0.08512520790100098
0.06512369960546494 0.067045196890831
0.06431564688682556 0.06511474400758743
0.06384074687957764 0.06847924739122391
0.06368821859359741 0.06826804578304291
0.06264142692089081 0.06849557161331177
0.06242982670664787 0.06331786513328552
0.062250636518001556 0.10075968503952026
0.061633333563804626 0.063953697681427
0.06149796396493912 0.06576525419950485
0.061486780643463135 0.06214161962270737
0.06129549816250801 0.07832779735326767
0.0610366053879261 0.061616308987140656
0.06097998097538948 0.08518661558628082
0.060960736125707626 0.06369666010141373
0.06064144894480705 0.06503599137067795
0.06054339557886124 0.07581114768981934
0.06052248179912567 0.06852809339761734
0.060391366481781006 0.0657740905880928
0.05995357781648636 0.06431052088737488
0.05955972522497177 0.06733514368534088
0.05935962498188019 0.06435268372297287
0.058721352368593216 0.10682214796543121
0.05861888825893402 0.06261623650789261
0.058358073234558105 0.08323867619037628
0.058147888630628586 0.08297544717788696
0.058089010417461395 0.05832943692803383
0.05761527270078659 0.07744757831096649
0.057240549474954605 0.06509535014629364
0.05718814581632614 0.08490847796201706
0.05711831897497177 0.061844635754823685
0.057012949138879776 0.0613035187125206
0.05698225274682045 0.08977010101079941
0.05693689361214638 0.06569045782089233
0.056735698133707047 0.08262987434864044
0.056677527725696564 0.06175313889980316
0.05617848038673401 0.1085423156619072
0.056028611958026886 0.0676754042506218
0.05532906576991081 0.06604975461959839
0.05527312308549881 0.0880497395992279
0.054935745894908905 0.062377698719501495
0.054887350648641586 0.06510533392429352
0.054374128580093384 0.06033949926495552
0.05403626337647438 0.05616273730993271
0.05353599414229393 0.05632523074746132
0.053218334913253784 0.05598128214478493
0.05318659543991089 0.056128621101379395
0.053156960755586624 0.05960066244006157
0.05270228534936905 0.0604349747300148
0.05253896862268448 0.059345096349716187
0.052196912467479706 0.10776212066411972
0.052081186324357986 0.06915563344955444
0.051878057420253754 0.07906588912010193
0.05186755582690239 0.07348895072937012
0.05115937441587448 0.05838014930486679
0.05105472728610039 0.061039749532938004
0.05079511180520058 0.05107772350311279
0.05073631927371025 0.06036718189716339
0.050685662776231766 0.06237189844250679
0.05032408609986305 0.05243416130542755
0.050307925790548325 0.06425946950912476
0.05002671852707863 0.05488231033086777
0.04973716288805008 0.06926478445529938
0.04973028227686882 0.0563298724591732
0.04943569377064705 0.06217944994568825
0.048983849585056305 0.054853230714797974
0.04878145456314087 0.0999642163515091
0.0487264022231102 0.05252568796277046
0.04859771579504013 0.0562438890337944
0.048508938401937485 0.06374285370111465
0.047756221145391464 0.05795573443174362
0.047717493027448654 0.05062156543135643
0.047624796628952026 0.056541990488767624
0.046997785568237305 0.053013671189546585
0.04679877310991287 0.054828841239213943
0.04645892605185509 0.07191301882266998
0.04619865119457245 0.05340390279889107
0.0457005500793457 0.053827814757823944
0.045649413019418716 0.04861649125814438
0.04555926471948624 0.06759501993656158
0.04549308493733406 0.0523221530020237
0.04546547681093216 0.04733235016465187
0.045242033898830414 0.05511863902211189
0.045183971524238586 0.05876195430755615
0.04512665048241615 0.047515589743852615
0.045103635638952255 0.0498298816382885
0.04482370615005493 0.055908627808094025
0.04472711682319641 0.05819610133767128
0.04457993060350418 0.05637083575129509
0.04417676106095314 0.05051451176404953
0.04411907494068146 0.06312079727649689
0.04369066283106804 0.061176035553216934
0.04320155084133148 0.053123265504837036
0.04316752031445503 0.07208221405744553
0.04313495755195618 0.04428091645240784
0.043040432035923004 0.0540853850543499
0.04282112047076225 0.04426087811589241
0.04259663447737694 0.048140451312065125
0.04249520227313042 0.049062490463256836
0.04218289628624916 0.04303562268614769
0.04212179780006409 0.045976508408784866
0.042078156024217606 0.04233137145638466
0.04154321923851967 0.043261438608169556
0.04086340218782425 0.0409829244017601
0.040861837565898895 0.05875048413872719
0.040678903460502625 0.04458359628915787
0.04040634632110596 0.046399038285017014
0.03987254202365875 0.06646735966205597
0.03960137069225311 0.058003488928079605
0.03950713202357292 0.04320861026644707
0.0393705777823925 0.04684573784470558
0.03913113474845886 0.03938620164990425
0.039085738360881805 0.03961355611681938
0.03856062889099121 0.06007927283644676
0.03836239501833916 0.06732920557260513
0.03791385889053345 0.04142634943127632
0.03761473670601845 0.04336259141564369
0.037609346210956573 0.03940550610423088
0.03754723444581032 0.05209970846772194
0.03754010424017906 0.03803049772977829
0.03747114539146423 0.046452343463897705
0.0374014675617218 0.03794737905263901
0.036654338240623474 0.046284276992082596
0.036545366048812866 0.03905484825372696
0.03650448098778725 0.03866613283753395
0.036339785903692245 0.04282582178711891
0.036279331892728806 0.03761682286858559
0.036179959774017334 0.0371805839240551
0.0358145534992218 0.03698921948671341
0.035754624754190445 0.041734855622053146
0.035503264516592026 0.036293722689151764
0.035343922674655914 0.03643198683857918
0.03519735485315323 0.03833464905619621
0.033094435930252075 0.041470739990472794
0.0330691896378994 0.035990096628665924
0.03275793790817261 0.036191996186971664
0.03265424072742462 0.04098162427544594
0.03212955594062805 0.04045451804995537
0.03206406161189079 0.03613907843828201
0.03199636936187744 0.03614431992173195
0.031786996871232986 0.034708235412836075
0.03091883845627308 0.03553531691431999
0.030894828960299492 0.0374673455953598
0.030891530215740204 0.04128986597061157
0.03060436062514782 0.0362761914730072
0.029014699161052704 0.03837881237268448
0.024326413869857788 0.024673698469996452
