0.2888086140155792 0.2929869294166565
0.28739023208618164 0.2918655574321747
0.27964943647384644 0.2812633514404297
0.27772781252861023 0.2841494381427765
0.2754691541194916 0.2821774184703827
0.27533477544784546 0.2848464548587799
0.2749609053134918 0.2939828932285309
0.2526226341724396 0.2592132091522217
0.25101277232170105 0.26572778820991516
0.24928005039691925 0.24950088560581207
0.2480381429195404 0.25053074955940247
0.24767173826694489 0.2484726756811142
0.24560880661010742 0.25042325258255005
0.24530138075351715 0.2621358036994934
0.24519535899162292 0.25476884841918945
0.21670247614383698 0.2193976193666458
0.21133749186992645 0.2191712111234665
0.21073244512081146 0.21190714836120605
0.20998263359069824 0.21542760729789734
0.2063637524843216 0.21306593716144562
0.20510564744472504 0.20902061462402344
0.20506273210048676 0.20560812950134277
0.20506003499031067 0.2130916267633438
0.2045709490776062 0.21044307947158813
0.2043788880109787 0.21596744656562805
0.2042238563299179 0.22589249908924103
0.2039419710636139 0.21295659244060516
0.20238955318927765 0.20253273844718933
0.19942811131477356 0.2004648894071579
0.19892874360084534 0.21801748871803284
0.1961539387702942 0.21232052147388458
0.1953710913658142 0.2072075605392456
0.19469958543777466 0.1981983482837677
0.19373910129070282 0.19459523260593414
0.1921583116054535 0.20150452852249146
0.19046474993228912 0.1959817111492157
0.18870225548744202 0.1901727318763733
0.1876360923051834 0.19182907044887543
0.18747636675834656 0.19812582433223724
0.1870916187763214 0.20387405157089233
0.1868712455034256 0.19613856077194214
0.18506504595279694 0.1958482265472412
0.18443270027637482 0.1901097148656845
0.18379749357700348 0.1971413940191269
0.18350178003311157 0.20095421373844147
0.17965556681156158 0.18025915324687958
0.17886222898960114 0.19007888436317444
0.17732669413089752 0.17841939628124237
0.1755283772945404 0.18373137712478638
0.17406480014324188 0.18229800462722778
0.17190583050251007 0.18723440170288086
0.17075739800930023 0.19341866672039032
0.17043854296207428 0.19188202917575836
0.17042656242847443 0.18406258523464203
0.170060932636261 0.19674985110759735
0.16952204704284668 0.17852123081684113
0.1668056696653366 0.17526237666606903
0.16668573021888733 0.16671495139598846
0.1663093864917755 0.18524321913719177
0.15432898700237274 0.1563456952571869
0.1332574486732483 0.13738830387592316
0.12865382432937622 0.1361737996339798
0.12795427441596985 0.1387929469347
0.1278165876865387 0.20245979726314545
0.124672532081604 0.22773446142673492
0.12360383570194244 0.1310327798128128
0.12160095572471619 0.14724525809288025
0.11917484551668167 0.12933041155338287
0.11590246111154556 0.12215802818536758
0.1150432676076889 0.12544290721416473
0.11471932381391525 0.14443084597587585
0.11384383589029312 0.12792563438415527
0.11147458106279373 0.12090158462524414
0.11110961437225342 0.13059458136558533
0.11020264029502869 0.11858359724283218
0.10935482382774353 0.11355022341012955
0.10836200416088104 0.11091859638690948
0.10790956020355225 0.11046736687421799
0.10543978959321976 0.11369277536869049
0.10464977473020554 0.11959058791399002
0.1042046919465065 0.10605761408805847
0.10359207540750504 0.10485055297613144
0.10349828004837036 0.1038944274187088
0.102878138422966 0.11655228585004807
0.10242567956447601 0.10892687737941742
0.10192728042602539 0.10602489113807678
0.10184484720230103 0.10441457480192184
0.10147009044885635 0.10867687314748764
0.1008860319852829 0.10622437298297882
0.09983959794044495 0.10451754182577133
0.09908095747232437 0.11118831485509872
0.09700585156679153 0.1198301613330841
0.09652712941169739 0.13517941534519196
0.09617635607719421 0.20507915318012238
0.09588582068681717 0.09671185165643692
0.09584192931652069 0.2072179764509201
0.09479008615016937 0.29763367772102356
0.09473863244056702 0.14853952825069427
0.09462607651948929 0.1250387281179428
0.09447389096021652 0.10577214509248734
0.09433325380086899 0.10091575235128403
0.09412749856710434 0.10463649779558182
0.0914674922823906 0.11429312825202942
0.09083764255046844 0.11416152864694595
0.09027832001447678 0.22747015953063965
0.08952635526657104 0.09345395117998123
0.08947042375802994 0.09570075571537018
0.0892261490225792 0.10603707283735275
0.08892767876386642 0.2698723077774048
0.08886515349149704 0.1388871967792511
0.08882319182157516 0.0934198647737503
0.08867300301790237 0.09457824379205704
0.08844098448753357 0.09407012164592743
0.0869884043931961 0.08794519305229187
0.08682995289564133 0.09132740646600723
0.08680211007595062 0.10178810358047485
0.08651258796453476 0.13889506459236145
0.08638571947813034 0.09931612759828568
0.08612653613090515 0.08846386522054672
0.0849616676568985 0.12151951342821121
0.08369548618793488 0.09673457592725754
0.08323665708303452 0.1008935496211052
0.08314178138971329 0.09886384010314941
0.0810227170586586 0.08382154256105423
0.0799548327922821 0.10777751356363297
0.07981567084789276 0.08784063905477524
0.07976361364126205 0.08373147994279861
0.07974839955568314 0.1280379444360733
0.07964679598808289 0.10775341093540192
0.07950101047754288 0.08739017695188522
0.07945775985717773 0.10581143945455551
0.0792200043797493 0.08259623497724533
0.07872764766216278 0.09246206283569336
0.07739737629890442 0.09309618175029755
0.07679291069507599 0.08719796687364578
0.07659606635570526 0.10535939037799835
0.07623826712369919 0.08746042102575302
0.0761946365237236 0.08209492266178131
0.07393361628055573 0.0752590224146843
0.0728306844830513 0.08224893361330032
0.07276548445224762 0.07646166533231735
0.07275807857513428 0.08192521333694458
0.07257914543151855 0.08626317977905273
0.0724073275923729 0.07701166719198227
0.0715201199054718 0.07846082746982574
0.07010944187641144 0.09085863083600998
0.06998208910226822 0.08873815089464188
0.0691114068031311 0.11564047634601593
0.06823752075433731 0.07286515086889267
0.06482656300067902 0.09457100182771683
0.06364598870277405 0.07020885497331619
0.06290975213050842 0.07299727201461792
0.06286492198705673 0.07760389149188995
0.06285964697599411 0.08136916905641556
0.06284133344888687 0.09176648408174515
0.06250913441181183 0.06943023204803467
0.06244870647788048 0.08258520066738129
0.062231503427028656 0.07696647942066193
0.06147068738937378 0.06913169473409653
0.06136694923043251 0.08488541096448898
0.06096880882978439 0.07994860410690308
0.060510650277137756 0.06991737335920334
0.05914546176791191 0.06128836050629616
0.0590941421687603 0.07634131610393524
0.05747673660516739 0.07272908091545105
0.05224013701081276 0.05327686667442322
0.05196467414498329 0.05287676677107811
0.051828786730766296 0.058882251381874084
0.05135857313871384 0.0669858455657959
0.049006734043359756 0.05287676677107811
