0.5605048537254333 0.5662213563919067
0.560045063495636 0.5632042288780212
0.5594834089279175 0.5605881214141846
0.10926909744739532 0.1172160655260086
0.10303254425525665 0.10382753610610962
0.1029532253742218 0.12005037814378738
0.10238897800445557 0.10398725420236588
0.10214488208293915 0.1149498000741005
0.10197819024324417 0.10475708544254303
0.09936521202325821 0.12318799644708633
0.09646549075841904 0.09657824784517288
0.09637767821550369 0.09714129567146301
0.09582499414682388 0.1117197647690773
0.09320022165775299 0.0980423241853714
0.09285175055265427 0.09321347624063492
0.09230562299489975 0.09387131035327911
0.09207995980978012 0.0973210409283638
0.09122462570667267 0.11396146565675735
0.0910269170999527 0.09146344661712646
0.09083061665296555 0.09609443694353104
0.08946878463029861 0.0900653675198555
0.08718488365411758 0.10267481207847595
0.0867670476436615 0.1074320375919342
0.08618801832199097 0.09441293030977249
0.08567886054515839 0.08828984946012497
0.08509163558483124 0.11163236945867538
0.0840812548995018 0.08683867752552032
0.08368933945894241 0.08784911036491394
0.0835251659154892 0.08531643450260162
0.08279860764741898 0.08503466844558716
0.08209212124347687 0.08913679420948029
0.0820714607834816 0.0869046077132225
0.08117318898439407 0.11435113847255707
0.0811258852481842 0.08881420642137527
0.08111963421106339 0.08388426899909973
0.08101063966751099 0.0976361334323883
0.0806218758225441 0.08858751505613327
0.08058168739080429 0.08224745094776154
0.08042505383491516 0.08298858255147934
0.08040670305490494 0.08663495630025864
0.08037678152322769 0.09343298524618149
0.0801345482468605 0.08114156872034073
0.0799817368388176 0.10488015413284302
0.07964086532592773 0.08069033175706863
0.07959312200546265 0.10205648839473724
0.07932708412408829 0.08217859268188477
0.0792577788233757 0.11891341954469681
0.07872744649648666 0.08915983885526657
0.07861221581697464 0.09253104776144028
0.07859828323125839 0.0788506343960762
0.07846200466156006 0.08467094600200653
0.07801026850938797 0.08314541727304459
0.07788102328777313 0.08150506019592285
0.07781226187944412 0.09295693784952164
0.07736192643642426 0.08982908725738525
0.07728326320648193 0.09638534486293793
0.07706297188997269 0.0844123438000679
0.07683195918798447 0.09312277287244797
0.07653089612722397 0.086245596408844
0.0763510912656784 0.09170107543468475
0.07633890956640244 0.08693145960569382
0.07624293863773346 0.10737919807434082
0.07622653990983963 0.1301189810037613
0.07612916827201843 0.08196692168712616
0.07550719380378723 0.08369414508342743
0.07541538774967194 0.07761641591787338
0.07522178441286087 0.0770801454782486
0.07509181648492813 0.07918364554643631
0.07504884153604507 0.08775391429662704
0.07503785192966461 0.08633805066347122
0.07470975071191788 0.08136782050132751
0.07468728721141815 0.08909007906913757
0.07468593865633011 0.07677535712718964
0.0745532214641571 0.07815779745578766
0.07454881072044373 0.1236555352807045
0.07449712604284286 0.08309193700551987
0.07444105297327042 0.10172104835510254
0.07432393729686737 0.08371809870004654
0.07422085851430893 0.08677461743354797
0.07400752604007721 0.07992776483297348
0.07394435256719589 0.09096328914165497
0.07393652200698853 0.08730575442314148
0.07388824224472046 0.09984409809112549
0.07386663556098938 0.08853702992200851
0.07371513545513153 0.07995998859405518
0.07357022166252136 0.08973882347345352
0.07299734652042389 0.07467323541641235
0.0729355439543724 0.08043340593576431
0.07291076332330704 0.08149219304323196
0.07276299595832825 0.0873936340212822
0.07274431735277176 0.10319119691848755
0.07237386703491211 0.07884253561496735
0.07220366597175598 0.07906374335289001
0.07214879989624023 0.08072897046804428
0.07209252566099167 0.09067477285861969
0.0720314159989357 0.07673556357622147
0.07202567905187607 0.10707278549671173
0.07195784151554108 0.07743309438228607
0.0718463882803917 0.08540940284729004
0.07179301232099533 0.0947267934679985
0.07163830101490021 0.08819475769996643
0.07163084298372269 0.07279077172279358
0.07139916718006134 0.08763809502124786
0.07102307677268982 0.09806597977876663
0.07089617103338242 0.07897297292947769
0.07081011682748795 0.07922155410051346
0.07069875299930573 0.08277479559183121
0.07065500319004059 0.07949648052453995
0.07058107852935791 0.10221847891807556
0.0705319419503212 0.0726318508386612
0.07043026387691498 0.07047634571790695
0.07032950222492218 0.0999235212802887
0.07022684812545776 0.07820697128772736
0.07022394984960556 0.08099603652954102
0.07005190849304199 0.12147694081068039
0.06997407972812653 0.07165343314409256
0.06991831213235855 0.07039259374141693
0.06978277862071991 0.07625576108694077
0.06977283954620361 0.08893183618783951
0.06965599209070206 0.07861264050006866
0.06944549828767776 0.09948147088289261
0.06933361291885376 0.08595603704452515
0.06886456906795502 0.08395177870988846
0.06878215074539185 0.0818333551287651
0.0687749907374382 0.07384491711854935
0.06873904913663864 0.08153155446052551
0.06868720799684525 0.07355865091085434
0.06862607598304749 0.07180047035217285
0.0685284286737442 0.077457495033741
0.06838639080524445 0.0770963728427887
0.0682661235332489 0.09340029954910278
0.06818173080682755 0.07932201772928238
0.06815550476312637 0.10661321133375168
0.06801008433103561 0.07369944453239441
0.0678606927394867 0.1098242700099945
0.0678308978676796 0.13283437490463257
0.06766361743211746 0.09128144383430481
0.0674929991364479 0.06845477968454361
0.0672575831413269 0.0864429920911789
0.06715003401041031 0.08760076761245728
0.0670332983136177 0.07040511071681976
0.06689941138029099 0.07258889824151993
0.0668792575597763 0.08216314017772675
0.06685017794370651 0.09122896194458008
0.06665628403425217 0.0901004821062088
0.06648983061313629 0.06972301751375198
0.06638452410697937 0.13622577488422394
0.06638208776712418 0.0735483318567276
0.06636602431535721 0.06646893918514252
0.0663304403424263 0.09256494790315628
0.0662422701716423 0.09856947511434555
0.06599562615156174 0.07076165080070496
0.06597624719142914 0.06714585423469543
0.06577806174755096 0.09643398225307465
0.06575442105531693 0.08099547773599625
0.06556956470012665 0.13028518855571747
0.0655311718583107 0.08764433115720749
0.06550877541303635 0.07111502438783646
0.06542648375034332 0.07089298963546753
0.06535762548446655 0.0723595842719078
0.06531184166669846 0.11001965403556824
0.06528223305940628 0.08695399016141891
0.06503797322511673 0.07181651890277863
0.065000981092453 0.08316946029663086
0.06499174237251282 0.06565336883068085
0.0648646429181099 0.06984271109104156
0.06459023803472519 0.14289413392543793
0.06456688046455383 0.08315341919660568
0.06453526765108109 0.07620929181575775
0.06442372500896454 0.08696762472391129
0.06441067904233932 0.13443611562252045
0.06430952250957489 0.09154175221920013
0.06428272277116776 0.07803694158792496
0.06415308266878128 0.07231931388378143
0.06391219794750214 0.06664373725652695
0.06378940492868423 0.09281893074512482
0.06362086534500122 0.09333647787570953
0.06330358982086182 0.06609910726547241
0.06305453181266785 0.07722432911396027
0.06294652819633484 0.08201153576374054
0.06270726770162582 0.07387062907218933
0.0624491311609745 0.07013425976037979
0.06228143721818924 0.0703592300415039
0.06173669174313545 0.06488990038633347
0.06154375523328781 0.12630172073841095
0.06153241917490959 0.0669056698679924
0.06148596107959747 0.08552423119544983
0.06138962134718895 0.085759736597538
0.06129136681556702 0.06533646583557129
0.06087341159582138 0.06730402261018753
0.06081495061516762 0.09350721538066864
0.060765281319618225 0.07319926470518112
0.06058574467897415 0.063378244638443
0.060553643852472305 0.07146350294351578
0.060553114861249924 0.07383575290441513
0.05997385084629059 0.059979602694511414
0.05995700880885124 0.09295693784952164
0.0598328597843647 0.06613246351480484
0.05980730056762695 0.06664373725652695
0.059802256524562836 0.08706528693437576
0.05966918170452118 0.06086939573287964
0.05966392531991005 0.06418117880821228
0.059576310217380524 0.07063091546297073
0.059125449508428574 0.10905033349990845
0.059113018214702606 0.06424277275800705
0.058613475412130356 0.10927489399909973
0.05669726803898811 0.07134119421243668
0.055664047598838806 0.0637640431523323
0.055623073130846024 0.07300961762666702
0.0555899441242218 0.058826200664043427
0.05556633323431015 0.05577358976006508
0.055461447685956955 0.06630508601665497
0.05515231192111969 0.06210288405418396
0.05514000356197357 0.06964623183012009
0.05480831488966942 0.12115205079317093
0.054589081555604935 0.06308650970458984
0.05366210266947746 0.06370839476585388
0.053502585738897324 0.07627353072166443
0.053449489176273346 0.06057829037308693
0.053419601172208786 0.06357910484075546
0.05220269784331322 0.07184141129255295
0.0501236654818058 0.05662914365530014
0.04966115206480026 0.05129852145910263
0.048588283360004425 0.05931711569428444
0.04759993031620979 0.05763586238026619
0.04752737656235695 0.060246542096138
0.04721733555197716 0.05000125989317894
0.04701688885688782 0.05063840374350548
0.04688785970211029 0.07204291969537735
0.04671962931752205 0.05453134700655937
0.04641951993107796 0.05677598714828491
0.046246983110904694 0.05509420111775398
0.04359903931617737 0.05253523588180542
