0.21507667005062103 0.2681097686290741
0.178094744682312 0.18749231100082397
0.16150471568107605 0.17460210621356964
0.1591615229845047 0.16031689941883087
0.15671855211257935 0.1718723177909851
0.1563718020915985 0.18657705187797546
0.15490855276584625 0.1581745445728302
0.14622735977172852 0.15377549827098846
0.14444956183433533 0.16554763913154602
0.1425139456987381 0.1545739322900772
0.14098721742630005 0.15677382051944733
0.14034929871559143 0.17977076768875122
0.14010274410247803 0.17443637549877167
0.13914789259433746 0.15486040711402893
0.1387542486190796 0.1525755524635315
0.13833150267601013 0.14606136083602905
0.13388772308826447 0.1592564731836319
0.13095200061798096 0.1564333587884903
0.1290591061115265 0.14692388474941254
0.1283682882785797 0.20728017389774323
0.12826719880104065 0.1601567566394806
0.12776127457618713 0.13403984904289246
0.1275506466627121 0.15678244829177856
0.12675023078918457 0.12680450081825256
0.12617430090904236 0.16387604176998138
0.12615980207920074 0.17625819146633148
0.1259460151195526 0.13240943849086761
0.12535454332828522 0.12919723987579346
0.12267030030488968 0.1588401198387146
0.12195096909999847 0.1264786273241043
0.12117969244718552 0.13621112704277039
0.12075293064117432 0.18080845475196838
0.1205238327383995 0.12616299092769623
0.12020930647850037 0.1285209059715271
0.1188032329082489 0.17160707712173462
0.11858825385570526 0.12764151394367218
0.11843303591012955 0.12372526526451111
0.11818879842758179 0.16997909545898438
0.11722485721111298 0.13556283712387085
0.11670248955488205 0.12050484120845795
0.11593543738126755 0.1730608344078064
0.11588136106729507 0.18054892122745514
0.11493159830570221 0.12313539534807205
0.11350952833890915 0.11432516574859619
0.11348944902420044 0.148639515042305
0.11163770407438278 0.11356291174888611
0.11153329908847809 0.11243636906147003
0.11128610372543335 0.12809716165065765
0.11122839897871017 0.13403984904289246
0.1106029599905014 0.15081973373889923
0.1100623831152916 0.13223391771316528
0.10869092494249344 0.11966417729854584
0.1086275652050972 0.12878991663455963
0.10859610885381699 0.20514804124832153
0.10836873948574066 0.10963869094848633
0.10809552669525146 0.142425075173378
0.1079888641834259 0.18433710932731628
0.10776988416910172 0.14062868058681488
0.10709930956363678 0.13514022529125214
0.1066029891371727 0.10965162515640259
0.10613156855106354 0.11839421093463898
0.10587901622056961 0.12692096829414368
0.10577166080474854 0.1384325921535492
0.10500586032867432 0.14051754772663116
0.10431032627820969 0.10610946267843246
0.10429826378822327 0.15125612914562225
0.10379979014396667 0.12472508102655411
0.10363909602165222 0.11233796924352646
0.10360434651374817 0.15376496315002441
0.10360050201416016 0.13824589550495148
0.10330069810152054 0.13664375245571136
0.10315492004156113 0.11312530189752579
0.10192295908927917 0.15677382051944733
0.10160787403583527 0.11816637217998505
0.1014668345451355 0.12986083328723907
0.10131409764289856 0.11270347982645035
0.10128816962242126 0.12542647123336792
0.10080279409885406 0.11576242744922638
0.10027134418487549 0.10888037830591202
0.09998872876167297 0.11467347294092178
0.09923160821199417 0.11152626574039459
0.09878778457641602 0.10288026928901672
0.09833846986293793 0.1493377536535263
0.09688392281532288 0.20194120705127716
0.09644004702568054 0.13491104543209076
0.09639475494623184 0.11247614771127701
0.09638714045286179 0.13354967534542084
0.09633161127567291 0.10181557387113571
0.09619849920272827 0.10092047601938248
0.0961856096982956 0.17066341638565063
0.09598256647586823 0.10348261892795563
0.0959790050983429 0.1303488165140152
0.0959661602973938 0.11924023926258087
0.09580203145742416 0.10868151485919952
0.0957551971077919 0.14792975783348083
0.09508565068244934 0.12303584814071655
0.09385698288679123 0.14876355230808258
0.09381495416164398 0.09489243477582932
0.09365419298410416 0.10574707388877869
0.09332995116710663 0.11636578291654587
0.09330044686794281 0.10644444078207016
0.09279211610555649 0.093221515417099
0.09274636209011078 0.09923627972602844
0.09232678264379501 0.1064295843243599
0.09145691990852356 0.12571462988853455
0.09121529012918472 0.19732680916786194
0.09102372825145721 0.09744876623153687
0.09047172963619232 0.1504041999578476
0.09024640172719955 0.09960096329450607
0.09020164608955383 0.1109900176525116
0.09018869698047638 0.14136631786823273
0.08962798863649368 0.09294701367616653
0.08923561871051788 0.1100405752658844
0.08891630917787552 0.12665362656116486
0.08873657137155533 0.09161919355392456
0.08854808658361435 0.09556545317173004
0.08848486095666885 0.11946297436952591
0.08764269202947617 0.0918012335896492
0.08749163150787354 0.10216314345598221
0.08740272372961044 0.11345772445201874
0.08725026994943619 0.18768107891082764
0.08660239726305008 0.12760049104690552
0.0865933895111084 0.11076866835355759
0.086318239569664 0.1676265299320221
0.08566787093877792 0.09550531208515167
0.08562983572483063 0.13079553842544556
0.08544272184371948 0.106208436191082
0.08518756181001663 0.09880363941192627
0.08500465005636215 0.11060860753059387
0.08495048433542252 0.13822200894355774
0.08485133200883865 0.15617653727531433
0.08468995988368988 0.10334298014640808
0.08452270179986954 0.12922661006450653
0.08282755315303802 0.11709941178560257
0.08249169588088989 0.14453408122062683
0.08242512494325638 0.12897731363773346
0.08217507600784302 0.09121738374233246
0.08169176429510117 0.1027885302901268
0.08134661614894867 0.20227168500423431
0.08118987083435059 0.084850013256073
0.08088561147451401 0.1502012461423874
0.08017322421073914 0.10208095610141754
0.07950003445148468 0.08683746308088303
0.07918896526098251 0.11720194667577744
0.07911703735589981 0.11876188963651657
0.07886140793561935 0.08860056102275848
0.07819326967000961 0.09816698729991913
0.07800129055976868 0.07886052131652832
0.07735366374254227 0.08704961836338043
0.07704976201057434 0.12071257084608078
0.07693206518888474 0.0835384950041771
0.07650844007730484 0.07862382382154465
0.07609839737415314 0.07809479534626007
0.07562800496816635 0.11659997701644897
0.07477859407663345 0.08155889809131622
0.07403743267059326 0.07845229655504227
0.07320453226566315 0.09143481403589249
0.07136423885822296 0.09332737326622009
0.07078463584184647 0.08397690951824188
0.06867118179798126 0.08167252689599991
0.06823855638504028 0.11857323348522186
0.06739652156829834 0.08173386007547379
0.06710653752088547 0.07698788493871689
0.06635409593582153 0.06697098165750504
0.06600406020879745 0.11556020379066467
0.06582562625408173 0.07733039557933807
0.06113184615969658 0.06221485510468483
0.05817113444209099 0.06913444399833679
