0.2497820407152176 0.2522885501384735
0.18350817263126373 0.20175006985664368
0.17829325795173645 0.1800481081008911
0.15674631297588348 0.1810423582792282
0.15526163578033447 0.1576666533946991
0.14618892967700958 0.16714145243167877
0.14610175788402557 0.17742903530597687
0.14540986716747284 0.147452250123024
0.14341190457344055 0.1665300726890564
0.14044199883937836 0.1407628059387207
0.13942113518714905 0.15429042279720306
0.13745830953121185 0.140051931142807
0.1326896846294403 0.13409548997879028
0.13020531833171844 0.13171741366386414
0.12951496243476868 0.1420375108718872
0.12767396867275238 0.13594959676265717
0.12744319438934326 0.20033766329288483
0.12583819031715393 0.14801079034805298
0.12476731836795807 0.12511581182479858
0.12466990947723389 0.15445256233215332
0.12330624461174011 0.16262979805469513
0.12179124355316162 0.13919667899608612
0.12121648341417313 0.16227248311042786
0.12109635025262833 0.12905040383338928
0.12105634063482285 0.12715992331504822
0.12046393007040024 0.15747909247875214
0.12042173743247986 0.13340559601783752
0.1186896413564682 0.12119529396295547
0.11767703294754028 0.13555306196212769
0.11704447120428085 0.11715187132358551
0.11665695160627365 0.12998686730861664
0.11636941134929657 0.15341363847255707
0.11636479943990707 0.14845582842826843
0.11536658555269241 0.13762053847312927
0.1144610345363617 0.1907138228416443
0.11436981707811356 0.1456601768732071
0.11407487094402313 0.157997727394104
0.113118015229702 0.12312887609004974
0.11266273260116577 0.129861518740654
0.11201931536197662 0.13024981319904327
0.11159342527389526 0.11175188422203064
0.111297607421875 0.1406194120645523
0.1112777516245842 0.1655944436788559
0.10964346677064896 0.1797073483467102
0.10870665311813354 0.17206580936908722
0.10806231945753098 0.1649402678012848
0.10783354192972183 0.12118369340896606
0.10782881081104279 0.15508171916007996
0.10750020295381546 0.13617128133773804
0.10712523758411407 0.11802277714014053
0.10444993525743484 0.20279212296009064
0.10423466563224792 0.12705405056476593
0.10398030281066895 0.17851920425891876
0.10395541787147522 0.13500119745731354
0.10374673455953598 0.10658822953701019
0.10335755348205566 0.17481885850429535
0.10320232063531876 0.11263593286275864
0.10313454270362854 0.12217897176742554
0.10292287915945053 0.11339029669761658
0.10282304137945175 0.10333653539419174
0.10209965705871582 0.11384221166372299
0.10159043222665787 0.10502307862043381
0.10132385045289993 0.12373127043247223
0.10081525892019272 0.1281939595937729
0.10079175233840942 0.12720249593257904
0.10072754323482513 0.13860905170440674
0.09914395213127136 0.11054003238677979
0.09912455081939697 0.1392018049955368
0.09869015961885452 0.11617446690797806
0.09860862791538239 0.10055863857269287
0.09858444333076477 0.12092801183462143
0.09847278892993927 0.16150304675102234
0.09842934459447861 0.09863695502281189
0.098054438829422 0.19511374831199646
0.09794685989618301 0.20001220703125
0.09737230092287064 0.10556519031524658
0.09736265987157822 0.10696139931678772
0.09690087288618088 0.13523027300834656
0.09590450674295425 0.10238324105739594
0.09561971575021744 0.11128166317939758
0.0952400267124176 0.10373269021511078
0.09509702026844025 0.09887256473302841
0.09502165764570236 0.12184888124465942
0.09490881115198135 0.10907356441020966
0.09490315616130829 0.12235424667596817
0.09488934278488159 0.11798184365034103
0.09485241025686264 0.100455142557621
0.09477254003286362 0.096042200922966
0.09451795369386673 0.14518457651138306
0.09387008845806122 0.09513679891824722
0.09313678741455078 0.10156606882810593
0.09260363131761551 0.20073455572128296
0.09229264408349991 0.09339585155248642
0.09226278215646744 0.09617703408002853
0.0922231674194336 0.09271273761987686
0.09175778925418854 0.12885598838329315
0.09159963577985764 0.10825531929731369
0.09139976650476456 0.11915750056505203
0.0906006470322609 0.10275867581367493
0.09040944278240204 0.10523083060979843
0.09023486077785492 0.1227637454867363
0.09002196043729782 0.09665796905755997
0.08943141996860504 0.09867054969072342
0.08907079696655273 0.0916963741183281
0.08898530900478363 0.10825531929731369
0.08891364932060242 0.09607712924480438
0.08811067044734955 0.09586498886346817
0.08772508800029755 0.10375991463661194
0.08765548467636108 0.10591684281826019
0.08733163774013519 0.0902976542711258
0.0864907056093216 0.10924196243286133
0.086448535323143 0.09216650575399399
0.08592088520526886 0.14631108939647675
0.08577103912830353 0.0858168676495552
0.08557073771953583 0.1301766037940979
0.08554765582084656 0.08701753616333008
0.08541087061166763 0.10206010937690735
0.0851660892367363 0.08555285632610321
0.08480358868837357 0.11036846041679382
0.0847502276301384 0.088615782558918
0.08441007137298584 0.08980073779821396
0.0838385671377182 0.10105529427528381
0.08348498493432999 0.14679434895515442
0.08341693878173828 0.09278042614459991
0.08316940069198608 0.09227173775434494
0.08310887962579727 0.1105542704463005
0.08259952068328857 0.10762099921703339
0.08189871162176132 0.10988037288188934
0.08148330450057983 0.1107582300901413
0.08108357340097427 0.11540686339139938
0.08106482774019241 0.11355078220367432
0.07967445999383926 0.09080328792333603
0.07891237735748291 0.12252607941627502
0.07866770774126053 0.08059299737215042
0.07843820005655289 0.08654911071062088
0.07838989794254303 0.09578746557235718
0.07801079750061035 0.09433861821889877
0.07783178985118866 0.08333075791597366
0.07772324979305267 0.1048167273402214
0.07724080979824066 0.09017166495323181
0.07637925446033478 0.07765056937932968
0.07562478631734848 0.07903369516134262
0.07562242448329926 0.09118056297302246
0.07547110319137573 0.09252458810806274
0.07533635199069977 0.08092980086803436
0.07486752420663834 0.07589542865753174
0.07484064251184464 0.11154747009277344
0.07392490655183792 0.0865892618894577
0.07392250746488571 0.089814193546772
0.0737580955028534 0.12819363176822662
0.07320833206176758 0.07701294124126434
0.07265638560056686 0.0821862742304802
0.07248502969741821 0.09069810062646866
0.07164737582206726 0.11242365837097168
0.07157761603593826 0.07363024353981018
0.07038736343383789 0.10669642686843872
0.07017409801483154 0.07072287797927856
0.06753747165203094 0.08095330744981766
0.0674930140376091 0.10525178909301758
0.06647564470767975 0.07708045095205307
0.06600642204284668 0.07226458191871643
0.0636502206325531 0.07822819799184799
0.06356871128082275 0.07472735643386841
0.06350704282522202 0.07043079286813736
0.06272506713867188 0.07179231196641922
0.06194718927145004 0.07157939672470093
0.06038173660635948 0.06700102984905243
0.058334726840257645 0.06684170663356781
0.0580909438431263 0.06064629927277565
0.05761590600013733 0.06676136702299118
0.053881075233221054 0.06043919175863266
0.053662918508052826 0.06403540819883347
0.05208447575569153 0.05249957740306854
0.04444649815559387 0.05156845599412918
