0.235772967338562 0.23617954552173615
0.21942341327667236 0.221441850066185
0.19326552748680115 0.20852652192115784
0.18251028656959534 0.18254148960113525
0.17867225408554077 0.1872798502445221
0.17762260138988495 0.19898290932178497
0.17641878128051758 0.18963506817817688
0.17536145448684692 0.18716156482696533
0.17442142963409424 0.19054216146469116
0.17118710279464722 0.2036122828722
0.17074988782405853 0.17431899905204773
0.16980396211147308 0.18981975317001343
0.1695547103881836 0.18517698347568512
0.16953636705875397 0.17895694077014923
0.168346107006073 0.23116709291934967
0.16790422797203064 0.1810484230518341
0.16458110511302948 0.16488848626613617
0.16374294459819794 0.17087788879871368
0.16332696378231049 0.2142208367586136
0.16285984218120575 0.19167481362819672
0.16096681356430054 0.18421369791030884
0.15884853899478912 0.16381756961345673
0.15848739445209503 0.19649502635002136
0.1569138765335083 0.16852296888828278
0.15676695108413696 0.1612556129693985
0.15571576356887817 0.2076997011899948
0.15492463111877441 0.1775536686182022
0.1534670740365982 0.1564459502696991
0.15195870399475098 0.1603095978498459
0.15090253949165344 0.18853239715099335
0.14888595044612885 0.15297898650169373
0.14704792201519012 0.16611793637275696
0.14693984389305115 0.1471520960330963
0.14572955667972565 0.1478210687637329
0.14564910531044006 0.19260729849338531
0.14487813413143158 0.14759278297424316
0.14318311214447021 0.21825353801250458
0.14237834513187408 0.16040657460689545
0.14154452085494995 0.14564873278141022
0.14076437056064606 0.1558867245912552
0.14033986628055573 0.14356224238872528
0.1401539295911789 0.14112161099910736
0.1395997405052185 0.20208445191383362
0.1395319104194641 0.14061716198921204
0.13926438987255096 0.17319810390472412
0.13921470940113068 0.14469553530216217
0.13899864256381989 0.15079741179943085
0.13881200551986694 0.1452988237142563
0.13826854526996613 0.15135927498340607
0.13799962401390076 0.16114361584186554
0.13758330047130585 0.143381267786026
0.1375349760055542 0.17938774824142456
0.13678476214408875 0.14672668278217316
0.13650336861610413 0.13861697912216187
0.13628169894218445 0.21200264990329742
0.13414745032787323 0.1400185376405716
0.133720263838768 0.1356843113899231
0.133536234498024 0.15364708006381989
0.13315781950950623 0.13570939004421234
0.1329200565814972 0.1400185376405716
0.13289861381053925 0.1448713093996048
0.13279882073402405 0.14024251699447632
0.13261279463768005 0.13292068243026733
0.1317102015018463 0.1387181580066681
0.13105399906635284 0.1398092359304428
0.13100172579288483 0.14298705756664276
0.1308659464120865 0.14198076725006104
0.1299658566713333 0.13158147037029266
0.12970106303691864 0.1508873701095581
0.12969519197940826 0.16826209425926208
0.12958386540412903 0.15940335392951965
0.1292249858379364 0.14792585372924805
0.12914182245731354 0.13108406960964203
0.1290818452835083 0.1387689709663391
0.12901951372623444 0.13939537107944489
0.12900219857692719 0.14601576328277588
0.12835797667503357 0.1460532695055008
0.12831003963947296 0.15270167589187622
0.1276709884405136 0.15820574760437012
0.12715840339660645 0.152940034866333
0.12705804407596588 0.1442396193742752
0.12671008706092834 0.1431097537279129
0.12607304751873016 0.12952443957328796
0.12598097324371338 0.15034045279026031
0.12586818635463715 0.14601023495197296
0.12418206036090851 0.1423443704843521
0.12377060949802399 0.15398992598056793
0.12367413192987442 0.1403338760137558
0.12339085340499878 0.14245319366455078
0.12314030528068542 0.13670922815799713
0.12212864309549332 0.16031190752983093
0.12209382653236389 0.126568004488945
0.12171670794487 0.15516126155853271
0.12138323485851288 0.14295610785484314
0.12122621387243271 0.12354125827550888
0.12059138715267181 0.1455879807472229
0.12054690718650818 0.17315056920051575
0.12013225257396698 0.19707012176513672
0.12004854530096054 0.12164667993783951
0.11995424330234528 0.13861697912216187
0.11977726221084595 0.14130845665931702
0.11941634118556976 0.12098078429698944
0.11894746869802475 0.15734493732452393
0.11852171272039413 0.14867766201496124
0.11830620467662811 0.15321321785449982
0.11807467043399811 0.1507677286863327
0.11804605275392532 0.13941776752471924
0.1178773045539856 0.12888196110725403
0.11781617254018784 0.15253935754299164
0.11760903894901276 0.1264433115720749
0.11757539212703705 0.12020176649093628
0.11747414618730545 0.11896831542253494
0.11660484969615936 0.15814025700092316
0.11644427478313446 0.14918252825737
0.1164216697216034 0.13550400733947754
0.11587856709957123 0.1405571699142456
0.11512435227632523 0.15955977141857147
0.1150229200720787 0.16977433860301971
0.11477227509021759 0.11944293230772018
0.11469261348247528 0.12112034112215042
0.11412999778985977 0.1163552850484848
0.11401951313018799 0.1488635540008545
0.1132950559258461 0.18722176551818848
0.1132042333483696 0.18017806112766266
0.11308465898036957 0.16040411591529846
0.1128883808851242 0.13410525023937225
0.11274714767932892 0.14246532320976257
0.11271479725837708 0.11295948922634125
0.11244391649961472 0.16147859394550323
0.11241824924945831 0.1226220577955246
0.1118570864200592 0.1800093650817871
0.11178965121507645 0.16342654824256897
0.11106287688016891 0.16576336324214935
0.110723577439785 0.12210783362388611
0.11071339249610901 0.1493130475282669
0.11029169708490372 0.15338242053985596
0.11008626222610474 0.11575918644666672
0.11002747714519501 0.11880956590175629
0.1096523255109787 0.12745560705661774
0.10962788760662079 0.12514986097812653
0.10954780876636505 0.1857023984193802
0.10947718471288681 0.111507348716259
0.10922204703092575 0.12508393824100494
0.10894408822059631 0.22376760840415955
0.10866846144199371 0.11421693861484528
0.10852688550949097 0.12016861885786057
0.10847946256399155 0.12251947820186615
0.10803382843732834 0.11244655400514603
0.10769366472959518 0.1354447901248932
0.10763091593980789 0.16737796366214752
0.10754946619272232 0.1582023799419403
0.10749031603336334 0.13897110521793365
0.10733888298273087 0.12627267837524414
0.10687566548585892 0.14073729515075684
0.10674633830785751 0.11787556111812592
0.10667291283607483 0.15077431499958038
0.10645490139722824 0.14415590465068817
0.10636090487241745 0.13303732872009277
0.10625802725553513 0.12990844249725342
0.10615166276693344 0.12027902901172638
0.1061350479722023 0.12179751694202423
0.1059734895825386 0.11541803181171417
0.10589370876550674 0.1432970017194748
0.10576532036066055 0.11190695315599442
0.1057080551981926 0.11363149434328079
0.1054651215672493 0.1625038981437683
0.10542420297861099 0.16064360737800598
0.10498297214508057 0.11634420603513718
0.10480493307113647 0.17063158750534058
0.10472413897514343 0.12531037628650665
0.10465408861637115 0.10508030652999878
0.10397951304912567 0.13836002349853516
0.10369496047496796 0.12192297726869583
0.1036013513803482 0.10951782017946243
0.10306485742330551 0.12228168547153473
0.10242289304733276 0.11477845162153244
0.1024034395813942 0.11073379963636398
0.10239944607019424 0.10279089212417603
0.10214482247829437 0.12307528406381607
0.10126833617687225 0.1476583331823349
0.10112378001213074 0.1181870773434639
0.10069125890731812 0.12435638159513474
0.10066550225019455 0.10541988164186478
0.1001865565776825 0.202470600605011
0.10001270473003387 0.1382933259010315
0.09981677681207657 0.11623776704072952
0.09972847253084183 0.10447460412979126
0.09957703202962875 0.10681275278329849
0.09955579787492752 0.1603962928056717
0.09935925155878067 0.16574376821517944
0.09925256669521332 0.16600234806537628
0.09824659675359726 0.20685558021068573
0.09778042882680893 0.1266326755285263
0.09753339737653732 0.11149931699037552
0.09735676646232605 0.14053954184055328
0.09725025296211243 0.13962459564208984
0.0968034565448761 0.16013576090335846
0.0966804176568985 0.11191966384649277
0.0962882786989212 0.10945364087820053
0.09620048850774765 0.11650720983743668
0.09595796465873718 0.13576078414916992
0.09564220160245895 0.10463827848434448
0.09536764770746231 0.12165778875350952
0.095306396484375 0.11071068048477173
0.09482745826244354 0.1358877569437027
0.09464029222726822 0.11674464493989944
0.09402832388877869 0.09665574878454208
0.09265884757041931 0.12963338196277618
0.0917639434337616 0.09285571426153183
0.09146793931722641 0.11411810666322708
0.09144293516874313 0.11516226828098297
0.09141350537538528 0.11064481735229492
0.09098900109529495 0.10254408419132233
0.09053631126880646 0.09844087064266205
0.08986477553844452 0.09505061060190201
0.0894056037068367 0.09665574878454208
0.08940542489290237 0.09308144450187683
0.08845328539609909 0.10195178538560867
0.08840157836675644 0.09981386363506317
0.08833218365907669 0.11479125171899796
0.08824600279331207 0.13965821266174316
0.08715113997459412 0.08909400552511215
0.0869336873292923 0.0976853221654892
0.08693204075098038 0.10740716010332108
0.08652936667203903 0.09381582587957382
0.08641806244850159 0.08891725540161133
0.08611386269330978 0.11446323245763779
0.08549337089061737 0.08580458909273148
0.0844552293419838 0.09982173144817352
0.08437063544988632 0.10009165108203888
0.08378620445728302 0.11861639469861984
0.08231133222579956 0.09263340383768082
0.08103017508983612 0.08789891004562378
0.08070225268602371 0.08442794531583786
0.08018852770328522 0.12098223716020584
0.07988554984331131 0.09938620030879974
0.0785825178027153 0.09408808499574661
0.07652249187231064 0.08290188759565353
0.07524407655000687 0.08509651571512222
0.073067806661129 0.08337339758872986
0.07216747105121613 0.10455513000488281
0.07160203158855438 0.1053171455860138
0.07134956866502762 0.08432178199291229
