0.2237766683101654 0.22889627516269684
0.21688459813594818 0.21904125809669495
0.2139543741941452 0.23304404318332672
0.21221955120563507 0.2235080599784851
0.20235003530979156 0.20528282225131989
0.18578565120697021 0.18682891130447388
0.16870085895061493 0.17199957370758057
0.15875254571437836 0.16022783517837524
0.15847989916801453 0.16106097400188446
0.15215034782886505 0.16293348371982574
0.15028947591781616 0.15966755151748657
0.14993105828762054 0.15675108134746552
0.14922155439853668 0.1618950366973877
0.1474536508321762 0.15086477994918823
0.1469445377588272 0.15653114020824432
0.1469346433877945 0.17115917801856995
0.14671987295150757 0.16864387691020966
0.14615683257579803 0.17035844922065735
0.1461401730775833 0.1667342483997345
0.14570306241512299 0.15642233192920685
0.14511026442050934 0.19970664381980896
0.1448460817337036 0.15286728739738464
0.1447668820619583 0.16720303893089294
0.14449216425418854 0.15128599107265472
0.14355897903442383 0.14868496358394623
0.14209924638271332 0.15776094794273376
0.14129871129989624 0.16192488372325897
0.13965092599391937 0.14696916937828064
0.13898597657680511 0.149620920419693
0.13886894285678864 0.1623595952987671
0.13831709325313568 0.14862261712551117
0.13739123940467834 0.2376847118139267
0.13692551851272583 0.15811452269554138
0.13690650463104248 0.16128985583782196
0.1359757035970688 0.1407475769519806
0.13508689403533936 0.16974249482154846
0.13334794342517853 0.16622069478034973
0.13319173455238342 0.1433100402355194
0.1318344622850418 0.16883699595928192
0.13149508833885193 0.14616753160953522
0.13147836923599243 0.1619473546743393
0.13145878911018372 0.14335621893405914
0.13057903945446014 0.13788357377052307
0.13057412207126617 0.16778218746185303
0.13034513592720032 0.1707272082567215
0.12997043132781982 0.15259596705436707
0.12926270067691803 0.13285283744335175
0.12802870571613312 0.1344473659992218
0.12796251475811005 0.1523289829492569
0.12759537994861603 0.13385099172592163
0.12730729579925537 0.19693616032600403
0.12639901041984558 0.16322509944438934
0.12636837363243103 0.12854093313217163
0.12575381994247437 0.1471685767173767
0.12479191273450851 0.17255859076976776
0.12415013462305069 0.1347932666540146
0.1236015036702156 0.15333595871925354
0.1235567256808281 0.1392919272184372
0.1232142299413681 0.12419746071100235
0.12293107807636261 0.1270350217819214
0.12291033565998077 0.1444271355867386
0.1226656436920166 0.17925392091274261
0.12237532436847687 0.142114520072937
0.12222497165203094 0.17319156229496002
0.12183147668838501 0.15573109686374664
0.12139051407575607 0.18817038834095
0.12032623589038849 0.14612111449241638
0.11919724941253662 0.14220374822616577
0.11852988600730896 0.12182870507240295
0.11851909756660461 0.15140585601329803
0.11842081695795059 0.15751339495182037
0.11837529391050339 0.11923398077487946
0.117245152592659 0.12350389361381531
0.11720035970211029 0.11764134466648102
0.11684355139732361 0.11889991909265518
0.11587706953287125 0.1800546944141388
0.11584487557411194 0.1792229264974594
0.11540668457746506 0.19303716719150543
0.11481455713510513 0.1605576127767563
0.11457034945487976 0.14677509665489197
0.11410247534513474 0.2027132213115692
0.11314981430768967 0.1141376718878746
0.11313750594854355 0.1254623830318451
0.11304322630167007 0.19614677131175995
0.1129346638917923 0.18118123710155487
0.11216555535793304 0.1395549327135086
0.11165505647659302 0.11967731267213821
0.11139455437660217 0.16624434292316437
0.11135894805192947 0.20737944543361664
0.11070306599140167 0.11908247321844101
0.11054623126983643 0.1506693959236145
0.10916854441165924 0.10995888710021973
0.10906864702701569 0.17736800014972687
0.108660027384758 0.12169178575277328
0.1084463968873024 0.1146126240491867
0.10795591026544571 0.14104540646076202
0.10761787742376328 0.1568446159362793
0.10729862749576569 0.1271081268787384
0.10703282058238983 0.15970230102539062
0.10693741589784622 0.13088901340961456
0.10639669746160507 0.11390727758407593
0.10623977333307266 0.14748510718345642
0.1054142415523529 0.10808610171079636
0.10512502491474152 0.10944031178951263
0.1048780009150505 0.10679236054420471
0.10466799885034561 0.11517851799726486
0.10428886860609055 0.13559100031852722
0.10401976108551025 0.10842439532279968
0.10343251377344131 0.15548363327980042
0.1029941737651825 0.1058049350976944
0.10274910926818848 0.1799195557832718
0.1018163412809372 0.12546712160110474
0.10175887495279312 0.16000093519687653
0.10068551450967789 0.16477811336517334
0.10019872337579727 0.10779067873954773
0.10007064789533615 0.10836329311132431
0.0998399406671524 0.2142542451620102
0.09960407763719559 0.1228109672665596
0.09947284311056137 0.15429691970348358
0.0987628772854805 0.113517165184021
0.09821756929159164 0.13511787354946136
0.09713955223560333 0.1305316686630249
0.09713934361934662 0.105606809258461
0.09705881774425507 0.11248406022787094
0.09648189693689346 0.15805752575397491
0.09628380835056305 0.10021775960922241
0.09535124897956848 0.13215748965740204
0.09498246759176254 0.11175906658172607
0.09425727277994156 0.09446148574352264
0.09356389939785004 0.13874942064285278
0.09300228953361511 0.1036127582192421
0.09290118515491486 0.10012365132570267
0.09288529306650162 0.09450288861989975
0.09272706508636475 0.0941828265786171
0.09265953302383423 0.09373070299625397
0.09231111407279968 0.10066358000040054
0.09223172813653946 0.13072611391544342
0.09209169447422028 0.15187214314937592
0.09197520464658737 0.1507049798965454
0.09168916195631027 0.09239055961370468
0.09096828103065491 0.10053130239248276
0.09077412635087967 0.11109030246734619
0.09075696021318436 0.1063026487827301
0.09064503014087677 0.11370145529508591
0.09035659581422806 0.1045415922999382
0.08994456380605698 0.09630534797906876
0.08987981081008911 0.11056020855903625
0.08952287584543228 0.1101774126291275
0.08935380727052689 0.13637393712997437
0.08891011029481888 0.14570359885692596
0.08856313675642014 0.12198182940483093
0.08830336481332779 0.10499196499586105
0.08822713792324066 0.10201210528612137
0.08808814734220505 0.0956859439611435
0.08697222173213959 0.08708749711513519
0.08676186203956604 0.22305366396903992
0.08669158071279526 0.10854534804821014
0.08652417361736298 0.12011745572090149
0.08628819137811661 0.0934569239616394
0.08532433956861496 0.12533336877822876
0.08465443551540375 0.16096240282058716
0.08450151979923248 0.15240970253944397
0.08379089087247849 0.08922582119703293
0.08364904671907425 0.08461543917655945
0.08312148600816727 0.16832387447357178
0.08299282193183899 0.08777287602424622
0.08273396641016006 0.09226281195878983
0.08248692005872726 0.08299870789051056
0.08237315714359283 0.08642729371786118
0.08149486035108566 0.10024845600128174
0.08148813247680664 0.08943263441324234
0.08137474209070206 0.09837190806865692
0.08106937259435654 0.08876284956932068
0.08091377466917038 0.10481435805559158
0.08032868057489395 0.09454990923404694
0.08005949854850769 0.10258252918720245
0.08003000169992447 0.08875623345375061
0.07966138422489166 0.09525094926357269
0.07965313643217087 0.08214107900857925
0.0794762670993805 0.08526266366243362
0.07940038293600082 0.10926570743322372
0.07927686721086502 0.08912092447280884
0.0789850577712059 0.08192551881074905
0.07851094007492065 0.08305765688419342
0.07805531471967697 0.0857585147023201
0.07736846804618835 0.08522383868694305
0.07593561708927155 0.07595746219158173
0.07469259202480316 0.0978340357542038
0.07439655810594559 0.08684182167053223
0.07221934199333191 0.07253426313400269
0.07216183096170425 0.08540411293506622
0.07184290885925293 0.08213846385478973
0.07174107432365417 0.07658331841230392
0.0715433731675148 0.08162294328212738
0.06964568048715591 0.08960428088903427
0.06542257219552994 0.07767180353403091
0.0640479028224945 0.08184721320867538
