0.16331876814365387 0.16402648389339447
0.1623530238866806 0.16745193302631378
0.1518431007862091 0.1553465574979782
0.15139628946781158 0.16857540607452393
0.15035155415534973 0.1633787751197815
0.14718276262283325 0.1546345204114914
0.14696814119815826 0.15186725556850433
0.14691486954689026 0.15414877235889435
0.14590170979499817 0.14634110033512115
0.14495022594928741 0.18244680762290955
0.1447283923625946 0.15515032410621643
0.14422652125358582 0.15323306620121002
0.14394916594028473 0.14981794357299805
0.14266465604305267 0.14430490136146545
0.14234739542007446 0.14277255535125732
0.14128226041793823 0.16722850501537323
0.14097729325294495 0.16590192914009094
0.14073516428470612 0.15398892760276794
0.14067521691322327 0.15214550495147705
0.14064472913742065 0.1434611678123474
0.14063303172588348 0.14928600192070007
0.1404033601284027 0.1445094794034958
0.14031566679477692 0.1551964282989502
0.13940128684043884 0.14622873067855835
0.139390766620636 0.16356858611106873
0.13926823437213898 0.1423884481191635
0.1391656994819641 0.1634797751903534
0.13911983370780945 0.15156620740890503
0.1388663798570633 0.14826814830303192
0.138718843460083 0.13975554704666138
0.13846202194690704 0.1492115706205368
0.1381901055574417 0.14848609268665314
0.13816848397254944 0.14424756169319153
0.13811318576335907 0.1435559242963791
0.1379709094762802 0.14151498675346375
0.1378374546766281 0.14682766795158386
0.13782882690429688 0.15481501817703247
0.13778352737426758 0.15907570719718933
0.13749077916145325 0.1382724642753601
0.1374562829732895 0.1558346301317215
0.13719889521598816 0.14491695165634155
0.13708168268203735 0.16435065865516663
0.136910080909729 0.1372908353805542
0.1367400586605072 0.1507190614938736
0.13667312264442444 0.13960561156272888
0.13660836219787598 0.14820358157157898
0.13658687472343445 0.13862024247646332
0.1364658623933792 0.15651102364063263
0.13614369928836823 0.15406619012355804
0.13592787086963654 0.15475112199783325
0.1359134465456009 0.15865318477153778
0.13573278486728668 0.14454862475395203
0.1355605125427246 0.15155167877674103
0.1352158784866333 0.14031773805618286
0.13476133346557617 0.1468341052532196
0.13436387479305267 0.1510557383298874
0.13418206572532654 0.15674525499343872
0.13388289511203766 0.16217373311519623
0.13378018140792847 0.14972995221614838
0.13363666832447052 0.1504788100719452
0.13357113301753998 0.13476790487766266
0.13355384767055511 0.14723430573940277
0.1335526704788208 0.13401108980178833
0.13342802226543427 0.15574362874031067
0.1332889199256897 0.14352372288703918
0.13295979797840118 0.15848246216773987
0.132667675614357 0.1579287052154541
0.13257284462451935 0.13902534544467926
0.13240119814872742 0.15202485024929047
0.13233177363872528 0.13848669826984406
0.13226458430290222 0.14206726849079132
0.13217827677726746 0.1611747145652771
0.13159751892089844 0.14711810648441315
0.13009214401245117 0.14283466339111328
0.12977004051208496 0.13911542296409607
0.12937863171100616 0.16176356375217438
0.12855209410190582 0.13184231519699097
0.12844544649124146 0.17500688135623932
0.1280871331691742 0.13512222468852997
0.1271931380033493 0.12910804152488708
0.12634988129138947 0.1286405324935913
0.12615691125392914 0.13759762048721313
0.12465879321098328 0.1662210077047348
0.12420333921909332 0.12571316957473755
0.12378959357738495 0.1800757199525833
0.12265412509441376 0.1257113218307495
0.12250346690416336 0.16745193302631378
0.12243378907442093 0.12459862977266312
0.12193015962839127 0.13245561718940735
0.12181707471609116 0.14165738224983215
0.12176443636417389 0.12223093956708908
0.12174484878778458 0.12440060079097748
0.12162870168685913 0.14349330961704254
0.12113115936517715 0.12812909483909607
0.12069004029035568 0.1471628099679947
0.12053641676902771 0.1208634227514267
0.12010446190834045 0.15907494723796844
0.1197895035147667 0.1258051097393036
0.11935499310493469 0.14224794507026672
0.11867383867502213 0.1619400829076767
0.1185719296336174 0.12412992119789124
0.11856353282928467 0.1393458992242813
0.11840653419494629 0.12013166397809982
0.1181742399930954 0.12421011924743652
0.11771668493747711 0.12543199956417084
0.11724573373794556 0.11741338670253754
0.1167377308011055 0.16402648389339447
0.11667890846729279 0.12561410665512085
0.11659841239452362 0.11762963235378265
0.11632578074932098 0.13934524357318878
0.11556448042392731 0.1519254446029663
0.11449959129095078 0.13027679920196533
0.11440182477235794 0.15251965820789337
0.11412929743528366 0.11767733842134476
0.1140650138258934 0.11547683924436569
0.11376205831766129 0.1429871767759323
0.1136724203824997 0.14176499843597412
0.11332031339406967 0.13053026795387268
0.11312296986579895 0.11693327128887177
0.11275065690279007 0.1329277753829956
0.11262492090463638 0.12190352380275726
0.11261258274316788 0.1264086812734604
0.11242419481277466 0.13036483526229858
0.1124177798628807 0.1624332219362259
0.11236030608415604 0.1309708058834076
0.11229148507118225 0.12518809735774994
0.11225635558366776 0.11361614614725113
0.1122356504201889 0.1599603146314621
0.1118665561079979 0.1318637877702713
0.11178881675004959 0.17311066389083862
0.11172433942556381 0.13808059692382812
0.11150465160608292 0.1309327483177185
0.11149559915065765 0.14551538228988647
0.11140026152133942 0.1305185854434967
0.11114823818206787 0.11223258823156357
0.11108702421188354 0.14958548545837402
0.11108103394508362 0.15820832550525665
0.11081410199403763 0.13612700998783112
0.11065124720335007 0.12801142036914825
0.11032279580831528 0.164045512676239
0.10984622687101364 0.121956966817379
0.10962123423814774 0.11915235966444016
0.10944004356861115 0.12634103000164032
0.10916981101036072 0.13454189896583557
0.10914831608533859 0.11844519525766373
0.10896091163158417 0.11878041177988052
0.10848028212785721 0.11097708344459534
0.10840893536806107 0.13139909505844116
0.10837993025779724 0.11125651001930237
0.10819435119628906 0.16190466284751892
0.10819313675165176 0.1383945792913437
0.10809548199176788 0.11903700977563858
0.10776174813508987 0.11445119976997375
0.10774318873882294 0.11359386891126633
0.10771875083446503 0.11179527640342712
0.10754137486219406 0.13302679359912872
0.10746493190526962 0.11818703263998032
0.10744939744472504 0.12348461896181107
0.10715050995349884 0.11863970756530762
0.10691329836845398 0.12897032499313354
0.10690385103225708 0.11812260001897812
0.10686653852462769 0.12691886723041534
0.106854148209095 0.11954465508460999
0.10666386783123016 0.11601437628269196
0.1066068783402443 0.11192622035741806
0.10619383305311203 0.11280005425214767
0.10617803037166595 0.14986273646354675
0.10612504929304123 0.109381303191185
0.10606689751148224 0.13987308740615845
0.10601173341274261 0.11239490658044815
0.10586346685886383 0.11867251247167587
0.10570958256721497 0.14667266607284546
0.10570330917835236 0.11361636966466904
0.10563823580741882 0.14019551873207092
0.10537370294332504 0.11466653645038605
0.10519982129335403 0.16336078941822052
0.1051858589053154 0.12422500550746918
0.10503613203763962 0.16504888236522675
0.10479354858398438 0.15979479253292084
0.10472601652145386 0.15290509164333344
0.10464838892221451 0.13954395055770874
0.10461316257715225 0.14804190397262573
0.10440286248922348 0.14988119900226593
0.10396745800971985 0.11861301958560944
0.10391613841056824 0.10913779586553574
0.10383347421884537 0.121744804084301
0.10306808352470398 0.11994095891714096
0.10305783152580261 0.16326378285884857
0.10262928903102875 0.10506384074687958
0.10214970260858536 0.11139383912086487
0.1019427478313446 0.10981486737728119
0.10151562094688416 0.11784610897302628
0.10145550221204758 0.16225267946720123
0.10077229142189026 0.10738427191972733
0.10063781589269638 0.12346568703651428
0.10062478482723236 0.16587664186954498
0.10060783475637436 0.11383486539125443
0.10042828321456909 0.12466998398303986
0.10021140426397324 0.12636326253414154
0.1001569926738739 0.11495546996593475
0.09996971487998962 0.1108601987361908
0.09972784668207169 0.12481161952018738
0.09972766041755676 0.13396592438220978
0.09911946207284927 0.10328128933906555
0.09906408190727234 0.09991732239723206
0.09887921810150146 0.10848712921142578
0.09883011132478714 0.13162875175476074
0.09880787879228592 0.11675981432199478
0.09852646291255951 0.11329225450754166
0.098497174680233 0.11908628791570663
0.09810604155063629 0.14349700510501862
0.09776429831981659 0.1307806670665741
0.09766457229852676 0.1302039921283722
0.09755945950746536 0.11782274395227432
0.09596746414899826 0.11329900473356247
0.09561304748058319 0.1075211763381958
0.0955396294593811 0.11282972991466522
0.09545901417732239 0.1385299116373062
0.09413227438926697 0.11179527640342712
0.09374091029167175 0.14379625022411346
0.0931922122836113 0.11580928415060043
0.09316803514957428 0.11337310820817947
0.09293143451213837 0.09933651983737946
0.09240134805440903 0.09691128134727478
0.09231160581111908 0.10209779441356659
0.09142863005399704 0.09822644293308258
0.09077697992324829 0.13433629274368286
0.09065558761358261 0.11193177103996277
0.09019118547439575 0.09802595525979996
0.0895831361413002 0.10484634339809418
0.0885256677865982 0.09339339286088943
0.08804246783256531 0.1075471043586731
0.08773139864206314 0.0920151025056839
0.08727183938026428 0.09152470529079437
0.08672007918357849 0.10494750738143921
0.08671838045120239 0.14770328998565674
0.08663469552993774 0.11581972986459732
0.08646076917648315 0.09400752186775208
0.08600861579179764 0.09690579771995544
0.08596815168857574 0.09058026969432831
0.08560281991958618 0.11678750067949295
0.08551201969385147 0.0858718752861023
0.08509103953838348 0.09584441781044006
0.08376937359571457 0.12253130227327347
0.08332426846027374 0.08616667985916138
0.08324643969535828 0.10121101140975952
0.08257574588060379 0.10204364359378815
0.08254088461399078 0.09830622375011444
0.08239811658859253 0.095322385430336
0.08206682652235031 0.09586676210165024
0.08167634159326553 0.15811140835285187
0.08145113289356232 0.10895956307649612
0.08139746636152267 0.09623231738805771
0.08130726963281631 0.12082691490650177
0.08121417462825775 0.16041596233844757
0.08034591376781464 0.12709006667137146
0.08026443421840668 0.0832909569144249
0.07981646060943604 0.09463448077440262
0.07962708920240402 0.08104272931814194
0.07941348105669022 0.09092994034290314
0.07871262729167938 0.10558521747589111
0.07802058756351471 0.09461610019207001
0.07728974521160126 0.09413274377584457
0.07698138058185577 0.07703050971031189
0.07672112435102463 0.07802414894104004
0.07475132495164871 0.07975651323795319
0.07160952687263489 0.11354079842567444
0.07104476541280746 0.08153612911701202
0.06546295434236526 0.07359953969717026
