0.17927254736423492 0.21204084157943726
0.157610684633255 0.16019083559513092
0.15432420372962952 0.15522168576717377
0.15068067610263824 0.16305868327617645
0.14993180334568024 0.18548643589019775
0.14993122220039368 0.18570563197135925
0.14599347114562988 0.16242438554763794
0.14207930862903595 0.14275696873664856
0.13792772591114044 0.16199436783790588
0.1290464699268341 0.13074861466884613
0.12776924669742584 0.13605938851833344
0.1266344040632248 0.13298438489437103
0.1254594624042511 0.1351754516363144
0.12357517331838608 0.13728371262550354
0.12235156446695328 0.13763462007045746
0.11983882635831833 0.13851891458034515
0.11909189075231552 0.12533672153949738
0.11892447620630264 0.13738884031772614
0.11837702244520187 0.13728067278862
0.1181541383266449 0.11840122938156128
0.11801908165216446 0.12562142312526703
0.11735338717699051 0.13907833397388458
0.11732739210128784 0.12397775053977966
0.11641455441713333 0.16520948708057404
0.11538062989711761 0.12641195952892303
0.11406838148832321 0.13414953649044037
0.11246275901794434 0.17310833930969238
0.11244681477546692 0.145677849650383
0.1121656522154808 0.1212184950709343
0.11155317723751068 0.11607364565134048
0.11081159859895706 0.11833084374666214
0.11037974059581757 0.1231403574347496
0.10992811620235443 0.14587026834487915
0.10967585444450378 0.16917073726654053
0.10899406671524048 0.12453120946884155
0.10829228907823563 0.11767342686653137
0.1081896647810936 0.12940944731235504
0.10784434527158737 0.1385631114244461
0.10751618444919586 0.20369715988636017
0.10657929629087448 0.11398759484291077
0.1062675341963768 0.14285610616207123
0.10603245347738266 0.113459512591362
0.10592357069253922 0.170078307390213
0.10574129223823547 0.11341916769742966
0.10517449676990509 0.11872450262308121
0.10509952157735825 0.14611868560314178
0.10467567294836044 0.14878544211387634
0.10447432100772858 0.11700017005205154
0.10388115793466568 0.1335545927286148
0.10374859720468521 0.12654617428779602
0.1022658497095108 0.16286848485469818
0.10205759853124619 0.15235567092895508
0.10198137164115906 0.11114843189716339
0.10016094893217087 0.14880011975765228
0.09985920786857605 0.11616548895835876
0.09909436106681824 0.10707923769950867
0.09886563569307327 0.16352641582489014
0.09851769357919693 0.17231950163841248
0.09820875525474548 0.12456699460744858
0.09776706248521805 0.11261691153049469
0.09734449535608292 0.10208424925804138
0.09721649438142776 0.1279696673154831
0.09686610102653503 0.169942706823349
0.09627006202936172 0.10230336338281631
0.09623351693153381 0.10016417503356934
0.09616575390100479 0.11120221763849258
0.09607523679733276 0.13328813016414642
0.09588176012039185 0.10268883407115936
0.09529921412467957 0.11249115318059921
0.09503644704818726 0.09903271496295929
0.09451416879892349 0.09906081110239029
0.09405738115310669 0.10132097452878952
0.09338975697755814 0.10397167503833771
0.09336697310209274 0.09600428491830826
0.09325629472732544 0.1303805410861969
0.09313848614692688 0.12414228171110153
0.09278959780931473 0.09558244049549103
0.092760369181633 0.13875077664852142
0.09275063872337341 0.1047658622264862
0.09270021319389343 0.09343874454498291
0.09269299358129501 0.13076651096343994
0.09264206141233444 0.12153878062963486
0.09099394828081131 0.0949462503194809
0.09079903364181519 0.12219982594251633
0.08995325118303299 0.11289437860250473
0.08978237211704254 0.12584681808948517
0.08969458192586899 0.09776096791028976
0.08952529728412628 0.16003072261810303
0.08933398127555847 0.10312242805957794
0.08893552422523499 0.09345000237226486
0.08892973512411118 0.09327726811170578
0.0888817310333252 0.09309747070074081
0.08838558197021484 0.1482793539762497
0.08837911486625671 0.11735034734010696
0.08774086833000183 0.1330116093158722
0.08747030794620514 0.0996972918510437
0.08688303083181381 0.16703002154827118
0.0868038535118103 0.12385375797748566
0.08629950135946274 0.11702635884284973
0.08605896681547165 0.11879143863916397
0.08581198751926422 0.13243602216243744
0.08578722923994064 0.09844028204679489
0.08534470200538635 0.09262176603078842
0.08528545498847961 0.09397179633378983
0.08506342023611069 0.10316808521747589
0.08501256257295609 0.10337884724140167
0.0847911685705185 0.10757772624492645
0.08414390683174133 0.10380424559116364
0.0837387889623642 0.08925163745880127
0.08353770524263382 0.1589069813489914
0.08326105773448944 0.15050998330116272
0.08322902768850327 0.16759391129016876
0.0829160138964653 0.11028166115283966
0.08216308802366257 0.09869983792304993
0.08213448524475098 0.09452804177999496
0.0815236046910286 0.08598393946886063
0.08101272583007812 0.14851072430610657
0.08097714185714722 0.1329156458377838
0.08096537739038467 0.08757645636796951
0.08095332235097885 0.1504790335893631
0.08058696240186691 0.1113448441028595
0.08016315847635269 0.086170993745327
0.07998397946357727 0.15809574723243713
0.07979094237089157 0.10622852295637131
0.07940764725208282 0.1592816561460495
0.07935412973165512 0.11482787877321243
0.07923739403486252 0.10137543827295303
0.07888322323560715 0.08135588467121124
0.07820776849985123 0.15602457523345947
0.0766458660364151 0.11676689982414246
0.07664457708597183 0.0867864191532135
0.07664042711257935 0.1554093360900879
0.07643904536962509 0.08559257537126541
0.07591339945793152 0.10593482851982117
0.07578695565462112 0.0816395953297615
0.07574757933616638 0.08613632619380951
0.07573455572128296 0.08865159749984741
0.07521745562553406 0.0777500793337822
0.07507986575365067 0.08325757086277008
0.07484413683414459 0.10165902227163315
0.0742226392030716 0.1672818511724472
0.07413812726736069 0.1159314438700676
0.07265118509531021 0.08031342923641205
0.07173946499824524 0.08021865785121918
0.07151183485984802 0.07651188224554062
0.07096146792173386 0.10673286765813828
0.07031825929880142 0.08058077096939087
0.07021214812994003 0.0944150760769844
0.0702078714966774 0.09831029176712036
0.06957455724477768 0.07407613843679428
0.06944843381643295 0.07703250646591187
0.06932654976844788 0.08442661911249161
0.06927039474248886 0.11654315143823624
0.06852630525827408 0.09371335059404373
0.06830916553735733 0.08593215048313141
0.06802505254745483 0.07609554380178452
0.06739156693220139 0.0739588662981987
0.06624048948287964 0.09404051303863525
0.065946564078331 0.06602051854133606
0.0655423253774643 0.09145992249250412
0.06546036899089813 0.06859233230352402
0.06496444344520569 0.07047058641910553
0.06491278856992722 0.07608108967542648
0.06484375149011612 0.08674377202987671
0.06402450799942017 0.06903496384620667
0.0638357475399971 0.07970932126045227
0.06359178572893143 0.06566036492586136
0.06217653304338455 0.06676934659481049
0.06196312978863716 0.06499926000833511
0.06107800453901291 0.06308554112911224
0.060914527624845505 0.07704401016235352
0.06089279428124428 0.061445362865924835
0.05815502628684044 0.061169203370809555
0.05733926594257355 0.06326182931661606
0.05004254728555679 0.054868124425411224
0.04973433166742325 0.05028604343533516
