0.35566532611846924 0.3617904484272003
0.35112372040748596 0.3548777401447296
0.34852975606918335 0.3527354598045349
0.34836345911026 0.36110204458236694
0.30365902185440063 0.3046225309371948
0.300875723361969 0.32078495621681213
0.29756152629852295 0.313034325838089
0.1372036635875702 0.13902121782302856
0.11845780164003372 0.3284149765968323
0.11804094165563583 0.11892659962177277
0.11127308011054993 0.11565100401639938
0.1110638752579689 0.3625620901584625
0.10717018693685532 0.10860472917556763
0.10191509127616882 0.1230892464518547
0.0992477536201477 0.09963908046483994
0.09918899089097977 0.13391715288162231
0.09856688976287842 0.12330982089042664
0.09797152131795883 0.36271631717681885
0.09756255149841309 0.12332623451948166
0.09486907720565796 0.13913121819496155
0.09409782290458679 0.10371929407119751
0.09163525700569153 0.10885413736104965
0.09115636348724365 0.10863160341978073
0.08982250094413757 0.09110791236162186
0.0892251506447792 0.09812449663877487
0.08857164531946182 0.10024217516183853
0.08836963027715683 0.08884687721729279
0.088188037276268 0.10750366002321243
0.08761016279459 0.08773055672645569
0.08594701439142227 0.12187326699495316
0.08478605002164841 0.1137571707367897
0.08444461971521378 0.10882008075714111
0.08377020061016083 0.08852711319923401
0.08353935927152634 0.14017517864704132
0.08337080478668213 0.12180488556623459
0.08326364308595657 0.11362813413143158
0.08288546651601791 0.10211513191461563
0.0819225087761879 0.13813333213329315
0.08087573200464249 0.09342260658740997
0.080123171210289 0.09167153388261795
0.07884468138217926 0.08823155611753464
0.07780969887971878 0.09039532393217087
0.07775327563285828 0.11286963522434235
0.07760193943977356 0.07981901615858078
0.07715446501970291 0.11416887491941452
0.07682725787162781 0.08476318418979645
0.07657819986343384 0.11105770617723465
0.07610119134187698 0.11941864341497421
0.07513941079378128 0.08577902615070343
0.0744868665933609 0.07904423773288727
0.0742366686463356 0.08909812569618225
0.07352527230978012 0.07979286462068558
0.07298550754785538 0.09357614070177078
0.07272350788116455 0.08117593824863434
0.07265767455101013 0.1408432126045227
0.07185681909322739 0.09900064766407013
0.07183032482862473 0.0741945132613182
0.07096342742443085 0.07190938293933868
0.07094951719045639 0.14473436772823334
0.07077263295650482 0.07546118646860123
0.07066524028778076 0.09176859259605408
0.07056547701358795 0.07546619325876236
0.06960171461105347 0.07417645305395126
0.06923411786556244 0.06969155371189117
0.06844597309827805 0.07720645517110825
0.06827560812234879 0.07426963746547699
0.06795872747898102 0.0955827385187149
0.0677354633808136 0.07478412985801697
0.06754428893327713 0.08468732982873917
0.0673075020313263 0.07428919523954391
0.06694070994853973 0.06913675367832184
0.06610230356454849 0.069759801030159
0.06601137667894363 0.11449021100997925
0.06556874513626099 0.06558705121278763
0.06513858586549759 0.07164206355810165
0.06513409316539764 0.06752721220254898
0.06432976573705673 0.06876934319734573
0.06386316567659378 0.06552392244338989
0.06348150223493576 0.08578211814165115
0.06265724450349808 0.06753586232662201
0.062424689531326294 0.06633355468511581
0.06234901770949364 0.06537728756666183
0.06172970309853554 0.10255182534456253
0.06048993766307831 0.06436685472726822
0.06014709547162056 0.09109945595264435
0.06000881269574165 0.08016962558031082
0.05968935042619705 0.0661279708147049
0.05900827795267105 0.06908291578292847
0.05883544310927391 0.06251984089612961
0.05882031470537186 0.06137876957654953
0.05865493416786194 0.06534294784069061
0.05859976261854172 0.09604617208242416
0.05855707451701164 0.059051912277936935
0.05821920931339264 0.06817875057458878
0.05819360166788101 0.05983864143490791
0.05808434262871742 0.06705410778522491
0.058037109673023224 0.05892515182495117
0.057559430599212646 0.06409274786710739
0.05736271291971207 0.060196392238140106
0.056690067052841187 0.05899536982178688
0.05649494007229805 0.05682675912976265
0.05644012987613678 0.0674913227558136
0.05585912987589836 0.06693451851606369
0.05481306090950966 0.0639924630522728
0.054789964109659195 0.058387868106365204
0.05419110134243965 0.061416905373334885
0.054001957178115845 0.06322738528251648
0.05326536297798157 0.05782083049416542
0.05301646888256073 0.05627487599849701
0.05247408151626587 0.05760330334305763
0.052430689334869385 0.0562664158642292
0.05219205841422081 0.05338352173566818
0.052152328193187714 0.061037588864564896
0.05213135480880737 0.056156329810619354
0.05207959935069084 0.07706652581691742
0.051809728145599365 0.0677088126540184
0.05158896744251251 0.0580284520983696
0.05142411217093468 0.060627587139606476
0.05131451413035393 0.060212913900613785
0.05120524764060974 0.06011391058564186
0.051031745970249176 0.061981070786714554
0.050714001059532166 0.058963607996702194
0.05070479214191437 0.05240196734666824
0.05045793205499649 0.060066428035497665
0.04997039958834648 0.062380414456129074
0.04980827495455742 0.05480241775512695
0.049774523824453354 0.054086364805698395
0.04954943060874939 0.05483528599143028
0.049277205020189285 0.06515277922153473
0.04870571568608284 0.06467780470848083
0.04715976491570473 0.05003310367465019
0.04431760683655739 0.051221542060375214
0.042463518679142 0.054570864886045456
0.040937814861536026 0.049216605722904205
