0.1982371211051941 0.1985885351896286
0.15347306430339813 0.17034955322742462
0.15067192912101746 0.15475578606128693
0.14783386886119843 0.1558869183063507
0.1465027779340744 0.1559114307165146
0.14358092844486237 0.17767149209976196
0.14281339943408966 0.15550614893436432
0.14019981026649475 0.1662946343421936
0.13945096731185913 0.1673835664987564
0.13861367106437683 0.16768887639045715
0.13725680112838745 0.13846972584724426
0.1362527757883072 0.13710372149944305
0.13555584847927094 0.14870208501815796
0.13283638656139374 0.15159665048122406
0.1328330785036087 0.13783162832260132
0.1323852688074112 0.16482633352279663
0.13219518959522247 0.15169742703437805
0.12931036949157715 0.13530980050563812
0.12863293290138245 0.16059598326683044
0.12844786047935486 0.14184467494487762
0.12840206921100616 0.1615705043077469
0.12836529314517975 0.15736421942710876
0.12810179591178894 0.16711626946926117
0.12733300030231476 0.17835980653762817
0.12652039527893066 0.13569846749305725
0.12635427713394165 0.18042512238025665
0.12559141218662262 0.1278401017189026
0.12553566694259644 0.12634094059467316
0.12485331296920776 0.1522381454706192
0.12287517637014389 0.13252919912338257
0.12219709903001785 0.16165725886821747
0.12149736285209656 0.12359317392110825
0.12111379206180573 0.14497436583042145
0.12093371897935867 0.16407395899295807
0.12021559476852417 0.12845362722873688
0.1183057427406311 0.12915827333927155
0.11749569326639175 0.14668366312980652
0.11676391959190369 0.14839290082454681
0.11631293594837189 0.12200292199850082
0.11586366593837738 0.1731082946062088
0.11457559466362 0.17757412791252136
0.11342513561248779 0.15512676537036896
0.11295858025550842 0.11907186359167099
0.11287662386894226 0.12730321288108826
0.11254457384347916 0.17388072609901428
0.11194048821926117 0.1177084818482399
0.11192768812179565 0.14625349640846252
0.11070799827575684 0.11178698390722275
0.11038554459810257 0.11302705854177475
0.11015206575393677 0.13376609981060028
0.10811735689640045 0.132033109664917
0.10801539570093155 0.13118235766887665
0.10785230249166489 0.20962509512901306
0.10781930387020111 0.14313776791095734
0.1076650470495224 0.13964994251728058
0.10751165449619293 0.10817600041627884
0.10722299665212631 0.10785563290119171
0.10706788301467896 0.1266755908727646
0.10642644762992859 0.12472134083509445
0.10640820115804672 0.1447480022907257
0.10535773634910583 0.17105427384376526
0.10533732175827026 0.1790735423564911
0.1049790158867836 0.10690842568874359
0.10418127477169037 0.1058296263217926
0.1040283739566803 0.18222473561763763
0.10364498198032379 0.11991924047470093
0.10217069834470749 0.12019981443881989
0.10191676765680313 0.12413780391216278
0.10154595971107483 0.13773466646671295
0.10128872841596603 0.1555095911026001
0.10098107159137726 0.1116844192147255
0.10067538917064667 0.12699951231479645
0.10056903213262558 0.1402839869260788
0.10015728324651718 0.1210489347577095
0.09939775615930557 0.10938072204589844
0.09929195791482925 0.1077413260936737
0.09841108322143555 0.12977862358093262
0.09801258891820908 0.1638900488615036
0.09759742766618729 0.09764920175075531
0.09756000339984894 0.14269742369651794
0.09724606573581696 0.18293960392475128
0.09724047780036926 0.10520676523447037
0.09708277136087418 0.190220907330513
0.09667855501174927 0.14696474373340607
0.096633680164814 0.1575404554605484
0.09640809893608093 0.0972883477807045
0.09611676633358002 0.10754524171352386
0.09608393162488937 0.113164521753788
0.0960254892706871 0.22148649394512177
0.09595198184251785 0.13810202479362488
0.09576605260372162 0.18433207273483276
0.09568533301353455 0.13300830125808716
0.09493812173604965 0.10773354768753052
0.09472191333770752 0.1594841182231903
0.09447617083787918 0.09590281546115875
0.09422943741083145 0.11357732862234116
0.09414100646972656 0.09593302756547928
0.09373505413532257 0.1624131053686142
0.09332343190908432 0.12936702370643616
0.09101859480142593 0.09981570392847061
0.09094282984733582 0.18655070662498474
0.09015899896621704 0.17874671518802643
0.0899977907538414 0.11658363044261932
0.0899040624499321 0.22828148305416107
0.08965320885181427 0.11117607355117798
0.08955766260623932 0.10118020325899124
0.08948171138763428 0.12461882829666138
0.08860515058040619 0.09032565355300903
0.08791466802358627 0.1518910974264145
0.08776800334453583 0.11430994421243668
0.0875643640756607 0.12236553430557251
0.08754972368478775 0.12945283949375153
0.08632571995258331 0.09666358679533005
0.08621993660926819 0.21328341960906982
0.08463173359632492 0.08603876084089279
0.08451633900403976 0.09771837294101715
0.08346150815486908 0.10776185989379883
0.08269388973712921 0.08552204072475433
0.08251823484897614 0.10958998650312424
0.08238435536623001 0.10213172435760498
0.08223354071378708 0.08548221737146378
0.0820317193865776 0.1332608163356781
0.0819721519947052 0.12010045349597931
0.08105450868606567 0.0900801494717598
0.08074959367513657 0.0863223448395729
0.08070197701454163 0.09273550659418106
0.08030269294977188 0.10009697824716568
0.08010715246200562 0.11405086517333984
0.08000679314136505 0.08374595642089844
0.07997849583625793 0.12194352596998215
0.0796254351735115 0.08643738925457001
0.07962041348218918 0.10629622638225555
0.07908280938863754 0.07930760830640793
0.07819993793964386 0.0831623300909996
0.07694809883832932 0.0876300111413002
0.07668542861938477 0.08490744978189468
0.07648421823978424 0.10079594701528549
0.07627838850021362 0.07792574167251587
0.07609038054943085 0.07817959785461426
0.07605592906475067 0.08498047292232513
0.07528600841760635 0.07703732699155807
0.07520600408315659 0.10150296986103058
0.0728699266910553 0.08821773529052734
0.07286510616540909 0.08101484179496765
0.07279236614704132 0.08827708661556244
0.07153476774692535 0.103700190782547
0.07126855105161667 0.08498556166887283
0.07078653573989868 0.07606760412454605
0.07032635807991028 0.07441792637109756
0.06958824396133423 0.07452975958585739
0.06896592676639557 0.09678968042135239
0.06816941499710083 0.08673512935638428
0.06815841048955917 0.07370240241289139
0.06785538047552109 0.06804420053958893
0.0675632655620575 0.07060058414936066
0.06705344468355179 0.07789301127195358
0.06697776913642883 0.08309031277894974
0.06570948660373688 0.07350295782089233
0.06473538279533386 0.06765203177928925
0.06453058123588562 0.0940147116780281
0.0615413561463356 0.07647137343883514
0.061470240354537964 0.06182369589805603
0.0597844272851944 0.0752146765589714
0.05971492826938629 0.06284463405609131
0.05907392129302025 0.05935770273208618
0.05903513729572296 0.06455344706773758
0.05853786692023277 0.07816338539123535
0.05699782446026802 0.0680881068110466
0.05698588490486145 0.0767238512635231
0.056910961866378784 0.06538725644350052
0.05356259644031525 0.06827805936336517
0.052367571741342545 0.06980238109827042
0.049665555357933044 0.06355909258127213
