0.36750420928001404 0.37268146872520447
0.3667408525943756 0.3761480748653412
0.36365288496017456 0.37262392044067383
0.13933449983596802 0.1564815640449524
0.1276189088821411 0.13330069184303284
0.12323962897062302 0.15590207278728485
0.1203848272562027 0.12590740621089935
0.11959601938724518 0.12692640721797943
0.09904807806015015 0.10085878521203995
0.09624914079904556 0.1070391908288002
0.09387607127428055 0.10141655057668686
0.09167387336492538 0.1051439493894577
0.0911761149764061 0.0953097715973854
0.09016525000333786 0.12782935798168182
0.08934272080659866 0.09546437859535217
0.08788050711154938 0.08976949006319046
0.08732066303491592 0.11250879615545273
0.08720291405916214 0.09532542526721954
0.08706087619066238 0.0875638797879219
0.08577734977006912 0.08754180371761322
0.08316805958747864 0.08543752133846283
0.08177607506513596 0.10852425545454025
0.08163068443536758 0.10464437305927277
0.08062336593866348 0.08230425417423248
0.07923761755228043 0.09805408865213394
0.07920518517494202 0.08127378672361374
0.07894047349691391 0.08548025786876678
0.07891222089529037 0.09318868070840836
0.07884437590837479 0.10502397269010544
0.07726256549358368 0.08697519451379776
0.07699117064476013 0.12265477329492569
0.07556797564029694 0.07878036051988602
0.07548142224550247 0.07931772619485855
0.07547833770513535 0.10463716834783554
0.07485703378915787 0.08424961566925049
0.07429863512516022 0.1251050978899002
0.07378139346837997 0.07486678659915924
0.073571115732193 0.08423411101102829
0.07353382557630539 0.0812208503484726
0.07325392961502075 0.0986376702785492
0.07284010946750641 0.07373383641242981
0.07261490821838379 0.0835237130522728
0.07189632207155228 0.08874591439962387
0.07181243598461151 0.10411368310451508
0.07157418876886368 0.11027385294437408
0.07144400477409363 0.07779686152935028
0.0703904777765274 0.10245103389024734
0.07009410858154297 0.10847421735525131
0.07006761431694031 0.11346778273582458
0.06973934918642044 0.08288350701332092
0.06925255060195923 0.11401356011629105
0.06923850625753403 0.08297978341579437
0.06862162053585052 0.12844927608966827
0.06785991042852402 0.07086461037397385
0.06784269958734512 0.12072053551673889
0.0675111636519432 0.13808730244636536
0.06749832630157471 0.07246814668178558
0.06707286834716797 0.06942984461784363
0.06686925888061523 0.12699563801288605
0.06652987748384476 0.06883655488491058
0.0658474937081337 0.06969847530126572
0.06572423875331879 0.09987478703260422
0.06426876038312912 0.1342613250017166
0.06294624507427216 0.10797755420207977
0.06097543239593506 0.061588987708091736
0.06091220676898956 0.061583273112773895
0.06071805953979492 0.08383071422576904
0.05978591367602348 0.06185826659202576
0.059411559253931046 0.07585617154836655
0.059026338160037994 0.06812689453363419
0.058851663023233414 0.08450240641832352
0.05858560651540756 0.06045493856072426
0.05718810483813286 0.0613880380988121
0.05682352930307388 0.07111306488513947
0.056774333119392395 0.058741383254528046
0.056669238954782486 0.09255993366241455
0.05599979683756828 0.08236508071422577
0.05599480867385864 0.07267206907272339
0.055571507662534714 0.07012418657541275
0.05531928688287735 0.08277265727519989
0.054988302290439606 0.059490133076906204
0.05472077056765556 0.06495144218206406
0.05379899963736534 0.054349545389413834
0.053099796175956726 0.0728190690279007
0.052438050508499146 0.058548226952552795
0.05239272117614746 0.07915401458740234
0.0523366816341877 0.05961703509092331
0.0522923618555069 0.053294673562049866
0.0522659532725811 0.08865289390087128
0.0518624372780323 0.10873834043741226
0.0518345832824707 0.053839318454265594
0.05177328735589981 0.05708439648151398
0.05161109194159508 0.053654175251722336
0.05158054456114769 0.058056287467479706
0.050682950764894485 0.055139318108558655
0.04803336039185524 0.04930894076824188
0.0478472039103508 0.05062943324446678
0.04656554013490677 0.05227417126297951
0.04651607200503349 0.05126557499170303
0.04644258692860603 0.05050109699368477
0.046336546540260315 0.050499312579631805
0.045723553746938705 0.07371563464403152
0.04548672214150429 0.053201500326395035
0.04476476088166237 0.053245577961206436
0.04423001408576965 0.04704084247350693
0.04378131404519081 0.05433603376150131
0.043750934302806854 0.05864640325307846
0.04342562332749367 0.05607914179563522
0.04331904277205467 0.05649435147643089
0.043218184262514114 0.04870154336094856
0.0431411936879158 0.07224924117326736
0.04295865818858147 0.04328804835677147
0.042710598558187485 0.04651487246155739
0.042617518454790115 0.04856296628713608
0.04257115349173546 0.054718516767024994
0.04198531433939934 0.044158775359392166
0.04174616560339928 0.05017007887363434
0.04169783368706703 0.043688733130693436
0.04161486402153969 0.044780224561691284
0.03972272574901581 0.045657966285943985
0.03948308527469635 0.04252856597304344
0.03947402909398079 0.044101182371377945
0.03937922418117523 0.046067070215940475
0.03909282386302948 0.04392993450164795
0.03890761360526085 0.0596119686961174
0.03866109251976013 0.05013865977525711
0.03839902579784393 0.04426530748605728
0.0378231555223465 0.043449074029922485
0.03647077828645706 0.04491642117500305
0.03638749569654465 0.0428677499294281
0.036300212144851685 0.039217881858348846
0.03629866614937782 0.03641431778669357
0.03563530743122101 0.04267774149775505
0.035385895520448685 0.045202504843473434
0.03493252769112587 0.041956622153520584
0.03323831036686897 0.04082801565527916
0.030034126713871956 0.03146613761782646
