0.3431359529495239 0.3517182767391205
0.34212949872016907 0.34662312269210815
0.3408223092556 0.34490203857421875
0.3406015634536743 0.3418632447719574
0.339519202709198 0.34265440702438354
0.3392806649208069 0.3445611596107483
0.3391225337982178 0.3406409025192261
0.3388560116291046 0.34033921360969543
0.3387015163898468 0.3566323220729828
0.33868157863616943 0.34706348180770874
0.3383193016052246 0.34454745054244995
0.3381462097167969 0.34424594044685364
0.33806177973747253 0.3475981652736664
0.337564617395401 0.35042881965637207
0.33751028776168823 0.3408917784690857
0.24175944924354553 0.2502254247665405
0.19662444293498993 0.23028920590877533
0.19319863617420197 0.19658473134040833
0.18691706657409668 0.23858347535133362
0.186125248670578 0.19061288237571716
0.18168653547763824 0.19457128643989563
0.18150702118873596 0.19787758588790894
0.18136519193649292 0.1916038542985916
0.18024101853370667 0.18359792232513428
0.17713351547718048 0.18037179112434387
0.17594972252845764 0.2062118500471115
0.1752283126115799 0.18754488229751587
0.17315636575222015 0.17481574416160583
0.17136116325855255 0.17369255423545837
0.16924728453159332 0.20343422889709473
0.16331417858600616 0.1714603304862976
0.16241143643856049 0.19793598353862762
0.16047458350658417 0.1782648265361786
0.15895502269268036 0.16448628902435303
0.1569402813911438 0.15952147543430328
0.15549048781394958 0.191851407289505
0.15542112290859222 0.17927366495132446
0.15508480370044708 0.16715840995311737
0.15485933423042297 0.18360315263271332
0.153816819190979 0.15489168465137482
0.15297651290893555 0.1763821691274643
0.15086382627487183 0.154748797416687
0.1495470404624939 0.16314679384231567
0.1493762880563736 0.249800443649292
0.14922185242176056 0.16985607147216797
0.14862491190433502 0.15093259513378143
0.14768150448799133 0.1525389552116394
0.14721345901489258 0.2050212174654007
0.14719443023204803 0.1515563279390335
0.1470995843410492 0.21657297015190125
0.14686721563339233 0.15572109818458557
0.14643752574920654 0.25111302733421326
0.14628474414348602 0.155063197016716
0.14502908289432526 0.1570703089237213
0.14446955919265747 0.173333540558815
0.14437998831272125 0.17941893637180328
0.14426542818546295 0.16532167792320251
0.14424070715904236 0.16363641619682312
0.14401887357234955 0.14680692553520203
0.14390167593955994 0.19770844280719757
0.14326587319374084 0.2014816552400589
0.1429990530014038 0.1890329271554947
0.142788365483284 0.16180935502052307
0.14243553578853607 0.14640744030475616
0.14231042563915253 0.1620151400566101
0.1419767290353775 0.26774609088897705
0.14166130125522614 0.14925077557563782
0.14164429903030396 0.17942377924919128
0.14122416079044342 0.15469203889369965
0.140883207321167 0.15172754228115082
0.14045350253582 0.15593759715557098
0.13944460451602936 0.16067638993263245
0.13878598809242249 0.19360996782779694
0.13852345943450928 0.1441376507282257
0.13777701556682587 0.16224345564842224
0.13763394951820374 0.1595449596643448
0.13758987188339233 0.1603020876646042
0.1370718777179718 0.15314574539661407
0.13667812943458557 0.1513620764017105
0.1366240233182907 0.1407351940870285
0.1361723095178604 0.19557400047779083
0.13561147451400757 0.17327862977981567
0.1353701651096344 0.16457071900367737
0.1353045105934143 0.14422473311424255
0.13492484390735626 0.13909503817558289
0.13382673263549805 0.1415756493806839
0.13379456102848053 0.14952352643013
0.13362006843090057 0.14677536487579346
0.1335582584142685 0.1367427110671997
0.1331179440021515 0.17314860224723816
0.13254700601100922 0.14177574217319489
0.13034480810165405 0.1341467797756195
0.12880843877792358 0.15283985435962677
0.12834560871124268 0.16267186403274536
0.12820309400558472 0.14252600073814392
0.12801358103752136 0.16101020574569702
0.1279648393392563 0.14076493680477142
0.12789998948574066 0.167526513338089
0.12770892679691315 0.13035187125205994
0.12735965847969055 0.201393723487854
0.1271262764930725 0.1454504430294037
0.12711156904697418 0.15267695486545563
0.12607625126838684 0.2415264993906021
0.12595154345035553 0.18186043202877045
0.12523162364959717 0.13858507573604584
0.12471456080675125 0.13454870879650116
0.12392333149909973 0.1340080052614212
0.12388981133699417 0.16553789377212524
0.1237349808216095 0.1759306937456131
0.12334100157022476 0.12843751907348633
0.12245804816484451 0.1322372704744339
0.12242123484611511 0.1300862729549408
0.12241288274526596 0.12421908974647522
0.12240691483020782 0.13132083415985107
0.12200937420129776 0.1256103813648224
0.12199224531650543 0.15787820518016815
0.12165654450654984 0.12191453576087952
0.12161429226398468 0.16360662877559662
0.12091076374053955 0.19304414093494415
0.1196085512638092 0.20383422076702118
0.11943663656711578 0.12473997473716736
0.11873918026685715 0.13647016882896423
0.11865955591201782 0.21882401406764984
0.11846024543046951 0.20664842426776886
0.11832688003778458 0.1276332437992096
0.11755260825157166 0.13876786828041077
0.11753163486719131 0.17633235454559326
0.11639832705259323 0.16809415817260742
0.11587823182344437 0.13391190767288208
0.1155603677034378 0.17116385698318481
0.1154632642865181 0.23244038224220276
0.11459735035896301 0.15309883654117584
0.11410379409790039 0.26870468258857727
0.11351630091667175 0.13472193479537964
0.11333970725536346 0.15628468990325928
0.11202136427164078 0.16580143570899963
0.1113596111536026 0.21232959628105164
0.11124379187822342 0.17266327142715454
0.1112116351723671 0.1278040111064911
0.1109987422823906 0.1793583631515503
0.11080964654684067 0.1327073872089386
0.10973687469959259 0.14471600949764252
0.10951561480760574 0.21152432262897491
0.10932713747024536 0.13170716166496277
0.10715005546808243 0.13997560739517212
0.10708744078874588 0.14872679114341736
0.10672867298126221 0.18043972551822662
0.1053415909409523 0.1371109038591385
0.1050286591053009 0.17151647806167603
0.10441096127033234 0.13915669918060303
0.10425926744937897 0.12128903716802597
0.10420338064432144 0.20452044904232025
0.10314793139696121 0.13127635419368744
0.10291211307048798 0.1706596463918686
0.10259399563074112 0.10781506448984146
0.10226514935493469 0.17204725742340088
0.10223188996315002 0.22985288500785828
0.10204321146011353 0.10857447236776352
0.1010831668972969 0.192221999168396
0.10106860101222992 0.1096208244562149
0.10103129595518112 0.13814325630664825
0.1007075235247612 0.1452665776014328
0.0995434895157814 0.15418800711631775
0.09886949509382248 0.11639906466007233
0.09849417954683304 0.11066734045743942
0.09845104068517685 0.12878434360027313
0.09821288287639618 0.18410514295101166
0.09784898161888123 0.13074931502342224
0.09742584824562073 0.10635976493358612
0.09633056074380875 0.12171772867441177
0.09499917179346085 0.1410708725452423
0.09477236121892929 0.09737046808004379
0.0942320004105568 0.13662013411521912
0.09362069517374039 0.10331463068723679
0.0933573991060257 0.12000519782304764
0.09321600943803787 0.09616593271493912
0.09308040142059326 0.10310153663158417
0.09235133230686188 0.09912878274917603
0.09229026734828949 0.10107230395078659
0.09209582209587097 0.09210965037345886
0.09172121435403824 0.10949548333883286
0.09112401306629181 0.1491512954235077
0.09088943153619766 0.1050105094909668
0.09080632776021957 0.11783728748559952
0.08897727727890015 0.1105961948633194
0.08848442137241364 0.08941969275474548
0.08842157572507858 0.10152919590473175
0.08809305727481842 0.09700699150562286
0.08769828826189041 0.09121788293123245
0.08711889386177063 0.0982927456498146
0.08645549416542053 0.09373314678668976
0.08523924648761749 0.10202910751104355
0.08519940078258514 0.09976643323898315
0.0845799371600151 0.09186837822198868
0.08074972778558731 0.10412662476301193
0.08039066940546036 0.08502664417028427
0.078519806265831 0.09620904177427292
0.07767090201377869 0.08262918144464493
0.07750637084245682 0.08761310577392578
0.07482685148715973 0.09250025451183319
0.07379040867090225 0.07746898382902145
0.07201138883829117 0.07950033992528915
