0.2193012237548828 0.22180241346359253
0.2148151844739914 0.21579357981681824
0.21259675920009613 0.21609672904014587
0.21202044188976288 0.21286115050315857
0.2066597193479538 0.2150418758392334
0.20661652088165283 0.21503908932209015
0.20643694698810577 0.21409299969673157
0.20510351657867432 0.221323162317276
0.20404052734375 0.2178637981414795
0.20383980870246887 0.21878476440906525
0.1964419186115265 0.2015564888715744
0.19374732673168182 0.19466422498226166
0.1894703209400177 0.192010760307312
0.18686379492282867 0.18852214515209198
0.1866540014743805 0.2314002960920334
0.18560636043548584 0.1882692277431488
0.18546870350837708 0.1921050101518631
0.18467596173286438 0.20407353341579437
0.18407370150089264 0.1898350715637207
0.18354572355747223 0.23236355185508728
0.18210609257221222 0.20298944413661957
0.18190544843673706 0.1869756132364273
0.17831140756607056 0.1881972700357437
0.17063817381858826 0.17914007604122162
0.16982077062129974 0.18101300299167633
0.16317826509475708 0.21112890541553497
0.16317220032215118 0.16555990278720856
0.16240355372428894 0.1761704534292221
0.1620255708694458 0.16394053399562836
0.1612749993801117 0.19679228961467743
0.16025465726852417 0.18161195516586304
0.15911492705345154 0.16743263602256775
0.15853486955165863 0.16489243507385254
0.15656746923923492 0.16063269972801208
0.15528647601604462 0.1922195851802826
0.1544499546289444 0.15662480890750885
0.15409691631793976 0.18000289797782898
0.15344685316085815 0.18992668390274048
0.1518147736787796 0.16850538551807404
0.15149351954460144 0.20924489200115204
0.151000514626503 0.22085532546043396
0.14766713976860046 0.15331345796585083
0.14655113220214844 0.1576346904039383
0.14498703181743622 0.2296697199344635
0.14419230818748474 0.19092413783073425
0.14415894448757172 0.21905627846717834
0.1430295705795288 0.1637004017829895
0.14164486527442932 0.1607685685157776
0.1406523883342743 0.151053324341774
0.1404120773077011 0.16331630945205688
0.13999170064926147 0.1430482417345047
0.13898718357086182 0.1574873924255371
0.1386614441871643 0.14686937630176544
0.13731347024440765 0.16222867369651794
0.1366199105978012 0.13831321895122528
0.13655109703540802 0.17750990390777588
0.13631364703178406 0.140156090259552
0.13625112175941467 0.14399252831935883
0.13608434796333313 0.15045838057994843
0.13573290407657623 0.142103910446167
0.13553129136562347 0.2422492355108261
0.1343589574098587 0.14619974792003632
0.1335303783416748 0.14245356619358063
0.1332385390996933 0.25972193479537964
0.13304948806762695 0.20174163579940796
0.13265332579612732 0.15698131918907166
0.13254962861537933 0.14655548334121704
0.1323280930519104 0.2316330075263977
0.13232587277889252 0.13510042428970337
0.1322658658027649 0.2046990543603897
0.1317233145236969 0.14797978103160858
0.13041003048419952 0.13776902854442596
0.13035038113594055 0.17255458235740662
0.12953384220600128 0.16654232144355774
0.12915563583374023 0.13131007552146912
0.12913522124290466 0.16418559849262238
0.12762604653835297 0.14485736191272736
0.12623950839042664 0.19118358194828033
0.12599994242191315 0.13297365605831146
0.12547755241394043 0.13914267718791962
0.1249726340174675 0.15807628631591797
0.12476480007171631 0.13827459514141083
0.12370368093252182 0.1580788642168045
0.12272901833057404 0.13540634512901306
0.12181179225444794 0.20689059793949127
0.12176838517189026 0.1491561084985733
0.12162508070468903 0.21309590339660645
0.12117858231067657 0.19053493440151215
0.12108460068702698 0.1619614213705063
0.12091413885354996 0.12748487293720245
0.12088445574045181 0.1271144598722458
0.12073873728513718 0.13338644802570343
0.12069099396467209 0.13015545904636383
0.12053978443145752 0.16354063153266907
0.12048742920160294 0.14769992232322693
0.119442418217659 0.12444863468408585
0.11942610889673233 0.1521594375371933
0.11919405311346054 0.1210586428642273
0.11910766363143921 0.17031051218509674
0.1188439130783081 0.14658108353614807
0.11865220218896866 0.1510581523180008
0.11772287636995316 0.1264377385377884
0.11757221072912216 0.1290135234594345
0.11754753440618515 0.14417392015457153
0.11703559756278992 0.13655824959278107
0.11642610281705856 0.13975483179092407
0.11628080159425735 0.1547737866640091
0.11626862734556198 0.1566823422908783
0.11597149074077606 0.14339172840118408
0.11574824899435043 0.12288130074739456
0.11570793390274048 0.12466020882129669
0.11537300050258636 0.1321767270565033
0.1152428686618805 0.12751376628875732
0.11475946754217148 0.1575981080532074
0.11473499238491058 0.1160988062620163
0.11412670463323593 0.11871332675218582
0.11396318674087524 0.1315479278564453
0.11351364105939865 0.11576268076896667
0.1132771372795105 0.14088527858257294
0.11319441348314285 0.18715307116508484
0.11316470056772232 0.13203658163547516
0.11200254410505295 0.12738551199436188
0.1119086742401123 0.2267133742570877
0.11164204776287079 0.1398516595363617
0.11161860078573227 0.13173453509807587
0.11151742935180664 0.1654268354177475
0.11142951995134354 0.23544414341449738
0.11138607561588287 0.12962333858013153
0.11134757101535797 0.167520210146904
0.1112712174654007 0.16442842781543732
0.11126729100942612 0.16474810242652893
0.11104802042245865 0.12752920389175415
0.11080815643072128 0.16902105510234833
0.11059282720088959 0.21210433542728424
0.1100645363330841 0.16543158888816833
0.10928689688444138 0.11895019561052322
0.1088482141494751 0.1541586071252823
0.10822726041078568 0.13626454770565033
0.10799866169691086 0.12188220769166946
0.1079544648528099 0.12323930114507675
0.10793446749448776 0.15158812701702118
0.10783368349075317 0.13674435019493103
0.10693257302045822 0.12423957884311676
0.10679034888744354 0.12367961555719376
0.10633876919746399 0.16315793991088867
0.10541566461324692 0.12045728415250778
0.105365090072155 0.18695706129074097
0.10534162074327469 0.15792827308177948
0.10522636771202087 0.13376212120056152
0.10510199517011642 0.12267908453941345
0.10477618873119354 0.13337086141109467
0.10473780333995819 0.11928491294384003
0.10469725728034973 0.10670186579227448
0.10369041562080383 0.12557731568813324
0.10331344604492188 0.1252603679895401
0.10324051976203918 0.1660974770784378
0.1031457856297493 0.14300356805324554
0.10245169699192047 0.10668200999498367
0.10243690758943558 0.11792484670877457
0.10237763822078705 0.13001801073551178
0.10231727361679077 0.12313707917928696
0.10188330709934235 0.13742326200008392
0.10143691301345825 0.10226880759000778
0.10128078609704971 0.13202230632305145
0.10126758366823196 0.13148745894432068
0.10125669836997986 0.10624014586210251
0.10086343437433243 0.1290864646434784
0.10016710311174393 0.10332682728767395
0.09969887137413025 0.10523808002471924
0.09956453740596771 0.10593035072088242
0.0995236188173294 0.10523495823144913
0.0993788093328476 0.10462577641010284
0.09936302155256271 0.1502285897731781
0.09934145212173462 0.1307276040315628
0.09891961514949799 0.11213410645723343
0.09868980199098587 0.10834813863039017
0.09858256578445435 0.10541319102048874
0.09849950671195984 0.10273025929927826
0.09820742160081863 0.10972098261117935
0.09793250262737274 0.15196870267391205
0.09784995764493942 0.11505933851003647
0.09775324910879135 0.13144519925117493
0.09758833795785904 0.1268267184495926
0.09750424325466156 0.1350335031747818
0.09726514667272568 0.1182856485247612
0.09617225080728531 0.16646873950958252
0.09616367518901825 0.1597547084093094
0.09607639908790588 0.15051138401031494
0.09605523198843002 0.1561073362827301
0.09566345065832138 0.12105964869260788
0.09473846107721329 0.10347903519868851
0.09434030205011368 0.1286422163248062
0.09415846318006516 0.10209926962852478
0.09347297996282578 0.1235102117061615
0.09332786500453949 0.11501654237508774
0.09329541027545929 0.1078859493136406
0.09312467277050018 0.10371623933315277
0.09283330291509628 0.10151000320911407
0.09203821420669556 0.09390588849782944
0.09147778898477554 0.10101832449436188
0.09133388102054596 0.11079568415880203
0.09122245013713837 0.10503823310136795
0.09106886386871338 0.10844559222459793
0.09028282016515732 0.11064276844263077
0.08984941989183426 0.1206580102443695
0.0889391377568245 0.09485992789268494
0.08878708630800247 0.16001549363136292
0.08856795728206635 0.10212484002113342
0.08840988576412201 0.08955413103103638
0.08783527463674545 0.09276210516691208
0.08738717436790466 0.11598820239305496
0.08642896264791489 0.16070961952209473
0.08588171005249023 0.11865264922380447
0.0856897309422493 0.09292786568403244
0.08565544337034225 0.09686160832643509
0.08424806594848633 0.09869679808616638
0.08407238870859146 0.09753749519586563
0.08319181203842163 0.09742557257413864
0.08199429512023926 0.10122448951005936
0.08168577402830124 0.0987514853477478
0.08004014194011688 0.08243062347173691
0.07834718376398087 0.09855663031339645
