0.21587210893630981 0.24389703571796417
0.20502197742462158 0.21149230003356934
0.20318591594696045 0.22457677125930786
0.1998007893562317 0.20940805971622467
0.19013430178165436 0.19130751490592957
0.18955163657665253 0.20278526842594147
0.1874571144580841 0.21226118505001068
0.18567824363708496 0.20502592623233795
0.18447399139404297 0.21972215175628662
0.1842307299375534 0.19903407990932465
0.18137887120246887 0.1940600872039795
0.17776142060756683 0.18357324600219727
0.17735153436660767 0.2118157148361206
0.17583423852920532 0.18035343289375305
0.17359411716461182 0.24498873949050903
0.1713460236787796 0.18801717460155487
0.1712639033794403 0.17731402814388275
0.16962188482284546 0.17526794970035553
0.16879285871982574 0.20639382302761078
0.168224036693573 0.189779594540596
0.16755777597427368 0.17219631373882294
0.16667713224887848 0.17468036711215973
0.1661672741174698 0.17088207602500916
0.16582289338111877 0.2047504335641861
0.16446229815483093 0.20166508853435516
0.1629696935415268 0.17519348859786987
0.16214504837989807 0.16441673040390015
0.16056127846240997 0.17144586145877838
0.15969540178775787 0.17791271209716797
0.1594260334968567 0.2032817006111145
0.15855994820594788 0.20186859369277954
0.15776687860488892 0.21641801297664642
0.15589450299739838 0.18121831119060516
0.1554451882839203 0.19937507808208466
0.15328720211982727 0.15878941118717194
0.1508360058069229 0.20024770498275757
0.15028239786624908 0.21318595111370087
0.1502089500427246 0.21127495169639587
0.1471390724182129 0.16077643632888794
0.14698006212711334 0.1514342576265335
0.14684298634529114 0.1496521681547165
0.14618119597434998 0.1524815857410431
0.14616268873214722 0.16181747615337372
0.1461476981639862 0.14717723429203033
0.1457912176847458 0.15037617087364197
0.1451895833015442 0.17553570866584778
0.14489789307117462 0.18015538156032562
0.14362238347530365 0.2132280319929123
0.1432541012763977 0.14347323775291443
0.14277154207229614 0.1722015142440796
0.14079038798809052 0.194275364279747
0.14035162329673767 0.15571878850460052
0.13849514722824097 0.16703055799007416
0.13848745822906494 0.1934128850698471
0.13740651309490204 0.16099430620670319
0.13682158291339874 0.16113722324371338
0.13565239310264587 0.13737843930721283
0.1346849501132965 0.18615567684173584
0.133527472615242 0.20404843986034393
0.1334739327430725 0.15942040085792542
0.13338661193847656 0.15154148638248444
0.13319948315620422 0.1739361733198166
0.13150694966316223 0.16417360305786133
0.13080646097660065 0.1422441303730011
0.130510151386261 0.16999724507331848
0.12995775043964386 0.14569851756095886
0.12893618643283844 0.1432970017194748
0.12833945453166962 0.18914681673049927
0.12826666235923767 0.1384064257144928
0.12825478613376617 0.14575645327568054
0.1282455176115036 0.1289631873369217
0.12769892811775208 0.19463248550891876
0.12743614614009857 0.1816139668226242
0.12710881233215332 0.16658078134059906
0.12673193216323853 0.17380529642105103
0.12671101093292236 0.18929311633110046
0.12640206515789032 0.15564943850040436
0.12634120881557465 0.1568833291530609
0.12602590024471283 0.21606241166591644
0.12539365887641907 0.14140160381793976
0.12501461803913116 0.1891232430934906
0.12472979724407196 0.14029303193092346
0.12459266185760498 0.15159080922603607
0.12430364638566971 0.12499376386404037
0.12414377182722092 0.2376510053873062
0.1239287331700325 0.16960769891738892
0.12385699898004532 0.1420760601758957
0.12374334782361984 0.13819843530654907
0.1233750730752945 0.1856376975774765
0.12333843857049942 0.2182028442621231
0.12327361851930618 0.14104247093200684
0.12315893918275833 0.1286730319261551
0.12236025929450989 0.20447960495948792
0.12212652713060379 0.1462869942188263
0.1216781958937645 0.1778111755847931
0.12105569243431091 0.14156955480575562
0.12084507197141647 0.13590608537197113
0.12066828459501266 0.15541136264801025
0.12001335620880127 0.23782314360141754
0.11997018754482269 0.25206369161605835
0.11984995752573013 0.12703436613082886
0.11919783800840378 0.14345331490039825
0.11911526322364807 0.17130453884601593
0.11894860863685608 0.12826956808567047
0.11852765083312988 0.22046735882759094
0.11842868477106094 0.13176275789737701
0.11819609254598618 0.21367667615413666
0.11794983595609665 0.14151650667190552
0.11778198182582855 0.2149982452392578
0.1176021620631218 0.2290113866329193
0.11708896607160568 0.12141904979944229
0.11671755462884903 0.23359793424606323
0.11664899438619614 0.2146826982498169
0.11642610281705856 0.2480313777923584
0.11602871119976044 0.2614852786064148
0.11579571664333344 0.2454172521829605
0.11572915315628052 0.12345144152641296
0.11563748866319656 0.12858295440673828
0.11533988267183304 0.27842146158218384
0.11480815708637238 0.1278044581413269
0.11444452404975891 0.19547243416309357
0.11392328888177872 0.14593513309955597
0.11378026008605957 0.13320781290531158
0.11362501978874207 0.13867321610450745
0.11354868113994598 0.1944955289363861
0.11323922872543335 0.12319885194301605
0.11236418783664703 0.1275230348110199
0.11208725720643997 0.12293574959039688
0.1119171753525734 0.1551455557346344
0.111636683344841 0.12211709469556808
0.11119300872087479 0.14216548204421997
0.11113134771585464 0.12684670090675354
0.11108061671257019 0.15890391170978546
0.11079664528369904 0.14919240772724152
0.1107921451330185 0.12461891025304794
0.10987062752246857 0.11538034677505493
0.10941392928361893 0.12287096679210663
0.10892689973115921 0.15047872066497803
0.10849939286708832 0.10880283266305923
0.10844705998897552 0.11885838210582733
0.10763564705848694 0.10791710019111633
0.10649211704730988 0.12702663242816925
0.10644982010126114 0.15658818185329437
0.1056395098567009 0.11609112471342087
0.10555495321750641 0.12052639573812485
0.10473921149969101 0.1103193536400795
0.10450530797243118 0.1398032009601593
0.10440421849489212 0.11070851236581802
0.10411795973777771 0.1309831738471985
0.10384157299995422 0.11905684322118759
0.10379208624362946 0.1525118499994278
0.10353805124759674 0.10649149864912033
0.1009972095489502 0.1320188045501709
0.09895891696214676 0.1143244206905365
0.09643694013357162 0.09963326901197433
0.09629650413990021 0.09947335720062256
0.09625344723463058 0.10479048639535904
0.09546877443790436 0.12625905871391296
0.09424563497304916 0.12516361474990845
0.09417010098695755 0.12469277530908585
0.09305991977453232 0.10824202746152878
0.09270861744880676 0.13156063854694366
0.09248307347297668 0.09467586874961853
0.09218145161867142 0.10074833035469055
0.09191933274269104 0.20436987280845642
0.09033086895942688 0.11470913141965866
0.08948331326246262 0.13179528713226318
0.08945322036743164 0.09636183828115463
0.08893117308616638 0.10248725861310959
0.086659736931324 0.094393789768219
0.08648929744958878 0.10026081651449203
0.08646281808614731 0.09288056939840317
0.08642904460430145 0.09307768195867538
0.0861605852842331 0.10460958629846573
0.0845135748386383 0.10698988288640976
0.08412812650203705 0.09562475234270096
0.08359359949827194 0.09322743862867355
0.07920993119478226 0.09656845778226852
0.07801766693592072 0.09627851098775864
0.07506710290908813 0.08900228887796402
0.07044047862291336 0.08078819513320923
0.06797768175601959 0.07922537624835968
