0.40145477652549744 0.40424641966819763
0.36941003799438477 0.3697085380554199
0.3679484724998474 0.3743305206298828
0.3648573160171509 0.375866562128067
0.362272173166275 0.3650704622268677
0.34629541635513306 0.3467893898487091
0.3345673084259033 0.4091642498970032
0.3067920207977295 0.3613390326499939
0.27963683009147644 0.3360624611377716
0.21966657042503357 0.34349530935287476
0.1957634687423706 0.3366582989692688
0.16833671927452087 0.16977694630622864
0.16538101434707642 0.18753933906555176
0.164903923869133 0.3398144245147705
0.16351450979709625 0.18148007988929749
0.16230693459510803 0.1648503839969635
0.15997812151908875 0.1608601212501526
0.15949352085590363 0.1678248941898346
0.15125468373298645 0.22136081755161285
0.1500099003314972 0.15567734837532043
0.1490657925605774 0.1548648476600647
0.1464281678199768 0.16823691129684448
0.14610639214515686 0.1482180505990982
0.14239878952503204 0.15518884360790253
0.14174091815948486 0.1589943766593933
0.13932755589485168 0.14942830801010132
0.1384107619524002 0.16482768952846527
0.12804388999938965 0.1373327076435089
0.12732286751270294 0.1406448781490326
0.12679050862789154 0.14198538661003113
0.126404270529747 0.14110007882118225
0.12514661252498627 0.12621374428272247
0.12422684580087662 0.13875894248485565
0.12143601477146149 0.12271391600370407
0.12103638797998428 0.13243886828422546
0.11779584735631943 0.12866222858428955
0.11736889183521271 0.1340893805027008
0.11692099273204803 0.12468937784433365
0.11602598428726196 0.12903809547424316
0.11501932144165039 0.1284421980381012
0.11499369144439697 0.132502019405365
0.11453810334205627 0.1335703730583191
0.11415818333625793 0.13974905014038086
0.11412753164768219 0.12665815651416779
0.1138460785150528 0.11788288503885269
0.11384031921625137 0.12293703854084015
0.11324071139097214 0.1198565736413002
0.11310642212629318 0.11899887770414352
0.1127525269985199 0.1312006413936615
0.11147837340831757 0.14614389836788177
0.11089228093624115 0.18312415480613708
0.11068100482225418 0.13257235288619995
0.11015059053897858 0.1154644712805748
0.10903415083885193 0.1561426818370819
0.10862243920564651 0.12237183749675751
0.10848581045866013 0.1376306116580963
0.10814235359430313 0.12295890599489212
0.1073198989033699 0.11811008304357529
0.10640354454517365 0.1479538530111313
0.10632368177175522 0.12609809637069702
0.10616317391395569 0.12331708520650864
0.1060854122042656 0.18150927126407623
0.10548660904169083 0.1078946590423584
0.10514816641807556 0.17306506633758545
0.10511434823274612 0.11719296872615814
0.10440599173307419 0.13818438351154327
0.10432039201259613 0.11706868559122086
0.10429450869560242 0.10764662176370621
0.10324093699455261 0.10783921182155609
0.10287711769342422 0.10758625715970993
0.10260768234729767 0.165647953748703
0.10237778723239899 0.132340207695961
0.1021941676735878 0.1165914312005043
0.10161833465099335 0.13646385073661804
0.1001167967915535 0.1043684259057045
0.10003761202096939 0.11981405317783356
0.09951326996088028 0.364289253950119
0.09916017949581146 0.10200300812721252
0.09775888919830322 0.09960334002971649
0.0968312993645668 0.12685149908065796
0.09663033485412598 0.1345350295305252
0.09572067856788635 0.1749558448791504
0.09525059163570404 0.12542586028575897
0.09478931874036789 0.10090213268995285
0.09418891370296478 0.09828291833400726
0.09377402812242508 0.17914779484272003
0.09373077005147934 0.1132933497428894
0.0935954749584198 0.10873303562402725
0.09351290762424469 0.1009705439209938
0.0927901342511177 0.11699163913726807
0.09262942522764206 0.16539737582206726
0.09256060421466827 0.10516517609357834
0.09139610081911087 0.13976623117923737
0.09137934446334839 0.18708670139312744
0.09056992083787918 0.09710083901882172
0.08998861163854599 0.09458540380001068
0.08951777964830399 0.10329943150281906
0.08949035406112671 0.09373815357685089
0.08925919979810715 0.091356560587883
0.08876556903123856 0.10405456274747849
0.08809982240200043 0.09329963475465775
0.08742814511060715 0.10955709218978882
0.08740470558404922 0.09668450057506561
0.08728031069040298 0.1351037174463272
0.08696456253528595 0.08939022570848465
0.08663388341665268 0.08805650472640991
0.08657120168209076 0.12476339936256409
0.08612900972366333 0.09406139701604843
0.08583914488554001 0.09664314240217209
0.085579052567482 0.08624162524938583
0.08529302477836609 0.09459485113620758
0.08423806726932526 0.11293964833021164
0.08415599912405014 0.09499882161617279
0.08411165326833725 0.11115368455648422
0.0827917754650116 0.11451474577188492
0.08230365812778473 0.10617509484291077
0.0821932852268219 0.08481603115797043
0.08210255205631256 0.08658787608146667
0.08092173933982849 0.16839280724525452
0.0799637883901596 0.14120370149612427
0.07990619540214539 0.0800849124789238
0.07972101867198944 0.09752054512500763
0.07843393832445145 0.08428208529949188
0.07800450921058655 0.10552891343832016
0.07575365900993347 0.08376193046569824
0.07450558990240097 0.07711860537528992
0.07439316809177399 0.09716612100601196
0.07384971529245377 0.12939833104610443
0.07270096987485886 0.10762620717287064
0.07267116755247116 0.07428473234176636
0.07229059189558029 0.07743250578641891
0.07200165092945099 0.08174680173397064
0.07196582108736038 0.08078639209270477
0.0716412141919136 0.08220627903938293
0.06918008625507355 0.11339090019464493
0.06792136281728745 0.09968943148851395
0.0661696270108223 0.08914263546466827
0.06495045870542526 0.08791090548038483
0.06416097283363342 0.06920069456100464
0.0640355795621872 0.07091037929058075
0.06390019506216049 0.07267393916845322
0.06341677159070969 0.08108634501695633
0.0631759911775589 0.08322565257549286
0.06188767030835152 0.07717964053153992
0.061491236090660095 0.07038577646017075
0.06085415929555893 0.06191966310143471
0.059846557676792145 0.07073033601045609
0.058694493025541306 0.06214398145675659
0.05854598060250282 0.07224763184785843
0.05826200917363167 0.05865927040576935
0.05733426287770271 0.07166779786348343
0.054796840995550156 0.06632166355848312
0.05360141396522522 0.06234559416770935
0.04994702711701393 0.05174465849995613
