0.2481897622346878 0.26244744658470154
0.22705024480819702 0.25558340549468994
0.22182691097259521 0.2241092026233673
0.20723000168800354 0.21375368535518646
0.1972113698720932 0.20178931951522827
0.1780228316783905 0.1823800504207611
0.176724374294281 0.197199285030365
0.17366796731948853 0.25513994693756104
0.17311057448387146 0.20063209533691406
0.1716117262840271 0.1823270469903946
0.17134355008602142 0.1861914098262787
0.16885846853256226 0.18965370953083038
0.16869165003299713 0.17054665088653564
0.16862134635448456 0.17782554030418396
0.16850115358829498 0.20066682994365692
0.16458430886268616 0.17046020925045013
0.16451655328273773 0.21775580942630768
0.16422368586063385 0.16917121410369873
0.16203230619430542 0.20461151003837585
0.161602184176445 0.18387791514396667
0.16059769690036774 0.16576740145683289
0.15991048514842987 0.19029757380485535
0.15596918761730194 0.1608744114637375
0.15592092275619507 0.18694676458835602
0.15580753982067108 0.16970065236091614
0.155379518866539 0.20948009192943573
0.15395091474056244 0.19929619133472443
0.15331177413463593 0.21700657904148102
0.1532319188117981 0.17745719850063324
0.1520213633775711 0.15525880455970764
0.14982938766479492 0.18644674122333527
0.14977887272834778 0.17660288512706757
0.1483127623796463 0.1538061797618866
0.1478574126958847 0.1588832288980484
0.147755965590477 0.18991880118846893
0.14751321077346802 0.1934177428483963
0.1469845026731491 0.15078561007976532
0.14605817198753357 0.15991608798503876
0.1457834541797638 0.15474624931812286
0.14409200847148895 0.15017645061016083
0.14102062582969666 0.21707341074943542
0.1404246985912323 0.16632191836833954
0.14037758111953735 0.18157708644866943
0.13977567851543427 0.17315755784511566
0.13928259909152985 0.14701206982135773
0.13856540620326996 0.14363975822925568
0.13658027350902557 0.21806694567203522
0.13648854196071625 0.15720929205417633
0.13545973598957062 0.19087053835391998
0.13520678877830505 0.1377633810043335
0.1350117176771164 0.1769210398197174
0.13378994166851044 0.14969675242900848
0.13366162776947021 0.1363772302865982
0.1331390142440796 0.13842017948627472
0.13311205804347992 0.1754704862833023
0.1326656937599182 0.15212571620941162
0.13159678876399994 0.14634381234645844
0.1310592144727707 0.17057570815086365
0.13070596754550934 0.14561396837234497
0.12899552285671234 0.20668958127498627
0.12853676080703735 0.1468861997127533
0.1282140463590622 0.16122210025787354
0.12812256813049316 0.189809188246727
0.1275423765182495 0.12763239443302155
0.12729784846305847 0.1389670968055725
0.12721095979213715 0.18510594964027405
0.1271352767944336 0.15931178629398346
0.12690621614456177 0.13073043525218964
0.12675155699253082 0.12841980159282684
0.1264478862285614 0.23330529034137726
0.12639552354812622 0.1535879671573639
0.1261696070432663 0.17076408863067627
0.12562629580497742 0.1295674592256546
0.12519848346710205 0.13316009938716888
0.12490110099315643 0.1268320083618164
0.12453333288431168 0.12606732547283173
0.12452082335948944 0.1261359453201294
0.12399822473526001 0.20127853751182556
0.12398985028266907 0.12587390840053558
0.12381337583065033 0.147808238863945
0.12327733635902405 0.2431860864162445
0.12266030162572861 0.24473106861114502
0.12247559428215027 0.1308104395866394
0.12213403731584549 0.23131747543811798
0.12193767726421356 0.16334830224514008
0.12125256657600403 0.12195535749197006
0.1212480291724205 0.15846315026283264
0.12093766778707504 0.13382436335086823
0.11921289563179016 0.15033839643001556
0.11909646540880203 0.12462037801742554
0.11893348395824432 0.13097794353961945
0.11852795630693436 0.1306854486465454
0.11796554923057556 0.14664089679718018
0.11789117008447647 0.17716452479362488
0.11762340366840363 0.1277220994234085
0.11758977174758911 0.1527477651834488
0.11701143532991409 0.12091851979494095
0.11686595529317856 0.1182364970445633
0.11581764370203018 0.1200234517455101
0.11520622670650482 0.13041986525058746
0.11415139585733414 0.14031021296977997
0.11340479552745819 0.13369017839431763
0.11280109733343124 0.17164574563503265
0.11247602850198746 0.1252971887588501
0.11237678676843643 0.17914821207523346
0.11223988234996796 0.12279538810253143
0.1118117943406105 0.26300954818725586
0.11165646463632584 0.14131098985671997
0.11129853874444962 0.13765573501586914
0.11073093116283417 0.11663593351840973
0.11059612035751343 0.1591597944498062
0.1100672110915184 0.13736353814601898
0.1097351610660553 0.16494889557361603
0.10926076024770737 0.12745951116085052
0.10902765393257141 0.19603590667247772
0.10897449404001236 0.11751312017440796
0.10835699737071991 0.1787666231393814
0.10833767801523209 0.16897708177566528
0.10823477059602737 0.13675983250141144
0.10802917927503586 0.1195942834019661
0.10795743018388748 0.13201212882995605
0.1077674850821495 0.18188472092151642
0.10763877630233765 0.12429086118936539
0.10685758292675018 0.12719278037548065
0.10662657767534256 0.23331007361412048
0.10647664219141006 0.27049919962882996
0.10617784410715103 0.11025749146938324
0.10568875074386597 0.20067106187343597
0.10553315281867981 0.22175778448581696
0.1053885817527771 0.15790946781635284
0.10535145550966263 0.12408985942602158
0.10462961345911026 0.11037376523017883
0.10384420305490494 0.10588102787733078
0.10379394888877869 0.12905561923980713
0.10307872295379639 0.12054818123579025
0.10285758972167969 0.12408985942602158
0.10255507379770279 0.20652015507221222
0.10196846723556519 0.16503049433231354
0.10126399248838425 0.10433757305145264
0.10107116401195526 0.19007223844528198
0.10100807994604111 0.1578386127948761
0.10094739496707916 0.11392305791378021
0.10056553035974503 0.1357475072145462
0.10055594146251678 0.15127253532409668
0.10050801932811737 0.11147327721118927
0.1003444567322731 0.10184148699045181
0.10000549256801605 0.10013075917959213
0.09906277060508728 0.12112642824649811
0.09868361800909042 0.10075342655181885
0.09812650084495544 0.1099715605378151
0.09796115756034851 0.11021355539560318
0.09770125150680542 0.2257876992225647
0.09737979620695114 0.12244554609060287
0.09725960344076157 0.0974731370806694
0.09673970192670822 0.09687842428684235
0.09592857956886292 0.17321060597896576
0.09534138441085815 0.10421358793973923
0.09533783793449402 0.09539978206157684
0.09505722671747208 0.11380429565906525
0.09485103189945221 0.09488938748836517
0.0947466790676117 0.13005313277244568
0.09364557266235352 0.10300327092409134
0.09363383054733276 0.09399999678134918
0.09349153935909271 0.12018470466136932
0.09228628873825073 0.14514590799808502
0.09202614426612854 0.10908177495002747
0.09117542207241058 0.09539978206157684
0.09068435430526733 0.1412171572446823
0.09027097374200821 0.1247364953160286
0.08959662169218063 0.09481414407491684
0.08881550282239914 0.0975494459271431
0.08774928003549576 0.13895215094089508
0.08671388030052185 0.14023877680301666
0.08621224761009216 0.12707912921905518
0.08608749508857727 0.10824029892683029
0.08490002900362015 0.08589676767587662
0.08451104164123535 0.10228879749774933
0.08361013233661652 0.09641416370868683
0.08354688435792923 0.10043440014123917
0.0817638412117958 0.09174901992082596
0.08033543080091476 0.08540989458560944
0.07956310361623764 0.10339503735303879
0.07793539762496948 0.08650494366884232
0.07612285763025284 0.09232226014137268
0.07559793442487717 0.08082419633865356
0.07310301065444946 0.07731334120035172
0.07238128781318665 0.08248987048864365
0.07209675014019012 0.07375093549489975
0.07019191980361938 0.07180720567703247
0.0699639841914177 0.07877662777900696
0.0640643835067749 0.06787074357271194
0.062015607953071594 0.06679193675518036
0.0604676827788353 0.06872425973415375
0.058562058955430984 0.06869786232709885
0.05562076345086098 0.07228261977434158
