0.1645219326019287 0.16809754073619843
0.15176081657409668 0.15176524221897125
0.14976206421852112 0.15507881343364716
0.14314386248588562 0.14792661368846893
0.1360362023115158 0.13614796102046967
0.13472750782966614 0.1350579708814621
0.13376247882843018 0.1420534998178482
0.13192826509475708 0.13251981139183044
0.1313420534133911 0.14699706435203552
0.13020555675029755 0.13636651635169983
0.1292758285999298 0.13390454649925232
0.1280342936515808 0.13368776440620422
0.12728197872638702 0.15091955661773682
0.12700089812278748 0.14963556826114655
0.12678444385528564 0.13281771540641785
0.12651777267456055 0.13674922287464142
0.12327670305967331 0.12353036552667618
0.1223946064710617 0.1406128853559494
0.12217038124799728 0.13212592899799347
0.12207534164190292 0.14881473779678345
0.12205228209495544 0.12345942109823227
0.12145698815584183 0.12346910685300827
0.12072916328907013 0.13973136246204376
0.12025758624076843 0.15461763739585876
0.11988435685634613 0.12001527100801468
0.11946628987789154 0.15653187036514282
0.11946311593055725 0.12380839139223099
0.11829273402690887 0.12844103574752808
0.11824297904968262 0.13188762962818146
0.11767223477363586 0.12470576912164688
0.11742207407951355 0.11871249228715897
0.11732251197099686 0.13132359087467194
0.1152854934334755 0.12844917178153992
0.11522439122200012 0.1271079182624817
0.11514347046613693 0.1170240268111229
0.11510603874921799 0.11645544320344925
0.11474499106407166 0.13920563459396362
0.11403587460517883 0.16900035738945007
0.1139511987566948 0.12079184502363205
0.1138656735420227 0.1300828903913498
0.11378742754459381 0.12959115207195282
0.11372893303632736 0.14997127652168274
0.11320855468511581 0.11812122911214828
0.11267128586769104 0.1153419092297554
0.11196421831846237 0.12432816624641418
0.11162824183702469 0.11549387127161026
0.11141538619995117 0.11989341676235199
0.11114141345024109 0.13280734419822693
0.1110377088189125 0.11175939440727234
0.11054399609565735 0.1531326174736023
0.11005191504955292 0.13325223326683044
0.10986079275608063 0.129425048828125
0.1097516119480133 0.11783768236637115
0.1096302717924118 0.11874493956565857
0.10939672589302063 0.12031059712171555
0.10933095961809158 0.11549124866724014
0.10922136157751083 0.12280517816543579
0.1088268905878067 0.11990517377853394
0.1086018979549408 0.11574969440698624
0.10857398062944412 0.12359652668237686
0.1083892434835434 0.10993922501802444
0.10819780826568604 0.12320294976234436
0.1080065444111824 0.11375880986452103
0.10780702531337738 0.10965964198112488
0.10770857334136963 0.11682038754224777
0.1075768768787384 0.11105915158987045
0.10687993466854095 0.11370648443698883
0.10674005001783371 0.14735835790634155
0.10669777542352676 0.11215461045503616
0.10635591298341751 0.11513161659240723
0.1060800850391388 0.10689055174589157
0.10587028414011002 0.12777487933635712
0.10585983842611313 0.11884450912475586
0.10580063611268997 0.10965964198112488
0.1056944727897644 0.11399169266223907
0.10538239032030106 0.1071510761976242
0.10491926223039627 0.11989068239927292
0.10453340411186218 0.11987541615962982
0.10427252948284149 0.15182074904441833
0.10423029214143753 0.10544801503419876
0.10409163683652878 0.11817698180675507
0.10388767719268799 0.1062021479010582
0.1037634015083313 0.1070677638053894
0.1037406250834465 0.12930849194526672
0.10332944244146347 0.11116718500852585
0.10325146466493607 0.10372120887041092
0.10291583091020584 0.10796524584293365
0.10285169631242752 0.10454098880290985
0.10261184722185135 0.11811415106058121
0.10232527554035187 0.14034032821655273
0.1019325777888298 0.11079073697328568
0.10193104296922684 0.1310947835445404
0.1019061952829361 0.11629445850849152
0.10184582322835922 0.13095378875732422
0.10156980156898499 0.12623053789138794
0.10150444507598877 0.13246650993824005
0.10120705515146255 0.12274718284606934
0.10119060426950455 0.12301486730575562
0.1004423275589943 0.10907131433486938
0.1001281812787056 0.11772461235523224
0.10004672408103943 0.11850759387016296
0.09971875697374344 0.10304998606443405
0.09959607571363449 0.12737567722797394
0.09917739033699036 0.13326261937618256
0.09904775768518448 0.14218735694885254
0.09902135282754898 0.1294049769639969
0.09823392331600189 0.11414862424135208
0.09814765304327011 0.11770778894424438
0.09784916788339615 0.12183041125535965
0.09752313792705536 0.12521570920944214
0.09745617210865021 0.1043100506067276
0.09736090153455734 0.1283288449048996
0.09733426570892334 0.09822259098291397
0.09727674722671509 0.11019659787416458
0.09695637226104736 0.110294871032238
0.09684326499700546 0.11587633192539215
0.09661640971899033 0.11093839257955551
0.09659107029438019 0.09898166358470917
0.09657863527536392 0.11870311945676804
0.09648019820451736 0.09926536679267883
0.09645512700080872 0.10487241297960281
0.09637259691953659 0.10312776267528534
0.09622292220592499 0.1207435131072998
0.09600094705820084 0.12953218817710876
0.09570624679327011 0.12893113493919373
0.09569542109966278 0.0993836298584938
0.09530851989984512 0.14898471534252167
0.09497083723545074 0.11740770936012268
0.09458983689546585 0.12595577538013458
0.09456338733434677 0.09465213119983673
0.09448856115341187 0.12607382237911224
0.09434258937835693 0.11016710102558136
0.09430062770843506 0.13119018077850342
0.09385588020086288 0.1461837738752365
0.0936010330915451 0.10828366130590439
0.09360093623399734 0.10790444165468216
0.09313948452472687 0.09752068668603897
0.09298586845397949 0.15199962258338928
0.09289205074310303 0.09521086513996124
0.09281571954488754 0.09976643323898315
0.09243116527795792 0.14918309450149536
0.09241384267807007 0.0978793352842331
0.09177529066801071 0.14712873101234436
0.09162846207618713 0.09608879685401917
0.0916147232055664 0.10719552636146545
0.09157980233430862 0.0967143326997757
0.09149126708507538 0.11990517377853394
0.0912012830376625 0.11657840013504028
0.09116648882627487 0.12061379104852676
0.09112641960382462 0.13563263416290283
0.09084368497133255 0.13998892903327942
0.0907198041677475 0.09514924883842468
0.09055336564779282 0.11808320879936218
0.0905076190829277 0.1211177185177803
0.09017670899629593 0.0987386479973793
0.0900653675198555 0.0926351547241211
0.08993697911500931 0.15474587678909302
0.08987056463956833 0.10862696170806885
0.08971656858921051 0.09047583490610123
0.08971325308084488 0.14350612461566925
0.08963711559772491 0.15412282943725586
0.08961944282054901 0.13726995885372162
0.08961877971887589 0.10001378506422043
0.08953935652971268 0.09013716131448746
0.08920007199048996 0.09919250011444092
0.08907080441713333 0.12202221155166626
0.08889941871166229 0.0918295681476593
0.0887385755777359 0.08977901935577393
0.08869863301515579 0.11313379555940628
0.08846128731966019 0.09976714104413986
0.08834220468997955 0.09089414775371552
0.08804948627948761 0.08866449445486069
0.08773256838321686 0.0976739451289177
0.08769107609987259 0.1027514636516571
0.08759805560112 0.12746307253837585
0.08722265064716339 0.08888749033212662
0.08717748522758484 0.1283879578113556
0.08702298998832703 0.13940207660198212
0.0869569480419159 0.08973382413387299
0.08676857501268387 0.09502159059047699
0.08676283806562424 0.11255577206611633
0.08642857521772385 0.11855340749025345
0.08639340102672577 0.14755573868751526
0.08627263456583023 0.11979922652244568
0.08612234890460968 0.10398022085428238
0.08591462671756744 0.08623732626438141
0.08577625453472137 0.08601643890142441
0.08556662499904633 0.13789913058280945
0.08550871163606644 0.12111333757638931
0.08514336496591568 0.0919942855834961
0.08462357521057129 0.15615946054458618
0.08416382968425751 0.09048957377672195
0.08390815556049347 0.0925912857055664
0.08370885998010635 0.15437692403793335
0.08358100801706314 0.14250513911247253
0.08331218361854553 0.08595919609069824
0.08315262198448181 0.0961574986577034
0.08308029919862747 0.08601643890142441
0.08307124674320221 0.08655871450901031
0.08265884965658188 0.090526282787323
0.0826321467757225 0.08527624607086182
0.08253492414951324 0.09247398376464844
0.08240871131420135 0.08798326551914215
0.08225907385349274 0.08770794421434402
0.08218169957399368 0.09311239421367645
0.08154825121164322 0.10435038805007935
0.0813026875257492 0.09628750383853912
0.08126581460237503 0.08390405029058456
0.08120909333229065 0.08948871493339539
0.08120380342006683 0.08736627548933029
0.0811498612165451 0.08785798400640488
0.0810609832406044 0.1178373396396637
0.08072151988744736 0.09084942936897278
0.08063596487045288 0.11158523708581924
0.08049213141202927 0.11678048968315125
0.08046114444732666 0.09201440215110779
0.08039605617523193 0.08963992446660995
0.08034414052963257 0.09582414478063583
0.08004195243120193 0.09569374471902847
0.0799393579363823 0.09069287031888962
0.07988134026527405 0.08012720197439194
0.07963881641626358 0.10912381857633591
0.07963752746582031 0.12222772091627121
0.07926344871520996 0.09060129523277283
0.07915395498275757 0.08854953944683075
0.07886623591184616 0.10077640414237976
0.07810559868812561 0.09775050729513168
0.07784552127122879 0.08789139240980148
0.07761865854263306 0.08686935901641846
0.07741565257310867 0.09993535280227661
0.07714109122753143 0.08147428184747696
0.07680638134479523 0.08325036615133286
0.0765155702829361 0.10519907623529434
0.07640116661787033 0.08262504637241364
0.07639990746974945 0.09047500044107437
0.07629271596670151 0.09079241752624512
0.07550086081027985 0.08286597579717636
0.07537763565778732 0.07972410321235657
0.0751037523150444 0.08213426172733307
0.07475853711366653 0.07538626343011856
0.07473725080490112 0.0972193107008934
0.07469368726015091 0.07956626266241074
0.07424156367778778 0.09224940836429596
0.07362272590398788 0.08134634047746658
0.07350995391607285 0.09124384820461273
0.07333700358867645 0.11460405588150024
0.07240909337997437 0.09438619762659073
0.0716729685664177 0.08298828452825546
0.0715540423989296 0.08424466848373413
0.07104948908090591 0.07433310896158218
0.07097797095775604 0.09176824241876602
0.07063508033752441 0.09279963374137878
0.07021550834178925 0.07046722620725632
0.0699162632226944 0.08012720197439194
0.0664064809679985 0.0716014876961708
0.06582219153642654 0.07939936220645905
0.06578241288661957 0.09317869693040848
0.06317534297704697 0.08321759104728699
0.06292570382356644 0.06824827939271927
