0.30750060081481934 0.3106083273887634
0.30334728956222534 0.3037855327129364
0.3002501130104065 0.3076837360858917
0.3001444637775421 0.30372774600982666
0.29981040954589844 0.30994656682014465
0.22126811742782593 0.23247966170310974
0.19888836145401 0.21956324577331543
0.19659478962421417 0.20493943989276886
0.1918679028749466 0.20972566306591034
0.18871377408504486 0.1913130283355713
0.18645226955413818 0.18674850463867188
0.18201445043087006 0.19453641772270203
0.17980721592903137 0.18484453856945038
0.17540030181407928 0.1844322681427002
0.17075499892234802 0.17283695936203003
0.16775952279567719 0.17511683702468872
0.1630067527294159 0.18705378472805023
0.16267052292823792 0.17140871286392212
0.16135279834270477 0.20194853842258453
0.16134674847126007 0.16215600073337555
0.15821996331214905 0.18632186949253082
0.15797773003578186 0.19022323191165924
0.1556389033794403 0.1729099452495575
0.15333211421966553 0.16133061051368713
0.15330983698368073 0.19049358367919922
0.15217159688472748 0.15270012617111206
0.1504487544298172 0.17077378928661346
0.15018944442272186 0.16089077293872833
0.1498543620109558 0.23828205466270447
0.14801235496997833 0.1550014168024063
0.14685817062854767 0.15271879732608795
0.14544612169265747 0.1778341829776764
0.14532709121704102 0.16076666116714478
0.14419713616371155 0.15325035154819489
0.14402790367603302 0.1704629510641098
0.14303483068943024 0.16977909207344055
0.1421496421098709 0.15137846767902374
0.13807551562786102 0.1688687950372696
0.13782218098640442 0.22058174014091492
0.1374555379152298 0.15265637636184692
0.13744783401489258 0.17241808772087097
0.1372346132993698 0.1393759697675705
0.1367311328649521 0.13895519077777863
0.13590173423290253 0.1567852944135666
0.13561217486858368 0.1407657414674759
0.1351402848958969 0.15919949114322662
0.13493366539478302 0.24425075948238373
0.13451431691646576 0.14896351099014282
0.13339033722877502 0.19562284648418427
0.13303068280220032 0.17422394454479218
0.13211534917354584 0.1322837769985199
0.13183173537254333 0.17355893552303314
0.13178062438964844 0.23155876994132996
0.13159970939159393 0.1345934271812439
0.13157020509243011 0.19539088010787964
0.13014830648899078 0.1483350247144699
0.12950225174427032 0.1727207750082016
0.12821796536445618 0.1547885537147522
0.12778443098068237 0.13122840225696564
0.1276555210351944 0.1872941255569458
0.1270904839038849 0.1327570676803589
0.12587803602218628 0.12645432353019714
0.12545038759708405 0.20838119089603424
0.1249225065112114 0.12893559038639069
0.12441284954547882 0.17691344022750854
0.12427008152008057 0.1339247077703476
0.12378936260938644 0.13714362680912018
0.1235412061214447 0.13712982833385468
0.12319742143154144 0.1397126019001007
0.12302177399396896 0.1563037782907486
0.12276577949523926 0.2160526067018509
0.12246488779783249 0.12411422282457352
0.12232448905706406 0.1363535225391388
0.12209348380565643 0.15079595148563385
0.12189927697181702 0.16498929262161255
0.12154804170131683 0.12302441149950027
0.12148866057395935 0.1417437046766281
0.12132958322763443 0.13721032440662384
0.12057829648256302 0.1806839555501938
0.11959069967269897 0.12456667423248291
0.11940603703260422 0.16550494730472565
0.11886889487504959 0.1681320071220398
0.11848948895931244 0.1220281794667244
0.1179470419883728 0.13436996936798096
0.11771180480718613 0.18792115151882172
0.11669545620679855 0.15870214998722076
0.11612851917743683 0.16504989564418793
0.1160380020737648 0.13858282566070557
0.11599209159612656 0.16957372426986694
0.1159270703792572 0.1503635197877884
0.1158350333571434 0.16399595141410828
0.11581206321716309 0.12235630303621292
0.11504568159580231 0.1833404302597046
0.11494452506303787 0.1220521479845047
0.11415045708417892 0.11711285263299942
0.11393900215625763 0.11836574971675873
0.11357539147138596 0.15061518549919128
0.11338675767183304 0.12534835934638977
0.11270373314619064 0.1517370492219925
0.11257503181695938 0.15748828649520874
0.11242508888244629 0.11957121640443802
0.11058825999498367 0.11711285263299942
0.11056274175643921 0.1328204721212387
0.11038850992918015 0.19377003610134125
0.11018658429384232 0.1202876940369606
0.11003618687391281 0.14025159180164337
0.10993776470422745 0.1263643503189087
0.10964693874120712 0.11505565047264099
0.10909301787614822 0.19974076747894287
0.1085871085524559 0.20530879497528076
0.10849098116159439 0.1518411934375763
0.10798868536949158 0.20965023338794708
0.10796080529689789 0.16010554134845734
0.10749872773885727 0.11633055657148361
0.10679646581411362 0.10817691683769226
0.10678473860025406 0.11318087577819824
0.10671739280223846 0.10951150953769684
0.10645158588886261 0.11999233067035675
0.10642054677009583 0.20240633189678192
0.10641377419233322 0.13036823272705078
0.10621225833892822 0.23371917009353638
0.10609849542379379 0.134934201836586
0.10585841536521912 0.15608234703540802
0.1054098904132843 0.10821384191513062
0.10374101251363754 0.10421910881996155
0.10331546515226364 0.1317640244960785
0.10304854065179825 0.1380118429660797
0.1028977707028389 0.1396438032388687
0.10253532230854034 0.10802989453077316
0.101677305996418 0.10815932601690292
0.10166656225919724 0.10928815603256226
0.10152265429496765 0.10265474021434784
0.1009981781244278 0.16462436318397522
0.10036835074424744 0.10213006287813187
0.10005662590265274 0.1640310287475586
0.09987303614616394 0.10616476833820343
0.09954550862312317 0.13462120294570923
0.09930507093667984 0.10739822685718536
0.09891829639673233 0.13867615163326263
0.09875151515007019 0.10854250192642212
0.09863598644733429 0.11556877940893173
0.09841935336589813 0.19674330949783325
0.09757664054632187 0.09787405282258987
0.09728099405765533 0.1087835356593132
0.09670896828174591 0.12775982916355133
0.09635651856660843 0.11689508706331253
0.09604571759700775 0.22242802381515503
0.09586342424154282 0.13939933478832245
0.0957828164100647 0.11264137178659439
0.09566322714090347 0.11353882402181625
0.09527922421693802 0.11566143482923508
0.09485134482383728 0.14494071900844574
0.09415467083454132 0.09778319299221039
0.09398359805345535 0.10342689603567123
0.09336337447166443 0.14529350399971008
0.09315764904022217 0.11463778465986252
0.09298253059387207 0.10134200751781464
0.09268905967473984 0.1059841513633728
0.09250201284885406 0.10800318419933319
0.09236790984869003 0.11281409114599228
0.09189420193433762 0.11798395961523056
0.09183628112077713 0.09707515686750412
0.09154900908470154 0.10356508940458298
0.0913681834936142 0.09994402527809143
0.09100205451250076 0.09607589244842529
0.09059955179691315 0.15375764667987823
0.09053612500429153 0.10805004835128784
0.090214803814888 0.09914891421794891
0.0901489406824112 0.15225818753242493
0.08985676616430283 0.11379635334014893
0.08921521157026291 0.19458264112472534
0.08913770318031311 0.09414539486169815
0.08902494609355927 0.11628824472427368
0.08894272893667221 0.10953221470117569
0.08879757672548294 0.0898173376917839
0.08862743526697159 0.10266611725091934
0.08776792883872986 0.105486199259758
0.08736728131771088 0.09345255047082901
0.08657915890216827 0.08893734216690063
0.08583265542984009 0.14691345393657684
0.08544446527957916 0.10036076605319977
0.08540675044059753 0.09927672892808914
0.08515284210443497 0.08919643610715866
0.08231054246425629 0.09754619002342224
0.08189337700605392 0.11455872654914856
0.08102484792470932 0.10370451211929321
0.08060838282108307 0.09468282014131546
0.07935362309217453 0.08542197942733765
0.07884172350168228 0.11143866181373596
0.07871808856725693 0.09609002619981766
0.07799847424030304 0.08407500386238098
0.07796161621809006 0.11790288984775543
0.07766132801771164 0.08785934746265411
0.07480400800704956 0.08106987178325653
0.0725506842136383 0.0757259801030159
0.06897833198308945 0.06899416446685791
