0.24283947050571442 0.24388135969638824
0.2412876933813095 0.24261051416397095
0.24070647358894348 0.24203409254550934
0.23904187977313995 0.24896523356437683
0.23674283921718597 0.23711150884628296
0.2340957522392273 0.23665815591812134
0.23341891169548035 0.23511101305484772
0.2321985363960266 0.2422942966222763
0.2319527566432953 0.23709625005722046
0.22999338805675507 0.23262642323970795
0.22912895679473877 0.24054855108261108
0.20079092681407928 0.2008148580789566
0.1987469345331192 0.21424128115177155
0.18001112341880798 0.1819164752960205
0.17687472701072693 0.1901627779006958
0.17558002471923828 0.18220706284046173
0.17035384476184845 0.1715673804283142
0.16998977959156036 0.18754974007606506
0.16837042570114136 0.20786231756210327
0.1682949811220169 0.1756381392478943
0.16712599992752075 0.2131800800561905
0.1671200692653656 0.21949182450771332
0.16552822291851044 0.17944177985191345
0.1654510349035263 0.16563381254673004
0.1611519753932953 0.19941280782222748
0.16022458672523499 0.1706894189119339
0.16018801927566528 0.1684853434562683
0.15959219634532928 0.1598808765411377
0.15932506322860718 0.16750003397464752
0.15880566835403442 0.16641953587532043
0.15849611163139343 0.16516251862049103
0.15824946761131287 0.16834720969200134
0.15752193331718445 0.17643529176712036
0.15654580295085907 0.1684177815914154
0.1563223898410797 0.17234747111797333
0.15453098714351654 0.17530901730060577
0.15415030717849731 0.17462994158267975
0.1539931446313858 0.17636705935001373
0.15309150516986847 0.17095638811588287
0.15037070214748383 0.15833862125873566
0.15036863088607788 0.18558016419410706
0.14979736506938934 0.17249132692813873
0.1489335298538208 0.1540105789899826
0.14773757755756378 0.17170342803001404
0.14749938249588013 0.14768896996974945
0.14722199738025665 0.1490016132593155
0.14718212187290192 0.2082296758890152
0.14645367860794067 0.1575315147638321
0.14609459042549133 0.16849130392074585
0.14552682638168335 0.14787276089191437
0.14500731229782104 0.15090683102607727
0.14400963485240936 0.15531371533870697
0.14379775524139404 0.15674614906311035
0.14294032752513885 0.2208644151687622
0.14275138080120087 0.14905419945716858
0.14242762327194214 0.14834769070148468
0.14202672243118286 0.14364485442638397
0.14172278344631195 0.15807001292705536
0.1408027708530426 0.18187594413757324
0.13909710943698883 0.16160431504249573
0.13908341526985168 0.14626295864582062
0.13859809935092926 0.1492876261472702
0.13823913037776947 0.17057178914546967
0.1378239244222641 0.16327425837516785
0.13693426549434662 0.22092266380786896
0.1358547955751419 0.18990342319011688
0.13573117554187775 0.17651747167110443
0.13446611166000366 0.15723153948783875
0.13392581045627594 0.1731732189655304
0.13389337062835693 0.14822615683078766
0.13366594910621643 0.13968239724636078
0.13364024460315704 0.18734653294086456
0.13352158665657043 0.152954563498497
0.1331760734319687 0.14008592069149017
0.1330844610929489 0.1410965621471405
0.1329694539308548 0.14808334410190582
0.13203103840351105 0.21352636814117432
0.13152305781841278 0.14776499569416046
0.1314443200826645 0.1447109580039978
0.131355419754982 0.14613188803195953
0.13121578097343445 0.1634022295475006
0.13075628876686096 0.14545491337776184
0.13051360845565796 0.172585591673851
0.12962312996387482 0.15033598244190216
0.12953266501426697 0.15126055479049683
0.12881943583488464 0.15183421969413757
0.12853698432445526 0.1824181228876114
0.12818700075149536 0.19384612143039703
0.12784332036972046 0.1406700611114502
0.12774153053760529 0.19566848874092102
0.1276860237121582 0.14427998661994934
0.12757785618305206 0.21421077847480774
0.12682771682739258 0.14128832519054413
0.12628649175167084 0.14612214267253876
0.12517723441123962 0.13777250051498413
0.12422551959753036 0.15406297147274017
0.12337074428796768 0.19290532171726227
0.12315889447927475 0.22243639826774597
0.12308640033006668 0.15990255773067474
0.12209033966064453 0.16664816439151764
0.12208952009677887 0.2411564141511917
0.1219945102930069 0.12516847252845764
0.12197389453649521 0.12295785546302795
0.12152208387851715 0.13049949705600739
0.12092220038175583 0.12148386240005493
0.12055953592061996 0.14180795848369598
0.12034867703914642 0.12635038793087006
0.11986290663480759 0.18000374734401703
0.11975788325071335 0.14847001433372498
0.11945144832134247 0.12588104605674744
0.11905437707901001 0.11989884078502655
0.1190062165260315 0.14617712795734406
0.11899393796920776 0.19520549476146698
0.11818033456802368 0.19122372567653656
0.1180688738822937 0.21674315631389618
0.11610986292362213 0.15095631778240204
0.1158311516046524 0.16165080666542053
0.1152174100279808 0.12790443003177643
0.11498397588729858 0.18343131244182587
0.11411061882972717 0.17659834027290344
0.11334702372550964 0.13149923086166382
0.1128101795911789 0.124010369181633
0.11271626502275467 0.11536607146263123
0.11256377398967743 0.11323152482509613
0.1120748296380043 0.2011978030204773
0.111466184258461 0.1114811897277832
0.11064589023590088 0.1603153944015503
0.11000879853963852 0.12588104605674744
0.1099260002374649 0.18045417964458466
0.10991072654724121 0.14563722908496857
0.10905569791793823 0.11124642938375473
0.10866852849721909 0.2314780056476593
0.10862839221954346 0.16347940266132355
0.10851044952869415 0.11647944152355194
0.10805678367614746 0.12452918291091919
0.10754837840795517 0.2057669311761856
0.10753265768289566 0.10947902500629425
0.10751368850469589 0.16102486848831177
0.10750477015972137 0.19017288088798523
0.10713082551956177 0.16333575546741486
0.10689818114042282 0.12128963321447372
0.10673259198665619 0.11540279537439346
0.10563021153211594 0.13348238170146942
0.10560032725334167 0.19429659843444824
0.10536228865385056 0.11813502013683319
0.10515747964382172 0.15748894214630127
0.10506319999694824 0.10755247622728348
0.10455501824617386 0.13268950581550598
0.10448073595762253 0.12352089583873749
0.10437262058258057 0.10631930828094482
0.10431792587041855 0.1056748777627945
0.1030757799744606 0.12542195618152618
0.10272069275379181 0.10954565554857254
0.10196415334939957 0.10689999908208847
0.10131072998046875 0.1130748987197876
0.10125075280666351 0.11539343744516373
0.10094644129276276 0.10137471556663513
0.10045485198497772 0.14521467685699463
0.10031003504991531 0.14049723744392395
0.10021650046110153 0.10270486772060394
0.10000313818454742 0.2128462940454483
0.09905608743429184 0.10275685042142868
0.09839561581611633 0.12403134256601334
0.09835689514875412 0.10253347456455231
0.097978375852108 0.1809903383255005
0.09793200343847275 0.09897224605083466
0.09761160612106323 0.10343039035797119
0.09750553220510483 0.1579449474811554
0.09747166931629181 0.1111707016825676
0.0967666357755661 0.10499116033315659
0.09653955698013306 0.15997451543807983
0.0958564281463623 0.10564488172531128
0.09525109082460403 0.10934923589229584
0.09506263583898544 0.12746091187000275
0.09501729905605316 0.1439030021429062
0.09465248137712479 0.10466800630092621
0.09398078173398972 0.1239006519317627
0.09376388043165207 0.10067720711231232
0.09194564074277878 0.12073351442813873
0.09184473752975464 0.10050459951162338
0.09122949838638306 0.09401331841945648
0.08915312588214874 0.09321637451648712
0.08892824500799179 0.10137314349412918
0.0878184363245964 0.1198561042547226
0.08770903199911118 0.12699449062347412
0.08740783482789993 0.10872510075569153
0.08734156936407089 0.12800413370132446
0.08626018464565277 0.09863075613975525
0.08540578186511993 0.09403292089700699
0.08522795140743256 0.09399353712797165
0.0849788561463356 0.09895576536655426
0.08380863070487976 0.09266205877065659
0.08207708597183228 0.09199203550815582
0.0811571404337883 0.08873017132282257
0.07947367429733276 0.08538971096277237
0.07935997098684311 0.084740050137043
0.07731972634792328 0.08710302412509918
0.07701057940721512 0.07742267102003098
0.07696564495563507 0.08533207327127457
0.07692426443099976 0.10631956160068512
0.0768245980143547 0.09504826366901398
0.07531888037919998 0.07837948948144913
0.07480475306510925 0.08596206456422806
0.0738985687494278 0.1044420674443245
0.07186274230480194 0.09377690404653549
0.07067447900772095 0.09414039552211761
0.07006622850894928 0.10955926030874252
0.06338492035865784 0.08148922026157379
