0.5918740630149841 0.6050588488578796
0.49230197072029114 0.49495619535446167
0.4275423288345337 0.42964664101600647
0.4176982343196869 0.4614170491695404
0.39362862706184387 0.4586346745491028
0.29407408833503723 0.29553964734077454
0.28434211015701294 0.2972152531147003
0.26781797409057617 0.2827269732952118
0.2542393207550049 0.25955715775489807
0.23787249624729156 0.24019791185855865
0.23434323072433472 0.2349594086408615
0.2276500165462494 0.2371796816587448
0.20321553945541382 0.2111363261938095
0.18621547520160675 0.1928739696741104
0.1741272211074829 0.18279975652694702
0.17120149731636047 0.19283045828342438
0.16534580290317535 0.17658297717571259
0.16224049031734467 0.19442254304885864
0.16122353076934814 0.1630069613456726
0.15966150164604187 0.1761002540588379
0.15889069437980652 0.1881301999092102
0.15845711529254913 0.16061000525951385
0.15828363597393036 0.16392965614795685
0.15628662705421448 0.18276618421077728
0.1548542082309723 0.16035199165344238
0.1533096432685852 0.17121469974517822
0.15328997373580933 0.16598494350910187
0.15269896388053894 0.15628771483898163
0.15120922029018402 0.18548381328582764
0.15096668899059296 0.16498860716819763
0.15039600431919098 0.15241841971874237
0.1499941498041153 0.17649918794631958
0.1492120325565338 0.1873486489057541
0.14795199036598206 0.16592352092266083
0.14558061957359314 0.21575166285037994
0.1423870176076889 0.16566067934036255
0.14225852489471436 0.16232432425022125
0.1419626921415329 0.21488352119922638
0.14151400327682495 0.15428414940834045
0.1383047103881836 0.15982197225093842
0.13780255615711212 0.1890718638896942
0.1354868859052658 0.13750344514846802
0.1354796439409256 0.1903700977563858
0.1351209431886673 0.13609972596168518
0.131499245762825 0.14171019196510315
0.13030166923999786 0.16006170213222504
0.1303015947341919 0.13490702211856842
0.1297939568758011 0.14460046589374542
0.1295505315065384 0.1901410073041916
0.12916319072246552 0.1404595524072647
0.1289028823375702 0.14562039077281952
0.12887506186962128 0.1407548040151596
0.12870366871356964 0.21737849712371826
0.12761878967285156 0.16202852129936218
0.12746311724185944 0.15497051179409027
0.1273060441017151 0.1292051076889038
0.12728272378444672 0.2197226732969284
0.1271267980337143 0.13709476590156555
0.12708598375320435 0.15855008363723755
0.12696155905723572 0.13023784756660461
0.1266973316669464 0.14055520296096802
0.12659548223018646 0.15210799872875214
0.1263178139925003 0.1413959264755249
0.12586647272109985 0.15197442471981049
0.12567122280597687 0.14183475077152252
0.12548139691352844 0.1634817272424698
0.12543843686580658 0.16584397852420807
0.12487942725419998 0.18274547159671783
0.12422823905944824 0.30612534284591675
0.12336726486682892 0.19709204137325287
0.12330688536167145 0.12820981442928314
0.12291837483644485 0.13251738250255585
0.12264005094766617 0.13202086091041565
0.12241718173027039 0.1238064169883728
0.12213025987148285 0.16239464282989502
0.12151694297790527 0.3198601007461548
0.12135692685842514 0.14284056425094604
0.12063926458358765 0.1279986947774887
0.12041196972131729 0.14034083485603333
0.12012622505426407 0.13289542496204376
0.11961299926042557 0.13738389313220978
0.11940872669219971 0.12350627034902573
0.11926066875457764 0.13509610295295715
0.11745374649763107 0.14852923154830933
0.11743193119764328 0.15113963186740875
0.11686364561319351 0.1570315957069397
0.11655420809984207 0.1588919460773468
0.11639059334993362 0.30538055300712585
0.1161167174577713 0.12716186046600342
0.11566928029060364 0.11970054358243942
0.11548895388841629 0.1351792812347412
0.11379868537187576 0.11634605377912521
0.11345236748456955 0.12226825207471848
0.11240483075380325 0.14399407804012299
0.11067739874124527 0.15487860143184662
0.11058271676301956 0.11765795201063156
0.11010049283504486 0.2000497728586197
0.10979333519935608 0.11843607574701309
0.10971715301275253 0.11324086040258408
0.10937100648880005 0.11129968613386154
0.10927704721689224 0.12211128324270248
0.10886043310165405 0.11849045008420944
0.10847879946231842 0.11705786734819412
0.10846251994371414 0.11171139031648636
0.10813169181346893 0.16752982139587402
0.1078832745552063 0.11837746202945709
0.10783080011606216 0.11934633553028107
0.1073448657989502 0.11261096596717834
0.10678131878376007 0.1430288702249527
0.10654927045106888 0.16755874454975128
0.10638996958732605 0.12201156467199326
0.10608014464378357 0.1121828556060791
0.10577967017889023 0.14480823278427124
0.10545577108860016 0.1792810708284378
0.10518237203359604 0.12740667164325714
0.1049172580242157 0.147455632686615
0.10486123710870743 0.12095001339912415
0.10436124354600906 0.11420673131942749
0.10423018038272858 0.22145859897136688
0.10404321551322937 0.11186791211366653
0.1040419191122055 0.11782857775688171
0.1039353609085083 0.10688281059265137
0.10383754223585129 0.10815822333097458
0.10351860523223877 0.14029750227928162
0.10350571572780609 0.16417555510997772
0.10321719944477081 0.1111232191324234
0.10241162776947021 0.10816216468811035
0.10157445818185806 0.11930948495864868
0.10147222876548767 0.10717657208442688
0.10134978592395782 0.10800828039646149
0.10131282359361649 0.13672412931919098
0.10070987045764923 0.1065782830119133
0.10052906721830368 0.1666957587003708
0.10044632852077484 0.12579050660133362
0.10001657903194427 0.10736505687236786
0.09980455040931702 0.11850468069314957
0.09966026246547699 0.10460902750492096
0.09957768768072128 0.1105484887957573
0.09916888922452927 0.12369000911712646
0.09904079139232635 0.11274133622646332
0.09884939342737198 0.1545557826757431
0.09884566813707352 0.11291675269603729
0.09880359470844269 0.103786900639534
0.09876057505607605 0.11669227480888367
0.09871676564216614 0.1281553953886032
0.0979965552687645 0.2097393125295639
0.09791956096887589 0.11763948202133179
0.09602769464254379 0.12266292423009872
0.09542099386453629 0.10431824624538422
0.0951399952173233 0.10923267155885696
0.09482763707637787 0.10479757189750671
0.09441142529249191 0.09867046028375626
0.09433691948652267 0.09602229297161102
0.09430773556232452 0.10571575909852982
0.09416554123163223 0.1251668781042099
0.0935961976647377 0.10806787014007568
0.09342292696237564 0.1156163290143013
0.09290382266044617 0.11177727580070496
0.09285911917686462 0.09918314218521118
0.09233265370130539 0.14848211407661438
0.09211625903844833 0.10240776836872101
0.09208198636770248 0.12173803150653839
0.09205970913171768 0.11550194025039673
0.09061159938573837 0.1056893840432167
0.09019973129034042 0.0958736464381218
0.09019829332828522 0.10611629486083984
0.08995528519153595 0.17595240473747253
0.08967095613479614 0.0929790735244751
0.08966429531574249 0.11057575047016144
0.08949453383684158 0.09327908605337143
0.08930093050003052 0.10002479702234268
0.08913812041282654 0.09371230751276016
0.08902347832918167 0.09131163358688354
0.08819235116243362 0.09785624593496323
0.08766406029462814 0.09181168675422668
0.08756943047046661 0.1579904705286026
0.08691150695085526 0.09622719138860703
0.08688683807849884 0.09090181440114975
0.0861310362815857 0.16672395169734955
0.08527416735887527 0.09772435575723648
0.08526208251714706 0.0963546559214592
0.08524209260940552 0.09641079604625702
0.08509945124387741 0.10590214282274246
0.08505576103925705 0.09258375316858292
0.08465805649757385 0.09179569780826569
0.08420377224683762 0.08656617999076843
0.08404364436864853 0.1284288763999939
0.08373646438121796 0.09458057582378387
0.08275874704122543 0.11774026602506638
0.08271769434213638 0.09409675747156143
0.08188828825950623 0.09371280670166016
0.07822643220424652 0.08036791533231735
0.07819487899541855 0.08429243415594101
0.07794977724552155 0.09859615564346313
0.07717814296483994 0.0819777101278305
0.07643935829401016 0.09106485545635223
0.07591954618692398 0.09294837713241577
0.07570582628250122 0.09442482888698578
0.07564562559127808 0.07613179832696915
0.07213162630796432 0.07614394277334213
0.07044621556997299 0.07771671563386917
0.06860319525003433 0.08511951565742493
0.0684150978922844 0.0714128166437149
0.06805258244276047 0.0689442977309227
0.06694801151752472 0.08421941101551056
0.06438599526882172 0.07908466458320618
