0.5110906958580017 0.539340078830719
0.501376748085022 0.5158070921897888
0.5008044242858887 0.5299186110496521
0.491964727640152 0.5183923840522766
0.49181967973709106 0.4977075159549713
0.4717753231525421 0.4847935140132904
0.4544311761856079 0.47168588638305664
0.1638554483652115 0.21789582073688507
0.15810133516788483 0.16628745198249817
0.15721765160560608 0.20096391439437866
0.15590032935142517 0.16415870189666748
0.15210434794425964 0.15658721327781677
0.1505335569381714 0.16969427466392517
0.14784060418605804 0.18784990906715393
0.14166542887687683 0.15953539311885834
0.14126145839691162 0.14468421041965485
0.13943389058113098 0.15118959546089172
0.13867591321468353 0.1747356653213501
0.13861145079135895 0.14265091717243195
0.13683490455150604 0.14824576675891876
0.13485854864120483 0.13558930158615112
0.13485127687454224 0.1429774910211563
0.133400097489357 0.13937923312187195
0.1324177086353302 0.14262212812900543
0.1310027539730072 0.14142782986164093
0.13062724471092224 0.13793769478797913
0.13019464910030365 0.15134191513061523
0.12898185849189758 0.1480591893196106
0.12739042937755585 0.16483139991760254
0.12526707351207733 0.13727334141731262
0.12478169053792953 0.1461392641067505
0.12447783350944519 0.15295206010341644
0.12362300604581833 0.1389661431312561
0.1235201358795166 0.1323663741350174
0.12347343564033508 0.15979163348674774
0.12190888822078705 0.14387254416942596
0.12186721712350845 0.1221737414598465
0.12114264816045761 0.16173791885375977
0.1195266991853714 0.13833999633789062
0.11868838965892792 0.138438880443573
0.11853944510221481 0.12663470208644867
0.11842147260904312 0.14023685455322266
0.1181793212890625 0.15251979231834412
0.11784394830465317 0.11940234899520874
0.11781120300292969 0.12814843654632568
0.11778035014867783 0.1478733867406845
0.11749104410409927 0.12861764430999756
0.11735327541828156 0.15977102518081665
0.11728759855031967 0.12265706807374954
0.11706041544675827 0.12966568768024445
0.1165178045630455 0.1335749328136444
0.11633198708295822 0.14958691596984863
0.11566563695669174 0.1448305994272232
0.11560873687267303 0.16337552666664124
0.11548986285924911 0.17857053875923157
0.11464909464120865 0.1586165875196457
0.11431611329317093 0.1173010915517807
0.11379867047071457 0.13257648050785065
0.11338068544864655 0.11748162657022476
0.11298748850822449 0.12395204603672028
0.11248797923326492 0.13111256062984467
0.11231119930744171 0.1700570434331894
0.11075057834386826 0.22548142075538635
0.1084747314453125 0.12388470023870468
0.10775486379861832 0.11952055245637894
0.10662543773651123 0.1133003905415535
0.10590451210737228 0.11477277427911758
0.10573755204677582 0.16926617920398712
0.1055426150560379 0.15419301390647888
0.10543586313724518 0.1301065981388092
0.10537104308605194 0.1389501392841339
0.10493923723697662 0.27559226751327515
0.10470746457576752 0.11058736592531204
0.10430902987718582 0.16730715334415436
0.10132572054862976 0.14509782195091248
0.10129328072071075 0.1100647896528244
0.1011820062994957 0.10817337781190872
0.10010018944740295 0.10674252361059189
0.09949782490730286 0.11132010072469711
0.09946668148040771 0.10356692969799042
0.09883532673120499 0.12027934193611145
0.09849836677312851 0.11116554588079453
0.09838943183422089 0.10492072254419327
0.09832756221294403 0.1202876940369606
0.09758489578962326 0.14460843801498413
0.09740722179412842 0.1915419101715088
0.09736709296703339 0.16154029965400696
0.09733911603689194 0.13599561154842377
0.09726782888174057 0.09978648275136948
0.0971522256731987 0.12209445983171463
0.09679539501667023 0.12348584830760956
0.09638562053442001 0.11577623337507248
0.09530199319124222 0.13615910708904266
0.0952596589922905 0.10336192697286606
0.0949002206325531 0.11890661716461182
0.09475237876176834 0.10084899514913559
0.09443451464176178 0.12142520397901535
0.09443385154008865 0.11214807629585266
0.09411242604255676 0.13651473820209503
0.09388077259063721 0.1231110543012619
0.09386789053678513 0.12054383009672165
0.09333772957324982 0.09570260345935822
0.09320059418678284 0.13109256327152252
0.09266932308673859 0.09279787540435791
0.09253857284784317 0.09732326120138168
0.09180574864149094 0.11546977609395981
0.09174136817455292 0.10143723338842392
0.09100101888179779 0.10471133887767792
0.09048832207918167 0.09602215886116028
0.09034840017557144 0.1127956286072731
0.08995915949344635 0.11195871233940125
0.08975932002067566 0.09462286531925201
0.08943531662225723 0.10644848644733429
0.08937711268663406 0.12663479149341583
0.08932580798864365 0.14296647906303406
0.0885881558060646 0.08947337418794632
0.08816935122013092 0.108615942299366
0.0881335660815239 0.10557436943054199
0.08809345215559006 0.09828975796699524
0.08806583285331726 0.14039668440818787
0.0876946896314621 0.0952654704451561
0.08744650334119797 0.16822195053100586
0.08722391724586487 0.09599997848272324
0.08717579394578934 0.09795127809047699
0.08707505464553833 0.10400643944740295
0.08705857396125793 0.16119103133678436
0.08664724975824356 0.09750570356845856
0.08626898378133774 0.12658095359802246
0.0861956924200058 0.0952654704451561
0.08538992702960968 0.08624687790870667
0.08527955412864685 0.09599572420120239
0.08522073924541473 0.13764594495296478
0.08499012142419815 0.10721159726381302
0.08431795239448547 0.0937047004699707
0.08424774557352066 0.09232992678880692
0.08371112495660782 0.12085290253162384
0.08352313190698624 0.11514530330896378
0.0829167440533638 0.08911708742380142
0.08272415399551392 0.09890765696763992
0.08232899010181427 0.09081435948610306
0.08174421638250351 0.08826914429664612
0.08170495182275772 0.1153460443019867
0.08143965899944305 0.09054455161094666
0.08086025714874268 0.0851961001753807
0.080730140209198 0.1015118733048439
0.08011879026889801 0.08572795242071152
0.07971691340208054 0.12634539604187012
0.07961184531450272 0.11591638624668121
0.07871391624212265 0.08887214213609695
0.07780421525239944 0.07814670354127884
0.07650981098413467 0.10600344836711884
0.0762544721364975 0.07901903986930847
0.07617953419685364 0.09508959203958511
0.07610233128070831 0.07926652580499649
0.0733482763171196 0.08469605445861816
0.07286287099123001 0.08043701201677322
0.07253755629062653 0.08582505583763123
0.07080096751451492 0.07977760583162308
0.07062765210866928 0.07331504672765732
0.07040432840585709 0.09432349354028702
0.06909488886594772 0.07031764835119247
0.06864585727453232 0.13217954337596893
0.06629237532615662 0.08094032853841782
0.0606367364525795 0.0667528584599495
