0.46743538975715637 0.4757847189903259
0.13646143674850464 0.1404101401567459
0.13233768939971924 0.13556218147277832
0.12990446388721466 0.13990047574043274
0.1241888478398323 0.12735429406166077
0.12331698834896088 0.12372761219739914
0.12234543263912201 0.13184449076652527
0.12182886153459549 0.12351063638925552
0.12112167477607727 0.13245713710784912
0.11824867129325867 0.12879595160484314
0.11805866658687592 0.13654784858226776
0.11704960465431213 0.1308814287185669
0.1167193055152893 0.1342184841632843
0.11544199287891388 0.11864007264375687
0.11448817700147629 0.12128233909606934
0.11429392546415329 0.12068445235490799
0.11414530128240585 0.11705240607261658
0.11228851228952408 0.11516941338777542
0.11187642812728882 0.1152903214097023
0.11081557720899582 0.12097696214914322
0.10963977873325348 0.11478427052497864
0.1087488904595375 0.1103513166308403
0.10871100425720215 0.11279959231615067
0.10855674743652344 0.1124361902475357
0.10821636021137238 0.11742103099822998
0.1080716997385025 0.11121544986963272
0.10696433484554291 0.13423798978328705
0.1064758151769638 0.12026730179786682
0.10612482577562332 0.1136820837855339
0.10599297285079956 0.11148834228515625
0.10554671287536621 0.11350592970848083
0.1049649566411972 0.11294491589069366
0.10471174120903015 0.1079554632306099
0.10465453565120697 0.11944945901632309
0.10346819460391998 0.1053333505988121
0.10294726490974426 0.10580801218748093
0.10219565033912659 0.10425881296396255
0.10153960436582565 0.1176757961511612
0.1011788472533226 0.13367915153503418
0.10114598274230957 0.10405291616916656
0.10083276778459549 0.11089443415403366
0.10048465430736542 0.10327447205781937
0.0991513803601265 0.09980204701423645
0.09903442859649658 0.12785737216472626
0.0989442691206932 0.11005956679582596
0.09893213957548141 0.13456247746944427
0.09853445738554001 0.1154571920633316
0.09804725646972656 0.10407938808202744
0.09791325032711029 0.10717728734016418
0.09765109419822693 0.12157037854194641
0.09752508997917175 0.09857930988073349
0.09738598763942719 0.0977238342165947
0.0971539169549942 0.1192958727478981
0.09694547951221466 0.10165107995271683
0.0968019887804985 0.11625521630048752
0.09676560759544373 0.10978895425796509
0.09649273008108139 0.10457736998796463
0.09618327766656876 0.1305444836616516
0.09602240473031998 0.10134143382310867
0.09595748782157898 0.10181273519992828
0.09529350697994232 0.10641808062791824
0.09516289085149765 0.11851842701435089
0.09498854726552963 0.12231190502643585
0.0949762687087059 0.1011437475681305
0.09381839632987976 0.13743633031845093
0.09372170269489288 0.09902875870466232
0.09234609454870224 0.09500831365585327
0.09189914166927338 0.09719694405794144
0.08985888212919235 0.09361497312784195
0.08983460813760757 0.10446489602327347
0.08847466111183167 0.0985977053642273
0.08794727921485901 0.08817427605390549
0.0874352902173996 0.08931420743465424
0.08679992705583572 0.11665604263544083
0.08626008033752441 0.10131734609603882
0.08623157441616058 0.08676024526357651
0.08595176041126251 0.0953916385769844
0.08591380715370178 0.0962803065776825
0.08460793644189835 0.11598777770996094
0.08435957133769989 0.13310974836349487
0.08421037346124649 0.12551996111869812
0.08393312245607376 0.0858689397573471
0.08330678939819336 0.09118062257766724
0.08272068202495575 0.0882270336151123
0.08263661712408066 0.0938035324215889
0.08165153861045837 0.12670092284679413
0.08145125955343246 0.08654788136482239
0.08128644526004791 0.10538946092128754
0.0807710736989975 0.11297906190156937
0.08026183396577835 0.08652712404727936
0.080253466963768 0.11002564430236816
0.07997342944145203 0.10906796902418137
0.07991573959589005 0.11486697942018509
0.07970904558897018 0.09273271262645721
0.07968632876873016 0.09191583096981049
0.07957746088504791 0.08059856295585632
0.07843492925167084 0.11115250736474991
0.07830081135034561 0.08357162028551102
0.07797958701848984 0.09020654112100601
0.07729833573102951 0.11206885427236557
0.07720575481653214 0.08947340399026871
0.07714443653821945 0.0772426500916481
0.07678595185279846 0.09332629293203354
0.07661950588226318 0.12102926522493362
0.07613302767276764 0.0927739292383194
0.07599345594644547 0.08216571807861328
0.07597172260284424 0.0780799463391304
0.07565861940383911 0.1362401843070984
0.07553521543741226 0.12592430412769318
0.07500964403152466 0.07848675549030304
0.07488589733839035 0.09040198475122452
0.07468196749687195 0.08054681122303009
0.07415234297513962 0.07497220486402512
0.0741027221083641 0.10962303727865219
0.07378803193569183 0.08595016598701477
0.07378137111663818 0.14359194040298462
0.0729035809636116 0.0866345763206482
0.07272061705589294 0.08888605237007141
0.07270430028438568 0.10721011459827423
0.07240433245897293 0.08248879015445709
0.07231445610523224 0.1250428557395935
0.0718034952878952 0.09866152703762054
0.0704631507396698 0.07346592098474503
0.06999575346708298 0.15771791338920593
0.06986107677221298 0.07151418179273605
0.06945370137691498 0.08300404250621796
0.06940723955631256 0.07852669805288315
0.06928756088018417 0.08760450035333633
0.06886952370405197 0.08703818917274475
0.06866556406021118 0.08271756023168564
0.06847827881574631 0.08173210173845291
0.06837046891450882 0.0730915442109108
0.06828545778989792 0.11037468165159225
0.0682656392455101 0.07245904207229614
0.06820254027843475 0.06941728293895721
0.06809233129024506 0.0907694548368454
0.06768513470888138 0.08375599980354309
0.06737442314624786 0.07388972491025925
0.06734857708215714 0.07226604223251343
0.06722719967365265 0.06850377470254898
0.0670657530426979 0.09586823731660843
0.0670567974448204 0.07070287317037582
0.06684855371713638 0.09243325144052505
0.06630530953407288 0.07839000970125198
0.06568389385938644 0.06650646030902863
0.06564628332853317 0.06915704905986786
0.06537643074989319 0.11088401079177856
0.06532295793294907 0.07041960954666138
0.0652671754360199 0.07552159577608109
0.06482869386672974 0.07706263661384583
0.06400862336158752 0.07624931633472443
0.06370959430932999 0.06469699740409851
0.0635085254907608 0.07046385854482651
0.06279531866312027 0.06505114585161209
0.062192898243665695 0.06455957889556885
0.06212456524372101 0.08208539336919785
0.060797225683927536 0.07405555993318558
0.06015069782733917 0.09185502678155899
0.0600106418132782 0.08664615452289581
0.058783166110515594 0.11026176810264587
0.05817222595214844 0.10116639733314514
0.057730577886104584 0.07004595547914505
0.05730714276432991 0.074599489569664
0.05727864056825638 0.05973808467388153
0.05640336871147156 0.058026742190122604
0.05564730986952782 0.060554828494787216
0.055454280227422714 0.06056423485279083
0.05493144318461418 0.06423927843570709
0.0533406138420105 0.059441834688186646
0.05289306119084358 0.06238032504916191
0.0526324026286602 0.060582924634218216
0.05200602114200592 0.05563236400485039
0.05133014917373657 0.06138738989830017
0.051322538405656815 0.06474687904119492
0.04995197057723999 0.05658401921391487
0.049646489322185516 0.060337502509355545
0.049325961619615555 0.06350918859243393
0.0492495521903038 0.05754075571894646
0.04922233149409294 0.06072182580828667
0.04913201928138733 0.06048761308193207
0.04901523515582085 0.05696416273713112
0.04843710735440254 0.04863818734884262
0.04803822189569473 0.0615004301071167
0.04766973480582237 0.05511092394590378
0.047669027000665665 0.04957180470228195
0.0474165678024292 0.05182766914367676
0.0474032498896122 0.05606547370553017
0.04672713577747345 0.04781303554773331
0.04651428014039993 0.05316190421581268
0.04613722488284111 0.04835667461156845
0.04557628184556961 0.0487055703997612
0.04537597671151161 0.05076412111520767
0.04473423585295677 0.05164893716573715
0.044099390506744385 0.04505171626806259
0.041667062789201736 0.04843936488032341
0.03975769877433777 0.04695162922143936
