0.10651294887065887 0.11159082502126694
0.10640279203653336 0.12248668074607849
0.10536662489175797 0.10627156496047974
0.09944286197423935 0.11143338680267334
0.09932596981525421 0.10682319849729538
0.09768794476985931 0.09817086905241013
0.09543495625257492 0.1010671928524971
0.09537912905216217 0.1116592139005661
0.09011213481426239 0.0950770154595375
0.08809834718704224 0.10234235227108002
0.08799590915441513 0.09088320285081863
0.08689166605472565 0.08944549411535263
0.08654488623142242 0.09626547992229462
0.0855177491903305 0.09199552237987518
0.08428706973791122 0.09171772748231888
0.08408620208501816 0.0876755639910698
0.083857461810112 0.08941398561000824
0.08296984434127808 0.08923183381557465
0.08251206576824188 0.1253029853105545
0.08237975090742111 0.09133675694465637
0.08160486817359924 0.13957099616527557
0.08101307600736618 0.09123535454273224
0.08043869584798813 0.09198615700006485
0.08010391145944595 0.08823646605014801
0.08007295429706573 0.08681808412075043
0.08003371208906174 0.08216743171215057
0.07906485348939896 0.09336945414543152
0.07896290719509125 0.09768561273813248
0.0789615735411644 0.08853227645158768
0.07885991036891937 0.1035718247294426
0.07883788645267487 0.09577922523021698
0.07882891595363617 0.08167371153831482
0.07862585037946701 0.09400849044322968
0.0782129317522049 0.07960984855890274
0.07682611793279648 0.09190896153450012
0.07664886116981506 0.07705318182706833
0.07662077248096466 0.09300458431243896
0.07565271109342575 0.07641320675611496
0.07554466277360916 0.12321263551712036
0.07474097609519958 0.09268917888402939
0.07439292222261429 0.0850503072142601
0.07435689121484756 0.09877652674913406
0.07434041053056717 0.082405686378479
0.07392149418592453 0.08262629061937332
0.07383093237876892 0.08070410788059235
0.07371223717927933 0.07496023923158646
0.07320161908864975 0.14060291647911072
0.0731407031416893 0.09665954858064651
0.07291892915964127 0.08120942860841751
0.07257897406816483 0.09357204288244247
0.07245606929063797 0.08345670253038406
0.07222829759120941 0.10309317708015442
0.07183999568223953 0.09397181123495102
0.07168992608785629 0.07905872911214828
0.07156051695346832 0.08177239447832108
0.07153772562742233 0.07998286932706833
0.0712229311466217 0.09192176163196564
0.07114807516336441 0.08231022208929062
0.07110279053449631 0.07858680188655853
0.0710659995675087 0.11352363228797913
0.07072821259498596 0.0799691379070282
0.07038204371929169 0.10959597676992416
0.0700882077217102 0.08291210234165192
0.06957520544528961 0.11477561295032501
0.06952599436044693 0.08994624763727188
0.06941823661327362 0.09788445383310318
0.06936747580766678 0.07190199941396713
0.06882274150848389 0.09275632351636887
0.0686730369925499 0.09721311926841736
0.06866471469402313 0.07059668004512787
0.06859441101551056 0.09601002186536789
0.0679052397608757 0.06792251020669937
0.06778252124786377 0.10144619643688202
0.06762538105249405 0.07163365930318832
0.06746504455804825 0.06765858083963394
0.06743627786636353 0.10693991184234619
0.06736767292022705 0.12901601195335388
0.06731808930635452 0.07333631813526154
0.0668913871049881 0.06829483062028885
0.06648112088441849 0.10274602472782135
0.06644586473703384 0.08206784725189209
0.06588446348905563 0.07158541679382324
0.0657414123415947 0.07066293805837631
0.06562474370002747 0.07112636417150497
0.06539670377969742 0.07070452719926834
0.06523992121219635 0.07542507350444794
0.06505858153104782 0.1005815640091896
0.06496620923280716 0.09350315481424332
0.06484894454479218 0.06497509032487869
0.06474795192480087 0.11814040690660477
0.06466179341077805 0.08684047311544418
0.06448785960674286 0.07692636549472809
0.06430765986442566 0.06928466260433197
0.06423839926719666 0.09878548979759216
0.06409663707017899 0.08050893247127533
0.0637168362736702 0.07429373264312744
0.06316564232110977 0.0725090503692627
0.06296997517347336 0.0701698437333107
0.06290686875581741 0.08137215673923492
0.06287375092506409 0.06457579135894775
0.06265539675951004 0.0637962594628334
0.06265287101268768 0.07649485766887665
0.06261030584573746 0.07389932125806808
0.06238128989934921 0.08499816805124283
0.06217734143137932 0.1204114556312561
0.06213785707950592 0.06877712905406952
0.06209671497344971 0.06412512809038162
0.062074121087789536 0.06668215990066528
0.06199702247977257 0.10307510197162628
0.06195735186338425 0.06508862227201462
0.06172405183315277 0.07259482890367508
0.061498500406742096 0.07101728767156601
0.061328038573265076 0.06320466101169586
0.06126854196190834 0.07325135916471481
0.06106880307197571 0.07365209609270096
0.0610443651676178 0.10207492858171463
0.06094701588153839 0.06511156260967255
0.06094377115368843 0.06361954659223557
0.06088003143668175 0.10908721387386322
0.06060893461108208 0.06575930118560791
0.06058499217033386 0.09070587903261185
0.060376428067684174 0.06055009737610817
0.06016954407095909 0.07776214182376862
0.06007939577102661 0.06303288042545319
0.05985674634575844 0.06400211155414581
0.05974654480814934 0.07980187982320786
0.05969906970858574 0.06860150396823883
0.05953929200768471 0.061438485980033875
0.059492528438568115 0.06616572290658951
0.05936693772673607 0.06452716141939163
0.05889299139380455 0.05918775126338005
0.0588625967502594 0.059231534600257874
0.05876809358596802 0.06040879711508751
0.058750368654727936 0.06367574632167816
0.0584145113825798 0.060428161174058914
0.057804614305496216 0.06865783035755157
0.05780055746436119 0.06462935358285904
0.057750556617975235 0.058173857629299164
0.05765902251005173 0.09356793016195297
0.05755756422877312 0.0683102011680603
0.05714455619454384 0.06548532098531723
0.05699324235320091 0.06922312080860138
0.0569334477186203 0.05971502140164375
0.056912802159786224 0.081930972635746
0.056703805923461914 0.08617402613162994
0.0565832294523716 0.05977795273065567
0.05644470825791359 0.07916465401649475
0.056096598505973816 0.05627087876200676
0.0558340921998024 0.060058798640966415
0.05581485480070114 0.0755072608590126
0.0556192621588707 0.07878003269433975
0.05555524677038193 0.058650657534599304
0.05551036819815636 0.07956220954656601
0.05534372851252556 0.05959707871079445
0.05489598959684372 0.06690145283937454
0.054767727851867676 0.059487540274858475
0.053990498185157776 0.06418513506650925
0.05380978435277939 0.065824493765831
0.053396083414554596 0.0583406463265419
0.05334346741437912 0.06639116257429123
0.05332280322909355 0.054486412554979324
0.05329013615846634 0.06744936108589172
0.05304861441254616 0.05839697644114494
0.05265242978930473 0.05876416340470314
0.05261559784412384 0.05740749090909958
0.05257340520620346 0.05771094560623169
0.05257304757833481 0.059951573610305786
0.05247848108410835 0.060553450137376785
0.052323948591947556 0.059872061014175415
0.05214456096291542 0.056090082973241806
0.05171068012714386 0.0607033409178257
0.05130527541041374 0.05856071040034294
0.05126403644680977 0.06129896640777588
0.049837853759527206 0.0678086206316948
0.049674805253744125 0.05639530345797539
0.049057792872190475 0.06373010575771332
0.04872627928853035 0.06413161754608154
0.04806441441178322 0.060693975538015366
0.0478135384619236 0.05745923891663551
0.047412071377038956 0.05753296986222267
0.046844325959682465 0.054486412554979324
0.04667939245700836 0.05006461217999458
0.0454377755522728 0.04989223927259445
0.044212765991687775 0.050743620842695236
0.04019448161125183 0.044049229472875595
