0.22653265297412872 0.2298184484243393
0.21648822724819183 0.22040168941020966
0.21599780023097992 0.22054050862789154
0.21544504165649414 0.21920007467269897
0.2130950540304184 0.21797452867031097
0.09698475152254105 0.1040334552526474
0.08972082287073135 0.11212999373674393
0.08841608464717865 0.095038041472435
0.08427801728248596 0.09333133697509766
0.08282236754894257 0.08592996001243591
0.08273205161094666 0.08731953054666519
0.08041095733642578 0.09554288536310196
0.08004295825958252 0.0802001804113388
0.07903970777988434 0.11871079355478287
0.07865851372480392 0.09595038741827011
0.07677366584539413 0.07886520028114319
0.07671764492988586 0.08383377641439438
0.07622326910495758 0.0781697928905487
0.07463227957487106 0.1122133731842041
0.0745604857802391 0.1125773936510086
0.07283340394496918 0.10249349474906921
0.07273437082767487 0.08838163316249847
0.07229296118021011 0.13265052437782288
0.07209187746047974 0.07812627404928207
0.07202260196208954 0.07281827181577682
0.07158828526735306 0.07572521269321442
0.07076670974493027 0.07984986156225204
0.0703638345003128 0.09230077266693115
0.06989425420761108 0.07011421769857407
0.06969711184501648 0.07349801808595657
0.06848464906215668 0.0876493975520134
0.06841487437486649 0.0795932188630104
0.06836157292127609 0.08862622827291489
0.06815389543771744 0.06969311088323593
0.06794410943984985 0.07365956157445908
0.06778588891029358 0.08898469060659409
0.06762484461069107 0.07242660224437714
0.06752094626426697 0.07073607295751572
0.067320317029953 0.06780194491147995
0.06715141981840134 0.07010423392057419
0.06708544492721558 0.07385342568159103
0.06704436242580414 0.06973385065793991
0.06675399839878082 0.07324168086051941
0.06660675257444382 0.0881216749548912
0.06608371436595917 0.07608499377965927
0.06588401645421982 0.06778094172477722
0.06555359065532684 0.10617848485708237
0.0653812512755394 0.06768341362476349
0.06509312242269516 0.07164032757282257
0.06508954614400864 0.0811132937669754
0.0648973286151886 0.07607562839984894
0.06479759514331818 0.08000735193490982
0.06456811726093292 0.07903822511434555
0.06425616890192032 0.06839768588542938
0.06410352140665054 0.06814627349376678
0.06358055770397186 0.07644278556108475
0.06351713836193085 0.06950034201145172
0.06311839073896408 0.0671430304646492
0.06308487057685852 0.06554034352302551
0.06301950663328171 0.06345131248235703
0.06282711029052734 0.06563860177993774
0.06281112879514694 0.08053186535835266
0.06277076154947281 0.08190394937992096
0.06233230605721474 0.06694760173559189
0.062197595834732056 0.0813654363155365
0.06208907067775726 0.07632014155387878
0.061981238424777985 0.06933759897947311
0.0619284063577652 0.06988445669412613
0.06185527890920639 0.12934204936027527
0.06180599331855774 0.06312907487154007
0.06174091249704361 0.061897847801446915
0.061682336032390594 0.09066867083311081
0.06164746731519699 0.0636662021279335
0.06161113083362579 0.06961021572351456
0.06128769367933273 0.062226552516222
0.06125020980834961 0.062177080661058426
0.061107318848371506 0.061646632850170135
0.06097010523080826 0.07068496197462082
0.06080260127782822 0.09536832571029663
0.0607047863304615 0.07062181085348129
0.060594912618398666 0.11186759173870087
0.060583893209695816 0.06881670653820038
0.06037444248795509 0.06659985333681107
0.059879496693611145 0.060978397727012634
0.05986618623137474 0.0601407028734684
0.059738386422395706 0.06459429860115051
0.05972399190068245 0.10780929774045944
0.05966966226696968 0.0738183856010437
0.05966850370168686 0.05998437479138374
0.059129223227500916 0.07496461272239685
0.05899582430720329 0.07336518913507462
0.05895944684743881 0.07909103482961655
0.05894216522574425 0.060691628605127335
0.05886732414364815 0.0610199049115181
0.05877703055739403 0.06422975659370422
0.058465614914894104 0.061822257936000824
0.057990171015262604 0.05816053971648216
0.05792824923992157 0.07188860327005386
0.05783287063241005 0.08026821911334991
0.05782108008861542 0.061907246708869934
0.05774940922856331 0.06868274509906769
0.057573847472667694 0.060061998665332794
0.057480789721012115 0.05938289314508438
0.05722792446613312 0.06138726323843002
0.05699079483747482 0.05730277672410011
0.05687914416193962 0.05779242888092995
0.05682346597313881 0.06253380328416824
0.05672680586576462 0.07859151810407639
0.056590136140584946 0.06665422022342682
0.055804356932640076 0.06098134070634842
0.055685557425022125 0.06443838030099869
0.05565500259399414 0.06074690818786621
0.05526168271899223 0.05884186923503876
0.05480703338980675 0.09320450574159622
0.054798226803541183 0.05886322259902954
0.05476347729563713 0.058513980358839035
0.05418163910508156 0.0664510726928711
0.05411292240023613 0.07334529608488083
0.05405588075518608 0.05781207233667374
0.05400489643216133 0.0670524388551712
0.05396638810634613 0.0648481473326683
0.053937315940856934 0.0789399966597557
0.05390290543437004 0.06217820569872856
0.05388860031962395 0.0741170197725296
0.05379416421055794 0.05677451193332672
0.053436730057001114 0.06028345599770546
0.05321692302823067 0.05564192682504654
0.05283704027533531 0.053299274295568466
0.052794042974710464 0.07395139336585999
0.052481576800346375 0.059016089886426926
0.0522078238427639 0.06847972422838211
0.051863133907318115 0.06532184034585953
0.05160200223326683 0.06481735408306122
0.05147553235292435 0.0752483680844307
0.051458343863487244 0.06416153162717819
0.05144766345620155 0.07898631691932678
0.05125793069601059 0.06155284494161606
0.05106471851468086 0.07265034317970276
0.050869159400463104 0.06262008100748062
0.0508405826985836 0.060134731233119965
0.05067204311490059 0.07404442876577377
0.050658341497182846 0.06698048114776611
0.05041701719164848 0.06850726902484894
0.050297725945711136 0.07342176884412766
0.05005661025643349 0.06424172222614288
0.050049398094415665 0.07226558774709702
0.05001586675643921 0.06501872092485428
0.049651507288217545 0.05004419758915901
0.049611467868089676 0.0850834846496582
0.04941284656524658 0.04967765882611275
0.049355410039424896 0.05248456075787544
0.049298252910375595 0.07393046468496323
0.04928712174296379 0.06193709000945091
0.04921136051416397 0.05381425842642784
0.04903434216976166 0.06324473023414612
0.04859988018870354 0.06821072101593018
0.04852032661437988 0.06547380983829498
0.048333119601011276 0.04986380785703659
0.048310287296772 0.05677013844251633
0.04820956289768219 0.056692998856306076
0.0481950081884861 0.06512680649757385
0.04809734970331192 0.05768827721476555
0.04796840250492096 0.06949439644813538
0.04790874943137169 0.06747904419898987
0.04788801446557045 0.06028766557574272
0.04771638661623001 0.05229571834206581
0.04740411788225174 0.058351606130599976
0.04722229763865471 0.05197892710566521
0.04712991416454315 0.06733021885156631
0.04698147997260094 0.060824062675237656
0.04675906524062157 0.04782504588365555
0.04611336812376976 0.07021234929561615
0.04526708647608757 0.057542767375707626
0.045018259435892105 0.0782032161951065
0.044778723269701004 0.054625850170850754
0.04466789588332176 0.05046309530735016
0.044534832239151 0.060804981738328934
0.04448174312710762 0.05618807673454285
0.044414520263671875 0.05042504519224167
0.044221289455890656 0.04746818169951439
0.04324996843934059 0.056303080171346664
0.043077219277620316 0.043407272547483444
0.04276879131793976 0.04708981141448021
0.04218834638595581 0.04922080039978027
0.04178826883435249 0.04848109185695648
0.04163666069507599 0.05074805021286011
0.04096664860844612 0.04896742105484009
0.040704287588596344 0.047716546803712845
0.040441207587718964 0.046261586248874664
0.03950222209095955 0.0587274394929409
0.039448902010917664 0.04962507262825966
0.03926803171634674 0.042748622596263885
0.03846415504813194 0.0402253158390522
0.03835253044962883 0.04772190749645233
0.03653177246451378 0.039636820554733276
0.034275829792022705 0.03775622323155403
0.03237435594201088 0.03619251772761345
