0.13235096633434296 0.1416890174150467
0.11432801187038422 0.1162751093506813
0.11406484991312027 0.11999978870153427
0.10983462631702423 0.11453349143266678
0.10678241401910782 0.1299700289964676
0.10525393486022949 0.1347094029188156
0.10158387571573257 0.11524546146392822
0.10129319876432419 0.15290667116641998
0.10112615674734116 0.10204354673624039
0.10026572644710541 0.10468097031116486
0.09916538000106812 0.10130263864994049
0.09835068881511688 0.1004522368311882
0.0976589247584343 0.1022864356637001
0.09618550539016724 0.11735518276691437
0.09590501338243484 0.11280462890863419
0.09555310755968094 0.09689784795045853
0.09517525136470795 0.11926529556512833
0.09512460231781006 0.10972302407026291
0.09345654398202896 0.13907849788665771
0.09229150414466858 0.09503026306629181
0.09149524569511414 0.09698828309774399
0.08962519466876984 0.1298145204782486
0.08809240162372589 0.10591795295476913
0.08791787922382355 0.1318974643945694
0.08786947280168533 0.08971883356571198
0.08716552704572678 0.09638512879610062
0.08682567626237869 0.0927906408905983
0.08662961423397064 0.13089416921138763
0.08660625666379929 0.092378631234169
0.0849900096654892 0.0911792442202568
0.08478658646345139 0.12102317810058594
0.08449570089578629 0.08779150992631912
0.08416534215211868 0.10498692095279694
0.08343547582626343 0.0838613212108612
0.08341067284345627 0.08520295470952988
0.08334999531507492 0.09376882761716843
0.08319097757339478 0.10319703817367554
0.08287035673856735 0.2175922393798828
0.08277387917041779 0.08523579686880112
0.0827714130282402 0.0901634469628334
0.08276781439781189 0.09516510367393494
0.08260487020015717 0.08364305645227432
0.08189799636602402 0.1224006786942482
0.08182990550994873 0.1032785177230835
0.0817054957151413 0.09133657813072205
0.08157510310411453 0.15527057647705078
0.08146119862794876 0.10178593546152115
0.08135255426168442 0.08140627294778824
0.08087609708309174 0.11583369970321655
0.08074021339416504 0.08704487979412079
0.08039012551307678 0.09463664889335632
0.07999148964881897 0.08633185923099518
0.07815147936344147 0.08145669847726822
0.07792811095714569 0.0875755250453949
0.0779208242893219 0.08532967418432236
0.07779154926538467 0.08735855668783188
0.0776170939207077 0.08514218777418137
0.0775461196899414 0.09194865822792053
0.07700822502374649 0.08923418819904327
0.07630302011966705 0.1004873737692833
0.07602527737617493 0.07698650658130646
0.0753622055053711 0.08033256232738495
0.07422275841236115 0.10625290870666504
0.07395655661821365 0.13841216266155243
0.07380104064941406 0.08389324694871902
0.07327385991811752 0.07806586474180222
0.07308359444141388 0.08243843913078308
0.0722077488899231 0.11062081903219223
0.0720842257142067 0.08487538248300552
0.07187670469284058 0.0956244245171547
0.06976842135190964 0.09386731684207916
0.0696185752749443 0.08061886578798294
0.0692933052778244 0.09751685708761215
0.06915687024593353 0.08154923468828201
0.06911682337522507 0.09321878105401993
0.0686076208949089 0.1105886772274971
0.0685420110821724 0.07239319384098053
0.06843689829111099 0.07362720370292664
0.06821972131729126 0.07961872220039368
0.06799515336751938 0.07572474330663681
0.06776794791221619 0.06842955201864243
0.06772682070732117 0.0821353867650032
0.06763482838869095 0.08423586189746857
0.06723199784755707 0.0785621628165245
0.06658095866441727 0.07748690247535706
0.06649268418550491 0.08601254969835281
0.06642337888479233 0.06961339712142944
0.06637399643659592 0.07192977517843246
0.06623765081167221 0.10284898430109024
0.06564218550920486 0.06884339451789856
0.06454383581876755 0.0686524510383606
0.06432022154331207 0.09371832013130188
0.06427264958620071 0.0688323974609375
0.06401234865188599 0.0721241757273674
0.06397014111280441 0.07056387513875961
0.06386246532201767 0.10640478879213333
0.0635351687669754 0.08546160906553268
0.06342373043298721 0.06985559314489365
0.06337042152881622 0.11825022846460342
0.06321726739406586 0.07448510080575943
0.06314580887556076 0.08231335878372192
0.06262169033288956 0.10254554450511932
0.06235946714878082 0.09256898611783981
0.06170492619276047 0.06936231255531311
0.061239082366228104 0.061593182384967804
0.06106990575790405 0.08799375593662262
0.060361847281455994 0.0658627599477768
0.06031787022948265 0.07499071955680847
0.06026458740234375 0.06648753583431244
0.06016381084918976 0.07364896684885025
0.06015055626630783 0.07306648790836334
0.05953776463866234 0.06289355456829071
0.05883021652698517 0.09503606706857681
0.05856821686029434 0.07720337063074112
0.05825012922286987 0.060185741633176804
0.05813465267419815 0.07069668918848038
0.058108799159526825 0.08146043866872787
0.05734824016690254 0.058406490832567215
0.05728187784552574 0.05749547854065895
0.056943055242300034 0.06783116608858109
0.05676473677158356 0.06352359056472778
0.056689150631427765 0.0839473083615303
0.05607248470187187 0.06323442608118057
0.055925723165273666 0.05837193503975868
0.0558650903403759 0.06165390834212303
0.0554656907916069 0.055893875658512115
0.05524763464927673 0.059675201773643494
0.05518520995974541 0.05880948528647423
0.05500422418117523 0.07099957019090652
0.05424656718969345 0.05629416182637215
0.05381474643945694 0.058271948248147964
0.0535358227789402 0.08017853647470474
0.05319782346487045 0.061906587332487106
0.052941665053367615 0.062041256576776505
0.05287984013557434 0.05555366352200508
0.05247211083769798 0.07161935418844223
0.05233662202954292 0.05642087385058403
0.05101824924349785 0.053298141807317734
0.05007027089595795 0.0521918348968029
0.04965696856379509 0.05567852407693863
0.04952950403094292 0.05026984587311745
0.04820172116160393 0.05419941246509552
0.04814746975898743 0.05574378743767738
0.04712202027440071 0.049537401646375656
0.046777237206697464 0.04730089753866196
0.046754755079746246 0.056878700852394104
0.04634534940123558 0.05172383785247803
0.04628001153469086 0.05978841334581375
0.04596838727593422 0.05991697311401367
0.045438122004270554 0.05084235221147537
0.04445742070674896 0.04759008809924126
