0.3570701479911804 0.36649641394615173
0.1816038191318512 0.18365678191184998
0.17505918443202972 0.185746967792511
0.1680847406387329 0.17032109200954437
0.14660997688770294 0.1900281310081482
0.13937324285507202 0.145536869764328
0.1300705075263977 0.19492486119270325
0.12148301303386688 0.1272648721933365
0.12008188664913177 0.137932687997818
0.12006652355194092 0.1448241025209427
0.11950735747814178 0.12158981710672379
0.11567579954862595 0.1284656673669815
0.11463484913110733 0.15135535597801208
0.11089327931404114 0.1309891641139984
0.11017148196697235 0.11230840533971786
0.1059686616063118 0.12743079662322998
0.10511986166238785 0.11312629282474518
0.10194987803697586 0.15893813967704773
0.10103649646043777 0.11673102527856827
0.09896448999643326 0.09998026490211487
0.09745440632104874 0.09751250594854355
0.09717569500207901 0.10670071095228195
0.09667715430259705 0.11954517662525177
0.09664147347211838 0.12424470484256744
0.0965515673160553 0.0967312902212143
0.09626176953315735 0.10364881157875061
0.09593997150659561 0.09716306626796722
0.09558755159378052 0.10134146362543106
0.09557545930147171 0.12785319983959198
0.09524064511060715 0.09734431654214859
0.09314046055078506 0.09504073113203049
0.09248687326908112 0.10106480121612549
0.08935912698507309 0.09462503343820572
0.08912823349237442 0.12036194652318954
0.0891069620847702 0.09830538928508759
0.08864603191614151 0.10899880528450012
0.08842739462852478 0.16222639381885529
0.08806677162647247 0.10205931216478348
0.08762771636247635 0.10771320015192032
0.08761724829673767 0.0959613174200058
0.08744805306196213 0.08783527463674545
0.08725816756486893 0.08760324865579605
0.0870676264166832 0.12754882872104645
0.08661465346813202 0.08743834495544434
0.08651375770568848 0.15120762586593628
0.08585402369499207 0.09252829104661942
0.08555955439805984 0.13651911914348602
0.0855456292629242 0.11311868578195572
0.08538341522216797 0.0921855941414833
0.08508890867233276 0.10884195566177368
0.08405616879463196 0.10080672800540924
0.08381056040525436 0.10547393560409546
0.08356966078281403 0.08503084629774094
0.08341950178146362 0.12640409171581268
0.08337313681840897 0.08666194975376129
0.08271611481904984 0.09244618564844131
0.08243134617805481 0.11752433329820633
0.08225611597299576 0.08460166305303574
0.0822024941444397 0.08488867431879044
0.08135297149419785 0.09135590493679047
0.08106466382741928 0.0878700241446495
0.08082830160856247 0.10324504226446152
0.08081922680139542 0.1269228607416153
0.08077260851860046 0.11118851602077484
0.08023923635482788 0.08151380717754364
0.07894980162382126 0.08188469707965851
0.07891586422920227 0.11474590748548508
0.07885655760765076 0.08510687202215195
0.07845151424407959 0.09079387784004211
0.07830894738435745 0.0812593400478363
0.07774218916893005 0.08690780401229858
0.0777386799454689 0.10339262336492538
0.07757855951786041 0.08559325337409973
0.07719892263412476 0.12670733034610748
0.07686758041381836 0.1094200536608696
0.07614597678184509 0.1287028193473816
0.07513692229986191 0.1099463626742363
0.07478298246860504 0.07598930597305298
0.07453087717294693 0.09978801012039185
0.07428883761167526 0.08595755696296692
0.07391902804374695 0.08940275758504868
0.07381971180438995 0.074653759598732
0.07372678071260452 0.09281808137893677
0.0735364779829979 0.09036828577518463
0.0734023004770279 0.07701855897903442
0.07339663803577423 0.08429059386253357
0.07310979068279266 0.07543081045150757
0.07298732548952103 0.09763319790363312
0.07249760627746582 0.08224067836999893
0.07212571054697037 0.1346842348575592
0.07195911556482315 0.1360032707452774
0.07160789519548416 0.11238320916891098
0.07151053100824356 0.11005411297082901
0.07053254544734955 0.0884207934141159
0.07046026736497879 0.11170841008424759
0.06971453130245209 0.08191221207380295
0.06916835159063339 0.11158805340528488
0.0687217116355896 0.06944648176431656
0.06796728819608688 0.08331247419118881
0.06693494319915771 0.08245263248682022
0.06595084816217422 0.10375168919563293
0.06438946723937988 0.08350270241498947
0.06391032785177231 0.07703017443418503
0.06373053044080734 0.0686149001121521
0.06278306990861893 0.07518322020769119
0.06269938498735428 0.06829189509153366
0.06265560537576675 0.06817927956581116
0.06162358447909355 0.10224729031324387
0.059946779161691666 0.07679867744445801
0.05808533728122711 0.060748711228370667
0.05803510174155235 0.11043985188007355
0.05678115412592888 0.05831049010157585
0.05644629895687103 0.0743335410952568
0.056209661066532135 0.05848877876996994
0.055828411132097244 0.061292435973882675
0.05517706647515297 0.06107202544808388
0.05501183867454529 0.07614105939865112
0.05453363060951233 0.08432631939649582
0.054276254028081894 0.061767809092998505
0.05426875874400139 0.0657782256603241
0.05382997915148735 0.0704287439584732
0.05365554988384247 0.06293830275535583
0.05288327485322952 0.06153027340769768
0.05152684077620506 0.05894331634044647
0.0511142760515213 0.06233895570039749
0.05101783201098442 0.060955457389354706
0.05000724270939827 0.05016985908150673
0.049865659326314926 0.05256092920899391
0.0487024150788784 0.05633183568716049
0.04799920320510864 0.055252671241760254
0.045924391597509384 0.04738343134522438
0.045700814574956894 0.06204374507069588
0.04567757621407509 0.04921853542327881
0.04399825260043144 0.04840817302465439
0.04288003593683243 0.07393456995487213
0.042704492807388306 0.05424471199512482
0.04132915288209915 0.046845097094774246
0.04125014320015907 0.04585808888077736
