0.25099197030067444 0.2766917943954468
0.2401597797870636 0.29735448956489563
0.23867346346378326 0.301611989736557
0.22949489951133728 0.25586584210395813
0.22649066150188446 0.27648231387138367
0.22473613917827606 0.23973439633846283
0.22147436439990997 0.25748392939567566
0.21252977848052979 0.3042335510253906
0.18504469096660614 0.2724015414714813
0.1819947063922882 0.311667263507843
0.18027596175670624 0.26170000433921814
0.17426438629627228 0.2580074071884155
0.1710994988679886 0.18885411322116852
0.16860182583332062 0.1721089780330658
0.16836483776569366 0.26856228709220886
0.16813921928405762 0.18176639080047607
0.16277241706848145 0.26660025119781494
0.1603219360113144 0.16254094243049622
0.15976299345493317 0.16477221250534058
0.1597176194190979 0.16342118382453918
0.1478450447320938 0.1508328765630722
0.1458098590373993 0.16265738010406494
0.14438295364379883 0.15536299347877502
0.14294210076332092 0.22331082820892334
0.14079414308071136 0.14087530970573425
0.14044030010700226 0.14981892704963684
0.13787703216075897 0.14498300850391388
0.13655510544776917 0.1416921317577362
0.13383176922798157 0.13620582222938538
0.13350632786750793 0.1474355161190033
0.13319861888885498 0.15337003767490387
0.13291357457637787 0.14612986147403717
0.1327042430639267 0.1420324295759201
0.13259418308734894 0.14346589148044586
0.13180766999721527 0.135930597782135
0.13152405619621277 0.15595068037509918
0.1314108967781067 0.14014865458011627
0.13030335307121277 0.13110098242759705
0.1298048198223114 0.1480337232351303
0.12822319567203522 0.1477838158607483
0.12735900282859802 0.16336345672607422
0.12730658054351807 0.14394140243530273
0.1271533966064453 0.15119394659996033
0.1266866773366928 0.16993682086467743
0.12663039565086365 0.14586752653121948
0.12510836124420166 0.14552465081214905
0.12328982353210449 0.146074116230011
0.12243577837944031 0.13207414746284485
0.12233621627092361 0.16822455823421478
0.12206773459911346 0.12357785552740097
0.12118694931268692 0.12547247111797333
0.12111306935548782 0.14691798388957977
0.12098071724176407 0.16086512804031372
0.12032000720500946 0.13813216984272003
0.12005531787872314 0.1764458417892456
0.11960401386022568 0.16869869828224182
0.11956080794334412 0.1332746297121048
0.11877100169658661 0.1535671204328537
0.11843638122081757 0.1344064176082611
0.11793569475412369 0.1344064176082611
0.11780710518360138 0.11832700669765472
0.1173519492149353 0.14083312451839447
0.11428551375865936 0.19080138206481934
0.1139179915189743 0.18302930891513824
0.11308187246322632 0.16641822457313538
0.1124020367860794 0.1231825202703476
0.1118471622467041 0.11953629553318024
0.11148729175329208 0.1345006376504898
0.11135823279619217 0.151605486869812
0.11014409363269806 0.14353647828102112
0.10998144745826721 0.12593545019626617
0.1099323108792305 0.11075622588396072
0.10932803153991699 0.11994929611682892
0.1092618927359581 0.11151208728551865
0.10925406217575073 0.14786353707313538
0.10773925483226776 0.12942203879356384
0.10762129724025726 0.1348050832748413
0.10739099234342575 0.13341547548770905
0.10716454684734344 0.17308580875396729
0.10694289952516556 0.11190186440944672
0.10648233443498611 0.12893804907798767
0.10615096986293793 0.12460638582706451
0.10570833086967468 0.11611297726631165
0.10566569864749908 0.15763820707798004
0.10548439621925354 0.11053072661161423
0.1053115576505661 0.12465687841176987
0.10520744323730469 0.10744564235210419
0.10509898513555527 0.11937820166349411
0.10486199706792831 0.11954018473625183
0.10463075339794159 0.10794471204280853
0.10443516075611115 0.12851916253566742
0.10414791107177734 0.2458132803440094
0.10363004356622696 0.16814671456813812
0.10358768701553345 0.11225392669439316
0.10352275520563126 0.18474535644054413
0.10325387120246887 0.14765416085720062
0.10308874398469925 0.18819263577461243
0.10293488204479218 0.10875535756349564
0.10284869372844696 0.10386033356189728
0.10266170650720596 0.10473043471574783
0.10239645838737488 0.10262662917375565
0.10097827017307281 0.13751378655433655
0.1008482575416565 0.10480544716119766
0.10064522922039032 0.1080511137843132
0.10043617337942123 0.10596803575754166
0.10010365396738052 0.16518603265285492
0.10005015879869461 0.13718090951442719
0.09994149953126907 0.11180984973907471
0.0999121442437172 0.10599086433649063
0.09954441338777542 0.12402576208114624
0.09920802712440491 0.10387158393859863
0.09912656247615814 0.0993834063410759
0.09834322333335876 0.121855728328228
0.09768802672624588 0.10797873884439468
0.09681135416030884 0.13863706588745117
0.09670214354991913 0.14321240782737732
0.09668772667646408 0.12941256165504456
0.09661548584699631 0.1349266916513443
0.09650373458862305 0.1533840447664261
0.09590382874011993 0.12429191917181015
0.09583452343940735 0.11338014900684357
0.09468311071395874 0.11284063011407852
0.09465748816728592 0.11233481019735336
0.09411612153053284 0.16047655045986176
0.0939735695719719 0.11872421950101852
0.09357789903879166 0.14939215779304504
0.09350467473268509 0.21822471916675568
0.0927729606628418 0.11700236797332764
0.09231462329626083 0.14123830199241638
0.09220656007528305 0.11158499866724014
0.09121981263160706 0.09982841461896896
0.0907827764749527 0.1126898005604744
0.08993493765592575 0.0974075123667717
0.08984515070915222 0.1108747273683548
0.08955409377813339 0.1106356531381607
0.08939070999622345 0.10914985835552216
0.08830326795578003 0.09155508130788803
0.08761058747768402 0.09912043809890747
0.08738905936479568 0.12207894772291183
0.08667660504579544 0.12297220528125763
0.0866512656211853 0.08975676447153091
0.08550486713647842 0.09404275566339493
0.08539800345897675 0.10528309643268585
0.0844147726893425 0.08879101276397705
0.0841204896569252 0.09830286353826523
0.08370088785886765 0.10785377025604248
0.08306288719177246 0.12459204345941544
0.08299402892589569 0.09269402921199799
0.0824236050248146 0.09309930354356766
0.08196645230054855 0.10756862908601761
0.08106032013893127 0.08697811514139175
0.08090390264987946 0.10199348628520966
0.08022677153348923 0.08160945773124695
0.080116868019104 0.10166472941637039
0.07995586097240448 0.09200241416692734
0.07975812256336212 0.09077439457178116
0.07962414622306824 0.08333788067102432
0.07920969277620316 0.08240999281406403
0.07836462557315826 0.07853425294160843
0.07704179733991623 0.07932624965906143
0.0762915164232254 0.08683468401432037
0.07575201243162155 0.09918083995580673
0.07539688050746918 0.09597224742174149
0.0747487023472786 0.07531429827213287
0.07466071099042892 0.09377983212471008
0.07373923063278198 0.08814140409231186
0.07371964305639267 0.07597463577985764
0.07337458431720734 0.08204875141382217
0.07138455659151077 0.0839807465672493
0.07100271433591843 0.07980743795633316
0.06303795427083969 0.07069054245948792
