0.17208240926265717 0.17441070079803467
0.13790544867515564 0.14020153880119324
0.13774411380290985 0.1416848599910736
0.13672852516174316 0.1936224102973938
0.13548654317855835 0.1540963053703308
0.13443759083747864 0.13526801764965057
0.1313433051109314 0.14014345407485962
0.1296227127313614 0.13286373019218445
0.12016698718070984 0.1276697963476181
0.11960513144731522 0.13086217641830444
0.11823917180299759 0.13293275237083435
0.11796515434980392 0.12087178975343704
0.11627712845802307 0.1406959742307663
0.11383543163537979 0.13095052540302277
0.11312426626682281 0.11381858587265015
0.11227652430534363 0.11584486812353134
0.11196748167276382 0.12946797907352448
0.11065251380205154 0.11996764689683914
0.10963074862957001 0.14137521386146545
0.10943843424320221 0.11268381029367447
0.10928625613451004 0.11679434776306152
0.1066623330116272 0.11353379487991333
0.10661375522613525 0.11169638484716415
0.10534752160310745 0.15485645830631256
0.10493902862071991 0.11680356413125992
0.1046627089381218 0.12674365937709808
0.10465160012245178 0.10553834587335587
0.10334450006484985 0.12281902879476547
0.10224083065986633 0.1032223254442215
0.10143053531646729 0.10239282250404358
0.10136014968156815 0.15587279200553894
0.10088488459587097 0.10310681909322739
0.10063157230615616 0.12698723375797272
0.10055720806121826 0.14030291140079498
0.09990604966878891 0.11135989427566528
0.09974333643913269 0.11768722534179688
0.09894602745771408 0.11371096968650818
0.0975930243730545 0.09841188788414001
0.09758763015270233 0.16312986612319946
0.09737938642501831 0.10704285651445389
0.09720022976398468 0.1260276436805725
0.09718520939350128 0.10189932584762573
0.09678836166858673 0.11812058091163635
0.09671896696090698 0.1013190746307373
0.09625940024852753 0.1152999997138977
0.09560134261846542 0.11684492975473404
0.09532143175601959 0.10520744323730469
0.09512466192245483 0.09702347218990326
0.09478283673524857 0.11442793160676956
0.09468361735343933 0.14326338469982147
0.09446193277835846 0.11147385835647583
0.09424174576997757 0.12528997659683228
0.09414459764957428 0.12129989266395569
0.09408251196146011 0.09895766526460648
0.09387224912643433 0.13209551572799683
0.09368989616632462 0.09550641477108002
0.09347432106733322 0.10071674734354019
0.09306637942790985 0.12644505500793457
0.0925775095820427 0.11662573367357254
0.09226138889789581 0.09672029316425323
0.09203529357910156 0.11692392081022263
0.09175877273082733 0.1160869151353836
0.0913076251745224 0.11963855475187302
0.09120675921440125 0.11859853565692902
0.09083711355924606 0.1077754944562912
0.09032093733549118 0.10634059458971024
0.09016103297472 0.10066919773817062
0.090028777718544 0.09835220128297806
0.08917196840047836 0.12546372413635254
0.08911506086587906 0.11551912128925323
0.08847194164991379 0.10591035336256027
0.08802737295627594 0.11985057592391968
0.08794103562831879 0.09029564261436462
0.0870104655623436 0.09385231882333755
0.08659090101718903 0.11363815516233444
0.08649978041648865 0.09403086453676224
0.08649754524230957 0.11690707504749298
0.08641219884157181 0.13434052467346191
0.08640731126070023 0.15524809062480927
0.08608683198690414 0.13115371763706207
0.08582746982574463 0.14606548845767975
0.08546342700719833 0.1745513528585434
0.08485487848520279 0.18351183831691742
0.08411035686731339 0.0857449620962143
0.08373811095952988 0.09590140730142593
0.08371847867965698 0.1637536883354187
0.08364798128604889 0.12087178975343704
0.08363156020641327 0.11498532444238663
0.08362419158220291 0.09224847704172134
0.0830170065164566 0.08620911836624146
0.08184495568275452 0.11051537096500397
0.08137783408164978 0.09900669753551483
0.07994146645069122 0.0838068276643753
0.07963056862354279 0.08299501240253448
0.0788436084985733 0.12462478131055832
0.07860610634088516 0.10012684762477875
0.07834957540035248 0.08619153499603271
0.07791644334793091 0.08163990825414658
0.07770638167858124 0.08889614045619965
0.07664474099874496 0.121970035135746
0.0763610228896141 0.10237745195627213
0.07539266347885132 0.07546704262495041
0.0752595067024231 0.08760856091976166
0.07495252043008804 0.0962582528591156
0.07457347959280014 0.08622891455888748
0.07337673008441925 0.11661534011363983
0.07334164530038834 0.08037810027599335
0.07328461110591888 0.10772036761045456
0.0722922533750534 0.0856759324669838
0.07199593633413315 0.08642295002937317
0.07171767204999924 0.07617403566837311
0.07165931165218353 0.07688499242067337
0.07137291878461838 0.07263621687889099
0.07080454379320145 0.08130745589733124
0.07066471129655838 0.07145650684833527
0.0690670758485794 0.07419886440038681
0.06872478872537613 0.07671406120061874
0.06823642551898956 0.06946440041065216
0.06806368380784988 0.07676934450864792
0.06773456931114197 0.06954674422740936
0.06741596758365631 0.09506352990865707
0.06712797284126282 0.07933047413825989
0.06684020161628723 0.0749422162771225
0.06679810583591461 0.0738753005862236
0.06678542494773865 0.06883736699819565
0.0665522888302803 0.12389815598726273
0.06654385477304459 0.0769922137260437
0.06583444774150848 0.07194983959197998
0.0654311552643776 0.0842941552400589
0.0653141438961029 0.07230744510889053
0.06510725617408752 0.09148360043764114
0.0650552436709404 0.08248206228017807
0.06501306593418121 0.07451383024454117
0.06457728892564774 0.08035098016262054
0.06410782784223557 0.07154898345470428
0.06291782110929489 0.10384467244148254
0.060421522706747055 0.07668108493089676
0.06021270528435707 0.0788775160908699
0.05965796113014221 0.06093812733888626
0.05958181619644165 0.06296125054359436
0.05854041501879692 0.0776568353176117
0.05836091563105583 0.07480010390281677
0.05828775465488434 0.07116750627756119
0.058273278176784515 0.0653255358338356
0.057725585997104645 0.07390478998422623
0.057443998754024506 0.061560165137052536
0.057173311710357666 0.09284208714962006
0.05664539709687233 0.07877049595117569
0.05450579524040222 0.06770876049995422
0.05446387827396393 0.055497195571660995
0.053977612406015396 0.05445023253560066
0.051796216517686844 0.06163295358419418
0.05142359063029289 0.059045083820819855
0.04775778576731682 0.06256396323442459
0.04769187048077583 0.04984423518180847
0.046623799949884415 0.05338205397129059
0.04600347951054573 0.05056596174836159
