0.13232086598873138 0.13292117416858673
0.12433264404535294 0.15140272676944733
0.11912484467029572 0.13398873805999756
0.11420021951198578 0.11683173477649689
0.11346956342458725 0.14012281596660614
0.11252698302268982 0.11429764330387115
0.11048946529626846 0.12578845024108887
0.1091272234916687 0.11019761860370636
0.10541097819805145 0.11646267771720886
0.10081631690263748 0.10480797290802002
0.10014104098081589 0.10641942918300629
0.09972966462373734 0.12607194483280182
0.09940800815820694 0.11357472836971283
0.09868770837783813 0.10931545495986938
0.09814894199371338 0.12073714286088943
0.098127081990242 0.1118784248828888
0.09777984023094177 0.10091005265712738
0.0970047116279602 0.10045341402292252
0.09682530164718628 0.11078468710184097
0.09587367624044418 0.0970783531665802
0.09586933255195618 0.12538760900497437
0.09569619596004486 0.11054988205432892
0.09517447650432587 0.09689556807279587
0.09516025334596634 0.10357905924320221
0.09440446645021439 0.1012282595038414
0.09416710585355759 0.10436705499887466
0.09357591718435287 0.09860926121473312
0.09332501143217087 0.09519179910421371
0.09307800233364105 0.09310438483953476
0.09272314608097076 0.1107528805732727
0.09255775064229965 0.0998053029179573
0.09250055253505707 0.10513371229171753
0.09199949353933334 0.11118368059396744
0.0918475016951561 0.10447008162736893
0.09146374464035034 0.1275375932455063
0.09137454628944397 0.11040429770946503
0.09119700640439987 0.13594166934490204
0.09105972200632095 0.10578005015850067
0.0899098590016365 0.1002509742975235
0.08954430371522903 0.11885720491409302
0.08939448744058609 0.10599687695503235
0.0893176719546318 0.09022662788629532
0.08931753784418106 0.1095413938164711
0.08916572481393814 0.12997129559516907
0.0890265554189682 0.09619199484586716
0.08902613818645477 0.1011282280087471
0.08848360180854797 0.12544134259223938
0.08800242841243744 0.1018044650554657
0.08797326683998108 0.12765994668006897
0.08771315217018127 0.13583189249038696
0.08743137866258621 0.09522686153650284
0.08722680807113647 0.09236187487840652
0.0864485576748848 0.12077954411506653
0.08635861426591873 0.1027161180973053
0.08563295006752014 0.14815884828567505
0.08561675250530243 0.12138136476278305
0.08516434580087662 0.09110566973686218
0.08487621694803238 0.09912091493606567
0.08429517596960068 0.10504207760095596
0.08418727666139603 0.11858932673931122
0.08368369191884995 0.11096712946891785
0.08325742930173874 0.17078302800655365
0.0829901322722435 0.12329857051372528
0.08292017877101898 0.0895557552576065
0.08289452642202377 0.10885696113109589
0.08260465413331985 0.08655830472707748
0.08215230703353882 0.09766915440559387
0.08185916393995285 0.08262788504362106
0.08160370588302612 0.1372022032737732
0.08145681768655777 0.09130342304706573
0.08133085072040558 0.10973867028951645
0.08132270723581314 0.10202401131391525
0.08119532465934753 0.10859516263008118
0.0809725746512413 0.08409986644983292
0.08025812357664108 0.1377793699502945
0.07995007932186127 0.08996909111738205
0.0798286646604538 0.08144523948431015
0.07950600981712341 0.1065572053194046
0.07950559258460999 0.08292482793331146
0.079502172768116 0.10577435791492462
0.07945484668016434 0.09646111726760864
0.07930701225996017 0.11969895660877228
0.07924021780490875 0.09269706159830093
0.0786844938993454 0.07914525270462036
0.07824763655662537 0.0826210156083107
0.07745049148797989 0.10697855055332184
0.07736989855766296 0.07951021194458008
0.07696200162172318 0.07818689942359924
0.07686738669872284 0.08493878692388535
0.07668188214302063 0.08616295456886292
0.07653232663869858 0.08473046123981476
0.07589840143918991 0.07767702639102936
0.07547897845506668 0.1255071759223938
0.07546242326498032 0.08409722149372101
0.07535643130540848 0.11999928206205368
0.07459651678800583 0.0815894603729248
0.07412970811128616 0.08542314171791077
0.07360242307186127 0.09497994184494019
0.0734088122844696 0.11007705330848694
0.0725134089589119 0.1355884075164795
0.07232503592967987 0.15189337730407715
0.07224550098180771 0.07421323657035828
0.072233647108078 0.09316490590572357
0.07209950685501099 0.09760387241840363
0.07145705819129944 0.09301333129405975
0.071404829621315 0.07981089502573013
0.07119350135326385 0.0906701609492302
0.07089351117610931 0.13295447826385498
0.0703217014670372 0.08718898147344589
0.07012458890676498 0.14851610362529755
0.06995753198862076 0.07315795123577118
0.06980806589126587 0.07489348948001862
0.069008469581604 0.07553495466709137
0.06884504854679108 0.07683848589658737
0.06870617717504501 0.09862315654754639
0.06861306726932526 0.0748673602938652
0.06846998631954193 0.1191827580332756
0.06833448261022568 0.06928695738315582
0.06810572743415833 0.07506350427865982
0.06758210062980652 0.09388403594493866
0.06758005917072296 0.0770338699221611
0.06756631284952164 0.07895537465810776
0.06752496212720871 0.07021891325712204
0.06736757606267929 0.07074326276779175
0.06721112132072449 0.07007052004337311
0.06694959849119186 0.1356225162744522
0.06677571684122086 0.07065270841121674
0.0652080774307251 0.07812214642763138
0.06518200784921646 0.0832565650343895
0.06493982672691345 0.07040253281593323
0.06459188461303711 0.07596573233604431
0.06404919922351837 0.06644561141729355
0.06396450102329254 0.07020477950572968
0.06360512226819992 0.06394942104816437
0.06331191956996918 0.07869593799114227
0.06306455284357071 0.07038255780935287
0.06298269331455231 0.0968574658036232
0.06290490925312042 0.07913993299007416
0.06279603391885757 0.09215974807739258
0.0626746341586113 0.07057525962591171
0.062648244202137 0.09719748795032501
0.06229444220662117 0.06418922543525696
0.06219790503382683 0.07518254220485687
0.0617583692073822 0.0947265774011612
0.06145176663994789 0.08249816298484802
0.06126101315021515 0.07146880030632019
0.06052226945757866 0.06790444254875183
0.0593268945813179 0.08423985540866852
0.05912914499640465 0.0631479024887085
0.058519236743450165 0.08211679756641388
0.05830981954932213 0.09113283455371857
0.05793669447302818 0.05860498175024986
0.05746031925082207 0.06552302837371826
0.05704979598522186 0.058365825563669205
0.05627376213669777 0.06710617244243622
0.0558757446706295 0.056386031210422516
0.055145107209682465 0.05748528987169266
0.054829191416502 0.08194005489349365
0.05359133332967758 0.06993978470563889
0.052969980984926224 0.06082695350050926
0.05281964689493179 0.06624047458171844
0.05239015072584152 0.05739954859018326
0.05100053548812866 0.0560181625187397
0.05058194696903229 0.05528560280799866
0.04909643903374672 0.05694369226694107
0.04791194945573807 0.055796317756175995
0.04705868661403656 0.05263336002826691
0.04507928341627121 0.05880408734083176
0.041284751147031784 0.05298229679465294
