0.1776343584060669 0.18639695644378662
0.16772529482841492 0.17728780210018158
0.16078031063079834 0.17240677773952484
0.1604565978050232 0.1663609892129898
0.1600157767534256 0.16255640983581543
0.15891854465007782 0.16473199427127838
0.1587153822183609 0.16676366329193115
0.1576472967863083 0.17694725096225739
0.15508876740932465 0.1694919466972351
0.1541585624217987 0.16619624197483063
0.15345360338687897 0.15554296970367432
0.1474541425704956 0.15505507588386536
0.14279374480247498 0.14690035581588745
0.1427602767944336 0.14595872163772583
0.14018204808235168 0.15043790638446808
0.1401425004005432 0.14346496760845184
0.13883918523788452 0.14995558559894562
0.13703303039073944 0.14797276258468628
0.13577686250209808 0.16294912993907928
0.13415981829166412 0.14183077216148376
0.1340307891368866 0.15094982087612152
0.13295386731624603 0.17253296077251434
0.132877916097641 0.1338798701763153
0.13274407386779785 0.14122964441776276
0.13218411803245544 0.1535302698612213
0.1321459859609604 0.14346496760845184
0.13137544691562653 0.1397058367729187
0.13077862560749054 0.1384541392326355
0.13063350319862366 0.13782091438770294
0.13043643534183502 0.15157532691955566
0.1299421340227127 0.15508945286273956
0.12953966856002808 0.1849658340215683
0.12917380034923553 0.12944461405277252
0.12890799343585968 0.1333194375038147
0.12852315604686737 0.15465760231018066
0.12840525805950165 0.14431382715702057
0.1281471699476242 0.13295631110668182
0.12712514400482178 0.1341215968132019
0.12685920298099518 0.13404123485088348
0.12661044299602509 0.16689129173755646
0.12648281455039978 0.1275099664926529
0.12638992071151733 0.12738467752933502
0.1263522058725357 0.15915951132774353
0.12532848119735718 0.1370941549539566
0.12495939433574677 0.1378324329853058
0.12481968104839325 0.1377016007900238
0.12475056946277618 0.13663741946220398
0.12447884678840637 0.12924446165561676
0.12447331100702286 0.14214448630809784
0.12446083873510361 0.14673875272274017
0.12412432581186295 0.1356072872877121
0.12382615357637405 0.1320018172264099
0.12334012240171432 0.14993934333324432
0.12320327758789062 0.14710810780525208
0.12308827042579651 0.1430874615907669
0.12287650257349014 0.12678347527980804
0.12284831702709198 0.12406525015830994
0.12271592020988464 0.16078655421733856
0.1226789727807045 0.14034748077392578
0.12204957753419876 0.14894933998584747
0.12191768735647202 0.14832666516304016
0.12168937921524048 0.13376261293888092
0.12163367867469788 0.1353587806224823
0.12145602703094482 0.14474907517433167
0.12143648415803909 0.13666954636573792
0.12134311348199844 0.13976691663265228
0.12121393531560898 0.15692314505577087
0.12109789997339249 0.12991739809513092
0.1206621527671814 0.12875543534755707
0.1205708235502243 0.1380317062139511
0.12008059024810791 0.13030989468097687
0.12006837129592896 0.12856869399547577
0.11986657232046127 0.12789872288703918
0.1195988804101944 0.1340428739786148
0.1195916011929512 0.13079087436199188
0.11957960575819016 0.14046281576156616
0.11936202645301819 0.1304195374250412
0.11934284120798111 0.1269555389881134
0.11909585446119308 0.12657664716243744
0.1188611388206482 0.14292430877685547
0.11866258084774017 0.1311846375465393
0.1182832419872284 0.15712501108646393
0.11816905438899994 0.12529383599758148
0.11815089732408524 0.12481079995632172
0.11813770979642868 0.13313421607017517
0.11806999146938324 0.12028255313634872
0.11794421076774597 0.13988153636455536
0.11774862557649612 0.17042316496372223
0.11767285317182541 0.129225954413414
0.11758866906166077 0.12338754534721375
0.11751173436641693 0.13934266567230225
0.1174478828907013 0.128017857670784
0.11723906546831131 0.12702055275440216
0.11719446629285812 0.13585399091243744
0.11713521182537079 0.14553302526474
0.11681380867958069 0.1832292377948761
0.11654713749885559 0.16626645624637604
0.11637360602617264 0.12775403261184692
0.11621546745300293 0.13367721438407898
0.11610569059848785 0.14670515060424805
0.11606740951538086 0.12842591106891632
0.11595091223716736 0.17634305357933044
0.11594235152006149 0.14185597002506256
0.11574210971593857 0.1689559519290924
0.11566134542226791 0.130240797996521
0.11560492217540741 0.12979528307914734
0.11542576551437378 0.12420704215765
0.1152661070227623 0.1263180375099182
0.11507023125886917 0.17890864610671997
0.11501949280500412 0.18967710435390472
0.11480893939733505 0.15404511988162994
0.11478067189455032 0.11551125347614288
0.1146755963563919 0.1452219933271408
0.11432716250419617 0.1297943890094757
0.11431261152029037 0.15528129041194916
0.11422033607959747 0.1280795931816101
0.11404210329055786 0.15387442708015442
0.11402774602174759 0.11909522116184235
0.11380619555711746 0.13877438008785248
0.11363326758146286 0.13093261420726776
0.11330075562000275 0.19591499865055084
0.11328248679637909 0.16564175486564636
0.11221296340227127 0.13323353230953217
0.11084665358066559 0.11639858782291412
0.11058062314987183 0.1460832953453064
0.11003633588552475 0.12065503001213074
0.11003398150205612 0.11189906299114227
0.10974357277154922 0.15840409696102142
0.10958636552095413 0.1239100992679596
0.10954901576042175 0.11749780178070068
0.10929784923791885 0.11466020345687866
0.10899420827627182 0.13112802803516388
0.10881093144416809 0.11998532712459564
0.10745130479335785 0.1398461014032364
0.10723003000020981 0.11166952550411224
0.10698185861110687 0.13610170781612396
0.10616905242204666 0.12714630365371704
0.10552975535392761 0.11357437074184418
0.1048150509595871 0.10618147253990173
0.10467290133237839 0.13308244943618774
0.10442788898944855 0.12732195854187012
0.10420136153697968 0.12740710377693176
0.10383503884077072 0.10392825305461884
0.10361357778310776 0.1269422024488449
0.10151898860931396 0.13881723582744598
0.10151693969964981 0.11924877017736435
0.1013345941901207 0.10991381108760834
0.10047795623540878 0.1341443955898285
0.10015364736318588 0.17906412482261658
0.10010731220245361 0.15199996531009674
0.09980126470327377 0.10850418359041214
0.0994105339050293 0.13892783224582672
0.09929955005645752 0.11601472645998001
0.09915728121995926 0.11624301224946976
0.09780817478895187 0.13846875727176666
0.0977482721209526 0.14655801653862
0.09773490577936172 0.14708803594112396
0.09692467749118805 0.11911118030548096
0.09626408666372299 0.13455186784267426
0.09615369886159897 0.10305829346179962
0.09607826173305511 0.10600656270980835
0.09580110758543015 0.10221915692090988
0.09578734636306763 0.10191285610198975
0.09542296826839447 0.1153964027762413
0.09520874172449112 0.1301756352186203
0.09507353603839874 0.10049337893724442
0.09503629058599472 0.09522247314453125
0.09312789142131805 0.10801541805267334
0.0930836945772171 0.09610939025878906
0.09235530346632004 0.09901372343301773
0.09134366363286972 0.09423387050628662
0.09113440662622452 0.09962993115186691
0.09085430949926376 0.09952066093683243
0.09077872335910797 0.11182306706905365
0.09030910581350327 0.10102333128452301
0.09012553095817566 0.167770653963089
0.09002096951007843 0.12658017873764038
0.09002017229795456 0.12981092929840088
0.0896773561835289 0.10457170009613037
0.08940047770738602 0.10434781014919281
0.08927344530820847 0.09617979824542999
0.08759864419698715 0.08895542472600937
0.08683318644762039 0.09041659533977509
0.08635948598384857 0.12291387468576431
0.08586754649877548 0.08635415881872177
0.08584251254796982 0.10228993743658066
0.0848609209060669 0.10317131131887436
0.08443941175937653 0.09698079526424408
0.08406291902065277 0.10030839592218399
0.08329202234745026 0.08772599697113037
0.08320213854312897 0.10230819880962372
0.08313701301813126 0.10413336753845215
0.08291629701852798 0.10432963073253632
0.0827145203948021 0.09358461946249008
0.0823160856962204 0.08476852625608444
0.08224435150623322 0.09768716990947723
0.08195949345827103 0.10169700533151627
0.08125443756580353 0.08755643665790558
0.08108918368816376 0.08708640933036804
0.08045215159654617 0.11187724769115448
0.08040512353181839 0.08201650530099869
0.08018996566534042 0.0804087221622467
0.0800686851143837 0.08518420904874802
0.07999235391616821 0.08382926881313324
0.0799030140042305 0.08313589543104172
0.07896684110164642 0.09692157804965973
0.07870804518461227 0.13108690083026886
0.07746618241071701 0.08094730973243713
0.07743064314126968 0.07821998745203018
0.07722721993923187 0.07938389480113983
0.07669892907142639 0.08885255455970764
0.07652843743562698 0.08820164203643799
0.07534793019294739 0.09051936119794846
0.07445095479488373 0.07811400294303894
0.07429563254117966 0.0924505665898323
0.07420145720243454 0.09361442178487778
0.07386060804128647 0.08425888419151306
0.07363836467266083 0.08901553601026535
0.07216977328062057 0.07757093757390976
0.07208413630723953 0.077870674431324
0.07177463918924332 0.07495024055242538
0.07150261849164963 0.07156024873256683
0.07080987095832825 0.07383447140455246
0.07009895145893097 0.08581504225730896
0.06895048916339874 0.06944900751113892
0.0624941885471344 0.0788959264755249
0.06134427338838577 0.07050351053476334
0.057912714779376984 0.06358344852924347
