0.07599953562021255 0.09081421047449112
0.07496292144060135 0.07720530778169632
0.07461845874786377 0.07828707247972488
0.07410427182912827 0.09227785468101501
0.07369489222764969 0.07598819583654404
0.07362451404333115 0.07493437826633453
0.07324213534593582 0.08143588900566101
0.07273684442043304 0.08353159576654434
0.07071730494499207 0.07074170559644699
0.06859749555587769 0.07242698222398758
0.06816557049751282 0.08065178990364075
0.06781428307294846 0.08055051416158676
0.06740564107894897 0.08733577281236649
0.06736685335636139 0.07738958299160004
0.06724343448877335 0.06885658949613571
0.06662560999393463 0.06805607676506042
0.06641701608896255 0.08363272249698639
0.06593044847249985 0.09130855649709702
0.06586967408657074 0.07784638553857803
0.06550392508506775 0.06962216645479202
0.06506754457950592 0.06533075124025345
0.06483204662799835 0.08447430282831192
0.06433043628931046 0.06944500654935837
0.06395573914051056 0.07023194432258606
0.06375593692064285 0.10085588693618774
0.06374748796224594 0.07739961892366409
0.06374705582857132 0.06750078499317169
0.06264805793762207 0.06531372666358948
0.062263574451208115 0.06916216015815735
0.0622342973947525 0.07251418381929398
0.06196017563343048 0.06880046427249908
0.06170579791069031 0.07027072459459305
0.06162619590759277 0.07394176721572876
0.06138358265161514 0.06491629034280777
0.060820646584033966 0.07839928567409515
0.060718633234500885 0.06091468408703804
0.06036539003252983 0.0833725780248642
0.05997669696807861 0.061628181487321854
0.05996408313512802 0.06919804960489273
0.05995362997055054 0.06201786920428276
0.05981232225894928 0.061807770282030106
0.059630658477544785 0.08781159669160843
0.05956501141190529 0.06267865002155304
0.05949552729725838 0.06849435716867447
0.05933970585465431 0.0685018002986908
0.058696214109659195 0.0698792040348053
0.05848950147628784 0.08822421729564667
0.05818091705441475 0.07123672217130661
0.058164145797491074 0.07276678830385208
0.058002494275569916 0.060095369815826416
0.057523973286151886 0.05970700457692146
0.05752064287662506 0.07724150270223618
0.057140156626701355 0.05908047407865524
0.05703045800328255 0.06032462418079376
0.05698225647211075 0.06253908574581146
0.056618496775627136 0.08461230993270874
0.056597817689180374 0.0622485876083374
0.056241024285554886 0.0639658272266388
0.05595863610506058 0.06793474406003952
0.05581648647785187 0.07683916389942169
0.05581207200884819 0.0578189492225647
0.05528825521469116 0.06502073258161545
0.05527760460972786 0.06455283612012863
0.05521054193377495 0.0986790657043457
0.055205680429935455 0.08987072855234146
0.05509568378329277 0.06152644753456116
0.05495592951774597 0.0770716741681099
0.05490238964557648 0.059561192989349365
0.054870475083589554 0.05535012483596802
0.05442391335964203 0.08191819489002228
0.05427241697907448 0.06613340228796005
0.054173339158296585 0.05799960345029831
0.053985822945833206 0.06591811776161194
0.05386758968234062 0.06924913078546524
0.05352001637220383 0.07016592472791672
0.05342893674969673 0.06529363244771957
0.05327561870217323 0.05490925908088684
0.05320768058300018 0.10236737132072449
0.05310806259512901 0.0693640485405922
0.05310544744133949 0.053600382059812546
0.05310444533824921 0.05905918404459953
0.05264051631093025 0.05481717362999916
0.052610233426094055 0.06016431376338005
0.05160951614379883 0.08056728541851044
0.051489971578121185 0.07281330227851868
0.05145611613988876 0.08016780018806458
0.05138406157493591 0.05977791175246239
0.05128766968846321 0.052328843623399734
0.05088598653674126 0.08516333252191544
0.05080214887857437 0.05149029567837715
0.05078009516000748 0.06595420092344284
0.05040259659290314 0.07056393474340439
0.05031405761837959 0.06643044203519821
0.05013486370444298 0.051847849041223526
0.050125543028116226 0.05341814085841179
0.04996958374977112 0.08098980784416199
0.04989665374159813 0.05520445108413696
0.049879495054483414 0.05753490328788757
0.04985760524868965 0.05780031904578209
0.04928221553564072 0.06943666934967041
0.049131665378808975 0.05840138718485832
0.04910098761320114 0.06836479157209396
0.04902401566505432 0.056832727044820786
0.04855956882238388 0.04980344697833061
0.048436667770147324 0.07767815887928009
0.04793534800410271 0.06383930891752243
0.04791588708758354 0.05257263779640198
0.04758834093809128 0.04838075488805771
0.04710403457283974 0.06824405491352081
0.04625924304127693 0.07213550060987473
0.04514772817492485 0.06034640967845917
0.04507831484079361 0.04968500882387161
0.044988758862018585 0.04912814125418663
0.04482489451766014 0.05830508843064308
0.044538743793964386 0.08957217633724213
0.04424351453781128 0.04686892405152321
0.04421813040971756 0.054115016013383865
0.04361488297581673 0.045215804129838943
0.04346311464905739 0.04503362625837326
0.043284013867378235 0.057739779353141785
0.04292391240596771 0.04512573033571243
0.042853131890296936 0.045754097402095795
0.04267179220914841 0.05577494576573372
0.04246775433421135 0.04666779935359955
0.042282287031412125 0.04513569921255112
0.04205253720283508 0.05082201585173607
0.042000360786914825 0.053333576768636703
0.04192805290222168 0.05062149465084076
0.041212037205696106 0.047183889895677567
0.04082505404949188 0.04171192646026611
0.04055769369006157 0.04319066181778908
0.040465958416461945 0.04705505073070526
0.04027232155203819 0.05119617283344269
0.0401080884039402 0.0411297045648098
0.04008013755083084 0.04713275283575058
0.039385952055454254 0.08464282751083374
0.039173781871795654 0.044769536703825
0.03868384286761284 0.04286840185523033
0.038637496531009674 0.061739638447761536
0.038070861250162125 0.04025033488869667
0.0372997522354126 0.040518660098314285
0.037294790148735046 0.03755854815244675
0.03717213124036789 0.04214317351579666
0.03684940189123154 0.037813082337379456
0.03680413216352463 0.040642060339450836
0.03665768727660179 0.03665928915143013
0.03614771366119385 0.039391033351421356
0.03602352738380432 0.04169285669922829
0.03580773249268532 0.04060928151011467
0.035631947219371796 0.04018063470721245
0.035425927489995956 0.04540503770112991
0.035348400473594666 0.03589234501123428
0.033925049006938934 0.043517231941223145
0.03388655558228493 0.03562304005026817
0.031817857176065445 0.038299430161714554
0.03120369464159012 0.04068562388420105
0.031173285096883774 0.032910630106925964
0.0294203981757164 0.03408828005194664
0.028213858604431152 0.029467541724443436
