0.1646343320608139 0.18175126612186432
0.1473623663187027 0.18772892653942108
0.14533188939094543 0.1515781134366989
0.14280033111572266 0.20004932582378387
0.1407482922077179 0.14429926872253418
0.14062651991844177 0.14114511013031006
0.1381157785654068 0.1588340550661087
0.13767293095588684 0.1537991762161255
0.13665033876895905 0.13742639124393463
0.1329297572374344 0.16884303092956543
0.13035687804222107 0.1362690031528473
0.12896907329559326 0.13305678963661194
0.1288757175207138 0.15106019377708435
0.12798920273780823 0.14354735612869263
0.12653228640556335 0.13278886675834656
0.1243462786078453 0.1295720338821411
0.12318490445613861 0.13727514445781708
0.12274236232042313 0.1316501945257187
0.12265730649232864 0.1544991135597229
0.119367316365242 0.13502970337867737
0.11880829930305481 0.13632039725780487
0.11828801035881042 0.1227504312992096
0.11826305836439133 0.11943542957305908
0.11656465381383896 0.11968997120857239
0.11560206115245819 0.1618279665708542
0.1152004823088646 0.15356364846229553
0.11511985212564468 0.1527719497680664
0.11458413302898407 0.15951015055179596
0.11431071907281876 0.12329554557800293
0.11418720334768295 0.15546537935733795
0.11365190148353577 0.1229490265250206
0.11214233189821243 0.13320113718509674
0.11188507080078125 0.12829333543777466
0.11167127639055252 0.11968997120857239
0.11088388413190842 0.18562237918376923
0.11073735356330872 0.12212859094142914
0.11056852340698242 0.1478852927684784
0.11028282344341278 0.15800809860229492
0.11025262624025345 0.12048479169607162
0.10837137699127197 0.15665337443351746
0.1082708090543747 0.13581536710262299
0.10773938149213791 0.12291180342435837
0.10726515203714371 0.12593664228916168
0.1065184697508812 0.12071245908737183
0.10605290532112122 0.1343679428100586
0.10484811663627625 0.18027731776237488
0.10471506416797638 0.154962956905365
0.10399787873029709 0.11855742335319519
0.10375887900590897 0.1100853905081749
0.10375647991895676 0.11497190594673157
0.10366242378950119 0.11235541105270386
0.10334610193967819 0.1943981796503067
0.10273593664169312 0.1429605782032013
0.1027180477976799 0.16304194927215576
0.1026667132973671 0.11536062508821487
0.10172688215970993 0.11183527112007141
0.10172367095947266 0.16112029552459717
0.10152146965265274 0.13575823605060577
0.10149960964918137 0.11260643601417542
0.10145338624715805 0.2102338820695877
0.10039129853248596 0.10064265877008438
0.10007617622613907 0.10530009865760803
0.0999654233455658 0.11118839681148529
0.09978499263525009 0.15287958085536957
0.09898306429386139 0.10858151316642761
0.09897930920124054 0.10782627016305923
0.09868982434272766 0.10955938696861267
0.09834106266498566 0.11644228547811508
0.09828851372003555 0.1176433265209198
0.09810994565486908 0.1035202369093895
0.0974808931350708 0.1068587377667427
0.09700673818588257 0.09834430366754532
0.09616125375032425 0.12995105981826782
0.09600644558668137 0.12140655517578125
0.09598681330680847 0.1018032431602478
0.09461555629968643 0.13683652877807617
0.09436685591936111 0.10562554746866226
0.09395391494035721 0.10094514489173889
0.09381899982690811 0.12570108473300934
0.09320830553770065 0.1622033566236496
0.09317563474178314 0.09691812098026276
0.0931309163570404 0.09947526454925537
0.0930609256029129 0.09938407689332962
0.09304974973201752 0.12064864486455917
0.09281918406486511 0.14837776124477386
0.09281659126281738 0.09802128374576569
0.09279826283454895 0.0954466238617897
0.09267628937959671 0.09428122639656067
0.09249676018953323 0.09354384243488312
0.09245748817920685 0.10427107661962509
0.0916016474366188 0.12172505259513855
0.09138210862874985 0.10747697204351425
0.09137296676635742 0.09707964956760406
0.09127966314554214 0.09505301713943481
0.09112662076950073 0.20127414166927338
0.09099257737398148 0.11251537501811981
0.09081729501485825 0.11414872109889984
0.09039337933063507 0.14529091119766235
0.09032133966684341 0.09505579620599747
0.09008685499429703 0.1340799629688263
0.08972524851560593 0.0976019948720932
0.08944790810346603 0.13457849621772766
0.08939963579177856 0.0899093970656395
0.08862541615962982 0.1231914684176445
0.08853895962238312 0.1156807467341423
0.08833152800798416 0.09842977672815323
0.08827225118875504 0.10177046805620193
0.08819244801998138 0.11342144757509232
0.08794459700584412 0.16494953632354736
0.08771167695522308 0.15892411768436432
0.08710508793592453 0.0983387753367424
0.08641131222248077 0.09720662236213684
0.0857224240899086 0.115463487803936
0.08568523079156876 0.09176266938447952
0.0854160487651825 0.08727171272039413
0.08525171130895615 0.09512702375650406
0.08447960764169693 0.11656036227941513
0.08429098129272461 0.09428868442773819
0.08350938558578491 0.0894935354590416
0.08341754227876663 0.1517314910888672
0.08340759575366974 0.10783230513334274
0.08307789266109467 0.14716669917106628
0.08196082711219788 0.11840978264808655
0.08134161680936813 0.09341543167829514
0.08134042471647263 0.0814676284790039
0.08128698915243149 0.21132318675518036
0.081174835562706 0.09542295336723328
0.08092238754034042 0.10472415387630463
0.08039367198944092 0.08225326240062714
0.07993701100349426 0.12964189052581787
0.07905745506286621 0.10316620767116547
0.07864147424697876 0.08298713713884354
0.07851705700159073 0.08857212960720062
0.07756204903125763 0.10540641099214554
0.07747305929660797 0.15148942172527313
0.07733331620693207 0.09053714573383331
0.07703229039907455 0.09473232924938202
0.07679557055234909 0.08112818002700806
0.07662130892276764 0.08621716499328613
0.07608523964881897 0.11983437836170197
0.07579278200864792 0.0844271183013916
0.07559852302074432 0.08760347217321396
0.07552110403776169 0.09647820144891739
0.0750495195388794 0.10010731965303421
0.07472267001867294 0.09471132606267929
0.07442978024482727 0.08729928731918335
0.07435768097639084 0.083711177110672
0.07411028444766998 0.07787666469812393
0.07409162819385529 0.09149928390979767
0.07404269278049469 0.13015908002853394
0.07318115234375 0.0740300640463829
0.07177091389894485 0.0781036764383316
0.07139904052019119 0.07254865020513535
0.07135644555091858 0.0953403189778328
0.07108889520168304 0.0736042708158493
0.07011619210243225 0.09333336353302002
0.07005662471055984 0.07695094496011734
0.06996400654315948 0.07214677333831787
0.06944138556718826 0.0724630355834961
0.06904947757720947 0.08163481950759888
0.06780439615249634 0.12185027450323105
0.06735242903232574 0.07925228029489517
0.06594452261924744 0.08280481398105621
0.0650646761059761 0.08598004281520844
0.06430117040872574 0.09912266582250595
0.06336220353841782 0.07898171246051788
0.06319039314985275 0.06772494316101074
0.06273236870765686 0.06334967166185379
0.06197315454483032 0.07102426141500473
0.060520946979522705 0.07481192797422409
0.05994787812232971 0.06572961062192917
0.0586291067302227 0.06865686178207397
0.05824117362499237 0.060021910816431046
0.056738413870334625 0.06407544016838074
0.05552970990538597 0.06797943264245987
0.05473891273140907 0.05661894753575325
0.053668130189180374 0.06351472437381744
0.052420005202293396 0.06394520401954651
