0.4347943663597107 0.44428783655166626
0.27326908707618713 0.27642568945884705
0.2641404867172241 0.2657059133052826
0.2640702426433563 0.2658245861530304
0.2639506757259369 0.2645232677459717
0.26248428225517273 0.2674596905708313
0.2619365155696869 0.2645792067050934
0.2606804668903351 0.2645854353904724
0.2601773738861084 0.2619934380054474
0.2599983215332031 0.2682109475135803
0.25955238938331604 0.2626381814479828
0.25944432616233826 0.26516738533973694
0.2592910826206207 0.2660890817642212
0.2196233868598938 0.22719056904315948
0.17094753682613373 0.20267105102539062
0.15563419461250305 0.17776642739772797
0.1517765074968338 0.1712072342634201
0.14972180128097534 0.15148811042308807
0.14860321581363678 0.1619303673505783
0.14760315418243408 0.23028592765331268
0.14230796694755554 0.14594973623752594
0.14150875806808472 0.14748913049697876
0.14101986587047577 0.144052654504776
0.14049820601940155 0.1640353500843048
0.13800665736198425 0.15936222672462463
0.1376277655363083 0.14157825708389282
0.13627950847148895 0.16442349553108215
0.1352701038122177 0.14833271503448486
0.13507752120494843 0.14246681332588196
0.13451309502124786 0.14642763137817383
0.1333409547805786 0.15163898468017578
0.1317269504070282 0.13418492674827576
0.131206214427948 0.14301961660385132
0.12954212725162506 0.1586938053369522
0.1291927993297577 0.1386711597442627
0.1281575858592987 0.14964227378368378
0.12749701738357544 0.1729002594947815
0.1257239431142807 0.13795582950115204
0.12554171681404114 0.20657698810100555
0.12271244078874588 0.12559886276721954
0.12227396667003632 0.14406363666057587
0.12208409607410431 0.15160955488681793
0.12098510563373566 0.1335831731557846
0.12011175602674484 0.15044532716274261
0.11979586631059647 0.12297303229570389
0.11963903903961182 0.13065595924854279
0.11862961947917938 0.14029738306999207
0.11850377917289734 0.13288581371307373
0.11686024069786072 0.22442501783370972
0.116538405418396 0.11978626996278763
0.11468202620744705 0.12397430837154388
0.1142071783542633 0.13386061787605286
0.11376569420099258 0.1627219021320343
0.11310649663209915 0.12160293012857437
0.11275970935821533 0.12180209904909134
0.11251566559076309 0.1359487622976303
0.11158294230699539 0.22344659268856049
0.10921545326709747 0.15915937721729279
0.10846606642007828 0.11411594599485397
0.10816752910614014 0.11464940011501312
0.10812603682279587 0.15953397750854492
0.1077488586306572 0.10991251468658447
0.10766010731458664 0.1439102590084076
0.10738017410039902 0.1699157953262329
0.10664711147546768 0.11125410348176956
0.10641289502382278 0.11283635348081589
0.10634694993495941 0.15956856310367584
0.1053946316242218 0.11590635031461716
0.10539297759532928 0.13616129755973816
0.10484123229980469 0.11131280660629272
0.10452891141176224 0.1130194142460823
0.10421442240476608 0.1785649061203003
0.10390912741422653 0.10588491708040237
0.10338199138641357 0.15460053086280823
0.10272711515426636 0.11426626890897751
0.10261212289333344 0.15390494465827942
0.10194753855466843 0.12437711656093597
0.10194457322359085 0.1040533185005188
0.10188782215118408 0.1497374325990677
0.10175655037164688 0.10500462353229523
0.10125864297151566 0.13908718526363373
0.10108441859483719 0.1377815455198288
0.10069973021745682 0.10200106352567673
0.10039108246564865 0.10511256009340286
0.10036362707614899 0.1360713243484497
0.1002722904086113 0.11611777544021606
0.1001710444688797 0.11178374290466309
0.10011711716651917 0.1096445843577385
0.100014328956604 0.1400243490934372
0.09897945076227188 0.13469499349594116
0.09862004220485687 0.1139337420463562
0.09826409816741943 0.13243679702281952
0.09818725287914276 0.12793362140655518
0.09811363369226456 0.15089119970798492
0.09796462953090668 0.1113860011100769
0.0970975011587143 0.17456676065921783
0.09694399684667587 0.09829944372177124
0.0968296006321907 0.19955655932426453
0.0968293771147728 0.13455729186534882
0.09679987281560898 0.09747178107500076
0.09678621590137482 0.09776559472084045
0.09677907079458237 0.10238434374332428
0.09660154581069946 0.11840681731700897
0.09643295407295227 0.1126534566283226
0.09553054720163345 0.10780422389507294
0.09541507810354233 0.1006905660033226
0.09532904624938965 0.10475538671016693
0.09528736025094986 0.11095400899648666
0.09484858065843582 0.09669838845729828
0.09399576485157013 0.10382892191410065
0.09388400614261627 0.24430328607559204
0.09387116134166718 0.10333986580371857
0.0934353694319725 0.10169565677642822
0.09332790970802307 0.10005740076303482
0.09327160567045212 0.10960658639669418
0.09237049520015717 0.10437822341918945
0.09233583509922028 0.0969206914305687
0.09198194742202759 0.13817766308784485
0.09176667779684067 0.20983000099658966
0.09157145023345947 0.15662117302417755
0.09117526561021805 0.11640020459890366
0.0910729393362999 0.1460309624671936
0.09096892178058624 0.10254023969173431
0.08999068289995193 0.14315956830978394
0.0899384617805481 0.0988314151763916
0.08991316705942154 0.1029692217707634
0.08966171741485596 0.10409305989742279
0.0893198624253273 0.14801359176635742
0.08923385292291641 0.15532702207565308
0.08914879709482193 0.11524134129285812
0.08895768225193024 0.09378060698509216
0.08884024620056152 0.16404041647911072
0.08848903328180313 0.0935472622513771
0.08848585933446884 0.1048632338643074
0.08845119178295135 0.09316574782133102
0.08815325796604156 0.09771741926670074
0.0876447781920433 0.10024581104516983
0.08707206696271896 0.08841586112976074
0.08659468591213226 0.09287640452384949
0.08652766793966293 0.09132486581802368
0.08645635098218918 0.11107121407985687
0.08642144501209259 0.12428423762321472
0.08596789091825485 0.11472393572330475
0.08590369671583176 0.0881897434592247
0.08581214398145676 0.10568305104970932
0.0856504887342453 0.08752384036779404
0.08510451018810272 0.19505001604557037
0.08498480916023254 0.09204980731010437
0.08489090204238892 0.10384950786828995
0.0846632644534111 0.11412723362445831
0.08452858030796051 0.08594042807817459
0.08430702239274979 0.12168694287538528
0.08391014486551285 0.10454892367124557
0.08328671753406525 0.0944824144244194
0.08306901901960373 0.0931059792637825
0.08287245780229568 0.16953402757644653
0.08275057375431061 0.10367275774478912
0.08252400159835815 0.09462129324674606
0.08208642899990082 0.13490505516529083
0.08202623575925827 0.0968799963593483
0.08192810416221619 0.08789634704589844
0.08176945894956589 0.10099119693040848
0.08152160048484802 0.14729388058185577
0.08136526495218277 0.08967969566583633
0.08134497702121735 0.09287640452384949
0.08133900910615921 0.08619159460067749
0.08084888011217117 0.09776613861322403
0.08081808686256409 0.08467334508895874
0.08064134418964386 0.08552594482898712
0.07993888854980469 0.08031412214040756
0.07974699884653091 0.0888320654630661
0.07892009615898132 0.09510160982608795
0.07821227610111237 0.09248903393745422
0.07719295471906662 0.0859660655260086
0.07673060148954391 0.0935082733631134
0.07671818137168884 0.07748538255691528
0.07632584124803543 0.11061019450426102
0.07466313242912292 0.07816272974014282
0.07423583418130875 0.10151579231023788
0.07379208505153656 0.07983433455228806
0.07335865497589111 0.0787179097533226
0.07314924895763397 0.0927327424287796
0.0729486271739006 0.08944433182477951
0.07256656140089035 0.08702550828456879
0.07256652414798737 0.08383560180664062
0.0719345286488533 0.07745324075222015
0.07146921008825302 0.07372888177633286
0.07088589668273926 0.07529181987047195
0.0706469863653183 0.07621607929468155
0.07045426964759827 0.07647879421710968
0.07014752924442291 0.08120564371347427
0.06972070783376694 0.08706072717905045
0.06929385662078857 0.06956479698419571
0.06873305886983871 0.07708201557397842
0.06763710081577301 0.07617101073265076
0.06638536602258682 0.07966583222150803
0.06635582447052002 0.07519304007291794
0.06632856279611588 0.06764835864305496
0.0649908185005188 0.06956479698419571
0.06418405473232269 0.06497729569673538
0.060328807681798935 0.07617447525262833
0.05736828222870827 0.0743689313530922
0.05734989047050476 0.0684371218085289
0.05254526063799858 0.06865719705820084
