0.23940056562423706 0.24359357357025146
0.23649702966213226 0.24121227860450745
0.22919277846813202 0.23142756521701813
0.22691600024700165 0.2280498892068863
0.22689343988895416 0.22917969524860382
0.22663255035877228 0.2286982536315918
0.22587738931179047 0.22878722846508026
0.22314390540122986 0.2313769906759262
0.2230760157108307 0.23202797770500183
0.22306512296199799 0.2350536435842514
0.2213161438703537 0.22259019315242767
0.22113525867462158 0.22807623445987701
0.22070732712745667 0.2232852429151535
0.2197854071855545 0.23573899269104004
0.21975962817668915 0.22405970096588135
0.2191142439842224 0.2258394956588745
0.21722771227359772 0.22363980114459991
0.21706071496009827 0.2261628657579422
0.21628528833389282 0.22530491650104523
0.21583925187587738 0.22035613656044006
0.2153491973876953 0.23084452748298645
0.21402104198932648 0.22087225317955017
0.2062925100326538 0.20765168964862823
0.19720277190208435 0.22966091334819794
0.18789027631282806 0.18971925973892212
0.18505632877349854 0.20977608859539032
0.17380821704864502 0.18439297378063202
0.17265859246253967 0.19479350745677948
0.170476496219635 0.18847103416919708
0.1694134622812271 0.17077307403087616
0.1605408787727356 0.2421962320804596
0.1597602814435959 0.18384605646133423
0.15920910239219666 0.17052428424358368
0.1585914045572281 0.16335804760456085
0.1580534130334854 0.20447459816932678
0.15799973905086517 0.1643308401107788
0.15793827176094055 0.1795094907283783
0.15619447827339172 0.19567929208278656
0.15602155029773712 0.21245019137859344
0.15534432232379913 0.1748049259185791
0.15352679789066315 0.18993715941905975
0.15290780365467072 0.16480191051959991
0.15105904638767242 0.15733592212200165
0.15058307349681854 0.17758888006210327
0.15024986863136292 0.1600433886051178
0.1502045840024948 0.19271931052207947
0.14598122239112854 0.15097039937973022
0.14581729471683502 0.14749324321746826
0.1456030160188675 0.18125686049461365
0.14556626975536346 0.16335804760456085
0.1426936388015747 0.14983771741390228
0.1416790634393692 0.18026918172836304
0.14115239679813385 0.19190490245819092
0.14009889960289001 0.15391454100608826
0.13991987705230713 0.2378544807434082
0.1390547752380371 0.19683955609798431
0.13836124539375305 0.15601272881031036
0.13762089610099792 0.15860013663768768
0.13729801774024963 0.14450488984584808
0.13711349666118622 0.1520031988620758
0.13657574355602264 0.1604885756969452
0.13638272881507874 0.14649121463298798
0.13559018075466156 0.20330941677093506
0.1353711038827896 0.13631992042064667
0.13476461172103882 0.13669347763061523
0.13467411696910858 0.14780589938163757
0.13463909924030304 0.15409596264362335
0.13410530984401703 0.22293420135974884
0.13384489715099335 0.16674159467220306
0.1338430792093277 0.13792265951633453
0.13303448259830475 0.1447952687740326
0.1326838731765747 0.17213018238544464
0.1326543539762497 0.17053133249282837
0.1324479877948761 0.17883063852787018
0.13120542466640472 0.13177374005317688
0.1310252994298935 0.18996301293373108
0.13058124482631683 0.16399013996124268
0.12940645217895508 0.12957876920700073
0.1293397694826126 0.17786484956741333
0.12913057208061218 0.15765826404094696
0.1286746859550476 0.14618898928165436
0.12855058908462524 0.12880811095237732
0.12825071811676025 0.15409596264362335
0.12756747007369995 0.13120341300964355
0.12725354731082916 0.1914810836315155
0.12657350301742554 0.17926442623138428
0.12652108073234558 0.15178482234477997
0.12643228471279144 0.16276119649410248
0.12605692446231842 0.13067814707756042
0.12544703483581543 0.12725715339183807
0.12461560219526291 0.14943014085292816
0.12428278475999832 0.1439797431230545
0.12410777062177658 0.13514801859855652
0.1238829493522644 0.2183794528245926
0.12382055073976517 0.12825101613998413
0.12367057800292969 0.19483286142349243
0.1229211837053299 0.23161014914512634
0.12202250212430954 0.150087371468544
0.12193603068590164 0.14309020340442657
0.12135884165763855 0.1554453819990158
0.12110786139965057 0.12933562695980072
0.11967381834983826 0.2539032995700836
0.11941573023796082 0.14020265638828278
0.11501061916351318 0.21164186298847198
0.11487818509340286 0.12046734988689423
0.11468756943941116 0.15874150395393372
0.11388576030731201 0.2112782597541809
0.11238525807857513 0.1272352635860443
0.11222068965435028 0.11552096903324127
0.11216975748538971 0.2039305865764618
0.11135973781347275 0.11954215914011002
0.1111946702003479 0.11608825623989105
0.11102007329463959 0.11267697811126709
0.1101839542388916 0.18173715472221375
0.10997582972049713 0.1150524839758873
0.10922809690237045 0.15825028717517853
0.1086076945066452 0.1580316424369812
0.10860495269298553 0.11604080349206924
0.10767056047916412 0.11260281503200531
0.10735433548688889 0.151568204164505
0.106360524892807 0.1280124932527542
0.10634918510913849 0.11367003619670868
0.10624918341636658 0.10716811567544937
0.10611587762832642 0.1246279925107956
0.10606350749731064 0.1698753535747528
0.10592826455831528 0.11811834573745728
0.10520901530981064 0.24591824412345886
0.10408685356378555 0.1379638910293579
0.1038193628191948 0.1052723377943039
0.1031276062130928 0.1321590542793274
0.10279722511768341 0.16546690464019775
0.10273195058107376 0.1627662628889084
0.10072705149650574 0.145834818482399
0.10014075040817261 0.12047792226076126
0.0997878834605217 0.12002594023942947
0.09974861890077591 0.13303621113300323
0.09920017421245575 0.12558649480342865
0.09915969520807266 0.1293746680021286
0.09914445132017136 0.11285242438316345
0.09904304146766663 0.11881427466869354
0.09839178621768951 0.10121167451143265
0.09837409853935242 0.12823782861232758
0.09822767972946167 0.10830295085906982
0.09812895953655243 0.10199521481990814
0.09781964868307114 0.14938560128211975
0.09726092964410782 0.1363404244184494
0.09691707044839859 0.14310474693775177
0.09649349004030228 0.09663747996091843
0.0963752269744873 0.10875429958105087
0.09620139747858047 0.1019669696688652
0.09609876573085785 0.12229505181312561
0.09542448073625565 0.13283491134643555
0.09477546066045761 0.12746524810791016
0.09452389180660248 0.12006732076406479
0.09415709972381592 0.0974537804722786
0.0936952531337738 0.11802511662244797
0.09306947886943817 0.09324021637439728
0.09292889386415482 0.11046960949897766
0.09261474013328552 0.0979737639427185
0.09209178388118744 0.11145906895399094
0.09207183867692947 0.10694000869989395
0.09206867218017578 0.13313239812850952
0.09177350252866745 0.09665212780237198
0.09115511924028397 0.11363569647073746
0.0904226005077362 0.0947408601641655
0.09024065732955933 0.10264130681753159
0.08934043347835541 0.14303182065486908
0.08921897411346436 0.15795743465423584
0.08918537199497223 0.09056665003299713
0.08904170989990234 0.09828590601682663
0.0890251025557518 0.11277574300765991
0.08842895925045013 0.12635791301727295
0.08826509863138199 0.09899983555078506
0.08767177909612656 0.10526692122220993
0.0864499881863594 0.09428785741329193
0.08514058589935303 0.09790890663862228
0.08509545773267746 0.12117161601781845
0.08435110002756119 0.09583853930234909
0.08311285823583603 0.10508079826831818
0.08302339166402817 0.11870834976434708
0.08283377438783646 0.08817452937364578
0.08239240199327469 0.10633663088083267
0.08235954493284225 0.08952663838863373
0.0820961445569992 0.1321466714143753
0.08137637376785278 0.10436878353357315
0.08129195123910904 0.1408543735742569
0.08120231330394745 0.13780087232589722
0.08119674772024155 0.08964821696281433
0.08056114614009857 0.09448938816785812
0.08008486777544022 0.08955156058073044
0.07962990552186966 0.09189297258853912
0.07956603169441223 0.08609535545110703
0.07943480461835861 0.09837136417627335
0.07900972664356232 0.11808513104915619
0.07859351485967636 0.10274746268987656
0.0782831683754921 0.10723070800304413
0.07787875831127167 0.08851640671491623
0.07782626152038574 0.15114814043045044
0.07757044583559036 0.09608752280473709
0.07746464759111404 0.08645972609519958
0.07727117091417313 0.08405566960573196
0.07724768668413162 0.08467631042003632
0.07684272527694702 0.09302115440368652
0.07584265619516373 0.08351152390241623
0.07460103929042816 0.10935027152299881
0.07382180541753769 0.09970814734697342
0.07367410510778427 0.08910553902387619
0.07367245852947235 0.0768548920750618
0.07303117215633392 0.09135665744543076
0.07221521437168121 0.07690739631652832
0.07016023248434067 0.07100547850131989
0.06835617125034332 0.07289616018533707
0.06780984252691269 0.0750098004937172
0.0670064389705658 0.08909842371940613
0.06596151739358902 0.078288234770298
0.06513621658086777 0.07126364856958389
0.06482209265232086 0.07573677599430084
0.06368410587310791 0.07792992144823074
0.062995545566082 0.07175347208976746
