0.31772106885910034 0.33064937591552734
0.23618295788764954 0.27595746517181396
0.2156984806060791 0.2159908264875412
0.19702878594398499 0.20366963744163513
0.19693614542484283 0.19728383421897888
0.19306258857250214 0.20293663442134857
0.19051292538642883 0.20185768604278564
0.1871698796749115 0.24427153170108795
0.1821795105934143 0.20685946941375732
0.18205472826957703 0.20163807272911072
0.17822757363319397 0.2148762047290802
0.17787453532218933 0.2162613719701767
0.17568331956863403 0.25395336747169495
0.17425480484962463 0.21845994889736176
0.17156440019607544 0.183640718460083
0.17147274315357208 0.21250790357589722
0.16966210305690765 0.17996706068515778
0.16843943297863007 0.2028089165687561
0.16776536405086517 0.17178983986377716
0.16610528528690338 0.17882370948791504
0.16369490325450897 0.33603984117507935
0.16303548216819763 0.25818392634391785
0.16283376514911652 0.16382724046707153
0.1614145189523697 0.21858491003513336
0.15958908200263977 0.19416087865829468
0.15892361104488373 0.16400115191936493
0.1582004576921463 0.16300387680530548
0.15808658301830292 0.21354103088378906
0.1577427238225937 0.190287247300148
0.15769022703170776 0.1712416559457779
0.15743602812290192 0.16085009276866913
0.15613311529159546 0.18563464283943176
0.15557293593883514 0.17594726383686066
0.15533189475536346 0.18267019093036652
0.15518619120121002 0.17971119284629822
0.15204156935214996 0.1871447116136551
0.15101583302021027 0.23449286818504333
0.150827556848526 0.17143085598945618
0.1498415470123291 0.15658697485923767
0.14874528348445892 0.15699166059494019
0.1478700041770935 0.1550443023443222
0.14746928215026855 0.18603573739528656
0.1468137949705124 0.150979146361351
0.14665791392326355 0.16297626495361328
0.1461850255727768 0.19715586304664612
0.1460987627506256 0.16886872053146362
0.1450512558221817 0.14998047053813934
0.1449008285999298 0.15076014399528503
0.1444309651851654 0.19044211506843567
0.14336079359054565 0.16710913181304932
0.14248736202716827 0.175806924700737
0.14235836267471313 0.23648303747177124
0.14205870032310486 0.19634215533733368
0.14186683297157288 0.14273889362812042
0.14092035591602325 0.1543368399143219
0.1405152827501297 0.20055700838565826
0.14047884941101074 0.15666478872299194
0.14007265865802765 0.1404564529657364
0.13970549404621124 0.1671530157327652
0.1396937370300293 0.18379975855350494
0.13948380947113037 0.14309599995613098
0.13865000009536743 0.15574593842029572
0.13857463002204895 0.1443696767091751
0.13811981678009033 0.14224252104759216
0.13778342306613922 0.17791326344013214
0.1373959183692932 0.18972782790660858
0.13701508939266205 0.19421963393688202
0.1368398517370224 0.2121322751045227
0.13659389317035675 0.2191326916217804
0.136249840259552 0.1594259887933731
0.1361800879240036 0.16630792617797852
0.13609544932842255 0.20381569862365723
0.13542066514492035 0.15406446158885956
0.13486091792583466 0.1467277705669403
0.13464616239070892 0.20212936401367188
0.13463237881660461 0.15498970448970795
0.1343168020248413 0.13466939330101013
0.13398584723472595 0.16826201975345612
0.1334235668182373 0.13774040341377258
0.13335762917995453 0.15783703327178955
0.1326099932193756 0.2926584780216217
0.13224688172340393 0.18223725259304047
0.13218490779399872 0.2615691125392914
0.1316363513469696 0.1508142352104187
0.13154831528663635 0.22473472356796265
0.13149107992649078 0.13577215373516083
0.1314391940832138 0.1530594676733017
0.13120578229427338 0.14846232533454895
0.13119293749332428 0.15456658601760864
0.13112500309944153 0.13912448287010193
0.13080249726772308 0.1588415801525116
0.12986233830451965 0.1347433477640152
0.12956437468528748 0.30360159277915955
0.12869256734848022 0.16756899654865265
0.12734375894069672 0.14335240423679352
0.1272001415491104 0.13864850997924805
0.12693409621715546 0.12792493402957916
0.12671467661857605 0.14890722930431366
0.12669257819652557 0.13149508833885193
0.12642325460910797 0.20559000968933105
0.12609682977199554 0.13689550757408142
0.12604203820228577 0.139058455824852
0.12586401402950287 0.12673595547676086
0.12573781609535217 0.1297265887260437
0.12527568638324738 0.21640832722187042
0.12471120804548264 0.15153197944164276
0.1243751049041748 0.18550562858581543
0.12379293143749237 0.1294039487838745
0.12371189147233963 0.12475650012493134
0.12284445762634277 0.16541889309883118
0.12247983366250992 0.14576034247875214
0.12178879231214523 0.12522228062152863
0.1216571182012558 0.12748780846595764
0.12161671370267868 0.12609468400478363
0.12153095006942749 0.16945531964302063
0.12131960690021515 0.17134208977222443
0.12106780707836151 0.17496180534362793
0.12105017900466919 0.13992325961589813
0.12097377330064774 0.12937410175800323
0.12055089324712753 0.17068235576152802
0.11992528289556503 0.12987247109413147
0.11969933658838272 0.12517721951007843
0.11952771991491318 0.13892292976379395
0.1189369335770607 0.126891627907753
0.11879829317331314 0.12133041024208069
0.11869356036186218 0.1637812703847885
0.11778300255537033 0.12850184738636017
0.11775558441877365 0.1211421862244606
0.11749457567930222 0.12487046420574188
0.11674608290195465 0.1261564940214157
0.11649205535650253 0.17983633279800415
0.11602377891540527 0.14727163314819336
0.11593903601169586 0.12169461697340012
0.11560550332069397 0.19585949182510376
0.11513061076402664 0.11912368983030319
0.11461228877305984 0.12177872657775879
0.11436937749385834 0.14376910030841827
0.11404505372047424 0.12165826559066772
0.1132725179195404 0.157505065202713
0.1132054552435875 0.16878783702850342
0.11288293451070786 0.11923276633024216
0.11131893843412399 0.13771045207977295
0.11122579127550125 0.1338990330696106
0.11017485707998276 0.11382364481687546
0.11017298698425293 0.12799857556819916
0.10989594459533691 0.16662272810935974
0.1098451092839241 0.16625554859638214
0.10959414392709732 0.11382364481687546
0.10942893475294113 0.1332670897245407
0.10863526165485382 0.12698538601398468
0.1084623783826828 0.1456831395626068
0.10841657221317291 0.11411797255277634
0.10831064730882645 0.12619026005268097
0.10817660391330719 0.11961852759122849
0.10796425491571426 0.11022546887397766
0.10754148662090302 0.12335583567619324
0.10746220499277115 0.12169461697340012
0.10706780850887299 0.21957708895206451
0.10704392939805984 0.1257106363773346
0.1068384051322937 0.13606254756450653
0.10655179619789124 0.10932542383670807
0.10645893961191177 0.10773071646690369
0.10637210309505463 0.11120472103357315
0.1060190424323082 0.13544051349163055
0.10569281131029129 0.15247252583503723
0.10453974455595016 0.11246383935213089
0.10445549339056015 0.1087438091635704
0.10444843769073486 0.1188753992319107
0.10421145707368851 0.12638093531131744
0.10406619310379028 0.10928855836391449
0.10387531667947769 0.11181722581386566
0.10356345027685165 0.12226855009794235
0.1035301610827446 0.12612563371658325
0.1029445007443428 0.134271040558815
0.10274489969015121 0.135603666305542
0.10187797993421555 0.12557171285152435
0.1016119047999382 0.20989657938480377
0.1014411523938179 0.11754972487688065
0.10114942491054535 0.11305341869592667
0.10083019733428955 0.10337994992733002
0.10058474540710449 0.1070098951458931
0.10040726512670517 0.10599450021982193
0.09985664486885071 0.10932542383670807
0.09967832267284393 0.1155918762087822
0.09944096952676773 0.12975066900253296
0.0993528738617897 0.09995890408754349
0.09928324818611145 0.13514268398284912
0.09891510009765625 0.10624996572732925
0.09884493052959442 0.10814967006444931
0.0986286848783493 0.11118459701538086
0.09850788116455078 0.11101077497005463
0.09845297038555145 0.12601517140865326
0.09776747971773148 0.10615292936563492
0.09765152633190155 0.10787776857614517
0.09719737619161606 0.1060841828584671
0.09682141989469528 0.11123578250408173
0.09665079414844513 0.12131647765636444
0.09662973880767822 0.09931893646717072
0.09630493074655533 0.10283258557319641
0.09628619253635406 0.11374246329069138
0.09596037119626999 0.09785472601652145
0.09587375819683075 0.11120472103357315
0.09540421515703201 0.09854455292224884
0.09459744393825531 0.12577074766159058
0.0937853530049324 0.10213606059551239
0.09187530726194382 0.1042739525437355
0.0917934998869896 0.11409934610128403
0.09113011509180069 0.11005415767431259
0.0907723531126976 0.09595303237438202
0.0904545933008194 0.1125493198633194
0.09033583849668503 0.11942717432975769
0.09003867954015732 0.10758058726787567
0.08981544524431229 0.09470360726118088
0.0897086039185524 0.12224861234426498
0.08714757114648819 0.09170611947774887
0.08692175149917603 0.10545732825994492
0.08655689656734467 0.10275835543870926
0.08593126386404037 0.11463531851768494
0.08468107879161835 0.11373618245124817
