0.34825587272644043 0.3525254726409912
0.2975757420063019 0.2987121641635895
0.29491427540779114 0.2995356321334839
0.23332321643829346 0.2334473580121994
0.21398819983005524 0.21575668454170227
0.20301084220409393 0.21306897699832916
0.20063714683055878 0.2084609568119049
0.19982372224330902 0.2074017971754074
0.19493131339550018 0.19676396250724792
0.1919550895690918 0.21848057210445404
0.1905754655599594 0.19465474784374237
0.19030289351940155 0.2040349394083023
0.18998564779758453 0.22567644715309143
0.18487651646137238 0.18870720267295837
0.18283918499946594 0.21221213042736053
0.18133071064949036 0.18722866475582123
0.18044915795326233 0.23644737899303436
0.17602388560771942 0.23175598680973053
0.1755371242761612 0.18029466271400452
0.17372606694698334 0.1779303103685379
0.17071354389190674 0.1781960278749466
0.17060025036334991 0.17867986857891083
0.16921411454677582 0.17124781012535095
0.1691458523273468 0.1923748254776001
0.16870033740997314 0.1860422044992447
0.16796402633190155 0.1725408136844635
0.16614866256713867 0.1717766672372818
0.16534826159477234 0.19378414750099182
0.16523419320583344 0.2222282886505127
0.16487747430801392 0.16890619695186615
0.16407959163188934 0.1791485697031021
0.16320881247520447 0.17997391521930695
0.16320499777793884 0.17832548916339874
0.16270634531974792 0.19201956689357758
0.1622447967529297 0.19929493963718414
0.16202150285243988 0.167231947183609
0.16030018031597137 0.16646166145801544
0.16020826995372772 0.20747847855091095
0.16020368039608002 0.26236817240715027
0.159181609749794 0.24960516393184662
0.15839610993862152 0.22355076670646667
0.15565688908100128 0.16669467091560364
0.1551649272441864 0.1626463085412979
0.15477679669857025 0.18431146442890167
0.1546648144721985 0.1615365743637085
0.15390340983867645 0.17842495441436768
0.15385718643665314 0.1626255065202713
0.15383896231651306 0.16929085552692413
0.15373751521110535 0.1977730542421341
0.15312574803829193 0.15582862496376038
0.15258938074111938 0.1563313752412796
0.15234734117984772 0.2582694888114929
0.15119685232639313 0.15513071417808533
0.15101374685764313 0.16817718744277954
0.14988775551319122 0.17850294709205627
0.14832329750061035 0.15424516797065735
0.14826789498329163 0.17471027374267578
0.14725476503372192 0.15680700540542603
0.14716170728206635 0.14926664531230927
0.14632560312747955 0.15274789929389954
0.14591772854328156 0.17044146358966827
0.14587755501270294 0.15734858810901642
0.14570878446102142 0.17987966537475586
0.14488717913627625 0.21560148894786835
0.14483428001403809 0.21336430311203003
0.1444464474916458 0.23574306070804596
0.14422295987606049 0.1592930108308792
0.14408285915851593 0.16281691193580627
0.14397217333316803 0.15393750369548798
0.14345547556877136 0.17697980999946594
0.14300110936164856 0.17630375921726227
0.14272646605968475 0.15203607082366943
0.14168040454387665 0.1509632021188736
0.14167116582393646 0.2318878173828125
0.14144465327262878 0.14295363426208496
0.1412985920906067 0.1845596432685852
0.14064285159111023 0.16362535953521729
0.14037206768989563 0.21410314738750458
0.1389898806810379 0.17054128646850586
0.13885526359081268 0.20008285343647003
0.13810200989246368 0.20323848724365234
0.13783888518810272 0.18566636741161346
0.13714806735515594 0.14516516029834747
0.1371174305677414 0.2039443999528885
0.13677677512168884 0.24714401364326477
0.13628894090652466 0.17566180229187012
0.13626240193843842 0.16864247620105743
0.1358678638935089 0.18272735178470612
0.13479983806610107 0.22576405107975006
0.13428930938243866 0.1390773504972458
0.13413886725902557 0.22755585610866547
0.13409750163555145 0.17901548743247986
0.13396398723125458 0.15584759414196014
0.1337607204914093 0.20440535247325897
0.1337369978427887 0.18169903755187988
0.13360154628753662 0.16750049591064453
0.1333320289850235 0.1716228574514389
0.13314910233020782 0.18561209738254547
0.1331189125776291 0.13686300814151764
0.13225367665290833 0.1345239281654358
0.13166293501853943 0.20862214267253876
0.13069239258766174 0.15413972735404968
0.13054737448692322 0.24513334035873413
0.13047659397125244 0.2143973559141159
0.13016006350517273 0.23166757822036743
0.12980574369430542 0.26259884238243103
0.1289934366941452 0.18912333250045776
0.12867385149002075 0.14657798409461975
0.12790431082248688 0.14258892834186554
0.1276118904352188 0.25346457958221436
0.12660223245620728 0.2354055643081665
0.12601326406002045 0.15201321244239807
0.12599466741085052 0.12600012123584747
0.12575240433216095 0.15547138452529907
0.12544867396354675 0.23395057022571564
0.1252613514661789 0.19469912350177765
0.125191330909729 0.15367449820041656
0.12485106289386749 0.22490689158439636
0.12480103224515915 0.13170985877513885
0.12436991930007935 0.1254640519618988
0.12376423925161362 0.14467333257198334
0.12368906289339066 0.2743004262447357
0.1229967325925827 0.2118675261735916
0.12227853387594223 0.14353962242603302
0.12169340252876282 0.12229186296463013
0.1216869205236435 0.23404577374458313
0.12168130278587341 0.20706060528755188
0.1211334839463234 0.19631196558475494
0.12108585238456726 0.16230334341526031
0.1204579547047615 0.16287757456302643
0.12038914859294891 0.13924044370651245
0.11968274414539337 0.16004401445388794
0.11859620362520218 0.1566627025604248
0.11825060844421387 0.13546767830848694
0.11804331094026566 0.2297692745923996
0.11798001080751419 0.12443122267723083
0.11765538901090622 0.13358238339424133
0.1171516701579094 0.12911026179790497
0.11562824249267578 0.13653552532196045
0.11523687839508057 0.1331893652677536
0.11513222008943558 0.1233534887433052
0.11465456336736679 0.11767662316560745
0.11358042806386948 0.1550953984260559
0.11283978074789047 0.13229718804359436
0.11267580091953278 0.13508693873882294
0.11184362322092056 0.13444377481937408
0.11168337613344193 0.12383510172367096
0.11109831929206848 0.1356966197490692
0.10986422747373581 0.1099160686135292
0.10893009603023529 0.15912406146526337
0.10892366617918015 0.13384442031383514
0.10679041594266891 0.13507145643234253
0.10671869665384293 0.12914107739925385
0.10638280212879181 0.15094198286533356
0.10627897083759308 0.12364687770605087
0.10593010485172272 0.11008882522583008
0.10551400482654572 0.10726402699947357
0.10486319661140442 0.11089480668306351
0.10455977916717529 0.1221381202340126
0.10432328283786774 0.10749620199203491
0.10421593487262726 0.10699658840894699
0.10405715554952621 0.11572784185409546
0.1036703959107399 0.11068466305732727
0.10102131217718124 0.1016615480184555
0.10049063712358475 0.1006721630692482
0.09931233525276184 0.11010849475860596
0.09831827133893967 0.13857853412628174
0.09822539240121841 0.11988493800163269
0.09813668578863144 0.11887373775243759
0.09604813158512115 0.10312610119581223
0.09578873217105865 0.11167937517166138
0.09525363892316818 0.10995563119649887
0.09446969628334045 0.13344384729862213
0.09428886324167252 0.10457970201969147
0.09272684156894684 0.10323844850063324
0.09132549911737442 0.10757707059383392
0.09104833751916885 0.10661143809556961
0.09091262519359589 0.09654340893030167
0.0906558707356453 0.10202302783727646
0.0870666354894638 0.09786523133516312
0.08438828587532043 0.10136020183563232
0.08272349089384079 0.10861954838037491
0.07995148003101349 0.08954618126153946
0.07603830099105835 0.0845504105091095
