0.4031198024749756 0.4068077504634857
0.3430520296096802 0.3541698157787323
0.31680068373680115 0.3179490268230438
0.3146872818470001 0.3238601088523865
0.3084653913974762 0.3168606162071228
0.3028062582015991 0.3077290952205658
0.29757943749427795 0.3022248148918152
0.2913806438446045 0.29208165407180786
0.2891157865524292 0.29995986819267273
0.2751331925392151 0.27739793062210083
0.2714136242866516 0.2771807610988617
0.27021828293800354 0.2867182493209839
0.26845434308052063 0.27683132886886597
0.26792725920677185 0.2701634466648102
0.1937284916639328 0.20376771688461304
0.19032694399356842 0.20954661071300507
0.1832977533340454 0.18347309529781342
0.18301421403884888 0.19042059779167175
0.18040312826633453 0.19224469363689423
0.17793460190296173 0.1828157901763916
0.1671939492225647 0.1790931671857834
0.16698087751865387 0.1990911066532135
0.16686195135116577 0.16793084144592285
0.1658898890018463 0.189252108335495
0.16586516797542572 0.1865222454071045
0.16197645664215088 0.1823154091835022
0.16129975020885468 0.18072374165058136
0.16100727021694183 0.17945492267608643
0.15809373557567596 0.16494448482990265
0.157195582985878 0.16396154463291168
0.15550708770751953 0.168631911277771
0.1551210582256317 0.18567010760307312
0.15443550050258636 0.166718989610672
0.15396015346050262 0.1830916553735733
0.15385349094867706 0.16889061033725739
0.15374895930290222 0.17253780364990234
0.15289494395256042 0.19871951639652252
0.15269537270069122 0.18097032606601715
0.15227021276950836 0.17630188167095184
0.150370791554451 0.17769819498062134
0.1503450870513916 0.16343046724796295
0.14642935991287231 0.1967155933380127
0.14628735184669495 0.15782661736011505
0.14408165216445923 0.19702336192131042
0.14264637231826782 0.21271389722824097
0.14218735694885254 0.20934726297855377
0.14206433296203613 0.15558724105358124
0.1414610743522644 0.1798391491174698
0.14003659784793854 0.18628762662410736
0.1400250643491745 0.16492252051830292
0.13995200395584106 0.23078125715255737
0.1397925615310669 0.15648795664310455
0.13919857144355774 0.19024167954921722
0.13830707967281342 0.140422523021698
0.13773292303085327 0.22062508761882782
0.1370188593864441 0.15943899750709534
0.13666923344135284 0.1469200700521469
0.13652244210243225 0.1373860388994217
0.1355174332857132 0.2475123554468155
0.13421957194805145 0.13617414236068726
0.13410966098308563 0.2105160802602768
0.1341073215007782 0.15031149983406067
0.13285258412361145 0.1679069697856903
0.132280632853508 0.18726176023483276
0.13123944401741028 0.142955482006073
0.13071955740451813 0.1560198962688446
0.13068042695522308 0.13529737293720245
0.13063061237335205 0.17695841193199158
0.13058073818683624 0.16796089708805084
0.13008321821689606 0.13897326588630676
0.1299135386943817 0.16995497047901154
0.12984147667884827 0.1388113647699356
0.12943974137306213 0.1990615725517273
0.12841558456420898 0.14228151738643646
0.12817364931106567 0.15162433683872223
0.12812460958957672 0.21050938963890076
0.12765680253505707 0.1460437774658203
0.12749594449996948 0.16080299019813538
0.12539584934711456 0.1536819040775299
0.12529267370700836 0.14715231955051422
0.12527641654014587 0.20291559398174286
0.12434186041355133 0.18807515501976013
0.12389068305492401 0.3154160678386688
0.12365584820508957 0.12368736416101456
0.12279688566923141 0.1305808573961258
0.12277627736330032 0.12779124081134796
0.12275751680135727 0.17554205656051636
0.12220106273889542 0.21803461015224457
0.1217421367764473 0.13234473764896393
0.12134968489408493 0.2272479385137558
0.1213410347700119 0.1331266462802887
0.12114965170621872 0.12151555716991425
0.12092367559671402 0.18901075422763824
0.12071094661951065 0.13379044830799103
0.12057020515203476 0.18080246448516846
0.11991924047470093 0.12077472358942032
0.11859368532896042 0.12220679223537445
0.11836652457714081 0.13301607966423035
0.11657692492008209 0.12351500988006592
0.11584527045488358 0.13861936330795288
0.11583426594734192 0.1453959196805954
0.11314120888710022 0.13971853256225586
0.11313576251268387 0.11848962306976318
0.1129688248038292 0.11861998587846756
0.11296142637729645 0.13452230393886566
0.11289959400892258 0.1452087163925171
0.11151911318302155 0.15145938098430634
0.1111898198723793 0.11687736958265305
0.11112525314092636 0.12672078609466553
0.11110320687294006 0.11161472648382187
0.11108270287513733 0.1176886335015297
0.11091400682926178 0.19037896394729614
0.11086877435445786 0.1450248509645462
0.11073686927556992 0.158672034740448
0.11054287850856781 0.2275412380695343
0.11035279929637909 0.13529737293720245
0.1098993718624115 0.1367417573928833
0.10940637439489365 0.1346358209848404
0.10929898917675018 0.17588773369789124
0.10925093293190002 0.12426155805587769
0.10911130160093307 0.13125330209732056
0.10864804685115814 0.11306189745664597
0.10846841335296631 0.11007896810770035
0.10845699906349182 0.20258454978466034
0.10829474776983261 0.1685759425163269
0.10824048519134521 0.11792857199907303
0.10812246799468994 0.1615624725818634
0.1076124757528305 0.11783687770366669
0.10759855806827545 0.1502196490764618
0.10755442082881927 0.11968199908733368
0.1073487177491188 0.12089280039072037
0.10709503293037415 0.1349225789308548
0.10631746798753738 0.11103186756372452
0.10618134588003159 0.17019066214561462
0.10567475855350494 0.1401662677526474
0.10553397983312607 0.13196632266044617
0.10474548488855362 0.12535245716571808
0.10385990142822266 0.12098179012537003
0.10342374444007874 0.12069910019636154
0.10341141372919083 0.12029309570789337
0.1033710166811943 0.1270805150270462
0.10308521240949631 0.12127392739057541
0.10162565112113953 0.10525663197040558
0.1011364758014679 0.10460330545902252
0.10089699178934097 0.15034864842891693
0.1007637232542038 0.13010689616203308
0.1000632718205452 0.11722388863563538
0.09993002563714981 0.21108129620552063
0.09946969151496887 0.13443078100681305
0.0993969589471817 0.13039641082286835
0.09914993494749069 0.1051458790898323
0.09899891167879105 0.10642879456281662
0.09878775477409363 0.10145679861307144
0.0978408232331276 0.10269708931446075
0.09719984978437424 0.1295827478170395
0.09683609753847122 0.17400367558002472
0.09667211771011353 0.19074693322181702
0.09628107398748398 0.16673237085342407
0.09490172564983368 0.12777164578437805
0.09460041671991348 0.1094861701130867
0.09425105154514313 0.09867377579212189
0.09333491325378418 0.09960036724805832
0.09327331930398941 0.09879369288682938
0.09306270629167557 0.1099005714058876
0.09075938165187836 0.10641121119260788
0.09040302783250809 0.12098008394241333
0.0903276652097702 0.09181459248065948
0.08976122736930847 0.1520102173089981
0.08961431682109833 0.09784357249736786
0.0892881378531456 0.10258791595697403
0.087959423661232 0.0947442576289177
0.08768856525421143 0.09355773776769638
0.0868147537112236 0.10894232988357544
0.08661191165447235 0.09003794193267822
0.08616163581609726 0.11370611190795898
0.08607649803161621 0.11012909561395645
0.08545715361833572 0.08908823132514954
0.08420860022306442 0.08567724376916885
0.08406074345111847 0.10093482583761215
0.08350328356027603 0.09575872123241425
0.08348347991704941 0.09817790985107422
0.08296991884708405 0.08462777733802795
0.08193600177764893 0.10732521116733551
0.08182775229215622 0.09588625282049179
0.08174709975719452 0.09450305253267288
0.08006087690591812 0.0993942841887474
0.07994025200605392 0.10992395132780075
0.07660011202096939 0.09103858470916748
0.0752100944519043 0.08438044786453247
0.0751839131116867 0.08056609332561493
0.07490608096122742 0.12254290282726288
0.07371000200510025 0.07849704474210739
0.06307623535394669 0.06502823531627655
0.06265764683485031 0.06349410861730576
0.061391912400722504 0.07127463072538376
