0.20210948586463928 0.6597362756729126
0.19122810661792755 0.19549763202667236
0.18939660489559174 0.20425419509410858
0.18439988791942596 0.19087277352809906
0.18416839838027954 0.19971635937690735
0.18345563113689423 0.6608988046646118
0.18284732103347778 0.18446964025497437
0.1805192530155182 0.1968725472688675
0.17923563718795776 0.18483825027942657
0.17916689813137054 0.181948721408844
0.17899994552135468 0.18580371141433716
0.17888996005058289 0.1838919222354889
0.17683932185173035 0.18484897911548615
0.17662011086940765 0.1829707771539688
0.17560133337974548 0.18891863524913788
0.1749168485403061 0.18441233038902283
0.17442244291305542 0.19735997915267944
0.17151837050914764 0.17938299477100372
0.16909663379192352 0.18670819699764252
0.16695623099803925 0.17387725412845612
0.16626839339733124 0.1824164092540741
0.16502220928668976 0.165954127907753
0.1635749340057373 0.17195682227611542
0.16231408715248108 0.16774605214595795
0.16047543287277222 0.16352306306362152
0.15933440625667572 0.16038773953914642
0.15907028317451477 0.16361640393733978
0.15718883275985718 0.1677282303571701
0.15537114441394806 0.16180390119552612
0.1548062115907669 0.15755757689476013
0.15432482957839966 0.6645906567573547
0.15373270213603973 0.19055712223052979
0.15232503414154053 0.16335417330265045
0.1522330790758133 0.15358197689056396
0.15112465620040894 0.15664096176624298
0.1507619321346283 0.15173554420471191
0.15073244273662567 0.15467001497745514
0.1501142680644989 0.15722918510437012
0.15009401738643646 0.15637162327766418
0.14887750148773193 0.20430618524551392
0.14785364270210266 0.17859873175621033
0.14666275680065155 0.15977725386619568
0.14632053673267365 0.15111300349235535
0.14613057672977448 0.1667948216199875
0.14583532512187958 0.17604978382587433
0.1436498761177063 0.146172434091568
0.14310437440872192 0.14881326258182526
0.14265362918376923 0.1508195996284485
0.14251476526260376 0.1938728243112564
0.14214426279067993 0.14789257943630219
0.14060717821121216 0.15697847306728363
0.1398729830980301 0.17866957187652588
0.13940557837486267 0.14310719072818756
0.13897407054901123 0.14704427123069763
0.13894090056419373 0.16107983887195587
0.1381528079509735 0.1656947135925293
0.13710643351078033 0.18094924092292786
0.13573554158210754 0.16439726948738098
0.1354074329137802 0.14203180372714996
0.1352979987859726 0.1908394992351532
0.13525941967964172 0.1579803079366684
0.1351274847984314 0.16558906435966492
0.13471092283725739 0.17564575374126434
0.133248433470726 0.15178169310092926
0.13289053738117218 0.13834190368652344
0.13189509510993958 0.16624191403388977
0.13173386454582214 0.1497471034526825
0.13165327906608582 0.17527727782726288
0.13158166408538818 0.17387725412845612
0.12975598871707916 0.13753420114517212
0.12913262844085693 0.13393013179302216
0.1287214457988739 0.12923534214496613
0.12839579582214355 0.13228143751621246
0.12836365401744843 0.1966438591480255
0.12774361670017242 0.1812094748020172
0.12724162638187408 0.14724913239479065
0.12695607542991638 0.18314144015312195
0.12671945989131927 0.13523483276367188
0.12670691311359406 0.1613233983516693
0.12633979320526123 0.16204328835010529
0.12604814767837524 0.1517494171857834
0.12571510672569275 0.13214564323425293
0.12564440071582794 0.1359912008047104
0.12541641294956207 0.12574811279773712
0.12525497376918793 0.16762219369411469
0.12481147795915604 0.1271117478609085
0.1241370216012001 0.14343474805355072
0.1241169199347496 0.16522297263145447
0.12395335733890533 0.18412847816944122
0.12281715124845505 0.1768818348646164
0.12223055213689804 0.17071574926376343
0.12218693643808365 0.17192551493644714
0.12214697152376175 0.13362929224967957
0.12201228737831116 0.14576955139636993
0.12200281769037247 0.154314786195755
0.12136119604110718 0.12902554869651794
0.1197090819478035 0.1555217206478119
0.11954565346240997 0.16223262250423431
0.11766858398914337 0.1948201060295105
0.11761187762022018 0.14050641655921936
0.11667291820049286 0.18610042333602905
0.11610876768827438 0.1198425143957138
0.1158813014626503 0.12010786682367325
0.11503707617521286 0.13145840167999268
0.11498475819826126 0.1361171454191208
0.11489816009998322 0.14140573143959045
0.11488442122936249 0.13251438736915588
0.11481861025094986 0.11929478496313095
0.11464150249958038 0.13687492907047272
0.11439787596464157 0.1523721069097519
0.11435016989707947 0.14178450405597687
0.11414534598588943 0.1241568997502327
0.11355893313884735 0.13274988532066345
0.11346568912267685 0.12438671290874481
0.11332940310239792 0.12253139913082123
0.112587109208107 0.18015648424625397
0.11249443888664246 0.1784854531288147
0.11231116205453873 0.13395251333713531
0.11230643093585968 0.156907320022583
0.11216209083795547 0.11806782335042953
0.11177816241979599 0.11523927748203278
0.11081589013338089 0.1875900775194168
0.11079100519418716 0.13931947946548462
0.11062260717153549 0.1370922029018402
0.11038269102573395 0.15016795694828033
0.11038139462471008 0.11633671075105667
0.10991762578487396 0.13254104554653168
0.1097295954823494 0.12580753862857819
0.1088033989071846 0.20127041637897491
0.10816866904497147 0.11390271037817001
0.10798922926187515 0.13248254358768463
0.107924684882164 0.11112356930971146
0.10784079879522324 0.11331640183925629
0.10769256949424744 0.1206294447183609
0.10763595253229141 0.13473758101463318
0.1072627604007721 0.1255989968776703
0.10710320621728897 0.14017555117607117
0.10670936107635498 0.1700132042169571
0.106516033411026 0.13719671964645386
0.10636342316865921 0.1219814270734787
0.10582812130451202 0.17672331631183624
0.10578508675098419 0.1235819160938263
0.10555332899093628 0.13855670392513275
0.10531345009803772 0.197357177734375
0.10437740385532379 0.11069092899560928
0.10373251140117645 0.11590953916311264
0.10205015540122986 0.11780225485563278
0.10195903480052948 0.14637459814548492
0.10178662091493607 0.11652658879756927
0.10099844634532928 0.12448584288358688
0.1009293869137764 0.10245496034622192
0.10077110677957535 0.10086202621459961
0.10074352473020554 0.11766035109758377
0.10015486925840378 0.1460334211587906
0.09942087531089783 0.10761518031358719
0.09919679164886475 0.11285744607448578
0.09885983169078827 0.10259673744440079
0.09860778599977493 0.10010910779237747
0.09814462065696716 0.09822507947683334
0.09792056679725647 0.10719478875398636
0.0970996543765068 0.09922908991575241
0.09575438499450684 0.10539942234754562
0.09555496275424957 0.09708323329687119
0.09528456628322601 0.14706295728683472
0.0952843576669693 0.09911844879388809
0.09506130963563919 0.13315656781196594
0.09436042606830597 0.13252779841423035
0.09431377053260803 0.10871531069278717
0.09222723543643951 0.09784125536680222
0.09106625616550446 0.09822507947683334
0.09089818596839905 0.1507953554391861
0.09086264669895172 0.09495502710342407
0.0902915894985199 0.0990094542503357
0.08969756215810776 0.1757706105709076
0.08964736759662628 0.12547695636749268
0.08950640261173248 0.13981369137763977
0.0890217125415802 0.09807782620191574
0.08789781481027603 0.10521335154771805
0.0877876952290535 0.10503052920103073
0.08738533407449722 0.09837833791971207
0.08719098567962646 0.08803082257509232
0.08606213331222534 0.09746507555246353
0.08468212187290192 0.10408803820610046
0.08433617651462555 0.0963960513472557
0.08426544070243835 0.08889652043581009
0.0834302231669426 0.09958081692457199
0.08322114497423172 0.08369583636522293
0.08242683857679367 0.08673519641160965
0.08135966211557388 0.09729734808206558
0.08123645931482315 0.10308593511581421
0.08065510541200638 0.08477520942687988
0.08002207428216934 0.1124894842505455
0.07849596440792084 0.10308200120925903
0.07846587896347046 0.0827239602804184
0.07761694490909576 0.08730679005384445
0.07744776457548141 0.09322649240493774
0.0774330198764801 0.09213517606258392
0.07633076608181 0.09445199370384216
0.07529515027999878 0.07860663533210754
0.07494208216667175 0.08994094282388687
0.07473662495613098 0.0802302435040474
0.07336344569921494 0.09007298201322556
0.06883709132671356 0.0726686418056488
