0.2546558380126953 0.2709290087223053
0.24396643042564392 0.25109052658081055
0.2194480150938034 0.23215165734291077
0.21557502448558807 0.21877644956111908
0.2130371779203415 0.21570424735546112
0.21051456034183502 0.21215124428272247
0.21005479991436005 0.21161337196826935
0.20796294510364532 0.21109090745449066
0.20737391710281372 0.2174035608768463
0.2070818543434143 0.2097669392824173
0.206350177526474 0.21019482612609863
0.20554369688034058 0.22032569348812103
0.20512327551841736 0.20874468982219696
0.20495650172233582 0.2179873138666153
0.20405559241771698 0.21436157822608948
0.2039792537689209 0.21140441298484802
0.20253384113311768 0.21902044117450714
0.19260148704051971 0.21168754994869232
0.18954288959503174 0.22978392243385315
0.18899358808994293 0.19088217616081238
0.18877668678760529 0.21152901649475098
0.18749623000621796 0.19967281818389893
0.18620654940605164 0.21543124318122864
0.18586325645446777 0.1931522637605667
0.1785368174314499 0.18343190848827362
0.1768355518579483 0.1841953843832016
0.17343243956565857 0.1946316510438919
0.17014755308628082 0.17436565458774567
0.16967222094535828 0.17598718404769897
0.16961528360843658 0.17996935546398163
0.16784259676933289 0.22738108038902283
0.16728180646896362 0.18191926181316376
0.16528624296188354 0.17879004776477814
0.16492308676242828 0.17582888901233673
0.1644756942987442 0.16925056278705597
0.16420342028141022 0.166128471493721
0.16402554512023926 0.1696140319108963
0.16310909390449524 0.1637152135372162
0.16304025053977966 0.17660066485404968
0.16298790276050568 0.18115703761577606
0.16154110431671143 0.16165338456630707
0.16066426038742065 0.19519872963428497
0.16065500676631927 0.1656429022550583
0.15990634262561798 0.2268853485584259
0.15916793048381805 0.16309906542301178
0.1578792780637741 0.15991082787513733
0.15756334364414215 0.1728268712759018
0.1556244194507599 0.15910248458385468
0.15555624663829803 0.16425500810146332
0.15433289110660553 0.16108617186546326
0.15421898663043976 0.164524644613266
0.15389467775821686 0.16340719163417816
0.15378133952617645 0.1618882417678833
0.15018710494041443 0.1537940502166748
0.15000298619270325 0.15743976831436157
0.1495964229106903 0.23989035189151764
0.14944496750831604 0.16168847680091858
0.14892184734344482 0.16139082610607147
0.1488940566778183 0.17055082321166992
0.1488323211669922 0.16203242540359497
0.14834941923618317 0.15976545214653015
0.14820630848407745 0.16518476605415344
0.14765749871730804 0.16675831377506256
0.146539106965065 0.1722956895828247
0.14578035473823547 0.14922834932804108
0.1455792933702469 0.14882059395313263
0.14554348587989807 0.1633816808462143
0.14510422945022583 0.150507390499115
0.14479786157608032 0.15518739819526672
0.1441572606563568 0.16779333353042603
0.14378947019577026 0.1488688886165619
0.14370176196098328 0.1682826280593872
0.14331741631031036 0.15313579142093658
0.14318452775478363 0.16478532552719116
0.14295563101768494 0.14502398669719696
0.14274342358112335 0.14903466403484344
0.14258989691734314 0.1926833689212799
0.14255240559577942 0.1908959299325943
0.14218448102474213 0.17727841436862946
0.14158517122268677 0.14463399350643158
0.14153406023979187 0.19682270288467407
0.1414874792098999 0.1646692454814911
0.14144785702228546 0.18175488710403442
0.1412651538848877 0.15273259580135345
0.14097192883491516 0.18064063787460327
0.1399463564157486 0.16763383150100708
0.13975970447063446 0.19446325302124023
0.139188751578331 0.17316441237926483
0.13893720507621765 0.14647863805294037
0.13886301219463348 0.1798318773508072
0.13873957097530365 0.16243286430835724
0.1384413093328476 0.21823491156101227
0.13834957778453827 0.16891376674175262
0.13796237111091614 0.16300782561302185
0.1376771330833435 0.17132176458835602
0.13734616339206696 0.16666477918624878
0.13713616132736206 0.14535298943519592
0.1370282620191574 0.16326504945755005
0.13661324977874756 0.18843728303909302
0.13651418685913086 0.14119474589824677
0.13647392392158508 0.15489482879638672
0.13638059794902802 0.18646664917469025
0.13621799647808075 0.15054360032081604
0.13618962466716766 0.1685544103384018
0.13602255284786224 0.16735900938510895
0.13569104671478271 0.15114319324493408
0.13505534827709198 0.17948012053966522
0.13488152623176575 0.18156112730503082
0.1341383159160614 0.13580109179019928
0.1340402513742447 0.16276028752326965
0.1338285505771637 0.14909350872039795
0.13380415737628937 0.16398286819458008
0.13366393744945526 0.17038440704345703
0.13362428545951843 0.15606632828712463
0.1335981786251068 0.1714494824409485
0.1335698664188385 0.14062364399433136
0.13342198729515076 0.15402337908744812
0.13321495056152344 0.16742201149463654
0.1331639438867569 0.14159058034420013
0.1327008455991745 0.1561688929796219
0.13259302079677582 0.1504264771938324
0.13257820904254913 0.1728484183549881
0.132377490401268 0.13801918923854828
0.1320531815290451 0.15508843958377838
0.13201162219047546 0.22705423831939697
0.13184839487075806 0.16526222229003906
0.1312033087015152 0.1689835786819458
0.13108056783676147 0.14975795149803162
0.13071085512638092 0.21931155025959015
0.13068655133247375 0.1352279931306839
0.13030032813549042 0.1649620234966278
0.13014179468154907 0.19686593115329742
0.13004232943058014 0.13821367919445038
0.1300046443939209 0.13945597410202026
0.1299513429403305 0.1671479046344757
0.129683256149292 0.15266287326812744
0.12959809601306915 0.1700572669506073
0.1293945610523224 0.17747458815574646
0.12925566732883453 0.13387954235076904
0.12912626564502716 0.17300255596637726
0.12869153916835785 0.13740457594394684
0.12866954505443573 0.1287294626235962
0.12837202847003937 0.18581366539001465
0.12835803627967834 0.17280350625514984
0.12820231914520264 0.1405225545167923
0.12810668349266052 0.1452319473028183
0.1280680149793625 0.17659856379032135
0.1277359127998352 0.18176999688148499
0.12772655487060547 0.15433582663536072
0.12767121195793152 0.14328375458717346
0.12747490406036377 0.18384073674678802
0.12747320532798767 0.1317368894815445
0.12640362977981567 0.17152629792690277
0.12632344663143158 0.16768117249011993
0.12587709724903107 0.17391563951969147
0.12525306642055511 0.1509656012058258
0.12469535320997238 0.1283774971961975
0.12463749945163727 0.14352886378765106
0.1246265098452568 0.17286279797554016
0.12418198585510254 0.12966638803482056
0.12416791170835495 0.1451375037431717
0.124165840446949 0.16004014015197754
0.12412116676568985 0.19033706188201904
0.12406187504529953 0.1503514051437378
0.12400317192077637 0.15700721740722656
0.12370294332504272 0.1270776391029358
0.1236475259065628 0.1479308158159256
0.12269540876150131 0.13598813116550446
0.12268425524234772 0.18478597700595856
0.12253247201442719 0.12327307462692261
0.12207234650850296 0.1263621300458908
0.12162128835916519 0.148268923163414
0.12129078805446625 0.20399905741214752
0.1208411306142807 0.15415877103805542
0.12005230784416199 0.12359725683927536
0.11973989754915237 0.16781190037727356
0.11888594180345535 0.12642604112625122
0.1187388077378273 0.13980506360530853
0.11864505708217621 0.18865036964416504
0.11863798648118973 0.17682096362113953
0.11793433874845505 0.2221037745475769
0.11790651082992554 0.17168384790420532
0.11737730354070663 0.15483364462852478
0.11736416816711426 0.1531105786561966
0.11727050691843033 0.1438632309436798
0.11691848188638687 0.21875779330730438
0.11690565943717957 0.1866481453180313
0.11682498455047607 0.16071763634681702
0.11651864647865295 0.1559971123933792
0.11647018045186996 0.23565226793289185
0.11635970324277878 0.14657987654209137
0.1161126047372818 0.1646895557641983
0.11589057743549347 0.1337791383266449
0.11549060046672821 0.1397867649793625
0.11541688442230225 0.14611908793449402
0.1153603047132492 0.1495853066444397
0.1152551993727684 0.16180738806724548
0.1145593672990799 0.12949229776859283
0.11441341042518616 0.12903352081775665
0.11398689448833466 0.12893003225326538
0.11386410146951675 0.14645233750343323
0.11379609256982803 0.15218114852905273
0.11365241557359695 0.12424766272306442
0.11350557953119278 0.18321821093559265
0.1132369115948677 0.16931262612342834
0.11264825612306595 0.11812449246644974
0.11245277523994446 0.1389487087726593
0.11161285638809204 0.11533266305923462
0.11135852336883545 0.1525559425354004
0.11117889732122421 0.14368847012519836
0.1109846755862236 0.15613071620464325
0.11094268411397934 0.1181463748216629
0.11059189587831497 0.12192032486200333
0.11033456027507782 0.11559790372848511
0.10991918295621872 0.11331765353679657
0.10913277417421341 0.12981772422790527
0.10879359394311905 0.13736434280872345
0.10799315571784973 0.1150008961558342
0.10748125612735748 0.13983462750911713
0.10612114518880844 0.10933669656515121
0.10510563105344772 0.16406458616256714
0.10335222631692886 0.1109766811132431
0.10277657210826874 0.16908816993236542
0.10063877701759338 0.12046018987894058
0.10053479671478271 0.10400909185409546
0.10021918267011642 0.10888420790433884
0.09962169826030731 0.1034727618098259
0.09804481267929077 0.12985332310199738
0.0970599427819252 0.10026116669178009
0.0970158651471138 0.10005439817905426
0.09658206254243851 0.09917251765727997
0.09621123224496841 0.11861615628004074
0.0961499959230423 0.10026116669178009
0.09476975351572037 0.11353742331266403
0.09365406632423401 0.09895658493041992
0.09312000870704651 0.1054452657699585
0.09295672178268433 0.09847432374954224
0.0924590602517128 0.09905592352151871
0.09219803661108017 0.1005450189113617
0.09207101166248322 0.10146155953407288
0.08993370085954666 0.09119158983230591
0.08990125358104706 0.09452606737613678
0.08639462292194366 0.09455656260251999
0.0859743282198906 0.10497568547725677
0.085220105946064 0.09253992140293121
0.08464843034744263 0.10174061357975006
0.08264896273612976 0.08654413372278214
0.07901710271835327 0.08624009042978287
0.06297411024570465 0.07844517379999161
