0.18357400596141815 0.18437661230564117
0.18096387386322021 0.1895635426044464
0.17626617848873138 0.18204478919506073
0.17471054196357727 0.18981078267097473
0.15781567990779877 0.18806640803813934
0.15717710554599762 0.18289364874362946
0.1540294587612152 0.16895923018455505
0.15302744507789612 0.1579524129629135
0.14493916928768158 0.15329504013061523
0.14483816921710968 0.14653311669826508
0.14455503225326538 0.16717222332954407
0.14155910909175873 0.16029082238674164
0.14121487736701965 0.1466655135154724
0.14106883108615875 0.19342410564422607
0.14015451073646545 0.19011422991752625
0.1397944688796997 0.186423659324646
0.13946731388568878 0.15249191224575043
0.13821665942668915 0.19275787472724915
0.1377057284116745 0.1985338032245636
0.1365639716386795 0.14694169163703918
0.135086327791214 0.15205934643745422
0.13440053164958954 0.15940625965595245
0.13281278312206268 0.13460178673267365
0.1306023895740509 0.19895565509796143
0.1298452913761139 0.1482960730791092
0.12893584370613098 0.15919040143489838
0.127601757645607 0.13743919134140015
0.1273392140865326 0.13946768641471863
0.12590183317661285 0.18987615406513214
0.12565699219703674 0.13265947997570038
0.12460744380950928 0.13110046088695526
0.12383576482534409 0.16369973123073578
0.1236996129155159 0.12440638989210129
0.12301498651504517 0.13063739240169525
0.1226508691906929 0.20310615003108978
0.12203540652990341 0.21895132958889008
0.12177197635173798 0.13490340113639832
0.1215919703245163 0.2281186431646347
0.12156907469034195 0.13195230066776276
0.12142864614725113 0.1417747437953949
0.1200437843799591 0.12082548439502716
0.11984331905841827 0.13851651549339294
0.11639492213726044 0.14735746383666992
0.11598528921604156 0.14331597089767456
0.11586479097604752 0.13223877549171448
0.11583343893289566 0.12277356535196304
0.11486007273197174 0.17987403273582458
0.11333557218313217 0.14833587408065796
0.11322939395904541 0.13865241408348083
0.11186058819293976 0.18397194147109985
0.1113247200846672 0.11398804932832718
0.11125323921442032 0.15126943588256836
0.1111985594034195 0.11818128824234009
0.11074844002723694 0.11852116882801056
0.11005502939224243 0.11826760321855545
0.10999715328216553 0.11388954520225525
0.109275683760643 0.11046876013278961
0.10909509658813477 0.1652773916721344
0.10865511745214462 0.1310017853975296
0.10816305130720139 0.11365974694490433
0.10802193731069565 0.13104791939258575
0.10799435526132584 0.13290345668792725
0.10799412429332733 0.12591330707073212
0.10787969082593918 0.14419220387935638
0.10786378383636475 0.11970355361700058
0.10750990360975266 0.1107746884226799
0.10750951617956161 0.12451626360416412
0.10737590491771698 0.13274160027503967
0.10700621455907822 0.13232165575027466
0.1068076342344284 0.132498100399971
0.10675501823425293 0.12244148552417755
0.10633210837841034 0.14626151323318481
0.10610342025756836 0.10940912365913391
0.10472020506858826 0.11307135224342346
0.10447054356336594 0.14868903160095215
0.10344155877828598 0.11118564754724503
0.10298122465610504 0.16286258399486542
0.10271187126636505 0.10361707210540771
0.10253166407346725 0.10372978448867798
0.10250922292470932 0.11254526674747467
0.10200757533311844 0.11703670024871826
0.10096023231744766 0.14522849023342133
0.09992793202400208 0.11303636431694031
0.09976844489574432 0.12625092267990112
0.09958022087812424 0.1356009989976883
0.09860645979642868 0.12313123047351837
0.09828632324934006 0.24218152463436127
0.09768093377351761 0.11562330275774002
0.09746725112199783 0.11055578291416168
0.0969088077545166 0.19866546988487244
0.09634435176849365 0.11513932794332504
0.09609464555978775 0.21825994551181793
0.09543930739164352 0.18858863413333893
0.09500725567340851 0.12796427309513092
0.0949494019150734 0.15743419528007507
0.09457080066204071 0.10226482152938843
0.09345891326665878 0.10335461050271988
0.09343845397233963 0.23442089557647705
0.09327893704175949 0.10064408928155899
0.09314361214637756 0.11652865260839462
0.09278174489736557 0.11414791643619537
0.09246794134378433 0.13562077283859253
0.0923486277461052 0.116273894906044
0.09139242768287659 0.247501939535141
0.09113733470439911 0.12106579542160034
0.09101483970880508 0.09619099646806717
0.09011721611022949 0.09495238214731216
0.0900738462805748 0.11787992715835571
0.08992497622966766 0.10540983080863953
0.08970702439546585 0.1465606689453125
0.0894957035779953 0.14642751216888428
0.08924395591020584 0.15489785373210907
0.08871667087078094 0.10819642245769501
0.08866559714078903 0.09806263446807861
0.08842454105615616 0.0939989984035492
0.08751380443572998 0.12572531402111053
0.08698738366365433 0.09565079212188721
0.08688845485448837 0.09645145386457443
0.08565320819616318 0.11190273612737656
0.08549614250659943 0.10509668290615082
0.08531530946493149 0.09395132958889008
0.08494286984205246 0.102352574467659
0.08479475975036621 0.13801412284374237
0.08471328020095825 0.08549372106790543
0.08463388681411743 0.13041278719902039
0.08408981561660767 0.10411475598812103
0.08357339352369308 0.08969096839427948
0.08304017782211304 0.08636514842510223
0.0830080658197403 0.11641475558280945
0.08273298293352127 0.144666850566864
0.08253461122512817 0.09808928519487381
0.08240038901567459 0.11574734002351761
0.08220570534467697 0.11121253669261932
0.0816977247595787 0.08736933022737503
0.08155325800180435 0.10069838166236877
0.080779068171978 0.08133155107498169
0.08074075728654861 0.0960211381316185
0.08070601522922516 0.08481209725141525
0.08037631958723068 0.10982572287321091
0.0801391452550888 0.09844239801168442
0.0792686715722084 0.11431677639484406
0.07916437089443207 0.1036490872502327
0.07904669642448425 0.09461325407028198
0.07873458415269852 0.08257007598876953
0.07858317345380783 0.08974350988864899
0.078517846763134 0.10412359982728958
0.07478728145360947 0.09305986762046814
0.074282206594944 0.09499519318342209
0.07414288818836212 0.0890502780675888
0.07370562106370926 0.09284504503011703
0.07302488386631012 0.07929955422878265
0.07285728305578232 0.09529489278793335
0.07263737171888351 0.08443117886781693
0.07251042127609253 0.08658318221569061
0.0704948902130127 0.0863218829035759
0.06972325593233109 0.08437712490558624
0.06857679784297943 0.07447720319032669
0.06730111688375473 0.07969356328248978
0.06579195708036423 0.07401570677757263
0.06451491266489029 0.07374012470245361
0.06277389824390411 0.09961134940385818
0.06264472007751465 0.07339110225439072
0.06088412180542946 0.08368208259344101
0.058251820504665375 0.06608419865369797
0.053859688341617584 0.058272600173950195
0.050663143396377563 0.05852844566106796
