0.1415756344795227 0.14526844024658203
0.1217186450958252 0.1528858095407486
0.10806658864021301 0.11894777417182922
0.10482814162969589 0.11425238847732544
0.10062742978334427 0.11098375171422958
0.10013266652822495 0.10391830652952194
0.09650543332099915 0.15266388654708862
0.09590505808591843 0.09908077865839005
0.09450850635766983 0.1154123842716217
0.0943523719906807 0.09773397445678711
0.09119182080030441 0.09610133618116379
0.09101635962724686 0.11133110523223877
0.09044688940048218 0.1189412847161293
0.08764225989580154 0.1026391014456749
0.08708856999874115 0.13279935717582703
0.08673089742660522 0.09134796261787415
0.0866583064198494 0.10346196591854095
0.08491270989179611 0.08918080478906631
0.08485221117734909 0.10732252150774002
0.08457184582948685 0.09944721311330795
0.08451571315526962 0.0866200402379036
0.08431559056043625 0.08558055013418198
0.08424464613199234 0.10917113721370697
0.08373886346817017 0.08760278671979904
0.0827559307217598 0.1020946204662323
0.08215145766735077 0.1090729832649231
0.08208543062210083 0.11338544636964798
0.08200610429048538 0.08283602446317673
0.08195699751377106 0.09207078814506531
0.08106958121061325 0.10022249072790146
0.08095384389162064 0.08105750381946564
0.08050039410591125 0.0819089487195015
0.08006798475980759 0.08851447701454163
0.07951303571462631 0.09069792926311493
0.07932823151350021 0.08371466398239136
0.07916398346424103 0.0803874135017395
0.07810283452272415 0.12188903242349625
0.07810211181640625 0.08223073184490204
0.07790417969226837 0.09244594722986221
0.07750490307807922 0.09618198126554489
0.07707308977842331 0.07912904769182205
0.07650820910930634 0.10011418908834457
0.07620878517627716 0.0939028263092041
0.07549171149730682 0.08279503881931305
0.07543493807315826 0.11756860464811325
0.07531092315912247 0.09018676728010178
0.07503370195627213 0.07944373041391373
0.07460231333971024 0.11569233983755112
0.07457748800516129 0.0893450677394867
0.07351528853178024 0.11194954067468643
0.07303206622600555 0.11269738525152206
0.07235116511583328 0.09190835058689117
0.07182187587022781 0.07670533657073975
0.07178755849599838 0.13193286955356598
0.07135491073131561 0.12265193462371826
0.07132584601640701 0.07781101018190384
0.0705687627196312 0.07370702177286148
0.07049582153558731 0.08277861028909683
0.07015025615692139 0.0785246342420578
0.06984241306781769 0.08186319470405579
0.06976144760847092 0.09630466252565384
0.06967056542634964 0.08551720529794693
0.06923571974039078 0.08561098575592041
0.06900708377361298 0.07368678599596024
0.06895670294761658 0.11542069166898727
0.06855880469083786 0.07122641801834106
0.06833850592374802 0.1314922422170639
0.06828083097934723 0.08175646513700485
0.06822382658720016 0.07690461724996567
0.06808008253574371 0.08408012986183167
0.06793863326311111 0.07858345657587051
0.06757943332195282 0.06987370550632477
0.067289337515831 0.06764672696590424
0.06683113425970078 0.06683791428804398
0.06610051542520523 0.09440548717975616
0.06609868258237839 0.0685262605547905
0.06604501605033875 0.0901871770620346
0.06568516045808792 0.07448737323284149
0.06551847606897354 0.07830558717250824
0.06547872722148895 0.08991947025060654
0.06509070843458176 0.07027383148670197
0.06499727070331573 0.07564502209424973
0.0649077519774437 0.07300489395856857
0.06490270048379898 0.0818074643611908
0.06470342725515366 0.08255653828382492
0.0646752342581749 0.07040783762931824
0.06431856006383896 0.08802931755781174
0.06409794092178345 0.07692855596542358
0.06399011611938477 0.06727197021245956
0.06393216550350189 0.08480254560709
0.06239785999059677 0.06423737108707428
0.062235280871391296 0.0860971212387085
0.0619492270052433 0.08041065186262131
0.061576008796691895 0.08093082159757614
0.06152300909161568 0.08942622691392899
0.06152142956852913 0.07081557810306549
0.061442308127880096 0.11143441498279572
0.06104176118969917 0.0688064694404602
0.06091776490211487 0.06200932711362839
0.06088791415095329 0.09172388166189194
0.06019507348537445 0.07723686099052429
0.05982191860675812 0.06288641691207886
0.059426650404930115 0.06549607217311859
0.059161972254514694 0.06495851278305054
0.05904407426714897 0.10914528369903564
0.05880811810493469 0.0754643976688385
0.05818454548716545 0.06347833573818207
0.05804629623889923 0.0637212023139
0.05794130638241768 0.0593598335981369
0.05769496038556099 0.11429847776889801
0.05760206654667854 0.1500290036201477
0.05738786607980728 0.06034926697611809
0.057262782007455826 0.06829983741044998
0.057237185537815094 0.05743943154811859
0.05712683126330376 0.09131475538015366
0.05704178288578987 0.15625257790088654
0.05701880529522896 0.06736211478710175
0.0569022074341774 0.08201529085636139
0.0566776879131794 0.09778665751218796
0.056657176464796066 0.05929341912269592
0.05659592151641846 0.057965029031038284
0.056552376598119736 0.057684991508722305
0.056525081396102905 0.07576935738325119
0.05569351091980934 0.06694837659597397
0.05523885414004326 0.08165263384580612
0.055129945278167725 0.07645497471094131
0.05500258132815361 0.061288006603717804
0.05477782338857651 0.05812688171863556
0.05476866289973259 0.10017198324203491
0.05473623052239418 0.056861694902181625
0.05472278222441673 0.056645289063453674
0.05472104251384735 0.11586551368236542
0.054694898426532745 0.08011350780725479
0.05421295017004013 0.06898356229066849
0.054005514830350876 0.07140195369720459
0.053983062505722046 0.054512202739715576
0.05392943322658539 0.06411305069923401
0.053244419395923615 0.0874229222536087
0.05272097513079643 0.055096566677093506
0.05209377408027649 0.05315861105918884
0.05203234404325485 0.05773366242647171
0.05198485404253006 0.08329034596681595
0.051752541214227676 0.054489362984895706
0.05147414654493332 0.06943457573652267
0.051302067935466766 0.06782954931259155
0.05084436386823654 0.06002409756183624
0.050295390188694 0.056161679327487946
0.050196416676044464 0.07502983510494232
0.04979280009865761 0.06532123684883118
0.0493539460003376 0.060358211398124695
0.04855537787079811 0.05093657597899437
0.048367924988269806 0.060687873512506485
0.0482860766351223 0.04890557751059532
0.047534968703985214 0.05449004843831062
0.04565151035785675 0.04624202474951744
0.04531627148389816 0.04552228003740311
0.044970136135816574 0.04646799713373184
0.0445442870259285 0.056157056242227554
0.043388500809669495 0.06404213607311249
0.04285570606589317 0.04957060515880585
0.042568404227495193 0.043782323598861694
0.04075154289603233 0.04590620473027229
