0.23116059601306915 0.24306543171405792
0.2136363387107849 0.22023488581180573
0.21288791298866272 0.22312594950199127
0.2040403187274933 0.2042105793952942
0.20387113094329834 0.20956651866436005
0.1995275765657425 0.21149113774299622
0.19833478331565857 0.21521005034446716
0.19446147978305817 0.19737155735492706
0.19416740536689758 0.19743885099887848
0.19092847406864166 0.23307271301746368
0.1826760470867157 0.23392565548419952
0.18249031901359558 0.18656964600086212
0.18244673311710358 0.1888180375099182
0.18148918449878693 0.191958487033844
0.17592309415340424 0.21384601294994354
0.17580492794513702 0.18437384068965912
0.17573043704032898 0.20882368087768555
0.17502333223819733 0.17709092795848846
0.17414447665214539 0.18369701504707336
0.17407406866550446 0.22636300325393677
0.17374926805496216 0.18131691217422485
0.17238964140415192 0.19336098432540894
0.17200222611427307 0.17527788877487183
0.1715208739042282 0.22253522276878357
0.17132452130317688 0.19852226972579956
0.17015686631202698 0.1879730075597763
0.16886214911937714 0.1949072629213333
0.1674933135509491 0.23792000114917755
0.16739057004451752 0.17261254787445068
0.16634541749954224 0.19999797642230988
0.16633479297161102 0.20986373722553253
0.16569174826145172 0.16598311066627502
0.16568909585475922 0.17467360198497772
0.16439592838287354 0.19453060626983643
0.1638503223657608 0.17986032366752625
0.16351217031478882 0.1975916028022766
0.163058340549469 0.1641777902841568
0.16292491555213928 0.20383323729038239
0.16267730295658112 0.18827129900455475
0.1623702496290207 0.16918282210826874
0.16107337176799774 0.23289571702480316
0.1606871485710144 0.20903699100017548
0.16056685149669647 0.16607874631881714
0.16030222177505493 0.29754403233528137
0.1602335125207901 0.17913194000720978
0.16014330089092255 0.17472204566001892
0.1592196673154831 0.16101424396038055
0.1591086983680725 0.21137692034244537
0.15907108783721924 0.20828203856945038
0.15892715752124786 0.16178442537784576
0.1584051549434662 0.1947263479232788
0.15833713114261627 0.2039128988981247
0.15803298354148865 0.16637291014194489
0.15800389647483826 0.1821531355381012
0.15779012441635132 0.20779292285442352
0.15720291435718536 0.21257323026657104
0.15715177357196808 0.1874324530363083
0.15700788795948029 0.18954890966415405
0.1568245142698288 0.17573672533035278
0.15624690055847168 0.2150537520647049
0.1561603993177414 0.23162804543972015
0.15486010909080505 0.189713716506958
0.15452203154563904 0.22753366827964783
0.15416808426380157 0.18100358545780182
0.1540229618549347 0.25830692052841187
0.15352550148963928 0.1553213745355606
0.15180297195911407 0.17672136425971985
0.15158648788928986 0.16034850478172302
0.15142381191253662 0.18030545115470886
0.1506636142730713 0.223026841878891
0.15048232674598694 0.25245240330696106
0.14977584779262543 0.25938087701797485
0.14760971069335938 0.149758979678154
0.1467881053686142 0.15907083451747894
0.14641989767551422 0.2526634931564331
0.14603810012340546 0.23543693125247955
0.14590571820735931 0.24636197090148926
0.14568006992340088 0.23056116700172424
0.1452389657497406 0.15659014880657196
0.14497725665569305 0.149485245347023
0.14466620981693268 0.16790880262851715
0.14394915103912354 0.21301378309726715
0.14384491741657257 0.23531928658485413
0.14378085732460022 0.21530339121818542
0.1428491324186325 0.19204780459403992
0.1423344761133194 0.25356894731521606
0.14169739186763763 0.1466045081615448
0.14163462817668915 0.22977271676063538
0.1415892243385315 0.1754266321659088
0.14089995622634888 0.1545737385749817
0.14034081995487213 0.214227095246315
0.14017941057682037 0.15025681257247925
0.1387474685907364 0.15784285962581635
0.13813702762126923 0.21261383593082428
0.13761475682258606 0.1700541228055954
0.13759544491767883 0.13875636458396912
0.13722151517868042 0.17266424000263214
0.13692130148410797 0.2588390111923218
0.13675843179225922 0.2589678168296814
0.1367274671792984 0.1721188724040985
0.13670113682746887 0.16467607021331787
0.1364671289920807 0.18254338204860687
0.13637390732765198 0.14440222084522247
0.1355978101491928 0.27139076590538025
0.13549579679965973 0.15525242686271667
0.1350555568933487 0.13617898523807526
0.13485684990882874 0.17446857690811157
0.13388654589653015 0.14722536504268646
0.1333489716053009 0.13668955862522125
0.1327921748161316 0.18819157779216766
0.13249951601028442 0.1539096087217331
0.13246652483940125 0.1974167674779892
0.13243268430233002 0.22243304550647736
0.13236768543720245 0.21095360815525055
0.13098005950450897 0.19351410865783691
0.1308143436908722 0.29438120126724243
0.1290828436613083 0.17609523236751556
0.12837880849838257 0.15964250266551971
0.12782862782478333 0.12916803359985352
0.12750068306922913 0.15370942652225494
0.12723246216773987 0.14552608132362366
0.12703964114189148 0.1552329659461975
0.12664619088172913 0.15686307847499847
0.1260419636964798 0.14723826944828033
0.12538599967956543 0.13804426789283752
0.12524591386318207 0.2529606223106384
0.12523318827152252 0.13792088627815247
0.1244245320558548 0.2523827850818634
0.1239209994673729 0.16865795850753784
0.12329056113958359 0.1923072785139084
0.12310825288295746 0.16504116356372833
0.12193460017442703 0.16265253722667694
0.12058094143867493 0.13136668503284454
0.12057912349700928 0.14877918362617493
0.11993896961212158 0.1226285845041275
0.11908452212810516 0.15351079404354095
0.11761629581451416 0.11940062046051025
0.11555971950292587 0.18306408822536469
0.11479885876178741 0.11685450375080109
0.11465215682983398 0.13326255977153778
0.11407659202814102 0.13351841270923615
0.1137130931019783 0.14091980457305908
0.11266636848449707 0.16904477775096893
0.11137057840824127 0.15043696761131287
0.11126229166984558 0.11374328285455704
0.11081995069980621 0.12439769506454468
0.11032711714506149 0.1232532262802124
0.10972139239311218 0.10995844006538391
0.10915818065404892 0.12058216333389282
0.10911000519990921 0.12351837754249573
0.10823547840118408 0.17862071096897125
0.10802624374628067 0.11571658402681351
0.10798666626214981 0.16865283250808716
0.10586302727460861 0.21699824929237366
0.10544217377901077 0.10682197660207748
0.10485497862100601 0.10572218149900436
0.1044776514172554 0.1390121430158615
0.10378468036651611 0.10623475164175034
0.10310258716344833 0.13158486783504486
0.1027635782957077 0.11349473148584366
0.10265342891216278 0.10515847057104111
0.10259255021810532 0.10393505543470383
0.10241960734128952 0.1293802559375763
0.10232029855251312 0.1422494500875473
0.10123763233423233 0.12480652332305908
0.09990057349205017 0.17147265374660492
0.09951625764369965 0.11686423420906067
0.09866250306367874 0.13005487620830536
0.09597249329090118 0.13075216114521027
0.09564488381147385 0.1107737272977829
0.09403073042631149 0.10124390572309494
0.09388426691293716 0.14996419847011566
0.0936100110411644 0.11760017275810242
0.0931742861866951 0.11271800100803375
0.09134256839752197 0.10145692527294159
0.08884125202894211 0.10476773232221603
0.0877234935760498 0.0946938693523407
0.08736308664083481 0.0962827056646347
0.0863734632730484 0.0873403400182724
0.08584479987621307 0.09589606523513794
0.08528758585453033 0.09309729933738708
0.08479572087526321 0.09432333707809448
0.08473658561706543 0.09045715630054474
0.08326568454504013 0.08804621547460556
0.0816742405295372 0.10831590741872787
0.08037430793046951 0.0953860804438591
0.0803084746003151 0.09301720559597015
0.0802789032459259 0.10623940825462341
