0.3284306824207306 0.36059311032295227
0.32202476263046265 0.3521476686000824
0.3114580810070038 0.33966878056526184
0.3036849796772003 0.31553614139556885
0.2972712516784668 0.29738491773605347
0.2853732407093048 0.293864369392395
0.28270822763442993 0.3337218761444092
0.27227985858917236 0.29374179244041443
0.26598215103149414 0.2693106234073639
0.26592278480529785 0.269767165184021
0.26354578137397766 0.2654559314250946
0.2594313323497772 0.271054744720459
0.25840792059898376 0.2926921248435974
0.251938134431839 0.29966282844543457
0.25099214911460876 0.26942524313926697
0.25071442127227783 0.26018932461738586
0.24851401150226593 0.251796692609787
0.24663680791854858 0.2791215181350708
0.24625316262245178 0.2644084095954895
0.2443310171365738 0.251873254776001
0.2398277074098587 0.2610075771808624
0.23735253512859344 0.2665887176990509
0.2356971949338913 0.258918434381485
0.2320641279220581 0.2755088806152344
0.23081593215465546 0.27229443192481995
0.22951775789260864 0.24377550184726715
0.22835294902324677 0.2680019736289978
0.22816915810108185 0.2867927849292755
0.22796621918678284 0.26018932461738586
0.2268708050251007 0.23350438475608826
0.22394044697284698 0.23685574531555176
0.222457155585289 0.22970381379127502
0.221181258559227 0.22904472053050995
0.22059039771556854 0.2323671132326126
0.22037573158740997 0.2240227311849594
0.21957552433013916 0.22281859815120697
0.21955008804798126 0.3124540150165558
0.21851158142089844 0.24692831933498383
0.21563518047332764 0.21985378861427307
0.21521061658859253 0.24875153601169586
0.2150598168373108 0.22856977581977844
0.21417021751403809 0.21804670989513397
0.2131333202123642 0.26071998476982117
0.21138769388198853 0.262935072183609
0.21120402216911316 0.27730560302734375
0.20975275337696075 0.2475123405456543
0.2094133496284485 0.2781066298484802
0.2088771015405655 0.29010680317878723
0.20852550864219666 0.28113850951194763
0.20806558430194855 0.21442660689353943
0.2078181952238083 0.22916926443576813
0.20744024217128754 0.21692584455013275
0.20310941338539124 0.20477811992168427
0.20245949923992157 0.2538644075393677
0.20047864317893982 0.2606545686721802
0.2003023773431778 0.30558860301971436
0.19912783801555634 0.19925715029239655
0.19629260897636414 0.2533286511898041
0.1952287256717682 0.2672039270401001
0.19421179592609406 0.22911477088928223
0.193827286362648 0.28756752610206604
0.1935742199420929 0.2329939752817154
0.19352787733078003 0.27747249603271484
0.19311855733394623 0.2102261632680893
0.19196763634681702 0.19643069803714752
0.19170987606048584 0.20589274168014526
0.191380113363266 0.19385671615600586
0.19102013111114502 0.19558048248291016
0.18948626518249512 0.19107046723365784
0.189250648021698 0.2879592478275299
0.18922147154808044 0.2617799937725067
0.187907412648201 0.1906280815601349
0.1877567321062088 0.19316306710243225
0.18753665685653687 0.22449684143066406
0.18749219179153442 0.2781413793563843
0.18696296215057373 0.18749156594276428
0.1859823316335678 0.2175976186990738
0.18582744896411896 0.222898468375206
0.18429207801818848 0.295240581035614
0.18414749205112457 0.19121651351451874
0.18201351165771484 0.1822482794523239
0.179306298494339 0.1795884370803833
0.17915502190589905 0.25960835814476013
0.17876273393630981 0.2066468745470047
0.17873448133468628 0.17976732552051544
0.17850607633590698 0.18202313780784607
0.17837680876255035 0.18211904168128967
0.1783536970615387 0.19559122622013092
0.1776438057422638 0.18273770809173584
0.17762114107608795 0.19305716454982758
0.17699211835861206 0.20322053134441376
0.17443613708019257 0.18457336723804474
0.17409709095954895 0.18798285722732544
0.1737661361694336 0.17998825013637543
0.17306101322174072 0.19449758529663086
0.1727943867444992 0.1758023500442505
0.1724987030029297 0.2968551516532898
0.171695277094841 0.22046713531017303
0.17158973217010498 0.18011601269245148
0.17131973803043365 0.18550638854503632
0.16999365389347076 0.17528136074543
0.16878840327262878 0.20343339443206787
0.16839349269866943 0.2901400625705719
0.1680874228477478 0.19964538514614105
0.16735120117664337 0.26987072825431824
0.1671968251466751 0.18729427456855774
0.16607533395290375 0.18193580210208893
0.16602247953414917 0.17996737360954285
0.165994331240654 0.1728612333536148
0.16393974423408508 0.17095255851745605
0.16297084093093872 0.2078649401664734
0.16214683651924133 0.19951288402080536
0.16197052597999573 0.18140068650245667
0.16194596886634827 0.16661933064460754
0.16117748618125916 0.16976134479045868
0.16075491905212402 0.178984135389328
0.1607518196105957 0.16674000024795532
0.16043876111507416 0.1680496484041214
0.16027118265628815 0.19596044719219208
0.15950071811676025 0.16590739786624908
0.15930096805095673 0.16979879140853882
0.15907923877239227 0.2126331329345703
0.1589796394109726 0.1718139946460724
0.15870141983032227 0.20550119876861572
0.1584428995847702 0.16708005964756012
0.15759973227977753 0.19880105555057526
0.15724946558475494 0.2034909874200821
0.15693111717700958 0.17240837216377258
0.15639683604240417 0.2314900904893875
0.15610457956790924 0.17113186419010162
0.15587569773197174 0.22305087745189667
0.15573503077030182 0.2092721313238144
0.15329666435718536 0.1587255299091339
0.15261630713939667 0.17212165892124176
0.1522406041622162 0.156447634100914
0.15210817754268646 0.16167545318603516
0.15177103877067566 0.16423921287059784
0.15122945606708527 0.16089919209480286
0.1508757770061493 0.20228025317192078
0.15077635645866394 0.29051104187965393
0.14867717027664185 0.18780337274074554
0.14841829240322113 0.18526312708854675
0.14796005189418793 0.1725292205810547
0.14790451526641846 0.17518524825572968
0.14757882058620453 0.1529010683298111
0.14734767377376556 0.1540500968694687
0.1473471224308014 0.15346072614192963
0.14614278078079224 0.16711965203285217
0.1459856927394867 0.22299019992351532
0.1456490308046341 0.1679711490869522
0.1455702781677246 0.17573025822639465
0.14460821449756622 0.2044556885957718
0.144382506608963 0.17412954568862915
0.14389997720718384 0.1675027310848236
0.14345234632492065 0.2540048658847809
0.14204144477844238 0.15120944380760193
0.14178283512592316 0.1752409189939499
0.1416696459054947 0.15249909460544586
0.14097391068935394 0.16029472649097443
0.1407976597547531 0.1790425330400467
0.1402791291475296 0.16493624448776245
0.14018860459327698 0.14667241275310516
0.1400270015001297 0.15373921394348145
0.13944488763809204 0.15090245008468628
0.13900166749954224 0.2022823691368103
0.1386662721633911 0.15896645188331604
0.13837797939777374 0.1614421159029007
0.1379082351922989 0.14258651435375214
0.13738346099853516 0.18171186745166779
0.13709458708763123 0.16572974622249603
0.13629867136478424 0.16059386730194092
0.13562758266925812 0.18738941848278046
0.13448551297187805 0.14026549458503723
0.13425271213054657 0.14291679859161377
0.13420996069908142 0.16731809079647064
0.13375099003314972 0.13906484842300415
0.1328883022069931 0.20383146405220032
0.13189898431301117 0.16515985131263733
0.13185398280620575 0.13808970153331757
0.13155938684940338 0.14515160024166107
0.13127076625823975 0.154924675822258
0.13112133741378784 0.1593945473432541
0.13026824593544006 0.13820506632328033
0.13025006651878357 0.1657099723815918
0.12978723645210266 0.1986054629087448
0.1293872892856598 0.15020781755447388
0.12826263904571533 0.13842599093914032
0.12816523015499115 0.15056243538856506
0.1276165246963501 0.15045756101608276
0.1273638755083084 0.13176076114177704
0.12517356872558594 0.12674367427825928
0.12448222935199738 0.15102216601371765
0.12377980351448059 0.13174664974212646
0.12361111491918564 0.17015813291072845
0.1231430172920227 0.13304691016674042
0.12313880771398544 0.16296006739139557
0.12172646075487137 0.15369224548339844
0.12051583081483841 0.13854333758354187
0.11858145147562027 0.16355378925800323
0.118315190076828 0.12186768651008606
0.11830226331949234 0.13055424392223358
0.11791666597127914 0.12803338468074799
0.11763575673103333 0.1424119472503662
0.11672887206077576 0.129944309592247
0.11537935584783554 0.12068446725606918
0.11533462256193161 0.11733955144882202
0.11378715932369232 0.19816286861896515
0.11159522831439972 0.23277971148490906
0.11130771785974503 0.24779552221298218
0.11082214117050171 0.11635811626911163
0.11070210486650467 0.12377314269542694
0.10910892486572266 0.12647968530654907
0.10892108082771301 0.1119571104645729
0.10721896588802338 0.12389490753412247
0.1069536954164505 0.1363728642463684
0.10679899901151657 0.11652732640504837
0.10671438276767731 0.1095941960811615
0.10615430027246475 0.11735851317644119
0.1053863987326622 0.10870073735713959
0.10525655001401901 0.10673017054796219
0.10247967392206192 0.1234988421201706
0.10235084593296051 0.17405565083026886
0.10167858749628067 0.11133546382188797
0.10030759125947952 0.1384115368127823
0.09784997999668121 0.1031661331653595
0.09627534449100494 0.12206510454416275
0.09534109383821487 0.10882703959941864
0.09385035932064056 0.0959596112370491
0.09172996133565903 0.091818667948246
0.09093134850263596 0.11062078177928925
0.08338938653469086 0.09540041536092758
