0.10553763806819916 0.11234012246131897
0.1002260223031044 0.1006680503487587
0.09645973891019821 0.0989004597067833
0.0962434634566307 0.10998313874006271
0.09096632152795792 0.09834783524274826
0.08974001556634903 0.10011233389377594
0.08738995343446732 0.08946992456912994
0.08641508966684341 0.10661235451698303
0.08561920374631882 0.09077657759189606
0.08428314328193665 0.11627627164125443
0.08344760537147522 0.11935397237539291
0.08327959477901459 0.08425833284854889
0.08276493102312088 0.08975134044885635
0.08200133591890335 0.08755835890769958
0.0818902775645256 0.08338390290737152
0.08077042549848557 0.09431052207946777
0.07995987683534622 0.08706046640872955
0.0797349214553833 0.1025405079126358
0.07892768085002899 0.0855923518538475
0.07840506732463837 0.08926704525947571
0.07827944308519363 0.08807893097400665
0.07714483141899109 0.0888412669301033
0.0769326463341713 0.11640123277902603
0.07693208754062653 0.0789806917309761
0.07679343223571777 0.0773862898349762
0.07636820524930954 0.08388898521661758
0.07545317709445953 0.08323477953672409
0.07531604170799255 0.08161528408527374
0.0748218446969986 0.08235768973827362
0.07472311705350876 0.07917561382055283
0.07455969601869583 0.10157084465026855
0.07396432757377625 0.12193598598241806
0.07296663522720337 0.08273717015981674
0.07282382994890213 0.07436949759721756
0.07225780934095383 0.07297640293836594
0.07193519920110703 0.08589907735586166
0.0718730166554451 0.11926143616437912
0.07149491459131241 0.10323847085237503
0.07140608876943588 0.08757150918245316
0.07132221758365631 0.08122234791517258
0.07079627364873886 0.08453184366226196
0.070402130484581 0.0706300437450409
0.07000362873077393 0.0814874917268753
0.06974868476390839 0.07227247208356857
0.06853065639734268 0.09087762981653214
0.06833519041538239 0.09504728764295578
0.06826227903366089 0.07334467023611069
0.06803036481142044 0.07244671881198883
0.06798170506954193 0.07409863919019699
0.06784246116876602 0.09774691611528397
0.06694462150335312 0.06778046488761902
0.06693228334188461 0.0800597220659256
0.06603378057479858 0.08333786576986313
0.06585954874753952 0.09978213906288147
0.06571874767541885 0.08223425596952438
0.06510626524686813 0.08245516568422318
0.06505554169416428 0.10071701556444168
0.06489009410142899 0.06540562212467194
0.06424776464700699 0.06701944768428802
0.06417025625705719 0.0658867210149765
0.06415354460477829 0.0694856271147728
0.06364162266254425 0.06441529095172882
0.06360584497451782 0.06940098106861115
0.06310024112462997 0.06468582898378372
0.06287628412246704 0.07276131212711334
0.06284688413143158 0.07691700011491776
0.06247837468981743 0.11268392205238342
0.06200546771287918 0.08690647035837173
0.061998676508665085 0.07892397046089172
0.06184494122862816 0.0729936882853508
0.06182393804192543 0.0651884600520134
0.06182359904050827 0.09283854812383652
0.06166021153330803 0.07777673006057739
0.06147594749927521 0.09862814098596573
0.06138387694954872 0.07807959616184235
0.06113388389348984 0.06604781001806259
0.06090985983610153 0.06438503414392471
0.060354433953762054 0.07061441242694855
0.05969611182808876 0.06221381202340126
0.059683896601200104 0.09311088919639587
0.05957375839352608 0.06830579042434692
0.05956577882170677 0.06678856164216995
0.059244249016046524 0.0611281543970108
0.05872505530714989 0.08069604635238647
0.0586441345512867 0.06739027798175812
0.05841268226504326 0.07099990546703339
0.0579763725399971 0.07409999519586563
0.05792127549648285 0.07404029369354248
0.05780252441763878 0.07964999228715897
0.05775456875562668 0.062168050557374954
0.05741420015692711 0.06425435096025467
0.05728200823068619 0.06970425695180893
0.057037562131881714 0.0969671830534935
0.0568094365298748 0.05686359852552414
0.056766729801893234 0.062433358281850815
0.05668655037879944 0.06276438385248184
0.0565311498939991 0.06497090309858322
0.05635891109704971 0.06054152920842171
0.05592034012079239 0.09826994687318802
0.05589980632066727 0.10708095133304596
0.055694036185741425 0.05860544368624687
0.055666234344244 0.06557654589414597
0.05553664639592171 0.05628027766942978
0.055505529046058655 0.09823942929506302
0.05537373200058937 0.060809727758169174
0.05491054058074951 0.06894224882125854
0.054610297083854675 0.08602645248174667
0.054542865604162216 0.07518285512924194
0.054480042308568954 0.06014113873243332
0.05443759635090828 0.05681027099490166
0.05428885668516159 0.06690588593482971
0.054207541048526764 0.06567814946174622
0.053701478987932205 0.08419645577669144
0.05348137766122818 0.12832120060920715
0.053457099944353104 0.059256862848997116
0.0533939003944397 0.06981487572193146
0.05335473269224167 0.054613105952739716
0.052991487085819244 0.05358484759926796
0.052929967641830444 0.05699428543448448
0.05292068049311638 0.06199362501502037
0.05279770493507385 0.06998907774686813
0.05279635637998581 0.06996135413646698
0.05255397409200668 0.0705796629190445
0.052266817539930344 0.0893917828798294
0.05196666717529297 0.06121703237295151
0.051805295050144196 0.0688987597823143
0.051531217992305756 0.062316760420799255
0.05093345418572426 0.07844696193933487
0.050745848566293716 0.05968015640974045
0.05068589374423027 0.10048765689134598
0.05068166181445122 0.06667018681764603
0.05043506249785423 0.07920578867197037
0.04997580125927925 0.075262650847435
0.04994814842939377 0.05386139079928398
0.049754753708839417 0.05552626773715019
0.049695294350385666 0.05458290874958038
0.0496196448802948 0.05281374230980873
0.04898616299033165 0.050185393542051315
0.0485292449593544 0.054115090519189835
0.04847733676433563 0.05699596181511879
0.04833202809095383 0.04870349168777466
0.04824939742684364 0.05107296630740166
0.04775160178542137 0.05698710307478905
0.04751379042863846 0.05973542854189873
0.04726787656545639 0.05484018847346306
0.047223012894392014 0.05614224076271057
0.04704340174794197 0.0484367199242115
0.047028277069330215 0.058521419763565063
0.04692322760820389 0.06401999294757843
0.04636545479297638 0.04865788295865059
0.04611342027783394 0.050832271575927734
0.04610627144575119 0.06471498310565948
0.046012766659259796 0.046448174864053726
0.04586160182952881 0.04661503806710243
0.04581831023097038 0.051564160734415054
0.04534338787198067 0.05694810301065445
0.04523405060172081 0.05703720450401306
0.044974301010370255 0.05046183615922928
0.044677216559648514 0.04663468152284622
0.04457807168364525 0.05334259942173958
0.04449083283543587 0.04839831590652466
0.04442550614476204 0.0483495369553566
0.0440998338162899 0.049179453402757645
0.04401165992021561 0.05507378652691841
0.043195415288209915 0.05401666462421417
0.043115269392728806 0.05078255757689476
0.0425998754799366 0.04749240353703499
0.03991447761654854 0.043370991945266724
0.0394708551466465 0.05304615944623947
0.039072055369615555 0.04606108367443085
0.038550376892089844 0.04313478618860245
0.03787875175476074 0.04032642021775246
