0.3033749461174011 0.3236246705055237
0.28505581617355347 0.29706621170043945
0.28049007058143616 0.2939153015613556
0.27541086077690125 0.3168778419494629
0.2644379734992981 0.3015722632408142
0.2537154257297516 0.2722351849079132
0.23091936111450195 0.33567649126052856
0.2285642772912979 0.33457791805267334
0.20642885565757751 0.24674969911575317
0.2045699506998062 0.20581811666488647
0.20443792641162872 0.2116818130016327
0.1857597380876541 0.23330926895141602
0.17782428860664368 0.18993206322193146
0.15128101408481598 0.18225295841693878
0.13744781911373138 0.14610543847084045
0.1326165795326233 0.13313807547092438
0.1288798749446869 0.15700463950634003
0.12401198595762253 0.15404602885246277
0.11971573531627655 0.1283300518989563
0.11238506436347961 0.11723495274782181
0.1114925891160965 0.11953243613243103
0.1082494780421257 0.11624131351709366
0.10791172832250595 0.11086347699165344
0.10577860474586487 0.11476084589958191
0.10535255074501038 0.11644447594881058
0.10267343372106552 0.10901738703250885
0.1013982817530632 0.10676249861717224
0.09515947848558426 0.11457343399524689
0.0919557735323906 0.10005445033311844
0.09063445776700974 0.120958112180233
0.08941874653100967 0.11153004318475723
0.08645207434892654 0.09226986020803452
0.0823734775185585 0.09331077337265015
0.08203089237213135 0.08913379907608032
0.08130218088626862 0.09502599388360977
0.07967228442430496 0.0961974561214447
0.07943642884492874 0.09602303057909012
0.07921843975782394 0.07923378795385361
0.07897137105464935 0.10253740102052689
0.07874525338411331 0.08050317317247391
0.07665906101465225 0.07896960526704788
0.07563934475183487 0.09647971391677856
0.07291554659605026 0.07867398858070374
0.0722564235329628 0.08361653238534927
0.07180574536323547 0.07914579659700394
0.07050246000289917 0.0847359150648117
0.07048076391220093 0.07101254910230637
0.06844892352819443 0.08047459274530411
0.06835471838712692 0.07161130011081696
0.06786885112524033 0.06834863126277924
0.06777405738830566 0.08940698951482773
0.0677698403596878 0.08432666212320328
0.06775280088186264 0.06953885406255722
0.0674041137099266 0.08652134239673615
0.06678588688373566 0.07167948782444
0.0665736049413681 0.10871495306491852
0.0660739466547966 0.07557933032512665
0.0646342933177948 0.08574918657541275
0.0639464259147644 0.07095672190189362
0.06386303901672363 0.08876810222864151
0.06383801996707916 0.07900439947843552
0.06362743675708771 0.08358975499868393
0.06229960918426514 0.06694822013378143
0.06150870397686958 0.07460428029298782
0.06138874590396881 0.06678957492113113
0.06120840460062027 0.06940542906522751
0.0611674003303051 0.0625106543302536
0.060455698519945145 0.11893366277217865
0.059991445392370224 0.06343585252761841
0.05973814055323601 0.06295587867498398
0.059717558324337006 0.0632285475730896
0.059403568506240845 0.06441432982683182
0.059234924614429474 0.06602653115987778
0.05921497941017151 0.06986390054225922
0.05838901922106743 0.06337970495223999
0.058029934763908386 0.06300406157970428
0.05801410973072052 0.07426523417234421
0.05683669447898865 0.06501206755638123
0.05622747167944908 0.07593567669391632
0.05528645217418671 0.06609144061803818
0.05501997843384743 0.057399678975343704
0.05472080036997795 0.061889298260211945
0.05458054691553116 0.06345325708389282
0.05427898094058037 0.08809502422809601
0.05412020906805992 0.06277947872877121
0.05405079945921898 0.08063166588544846
0.053722213953733444 0.06621198356151581
0.05337068438529968 0.054233964532613754
0.05180398002266884 0.054592397063970566
0.05177183449268341 0.052685581147670746
0.05121559277176857 0.060078006237745285
0.0511552095413208 0.07418905943632126
0.05069425329566002 0.06575834006071091
0.050135537981987 0.05313149467110634
0.049886539578437805 0.05146677419543266
0.049209363758563995 0.060074642300605774
0.04884869605302811 0.05733538419008255
0.04822733253240585 0.05004009231925011
0.046350035816431046 0.04753245413303375
0.04573177918791771 0.0674685388803482
0.04450877383351326 0.11596697568893433
0.04447319731116295 0.056900154799222946
0.044320013374090195 0.04518156871199608
0.043692510575056076 0.048827726393938065
0.0434945747256279 0.06360303610563278
0.043109409511089325 0.046763867139816284
0.04133837670087814 0.04797372967004776
0.04003467783331871 0.044700756669044495
0.039481233805418015 0.04609767347574234
0.03648823872208595 0.0432862751185894
0.035720162093639374 0.04131156951189041
0.03388700634241104 0.03682809695601463
0.02824339084327221 0.0389069989323616
