0.16279980540275574 0.16767288744449615
0.16253800690174103 0.17443250119686127
0.157810240983963 0.16951562464237213
0.1550091803073883 0.15564057230949402
0.15296486020088196 0.16691024601459503
0.15066467225551605 0.15167219936847687
0.15007629990577698 0.16204942762851715
0.14950613677501678 0.19024676084518433
0.14832942187786102 0.15278753638267517
0.14784063398838043 0.1819559633731842
0.14746315777301788 0.165256530046463
0.1402292102575302 0.14189712703227997
0.13601848483085632 0.14994965493679047
0.13403113186359406 0.17643548548221588
0.13303713500499725 0.1332874447107315
0.1329852193593979 0.14609821140766144
0.1322602927684784 0.13511405885219574
0.13128577172756195 0.13852159678936005
0.13073745369911194 0.1325400471687317
0.1306404024362564 0.14247266948223114
0.1300319880247116 0.13945725560188293
0.12948094308376312 0.1323946863412857
0.12782961130142212 0.13737982511520386
0.1259451061487198 0.12879636883735657
0.12569975852966309 0.12835578620433807
0.12487966567277908 0.17220386862754822
0.12311150878667831 0.1795022338628769
0.12262701988220215 0.1476924568414688
0.12200143933296204 0.1267727017402649
0.12198390811681747 0.14664094150066376
0.12176670879125595 0.14271382987499237
0.12153056263923645 0.13312432169914246
0.12091799825429916 0.15222078561782837
0.11954426020383835 0.12060930579900742
0.11922493577003479 0.13793052732944489
0.11921682953834534 0.16257353127002716
0.1182590201497078 0.12272221595048904
0.11794676631689072 0.14672988653182983
0.11790287494659424 0.1777690201997757
0.11766652017831802 0.1278325766324997
0.11675672233104706 0.1595250815153122
0.1167224645614624 0.12009812146425247
0.11566969007253647 0.11784107983112335
0.11518238484859467 0.1531953364610672
0.11489901691675186 0.1267826110124588
0.11469670385122299 0.1544288843870163
0.11467389017343521 0.13690510392189026
0.1145564466714859 0.17262181639671326
0.11399784684181213 0.18039098381996155
0.11397316306829453 0.11544488370418549
0.11266815662384033 0.11317291855812073
0.11213373392820358 0.14251652359962463
0.11203547567129135 0.1293938159942627
0.11132393777370453 0.123595230281353
0.11128208786249161 0.12711286544799805
0.11121384054422379 0.12777522206306458
0.11107619851827621 0.2220860868692398
0.11086542159318924 0.13156253099441528
0.11082518845796585 0.16083088517189026
0.11077902466058731 0.11832918971776962
0.11068113893270493 0.11429083347320557
0.11054932326078415 0.12356316298246384
0.11050605028867722 0.14664216339588165
0.10961460322141647 0.11064823716878891
0.10947378724813461 0.13630327582359314
0.10909736156463623 0.11197654902935028
0.10894235968589783 0.1335461139678955
0.10863551497459412 0.12195964902639389
0.10858169198036194 0.1260266900062561
0.10856765508651733 0.1275484710931778
0.10821940004825592 0.11046887934207916
0.10781574994325638 0.12009939551353455
0.10753925889730453 0.12252499163150787
0.10724720358848572 0.13874413073062897
0.10713880509138107 0.10855671018362045
0.1071009710431099 0.10819791257381439
0.10675002634525299 0.13564781844615936
0.10669351369142532 0.14341746270656586
0.10660164803266525 0.11226638406515121
0.1065976619720459 0.13768957555294037
0.10616698861122131 0.13402196764945984
0.10577164590358734 0.1235852763056755
0.10564117878675461 0.142624169588089
0.10506105422973633 0.1203371211886406
0.10488709807395935 0.17366129159927368
0.10345635563135147 0.11544632911682129
0.1034429594874382 0.12139345705509186
0.1034265011548996 0.12526872754096985
0.10315763205289841 0.10701292753219604
0.10313212871551514 0.11498840153217316
0.10277362167835236 0.11965357512235641
0.10213285684585571 0.18236508965492249
0.1019793450832367 0.1494470238685608
0.10196731984615326 0.19237878918647766
0.1014559417963028 0.12462979555130005
0.10131476074457169 0.16988810896873474
0.1012694388628006 0.10918430984020233
0.1012549176812172 0.1132408156991005
0.10120300948619843 0.12163395434617996
0.1011812686920166 0.11633823812007904
0.10106418281793594 0.10473344475030899
0.10100644081830978 0.11327118426561356
0.10095348954200745 0.11644558608531952
0.10095180571079254 0.16106687486171722
0.10049755871295929 0.10142475366592407
0.10024356096982956 0.11683766543865204
0.10020234435796738 0.11959292739629745
0.10019058734178543 0.10267207771539688
0.10017706453800201 0.1036841943860054
0.10016714781522751 0.10833608359098434
0.09993694722652435 0.19334807991981506
0.09987261146306992 0.10091777890920639
0.09917560964822769 0.16567587852478027
0.09889788925647736 0.19523346424102783
0.09887272864580154 0.09956051409244537
0.09865952283143997 0.1224142387509346
0.09841587394475937 0.20393989980220795
0.0984034538269043 0.13969893753528595
0.09839887917041779 0.1141732782125473
0.09809473901987076 0.1425439566373825
0.09787152707576752 0.10028526932001114
0.09781640768051147 0.12023507058620453
0.09774506837129593 0.13958653807640076
0.09752509742975235 0.10244068503379822
0.0975053682923317 0.12549173831939697
0.09687938541173935 0.1552390456199646
0.09686524420976639 0.12710773944854736
0.09671104699373245 0.18935391306877136
0.09631472080945969 0.10648849606513977
0.09576377272605896 0.1258517950773239
0.09562007337808609 0.09853759407997131
0.09483065456151962 0.10447824746370316
0.09482776373624802 0.09917493909597397
0.09462403506040573 0.09697585552930832
0.09458278119564056 0.13098561763763428
0.09445890039205551 0.15844155848026276
0.09412439912557602 0.14229021966457367
0.09411735087633133 0.09743063151836395
0.0938030406832695 0.10119777917861938
0.09307144582271576 0.11248770356178284
0.09299805760383606 0.10795769840478897
0.09298518300056458 0.16003629565238953
0.09269077330827713 0.10724857449531555
0.09228954464197159 0.09559804946184158
0.09225571900606155 0.09601151943206787
0.09196534007787704 0.10726137459278107
0.09186708927154541 0.10094471275806427
0.09141658991575241 0.11862193048000336
0.09126517921686172 0.10244068503379822
0.09083887189626694 0.09666185081005096
0.09067919105291367 0.10999314486980438
0.0903882160782814 0.1137315034866333
0.08967573195695877 0.09043653309345245
0.0887206569314003 0.1052292138338089
0.08838170021772385 0.17739710211753845
0.08821987360715866 0.10150077193975449
0.08810117095708847 0.10589496791362762
0.08783670514822006 0.09795892983675003
0.08734455704689026 0.10975902527570724
0.08724943548440933 0.12690827250480652
0.08648873120546341 0.09111563116312027
0.086197130382061 0.09605515003204346
0.08608899265527725 0.09929424524307251
0.0860862135887146 0.10143651068210602
0.0856991559267044 0.10913869738578796
0.08526403456926346 0.1323874592781067
0.08513185381889343 0.12179399281740189
0.08501674979925156 0.11570846289396286
0.08456596732139587 0.08489596843719482
0.08418167382478714 0.14431555569171906
0.08363945037126541 0.0948018729686737
0.08353094011545181 0.10385347902774811
0.08350107073783875 0.08515369892120361
0.08335622400045395 0.08412210643291473
0.08246757090091705 0.08604923635721207
0.08190081268548965 0.11589857935905457
0.08170759677886963 0.09095069766044617
0.0816836729645729 0.08214480429887772
0.0812748447060585 0.0983102023601532
0.08112368732690811 0.0969025120139122
0.08067312091588974 0.10313151031732559
0.08007219433784485 0.08240721374750137
0.07992205768823624 0.08705945312976837
0.07979217171669006 0.08254698663949966
0.079279825091362 0.08004701882600784
0.07880591601133347 0.08190230280160904
0.07879438996315002 0.08101145923137665
0.07872549444437027 0.09335217624902725
0.07861196994781494 0.08462105691432953
0.07800695300102234 0.08330138027667999
0.07772105187177658 0.08594746887683868
0.07688192278146744 0.09047754853963852
0.07651596516370773 0.0803193598985672
0.07542003691196442 0.07845386117696762
0.07512040436267853 0.07980304956436157
0.07471875101327896 0.08420902490615845
0.07469470798969269 0.08082179725170135
0.07352760434150696 0.0858473926782608
0.07340720295906067 0.09365786612033844
0.07338377088308334 0.07366709411144257
0.07167275995016098 0.07850028574466705
0.07148358970880508 0.09422341734170914
0.06881501525640488 0.07349687069654465
0.06865791231393814 0.07231681048870087
0.06855086982250214 0.06994777172803879
0.06831447780132294 0.07594761252403259
0.0658971294760704 0.06600503623485565
0.06263340264558792 0.07613369822502136
