0.39832696318626404 0.4007812440395355
0.3837169408798218 0.39866065979003906
0.37117576599121094 0.3750632107257843
0.36891958117485046 0.374937504529953
0.3674565851688385 0.37576955556869507
0.19001205265522003 0.20256002247333527
0.18756933510303497 0.2078634351491928
0.1856278032064438 0.18677736818790436
0.17621763050556183 0.19261984527111053
0.17214910686016083 0.1731647104024887
0.16451624035835266 0.17967428267002106
0.16412685811519623 0.17697562277317047
0.16219718754291534 0.17502593994140625
0.16172267496585846 0.17171956598758698
0.15666228532791138 0.16144956648349762
0.15417155623435974 0.17842307686805725
0.1536014825105667 0.17909686267375946
0.15215127170085907 0.16101615130901337
0.15110352635383606 0.17424723505973816
0.14914532005786896 0.15124820172786713
0.14821091294288635 0.15144620835781097
0.1474655568599701 0.15741512179374695
0.14659172296524048 0.15294435620307922
0.14516431093215942 0.14788910746574402
0.14409615099430084 0.16213463246822357
0.14130830764770508 0.14513950049877167
0.14099307358264923 0.16005253791809082
0.14071525633335114 0.1444016844034195
0.13826987147331238 0.14219626784324646
0.13768741488456726 0.15431883931159973
0.13671909272670746 0.14509327709674835
0.1355646550655365 0.15894657373428345
0.1329871416091919 0.16603483259677887
0.13227270543575287 0.16917109489440918
0.13010218739509583 0.14265470206737518
0.12929672002792358 0.1573716253042221
0.12866972386837006 0.19244427978992462
0.12768881022930145 0.20702147483825684
0.12730984389781952 0.13240894675254822
0.12690328061580658 0.14075009524822235
0.12684229016304016 0.14549683034420013
0.12647634744644165 0.18661105632781982
0.1264570951461792 0.13026952743530273
0.12573282420635223 0.16822513937950134
0.12530197203159332 0.17684435844421387
0.12277345359325409 0.14739803969860077
0.12242306023836136 0.12862899899482727
0.12211962789297104 0.17790284752845764
0.1217930018901825 0.1507723480463028
0.12168314307928085 0.14236606657505035
0.12133968621492386 0.16098825633525848
0.12130365520715714 0.15871992707252502
0.12072344124317169 0.1571493148803711
0.12058182060718536 0.18056975305080414
0.12003528326749802 0.1519177407026291
0.11987976729869843 0.17879927158355713
0.11986882984638214 0.13783694803714752
0.1195104643702507 0.13761067390441895
0.11899343878030777 0.14476795494556427
0.11858206987380981 0.13854758441448212
0.11851713806390762 0.15724121034145355
0.11779360473155975 0.15265150368213654
0.11773497611284256 0.137270987033844
0.11717851459980011 0.19585314393043518
0.1166514903306961 0.12869878113269806
0.11642912775278091 0.13033680617809296
0.11593522131443024 0.13995787501335144
0.11554140597581863 0.14673039317131042
0.11518727988004684 0.1473020315170288
0.11460485309362411 0.12625066936016083
0.11455435305833817 0.14985892176628113
0.11438807100057602 0.13352501392364502
0.11421448737382889 0.12375351041555405
0.11401091516017914 0.22256724536418915
0.11384683847427368 0.12097565084695816
0.11323270201683044 0.1278570145368576
0.11302253603935242 0.13079127669334412
0.11289820075035095 0.1558985859155655
0.11205708235502243 0.11340492963790894
0.11173995584249496 0.20881082117557526
0.11141835153102875 0.17279815673828125
0.11138872802257538 0.13749366998672485
0.11131211370229721 0.1339961290359497
0.11118514835834503 0.11169277131557465
0.11094958335161209 0.11883547157049179
0.11075074225664139 0.15848411619663239
0.11067885160446167 0.12382405251264572
0.11053028702735901 0.22848153114318848
0.1104215681552887 0.19292379915714264
0.11012829840183258 0.16808462142944336
0.1100778579711914 0.1775035858154297
0.10995854437351227 0.1715715527534485
0.10993017256259918 0.11409596353769302
0.10973969846963882 0.11677222698926926
0.1088424101471901 0.20579396188259125
0.10860361158847809 0.1606014370918274
0.10852905362844467 0.11396040767431259
0.10849440842866898 0.12414641678333282
0.1084701269865036 0.10935096442699432
0.10723266750574112 0.1236257255077362
0.10722768306732178 0.1226339042186737
0.10716709494590759 0.13354064524173737
0.10678231716156006 0.11209380626678467
0.10668914765119553 0.11337576806545258
0.10633449256420135 0.24856401979923248
0.10624322295188904 0.11016638576984406
0.1059645563364029 0.17422592639923096
0.10483938455581665 0.11698754131793976
0.10481549054384232 0.14568883180618286
0.10449598729610443 0.11248880624771118
0.10435061156749725 0.10452071577310562
0.10429943352937698 0.12949393689632416
0.10294283181428909 0.10801652073860168
0.10287746042013168 0.2646295130252838
0.10207106173038483 0.16374243795871735
0.10066919028759003 0.1763046234846115
0.10062795877456665 0.13905946910381317
0.09988299012184143 0.14535276591777802
0.09967072308063507 0.1008153036236763
0.09934735298156738 0.09954438358545303
0.09911517798900604 0.19047853350639343
0.09905672073364258 0.20071065425872803
0.09881352633237839 0.10878387838602066
0.09876799583435059 0.15970034897327423
0.0986466035246849 0.13965924084186554
0.09842149168252945 0.10744382441043854
0.09841585159301758 0.12211081385612488
0.09781421720981598 0.10971756279468536
0.09648330509662628 0.13436955213546753
0.0959797352552414 0.11606845259666443
0.09570073336362839 0.12548072636127472
0.0948205217719078 0.10024641454219818
0.09327384829521179 0.09571024775505066
0.09316202253103256 0.10319723188877106
0.09292435646057129 0.15881721675395966
0.09240587800741196 0.11617980897426605
0.09232795238494873 0.09350565075874329
0.09098890423774719 0.11106402426958084
0.09086252003908157 0.11947028338909149
0.09082655608654022 0.09492146968841553
0.08988923579454422 0.10966320335865021
0.08979115635156631 0.11911104619503021
0.08905292302370071 0.150971919298172
0.08875279128551483 0.11689462512731552
0.08812427520751953 0.09339601546525955
0.08810542523860931 0.09328478574752808
0.08808237314224243 0.09255026280879974
0.08767586201429367 0.0962577536702156
0.08744350075721741 0.0880233570933342
0.0873250886797905 0.11239489912986755
0.08731264621019363 0.11855671554803848
0.08686354756355286 0.10068725049495697
0.08674445748329163 0.11859304457902908
0.08649884164333344 0.11531060189008713
0.0860021710395813 0.09532179683446884
0.0860011950135231 0.10566522181034088
0.08542241901159286 0.10489640384912491
0.08423764258623123 0.08524073660373688
0.08390337973833084 0.09209004044532776
0.08377666026353836 0.09855075180530548
0.08375759422779083 0.08448721468448639
0.08349938690662384 0.10034182667732239
0.08302690088748932 0.08721908926963806
0.08258482068777084 0.09605724364519119
0.08211763948202133 0.10644926875829697
0.08200367540121078 0.1121307760477066
0.08118253946304321 0.10850422084331512
0.08106936514377594 0.08748325705528259
0.0793115645647049 0.10087842494249344
0.07911025732755661 0.08197871595621109
0.076749786734581 0.08047106117010117
0.07669077813625336 0.08250515162944794
0.07518119364976883 0.08360886573791504
0.07432028651237488 0.09904509037733078
0.07264994084835052 0.075827457010746
0.07224377244710922 0.07653001695871353
0.07218065112829208 0.08181498944759369
0.07039040327072144 0.0809662863612175
0.06943844258785248 0.09228010475635529
0.06244698166847229 0.0705592930316925
