0.1607348620891571 0.1619059443473816
0.15154947340488434 0.157903790473938
0.1403815597295761 0.14455711841583252
0.12632504105567932 0.1570507436990738
0.12421257793903351 0.1435859352350235
0.12312433868646622 0.13554337620735168
0.12295171618461609 0.12436934560537338
0.12193852663040161 0.13207484781742096
0.11838573962450027 0.13632279634475708
0.11527901142835617 0.13927704095840454
0.1144273430109024 0.13836227357387543
0.11238780617713928 0.11553521454334259
0.11113252490758896 0.11265631765127182
0.11044304817914963 0.11843661218881607
0.11032520979642868 0.13772329688072205
0.11024525761604309 0.11946168541908264
0.10859649628400803 0.15183833241462708
0.10757621377706528 0.11766920983791351
0.10707401484251022 0.1517661064863205
0.1068449467420578 0.1158922091126442
0.10662108659744263 0.11809476464986801
0.10656437277793884 0.1088755652308464
0.1062672957777977 0.1171577125787735
0.10542275011539459 0.15605323016643524
0.10448620468378067 0.142809197306633
0.10387074947357178 0.10768438875675201
0.1037699431180954 0.1074194684624672
0.10291356593370438 0.10402139276266098
0.10218628495931625 0.12517786026000977
0.1019861027598381 0.16514375805854797
0.1017853245139122 0.13205775618553162
0.10122092813253403 0.10818428546190262
0.09975036233663559 0.1021638736128807
0.09930497407913208 0.11597610265016556
0.09909200668334961 0.10130470991134644
0.09905553609132767 0.13837607204914093
0.09898549318313599 0.10805986821651459
0.09820682555437088 0.12887844443321228
0.09735994040966034 0.10561928153038025
0.09679520130157471 0.12222350388765335
0.09622815996408463 0.11105522513389587
0.09609369933605194 0.1153000146150589
0.09565544873476028 0.11902070045471191
0.09556560963392258 0.09878316521644592
0.09486836940050125 0.09804440289735794
0.09471848607063293 0.10273377597332001
0.0946241095662117 0.10230056941509247
0.09444208443164825 0.11406011879444122
0.09409675002098083 0.16481418907642365
0.09395454823970795 0.09875687956809998
0.0934109017252922 0.0936170294880867
0.09318692982196808 0.12623219192028046
0.09317919611930847 0.09416644275188446
0.0931071937084198 0.1049218624830246
0.09233586490154266 0.09499572217464447
0.09225041419267654 0.0956285297870636
0.09217192232608795 0.09733151644468307
0.0918247252702713 0.11623387038707733
0.09120037406682968 0.0933142751455307
0.09107925742864609 0.12282156199216843
0.0909443125128746 0.09417781978845596
0.0909331738948822 0.09418272972106934
0.09026585519313812 0.10985067486763
0.08999620378017426 0.14361798763275146
0.08974146097898483 0.11681529879570007
0.08946297317743301 0.09414426982402802
0.08934006094932556 0.0913752019405365
0.0891982838511467 0.1459820568561554
0.08919534832239151 0.09653466939926147
0.08893698453903198 0.1001695990562439
0.08862589299678802 0.10558325052261353
0.08861001580953598 0.10172518342733383
0.08858037739992142 0.11858413368463516
0.08845701068639755 0.08905111998319626
0.0879075899720192 0.10445892810821533
0.08757922798395157 0.09419416636228561
0.08703634142875671 0.1019863560795784
0.08696942031383514 0.12610633671283722
0.08686661720275879 0.09130748361349106
0.08672742545604706 0.08928893506526947
0.08605347573757172 0.09817659109830856
0.08603975176811218 0.14101296663284302
0.08603014796972275 0.1101221889257431
0.08602121472358704 0.1221107542514801
0.08601921796798706 0.10496655106544495
0.08595732599496841 0.11652688682079315
0.0855506882071495 0.0964355394244194
0.08527688682079315 0.09251926839351654
0.08514884859323502 0.11657979339361191
0.08456019312143326 0.09540679305791855
0.08446553349494934 0.09473547339439392
0.08379566669464111 0.10117901116609573
0.0835433229804039 0.09551515430212021
0.0830172747373581 0.11603956669569016
0.08294272422790527 0.11764957010746002
0.08283933997154236 0.08594062924385071
0.08281382918357849 0.10798217356204987
0.08269514888525009 0.09072747081518173
0.08260152488946915 0.09039603918790817
0.08251292258501053 0.1275518238544464
0.08218690752983093 0.08540960401296616
0.08217928558588028 0.08487308770418167
0.0814497321844101 0.10458707064390182
0.08132918924093246 0.10235319286584854
0.08115961402654648 0.11582201719284058
0.08112270385026932 0.1334541141986847
0.08111011981964111 0.08548429608345032
0.08110571652650833 0.14988814294338226
0.08108749985694885 0.09200101345777512
0.0810248926281929 0.1027454137802124
0.0806046575307846 0.09519929438829422
0.08050825446844101 0.08144563436508179
0.08044340461492538 0.11011482775211334
0.0801660418510437 0.13889220356941223
0.07955044507980347 0.1096869632601738
0.07929228246212006 0.11154910922050476
0.07905855029821396 0.11040715128183365
0.07904735952615738 0.0836816281080246
0.07901640236377716 0.09072800725698471
0.07893591374158859 0.11447181552648544
0.07885105907917023 0.10510163009166718
0.07884743064641953 0.09173445403575897
0.07862035185098648 0.08609079569578171
0.07854945212602615 0.09557310491800308
0.07820622622966766 0.08154792338609695
0.07806316018104553 0.09826049953699112
0.0778384655714035 0.1605089157819748
0.07782799750566483 0.09991927444934845
0.0777348056435585 0.08806299418210983
0.07729459553956985 0.08109264820814133
0.07726175338029861 0.09619201719760895
0.07725181430578232 0.1349669098854065
0.07649572193622589 0.07907480001449585
0.07648945599794388 0.08041190356016159
0.07638829946517944 0.10671473294496536
0.0762280598282814 0.08586391061544418
0.07590369880199432 0.08310839533805847
0.07560346275568008 0.11327651888132095
0.07550745457410812 0.08577462285757065
0.07512252777814865 0.08741220831871033
0.07469552755355835 0.11020087450742722
0.07451184839010239 0.07506471127271652
0.0744030550122261 0.08316238224506378
0.07414264976978302 0.08199852705001831
0.0741318017244339 0.07984454929828644
0.07410340756177902 0.11999931931495667
0.07409795373678207 0.07514812052249908
0.0739925280213356 0.09050007164478302
0.07385759055614471 0.07711512595415115
0.0738539919257164 0.07668837159872055
0.07351011037826538 0.0798494815826416
0.07345903664827347 0.12448281049728394
0.07342847436666489 0.07498135417699814
0.07341309636831284 0.0768655389547348
0.07328406721353531 0.0735524594783783
0.07285616546869278 0.12885531783103943
0.07262276113033295 0.09832824021577835
0.07258456945419312 0.0765872448682785
0.07234599441289902 0.07470141351222992
0.07207256555557251 0.07965360581874847
0.07200413197278976 0.0788508728146553
0.07198967784643173 0.07585880160331726
0.07157338410615921 0.07630825787782669
0.07155176997184753 0.0871695950627327
0.07147358357906342 0.1256754845380783
0.07118547707796097 0.07165583223104477
0.07096990942955017 0.12934371829032898
0.07056018710136414 0.07198035717010498
0.07052858918905258 0.08342039585113525
0.0697680115699768 0.07216629385948181
0.06947639584541321 0.07540322840213776
0.0693955197930336 0.0701407864689827
0.0690392553806305 0.09665624052286148
0.06850719451904297 0.06915640085935593
0.06835087388753891 0.07040740549564362
0.06833850592374802 0.07540322840213776
0.06774789094924927 0.08220714330673218
0.06761282682418823 0.0735524594783783
0.06728549301624298 0.07142084091901779
0.06708227843046188 0.07768801599740982
0.06689894199371338 0.07138259708881378
0.06674222648143768 0.06965769827365875
0.06637568771839142 0.10180182754993439
0.06626574695110321 0.06777284294366837
0.06553635001182556 0.07082654535770416
0.06527867913246155 0.07191095501184464
0.0649467334151268 0.06562148034572601
0.06451702117919922 0.07596264034509659
0.06446953117847443 0.07812158018350601
0.06348393857479095 0.06661311537027359
0.06247274950146675 0.07078207284212112
0.06139105558395386 0.06343543529510498
0.06086886674165726 0.07478470355272293
0.059156451374292374 0.06368082761764526
0.05873015522956848 0.06979174166917801
0.05753539130091667 0.06420616805553436
0.057087428867816925 0.07148377597332001
0.05655749514698982 0.06138768792152405
0.0501868911087513 0.060084953904151917
