0.18177320063114166 0.184492290019989
0.17365185916423798 0.1794823259115219
0.17197151482105255 0.17480683326721191
0.1719226837158203 0.18132105469703674
0.16844084858894348 0.17097751796245575
0.16797442734241486 0.1713630110025406
0.16643036901950836 0.16972769796848297
0.16326388716697693 0.20209746062755585
0.162672758102417 0.16567277908325195
0.1621299833059311 0.16928914189338684
0.15890951454639435 0.1850750893354416
0.15845468640327454 0.17722588777542114
0.155904620885849 0.1717173308134079
0.1527366191148758 0.16348278522491455
0.14926879107952118 0.17183427512645721
0.14830471575260162 0.16901685297489166
0.14795565605163574 0.1817808598279953
0.14722158014774323 0.21129843592643738
0.14680013060569763 0.163460373878479
0.14542751014232635 0.16049779951572418
0.144522562623024 0.2091638147830963
0.14443527162075043 0.14846941828727722
0.14116467535495758 0.15908659994602203
0.1400589644908905 0.14520412683486938
0.13874463737010956 0.15371325612068176
0.13759326934814453 0.15768101811408997
0.13756509125232697 0.1470239907503128
0.136999249458313 0.13777968287467957
0.1368955373764038 0.14266644418239594
0.13684305548667908 0.16941292583942413
0.13625279068946838 0.1485649049282074
0.13574224710464478 0.2246926724910736
0.1351563185453415 0.14250627160072327
0.13421954214572906 0.23953242599964142
0.13357758522033691 0.18544119596481323
0.13290096819400787 0.1449727863073349
0.1328667402267456 0.16899368166923523
0.13250663876533508 0.23574459552764893
0.13227781653404236 0.15862704813480377
0.13197669386863708 0.18449419736862183
0.13056878745555878 0.1364711970090866
0.1304098516702652 0.1563989520072937
0.13021916151046753 0.18934032320976257
0.13002906739711761 0.14108143746852875
0.12985649704933167 0.19932417571544647
0.12972316145896912 0.14779846370220184
0.12939369678497314 0.1321622133255005
0.12929891049861908 0.13576792180538177
0.12884505093097687 0.1780596673488617
0.12815356254577637 0.13949166238307953
0.12784026563167572 0.14308373630046844
0.12766680121421814 0.14242646098136902
0.1273072361946106 0.13398435711860657
0.12720312178134918 0.17314596474170685
0.12692901492118835 0.14105042815208435
0.1266518533229828 0.1324542611837387
0.12648022174835205 0.16974249482154846
0.12629546225070953 0.14303065836429596
0.1255815476179123 0.1331510841846466
0.12460727989673615 0.1521635204553604
0.12367785722017288 0.17993399500846863
0.12345486134290695 0.14738206565380096
0.12300004065036774 0.15237055718898773
0.12125363945960999 0.1279744952917099
0.12114454805850983 0.16267678141593933
0.12093378603458405 0.1673164963722229
0.12047812342643738 0.143830344080925
0.12045279890298843 0.18401294946670532
0.12043236941099167 0.1730189323425293
0.12041063606739044 0.15242280066013336
0.11990620940923691 0.18563279509544373
0.11987708508968353 0.1474566012620926
0.1198677122592926 0.12436607480049133
0.1197134330868721 0.19188158214092255
0.11969158053398132 0.1238049864768982
0.1195666715502739 0.17434705793857574
0.11952850967645645 0.12012477964162827
0.11950990557670593 0.1228601410984993
0.1194344013929367 0.14929059147834778
0.11881332844495773 0.1886044591665268
0.11875371634960175 0.20085759460926056
0.11708127707242966 0.13241621851921082
0.11690574884414673 0.12273985147476196
0.11641529947519302 0.19096887111663818
0.11631015688180923 0.2485603541135788
0.11629863828420639 0.11726296693086624
0.11629284918308258 0.1455245167016983
0.11610687524080276 0.14615824818611145
0.11608012765645981 0.12629620730876923
0.11584746837615967 0.1573757380247116
0.11564631760120392 0.2043190896511078
0.11513129621744156 0.1443382203578949
0.11475113779306412 0.1453746259212494
0.11428865790367126 0.15628373622894287
0.1140325590968132 0.2424740195274353
0.11366423964500427 0.1723398119211197
0.11324029415845871 0.16559892892837524
0.1131097823381424 0.20672492682933807
0.11308768391609192 0.13711263239383698
0.11278010159730911 0.1270795464515686
0.11241055279970169 0.1309749037027359
0.11230863630771637 0.11784525960683823
0.11222618073225021 0.19179610908031464
0.11214843392372131 0.12162020057439804
0.11199522018432617 0.1552354246377945
0.11155650019645691 0.1595555990934372
0.11111825704574585 0.11369553953409195
0.11107581853866577 0.1324268877506256
0.11078744381666183 0.18316088616847992
0.11045937240123749 0.14030598104000092
0.10985641926527023 0.23554490506649017
0.10951574891805649 0.24625663459300995
0.10893227159976959 0.12883822619915009
0.10884875804185867 0.17821179330348969
0.10875673592090607 0.1631523221731186
0.10748206079006195 0.12665973603725433
0.10743165761232376 0.18392783403396606
0.10681598633527756 0.10901952534914017
0.10634700953960419 0.1365557163953781
0.10578139126300812 0.11718183010816574
0.10538730770349503 0.16443873941898346
0.10494369268417358 0.13273698091506958
0.10457508265972137 0.11007284373044968
0.10442224144935608 0.2449868768453598
0.1038302406668663 0.1044914722442627
0.10355842113494873 0.11198960244655609
0.10309379547834396 0.1683066040277481
0.10307114571332932 0.11326000094413757
0.10306108742952347 0.22702914476394653
0.10300244390964508 0.1626785695552826
0.10268588364124298 0.11642812192440033
0.10265965014696121 0.10650569200515747
0.10182985663414001 0.16739626228809357
0.10169468075037003 0.10615406185388565
0.10113280266523361 0.13724665343761444
0.10095512866973877 0.10551442205905914
0.10086949914693832 0.1052919328212738
0.10059304535388947 0.19380584359169006
0.10032028704881668 0.14403827488422394
0.1000833734869957 0.16112810373306274
0.09991411864757538 0.13325068354606628
0.09960782527923584 0.12366903573274612
0.09946335852146149 0.12139589339494705
0.09925273060798645 0.25676923990249634
0.09887517988681793 0.11641445010900497
0.0986781120300293 0.10807787626981735
0.0973513275384903 0.16151615977287292
0.09612088650465012 0.10005965083837509
0.096084825694561 0.13067376613616943
0.0949440598487854 0.1036347970366478
0.09323681890964508 0.09656321257352829
0.09268586337566376 0.17534150183200836
0.09248089045286179 0.11412378400564194
0.09241032600402832 0.10920269042253494
0.09104685485363007 0.14187833666801453
0.09041665494441986 0.21665513515472412
0.09012623131275177 0.10110978037118912
0.08974473923444748 0.14025072753429413
0.08932173252105713 0.11598961055278778
0.08901157975196838 0.08951767534017563
0.08828193694353104 0.1031721979379654
0.08803429454565048 0.1595211774110794
0.08694234490394592 0.09724322706460953
0.0866503119468689 0.09541438519954681
0.08623643964529037 0.09370124340057373
0.08578617870807648 0.092296302318573
0.08542849123477936 0.08573967218399048
0.08497478812932968 0.10819104313850403
0.08419196307659149 0.11280926316976547
0.08377999067306519 0.0968262180685997
0.08318742364645004 0.13323017954826355
0.08265118300914764 0.08462487906217575
0.08070184290409088 0.08388812839984894
0.08066695183515549 0.08698441833257675
0.07974108308553696 0.09462843835353851
0.07956786453723907 0.08207684755325317
0.07954520732164383 0.11593440175056458
0.07881298661231995 0.08729352056980133
0.07874014228582382 0.10025674849748611
0.0779120922088623 0.08374162763357162
0.07766126841306686 0.08257443457841873
0.07383230328559875 0.08764341473579407
