0.4127447009086609 0.4155515432357788
0.40975329279899597 0.4101971983909607
0.4093305766582489 0.4155813455581665
0.15936459600925446 0.17701409757137299
0.13714225590229034 0.1428123414516449
0.13052833080291748 0.1314316689968109
0.1270878165960312 0.13327914476394653
0.12435461580753326 0.14172306656837463
0.1208978146314621 0.12967002391815186
0.1192968562245369 0.1223580613732338
0.11882997304201126 0.17510728538036346
0.1186918392777443 0.14944466948509216
0.118385449051857 0.1351591795682907
0.11534998565912247 0.1202625036239624
0.11527176946401596 0.1357283741235733
0.11431504786014557 0.11692401766777039
0.11065338551998138 0.11702858656644821
0.11027037352323532 0.11270608007907867
0.11026914417743683 0.14348849654197693
0.1099843680858612 0.11703820526599884
0.10894188284873962 0.12150411307811737
0.10787443071603775 0.12095166742801666
0.10754751414060593 0.12646415829658508
0.10706296563148499 0.11659204214811325
0.10694312304258347 0.11036998778581619
0.10690254718065262 0.12465152144432068
0.1053764671087265 0.13152283430099487
0.104971744120121 0.17800875008106232
0.10464616864919662 0.10806109011173248
0.10297369211912155 0.10512416064739227
0.10256514698266983 0.14262188971042633
0.10247369855642319 0.10849086940288544
0.10236292332410812 0.16640742123126984
0.09874942153692245 0.10775540769100189
0.0985463336110115 0.1289384961128235
0.09849002957344055 0.12201635539531708
0.09843572974205017 0.15471969544887543
0.09738940000534058 0.13075751066207886
0.09706809371709824 0.12068786472082138
0.0962640792131424 0.10922736674547195
0.09617084264755249 0.16599778831005096
0.09547368437051773 0.10106077045202255
0.09512125700712204 0.10519911348819733
0.09474129974842072 0.095159150660038
0.09429965168237686 0.10298304259777069
0.09427350759506226 0.12090377509593964
0.09335830807685852 0.1028716117143631
0.09307961910963058 0.10920450091362
0.09304790943861008 0.09847123175859451
0.09273791313171387 0.13986021280288696
0.09224571287631989 0.12217959016561508
0.09219327569007874 0.09680056571960449
0.09208634495735168 0.1202809065580368
0.09174665063619614 0.10603196918964386
0.09136459976434708 0.1630547046661377
0.09093274921178818 0.09391474723815918
0.0908970758318901 0.0971749797463417
0.08999928832054138 0.09629499167203903
0.08985961228609085 0.10055634379386902
0.08985597640275955 0.09736799448728561
0.08957944065332413 0.10638373345136642
0.08910500258207321 0.1415015012025833
0.08899565786123276 0.09701725095510483
0.08856011182069778 0.09289330244064331
0.08796213567256927 0.10214746743440628
0.08790013939142227 0.09913302958011627
0.08762431889772415 0.13876503705978394
0.08735986799001694 0.12293016910552979
0.08717799931764603 0.08969980478286743
0.08657074719667435 0.09425444900989532
0.08639287948608398 0.16887880861759186
0.08630426228046417 0.10248740017414093
0.08626092970371246 0.11814751476049423
0.08619555830955505 0.11972738057374954
0.08598469942808151 0.11453232169151306
0.08424786478281021 0.16983288526535034
0.08404630422592163 0.08834674209356308
0.08402200043201447 0.12324360013008118
0.08350704610347748 0.08504433184862137
0.0834101065993309 0.09346764534711838
0.0832737386226654 0.10464046895503998
0.08323314040899277 0.08434688299894333
0.08302833139896393 0.09259887039661407
0.0829271599650383 0.088844895362854
0.08226800709962845 0.08537571132183075
0.08214855194091797 0.0833171010017395
0.08185753971338272 0.15542495250701904
0.08138860017061234 0.08647503703832626
0.0806693434715271 0.1342414915561676
0.08052028715610504 0.08321317285299301
0.080485038459301 0.08192122727632523
0.08043266832828522 0.14004789292812347
0.08036694675683975 0.08718568086624146
0.08035311847925186 0.2003871649503708
0.08020433038473129 0.08327283710241318
0.07980134338140488 0.14890500903129578
0.07963187992572784 0.11571943759918213
0.07940585166215897 0.12350277602672577
0.07913579046726227 0.090006522834301
0.07901710271835327 0.07991472631692886
0.0787111446261406 0.09672627598047256
0.07842010259628296 0.0861000195145607
0.0783606469631195 0.10389302670955658
0.07831719517707825 0.09081638604402542
0.0779620036482811 0.08451952785253525
0.07785951346158981 0.08757438510656357
0.07775811851024628 0.09345874190330505
0.07757122069597244 0.10657936334609985
0.07750143110752106 0.09818552434444427
0.07719322293996811 0.08528529852628708
0.07713304460048676 0.08746004104614258
0.07710538059473038 0.09092177450656891
0.07695090025663376 0.12343766540288925
0.07647740840911865 0.08253567665815353
0.07642792165279388 0.10385457426309586
0.07604113221168518 0.0846506655216217
0.07592131197452545 0.11157670617103577
0.0758347138762474 0.08003214001655579
0.07569820433855057 0.08735637366771698
0.07537329196929932 0.08570226281881332
0.07536302506923676 0.07614852488040924
0.0753244087100029 0.07964218407869339
0.07515764981508255 0.07620345056056976
0.07504986971616745 0.08039126545190811
0.07499350607395172 0.1094643846154213
0.07483387738466263 0.0776018425822258
0.07466834038496017 0.07766606658697128
0.07414935529232025 0.0828382596373558
0.07411596924066544 0.08016542345285416
0.07379589229822159 0.07916799187660217
0.07362388074398041 0.08624554425477982
0.07357567548751831 0.0874113216996193
0.07342205196619034 0.08998731523752213
0.07284853607416153 0.08364690095186234
0.07283375412225723 0.09418006986379623
0.0727064311504364 0.07587716728448868
0.07260192930698395 0.08957915753126144
0.07254005968570709 0.10633312910795212
0.07253483682870865 0.08518795669078827
0.07246530801057816 0.09148429334163666
0.07238326966762543 0.07822125405073166
0.07234572619199753 0.08790838718414307
0.07199692726135254 0.07863333076238632
0.07191729545593262 0.09030435234308243
0.07174992561340332 0.09575185924768448
0.07160375267267227 0.07396596670150757
0.07149923592805862 0.0803610309958458
0.07145167142152786 0.0823996290564537
0.07138536870479584 0.08464420586824417
0.07095085829496384 0.11123459786176682
0.07072380185127258 0.12359515577554703
0.07049230486154556 0.08035042881965637
0.06954672187566757 0.07387831062078476
0.06922774016857147 0.07589449733495712
0.06867566704750061 0.06991284340620041
0.0685843825340271 0.07521626353263855
0.06856238842010498 0.08106113225221634
0.06813967972993851 0.0789414495229721
0.0681336522102356 0.14267317950725555
0.06732697039842606 0.07937537133693695
0.06728165596723557 0.0736750066280365
0.06698469072580338 0.0922606959939003
0.06539399921894073 0.07575459778308868
0.0652625635266304 0.08063650876283646
0.06524187326431274 0.0842357948422432
0.06506065279245377 0.09265992045402527
0.06440281122922897 0.09678877145051956
0.06285765767097473 0.06621900945901871
0.06243017688393593 0.08431098610162735
0.06078815460205078 0.06986743211746216
0.05998009815812111 0.07216045260429382
0.05865614488720894 0.06452543288469315
0.05839185789227486 0.05873630940914154
0.057057835161685944 0.0749431625008583
0.056254856288433075 0.08250536769628525
0.05523967370390892 0.061426155269145966
0.054853763431310654 0.06908845156431198
0.054649997502565384 0.061588749289512634
0.049232952296733856 0.0684574544429779
0.047230932861566544 0.06575106829404831
0.046439703553915024 0.07374745607376099
