0.6582585573196411 0.6878727674484253
0.31133314967155457 0.31369784474372864
0.301825612783432 0.308900386095047
0.2985411286354065 0.30378618836402893
0.12563586235046387 0.12917602062225342
0.11631467938423157 0.1183524876832962
0.11340390890836716 0.11684564501047134
0.10240018367767334 0.11192257702350616
0.10181591659784317 0.10544249415397644
0.09978334605693817 0.10698545724153519
0.09559912234544754 0.09851064532995224
0.09516479074954987 0.096551813185215
0.09186664968729019 0.14561015367507935
0.09125882387161255 0.09431321918964386
0.08997532725334167 0.10790847986936569
0.08594334870576859 0.08869479596614838
0.0857744961977005 0.10642672330141068
0.08534461259841919 0.10109052807092667
0.08478780090808868 0.08871996402740479
0.08435489237308502 0.102701835334301
0.08350670337677002 0.0919751301407814
0.08283151686191559 0.10810063034296036
0.08267784118652344 0.08336333185434341
0.0808824747800827 0.09465465694665909
0.0808366909623146 0.1317572146654129
0.08020322769880295 0.09082289040088654
0.07997918128967285 0.10180637985467911
0.07946071773767471 0.08148850500583649
0.07891916483640671 0.08991436660289764
0.0788714587688446 0.09581771492958069
0.07881183177232742 0.09944923222064972
0.07828592509031296 0.08319693803787231
0.07820459455251694 0.07857634127140045
0.07813011109828949 0.1119704619050026
0.07730009406805038 0.0851454809308052
0.0765916258096695 0.07943852990865707
0.07651213556528091 0.08163968473672867
0.07557135820388794 0.07612517476081848
0.07556656002998352 0.1081545352935791
0.07450668513774872 0.11418839544057846
0.07364372909069061 0.07377119362354279
0.07357845455408096 0.07503959536552429
0.07355424016714096 0.0748506411910057
0.0729576125741005 0.08219245076179504
0.0724782645702362 0.08259471505880356
0.07233661413192749 0.09311819076538086
0.07221779972314835 0.11143536865711212
0.07212726026773453 0.08443483710289001
0.07150864601135254 0.0827430933713913
0.07131297886371613 0.07558643072843552
0.07105963677167892 0.10980409383773804
0.07099974155426025 0.08644254505634308
0.07021427899599075 0.07084439694881439
0.07017277181148529 0.07996990531682968
0.0701405256986618 0.08112122863531113
0.07006624341011047 0.07258518040180206
0.0697474405169487 0.08010046929121017
0.06968963891267776 0.07849488407373428
0.06967741250991821 0.07178700715303421
0.06951496750116348 0.08366411179304123
0.06942018121480942 0.08139830827713013
0.06918638944625854 0.06928856670856476
0.06905614584684372 0.09648589789867401
0.06903642416000366 0.11926010996103287
0.06897765398025513 0.07058113813400269
0.06852303445339203 0.08666227757930756
0.06846931576728821 0.0688723474740982
0.0681723952293396 0.0732179507613182
0.06798356771469116 0.09156469255685806
0.06781645864248276 0.07441417127847672
0.06748965382575989 0.0717524066567421
0.06741993874311447 0.06774506717920303
0.06723949313163757 0.07805509865283966
0.06698986142873764 0.0995398461818695
0.06679511815309525 0.06817738711833954
0.06662571430206299 0.09878092259168625
0.06646712124347687 0.07303532212972641
0.06610027700662613 0.09168463945388794
0.06605951488018036 0.0717524066567421
0.06605400890111923 0.08992033451795578
0.06596662849187851 0.07440226525068283
0.06591175496578217 0.06893043220043182
0.0659080222249031 0.09941194951534271
0.06586594879627228 0.0804838091135025
0.06573519855737686 0.09796185046434402
0.0656997337937355 0.11334865540266037
0.06558529287576675 0.10301820933818817
0.06546469032764435 0.06721428036689758
0.06541815400123596 0.07335720211267471
0.06512930989265442 0.11955882608890533
0.06512007862329483 0.06668204069137573
0.06493454426527023 0.08070917427539825
0.06484781950712204 0.06703807413578033
0.06462273746728897 0.07200285792350769
0.06431367248296738 0.08714199811220169
0.06416545808315277 0.06841646879911423
0.06400087475776672 0.1282508671283722
0.06345919519662857 0.07886680215597153
0.06340610235929489 0.0989983007311821
0.06326974928379059 0.06972865760326385
0.0630778893828392 0.07531607896089554
0.06264062970876694 0.06410479545593262
0.06250430643558502 0.06464406102895737
0.0623515360057354 0.0690009817481041
0.062266286462545395 0.06578924506902695
0.06209708750247955 0.06981181353330612
0.06190966069698334 0.07224807888269424
0.061872780323028564 0.06699921935796738
0.06176432967185974 0.06410934776067734
0.06162046268582344 0.06970866769552231
0.06153504550457001 0.09916714578866959
0.06127472221851349 0.1019965261220932
0.061094921082258224 0.06175483763217926
0.06105213984847069 0.062207549810409546
0.06097636744379997 0.0627601221203804
0.060970015823841095 0.06984938681125641
0.06070568785071373 0.07311633974313736
0.06066735088825226 0.07585908472537994
0.060537051409482956 0.06410875916481018
0.060463786125183105 0.0640602558851242
0.060034289956092834 0.1395346075296402
0.05996666103601456 0.0741799995303154
0.059923335909843445 0.06809533387422562
0.059788089245557785 0.06867501884698868
0.05977557599544525 0.06473986804485321
0.05953597649931908 0.06770383566617966
0.05895351618528366 0.1372670978307724
0.05884363502264023 0.0732247531414032
0.058790042996406555 0.09365177154541016
0.0586981326341629 0.0631696954369545
0.05854316055774689 0.06039447709918022
0.05843520909547806 0.06933339685201645
0.0582156702876091 0.06784716248512268
0.05799318104982376 0.06988121569156647
0.05790882930159569 0.05912934988737106
0.05779125913977623 0.06200595200061798
0.05762359872460365 0.06925152242183685
0.05751865357160568 0.0646493062376976
0.057403143495321274 0.07542987912893295
0.05721563100814819 0.060638438910245895
0.05695332586765289 0.07913530617952347
0.056818943470716476 0.06440208107233047
0.05663995444774628 0.08037008345127106
0.05659949779510498 0.06304626166820526
0.05622921139001846 0.06039447709918022
0.05593452975153923 0.06472241133451462
0.05588862672448158 0.09401795268058777
0.05581006780266762 0.05994267016649246
0.055773600935935974 0.06266956031322479
0.05548138543963432 0.07170712947845459
0.055278174579143524 0.0570201575756073
0.05404277145862579 0.05748860538005829
0.0539800263941288 0.05890103429555893
0.053661979734897614 0.05748860538005829
0.05276540294289589 0.06351956725120544
0.0526718832552433 0.053952064365148544
0.052625857293605804 0.07599703222513199
0.052279889583587646 0.07977469265460968
0.05225827172398567 0.06034368276596069
0.05172999948263168 0.06088992580771446
0.05144963786005974 0.051616694778203964
0.051360297948122025 0.05836774781346321
0.051235754042863846 0.07608620822429657
0.05111977085471153 0.05621347948908806
0.05105885490775108 0.05648667365312576
0.05083728954195976 0.05392540246248245
0.05076540261507034 0.06487572193145752
0.05067754164338112 0.052402280271053314
0.049399152398109436 0.06348270177841187
0.049193426966667175 0.055822230875492096
0.04693072289228439 0.04983516409993172
0.0467371828854084 0.0492570586502552
0.04593094438314438 0.057832133024930954
0.04455511271953583 0.06505317986011505
0.044066183269023895 0.05009003356099129
0.03897596523165703 0.0393344946205616
