0.3332318365573883 0.35108381509780884
0.33321794867515564 0.3359653949737549
0.2927834987640381 0.29968374967575073
0.28657740354537964 0.28909987211227417
0.27538052201271057 0.304914265871048
0.2751637101173401 0.29591986536979675
0.27222615480422974 0.3194955885410309
0.26658543944358826 0.26729124784469604
0.26603180170059204 0.2804751396179199
0.25422945618629456 0.26323962211608887
0.2430223971605301 0.25240346789360046
0.24131856858730316 0.25678691267967224
0.2394338846206665 0.25572261214256287
0.23941250145435333 0.25104478001594543
0.23885639011859894 0.25525808334350586
0.23536142706871033 0.24602675437927246
0.2332978993654251 0.2850361764431
0.23242774605751038 0.2370809018611908
0.2292020171880722 0.2542172372341156
0.22785015404224396 0.30166491866111755
0.22700564563274384 0.24466538429260254
0.22547735273838043 0.2913949191570282
0.22428415715694427 0.25729238986968994
0.22129462659358978 0.2798607349395752
0.21826189756393433 0.2536849081516266
0.21785613894462585 0.2605801224708557
0.21469056606292725 0.22548465430736542
0.21325087547302246 0.2758602499961853
0.21292297542095184 0.2352798879146576
0.21283270418643951 0.24092333018779755
0.21249645948410034 0.23105789721012115
0.21180766820907593 0.255572110414505
0.21164335310459137 0.2273528128862381
0.20936152338981628 0.23768077790737152
0.20846226811408997 0.21264928579330444
0.20811447501182556 0.22816680371761322
0.20811234414577484 0.2918277680873871
0.20732669532299042 0.2628691792488098
0.20517288148403168 0.21951153874397278
0.20511220395565033 0.27579888701438904
0.2038922756910324 0.26027965545654297
0.20349951088428497 0.21280504763126373
0.20315124094486237 0.20468488335609436
0.20139002799987793 0.22707442939281464
0.2004387080669403 0.20679961144924164
0.19921697676181793 0.20831838250160217
0.1965283900499344 0.26220500469207764
0.19628363847732544 0.2564781904220581
0.19593557715415955 0.271361768245697
0.19537052512168884 0.20208248496055603
0.19498740136623383 0.19590726494789124
0.19479317963123322 0.22821858525276184
0.19435687363147736 0.24569521844387054
0.1937188357114792 0.2164967805147171
0.193590447306633 0.2821506857872009
0.19270820915699005 0.25541552901268005
0.1918860226869583 0.2737419605255127
0.19065676629543304 0.33635780215263367
0.19063769280910492 0.19902122020721436
0.18842583894729614 0.19269056618213654
0.18731804192066193 0.1996091902256012
0.18714599311351776 0.3657611310482025
0.18664631247520447 0.3909485638141632
0.18661761283874512 0.29287269711494446
0.18597379326820374 0.2583848834037781
0.18541847169399261 0.18813219666481018
0.18526826798915863 0.18698392808437347
0.18466249108314514 0.21333982050418854
0.18447722494602203 0.32302194833755493
0.18349173665046692 0.22337354719638824
0.18277990818023682 0.222068652510643
0.18115545809268951 0.21458984911441803
0.1792493313550949 0.22973410785198212
0.17822882533073425 0.2377689629793167
0.1780015081167221 0.17987823486328125
0.17710502445697784 0.2285662293434143
0.1770610362291336 0.2315061092376709
0.17642897367477417 0.2322579175233841
0.17545871436595917 0.20789147913455963
0.1750379055738449 0.17941713333129883
0.1736425906419754 0.19109204411506653
0.17328773438930511 0.20717895030975342
0.17299477756023407 0.30508336424827576
0.17285464704036713 0.2631176710128784
0.17259584367275238 0.31047844886779785
0.17229285836219788 0.19255146384239197
0.17144449055194855 0.2243206650018692
0.1700102537870407 0.17341819405555725
0.16986535489559174 0.18030203878879547
0.1690141260623932 0.20012760162353516
0.168946772813797 0.1855219602584839
0.1685321033000946 0.22727034986019135
0.16818954050540924 0.20940250158309937
0.1677282750606537 0.17099529504776
0.16669699549674988 0.20266693830490112
0.16667942702770233 0.2043837457895279
0.1664370447397232 0.22967636585235596
0.16612456738948822 0.2930513024330139
0.16549430787563324 0.17924177646636963
0.1652292013168335 0.19555266201496124
0.16397666931152344 0.1765023171901703
0.16327491402626038 0.2314954698085785
0.1630152314901352 0.2674263119697571
0.16284283995628357 0.16731047630310059
0.16141733527183533 0.16905327141284943
0.1610299050807953 0.25407615303993225
0.1599280685186386 0.28073227405548096
0.1595918983221054 0.3091846704483032
0.15931524336338043 0.19649310410022736
0.15800176560878754 0.26290494203567505
0.15744853019714355 0.16780759394168854
0.1567011922597885 0.17092198133468628
0.15659314393997192 0.2553071975708008
0.15652704238891602 0.2625322937965393
0.15630634129047394 0.2016313672065735
0.15541698038578033 0.18655706942081451
0.15447938442230225 0.1826382726430893
0.1536056250333786 0.19381582736968994
0.1534883975982666 0.16003817319869995
0.1532646268606186 0.17232127487659454
0.15231189131736755 0.19542422890663147
0.1514291614294052 0.211129292845726
0.15104104578495026 0.23934423923492432
0.1509229689836502 0.22953681647777557
0.1508696973323822 0.18091659247875214
0.1501162052154541 0.2351023256778717
0.14987453818321228 0.2998461127281189
0.1497848480939865 0.1708407998085022
0.14910730719566345 0.17164860665798187
0.14842256903648376 0.2832459807395935
0.14767830073833466 0.16134577989578247
0.1463397741317749 0.3066217005252838
0.14603300392627716 0.18334446847438812
0.14427536725997925 0.22571396827697754
0.1442243456840515 0.3441964089870453
0.14330443739891052 0.1590072065591812
0.14279237389564514 0.1501728892326355
0.14243146777153015 0.14360947906970978
0.1421964019536972 0.20930224657058716
0.14059771597385406 0.15025144815444946
0.13991864025592804 0.14464318752288818
0.13946573436260223 0.17725712060928345
0.13946175575256348 0.1421494483947754
0.13888901472091675 0.14385132491588593
0.1386398822069168 0.14318719506263733
0.1385660320520401 0.1433025747537613
0.13839218020439148 0.14239701628684998
0.13802042603492737 0.157209575176239
0.13797694444656372 0.4314379394054413
0.1370462328195572 0.21128126978874207
0.13694962859153748 0.28525006771087646
0.1368391513824463 0.13847197592258453
0.13640345633029938 0.1416192650794983
0.13640326261520386 0.14583569765090942
0.13566170632839203 0.17377032339572906
0.1355774700641632 0.1631477326154709
0.13510487973690033 0.19069904088974
0.13493388891220093 0.1700577288866043
0.13491666316986084 0.17614120244979858
0.13486921787261963 0.1779254674911499
0.13395573198795319 0.15319371223449707
0.13374584913253784 0.1396745890378952
0.1336943656206131 0.152797132730484
0.13180579245090485 0.15189611911773682
0.12970490753650665 0.1435815691947937
0.12900535762310028 0.1460358202457428
0.1279977411031723 0.14448928833007812
0.12704724073410034 0.16982591152191162
0.12472503632307053 0.15792974829673767
0.12469326704740524 0.12662506103515625
0.12424492835998535 0.3134955167770386
0.12393676489591599 0.179659903049469
0.1235259398818016 0.1542235165834427
0.12277921289205551 0.1362629234790802
0.12105391919612885 0.185449481010437
0.11871347576379776 0.12028016895055771
0.11863795667886734 0.14381137490272522
0.1183832660317421 0.11908730119466782
0.11758316308259964 0.13352391123771667
0.11753810942173004 0.12570345401763916
0.11723879724740982 0.13612882792949677
0.11722194403409958 0.12352339923381805
0.11691775172948837 0.18017256259918213
0.11626890301704407 0.1363535374403
0.11038290709257126 0.12169235944747925
0.10921798646450043 0.12690041959285736
0.1077871099114418 0.11067259311676025
0.10748688876628876 0.11837697774171829
0.10252686589956284 0.11503531783819199
0.09671064466238022 0.11453031003475189
0.08122223615646362 0.10592029988765717
