0.39917558431625366 0.4020257592201233
0.20292064547538757 0.20748291909694672
0.2028210312128067 0.21174025535583496
0.1901712715625763 0.19494035840034485
0.17347441613674164 0.1808384209871292
0.17221958935260773 0.21621888875961304
0.16664236783981323 0.2071421891450882
0.16331574320793152 0.16956652700901031
0.16271419823169708 0.16816355288028717
0.16186055541038513 0.18205496668815613
0.16040092706680298 0.1702345609664917
0.15913987159729004 0.16064748167991638
0.15884308516979218 0.1785302460193634
0.1583961546421051 0.17362120747566223
0.1578887701034546 0.1607924848794937
0.15764567255973816 0.1981331706047058
0.15750183165073395 0.17184311151504517
0.15691913664340973 0.16832898557186127
0.15514688193798065 0.26500198245048523
0.15235790610313416 0.15270498394966125
0.15106210112571716 0.17312918603420258
0.1509685516357422 0.15840686857700348
0.15020959079265594 0.21736231446266174
0.1486356407403946 0.18043296039104462
0.147366002202034 0.15279731154441833
0.14735732972621918 0.1756811887025833
0.1471310555934906 0.15054243803024292
0.14699703454971313 0.16755029559135437
0.14602911472320557 0.30310437083244324
0.14564505219459534 0.15664392709732056
0.14563030004501343 0.21163566410541534
0.14523707330226898 0.16115567088127136
0.14449267089366913 0.14625227451324463
0.14402985572814941 0.15026158094406128
0.14353057742118835 0.14534491300582886
0.14349818229675293 0.1474408060312271
0.14341790974140167 0.15012969076633453
0.14284111559391022 0.18201318383216858
0.14142566919326782 0.20840339362621307
0.14117641746997833 0.16401831805706024
0.13907386362552643 0.15290628373622894
0.13682830333709717 0.24148616194725037
0.1368178129196167 0.1461496651172638
0.13628928363323212 0.138130784034729
0.13596470654010773 0.1429465264081955
0.13508234918117523 0.1711072325706482
0.13255612552165985 0.2000737190246582
0.1323641538619995 0.24048130214214325
0.13226047158241272 0.1815420240163803
0.1316002607345581 0.14927801489830017
0.13079793751239777 0.13704237341880798
0.12950167059898376 0.15158113837242126
0.12931104004383087 0.14673729240894318
0.12887714803218842 0.19330249726772308
0.12859535217285156 0.1361670345067978
0.12785817682743073 0.16226258873939514
0.1271737664937973 0.15423713624477386
0.12637558579444885 0.12677952647209167
0.12629666924476624 0.1362224817276001
0.1259094774723053 0.14537139236927032
0.12575122714042664 0.14673802256584167
0.12464696168899536 0.1925266981124878
0.12440305948257446 0.13800936937332153
0.12345965206623077 0.14681705832481384
0.12309380620718002 0.21284019947052002
0.12288181483745575 0.13503390550613403
0.12282710522413254 0.15982119739055634
0.12265016883611679 0.1274053454399109
0.12229552865028381 0.1504325121641159
0.12187676876783371 0.16398510336875916
0.12174341827630997 0.1331101655960083
0.12174099683761597 0.12339598685503006
0.12154331803321838 0.19022510945796967
0.12149092555046082 0.20917800068855286
0.1211005449295044 0.1379503756761551
0.12051782011985779 0.14884653687477112
0.11991358548402786 0.1511700451374054
0.11883775889873505 0.19195899367332458
0.11830776184797287 0.1400940716266632
0.11826315522193909 0.17483346164226532
0.11775968968868256 0.11839170008897781
0.11763777583837509 0.14642003178596497
0.11758442223072052 0.13886535167694092
0.11752177029848099 0.1345602571964264
0.11696325242519379 0.14318984746932983
0.11678995937108994 0.175295889377594
0.11667914688587189 0.16177459061145782
0.11655264347791672 0.19276775419712067
0.11616703122854233 0.14276240766048431
0.11586001515388489 0.13547636568546295
0.11540158092975616 0.18103767931461334
0.11464595049619675 0.12126012146472931
0.11430852860212326 0.1256803721189499
0.11350811272859573 0.12570209801197052
0.11286871880292892 0.12808632850646973
0.1126214861869812 0.1210530698299408
0.11244954913854599 0.11880580335855484
0.11240506917238235 0.13224510848522186
0.11200787872076035 0.11804300546646118
0.11194859445095062 0.14577141404151917
0.11156679689884186 0.12481094896793365
0.11122672259807587 0.12062261253595352
0.11121559888124466 0.1714860051870346
0.11089269816875458 0.1325092911720276
0.11088529229164124 0.16917119920253754
0.11030977964401245 0.13199763000011444
0.10971517115831375 0.1296132355928421
0.10965193808078766 0.1447063684463501
0.10938336700201035 0.1416165679693222
0.1092790737748146 0.21374572813510895
0.10924706608057022 0.1251061111688614
0.10849643498659134 0.20057830214500427
0.10823000222444534 0.22803173959255219
0.10813989490270615 0.13912737369537354
0.1079738512635231 0.14179487526416779
0.10789866000413895 0.11042027175426483
0.10706700384616852 0.20163650810718536
0.1068301722407341 0.1165170669555664
0.10668376088142395 0.15284952521324158
0.10652823746204376 0.11524908244609833
0.10618960112333298 0.20909489691257477
0.10598641633987427 0.17144843935966492
0.10560181736946106 0.15495970845222473
0.10527882725000381 0.13210585713386536
0.1048562079668045 0.11132252216339111
0.10475274175405502 0.13535280525684357
0.10423558950424194 0.18790610134601593
0.10385284572839737 0.15979550778865814
0.10311751067638397 0.1059233546257019
0.1025732085108757 0.10535060614347458
0.10225344449281693 0.14314591884613037
0.10203246027231216 0.18066254258155823
0.10187346488237381 0.11948972195386887
0.10125661641359329 0.14358165860176086
0.10074357688426971 0.21506214141845703
0.1007118821144104 0.11779206991195679
0.10064645856618881 0.11247077584266663
0.09966833144426346 0.1710311770439148
0.09902357310056686 0.12136509269475937
0.09857307374477386 0.2231213003396988
0.0982198640704155 0.11962155997753143
0.09806768596172333 0.10746943950653076
0.09803079813718796 0.19075435400009155
0.09768517315387726 0.10858174413442612
0.09764861315488815 0.11802589893341064
0.09699750691652298 0.10900146514177322
0.09643955528736115 0.11802509427070618
0.09593795239925385 0.10798189789056778
0.09499764442443848 0.13373903930187225
0.0942416563630104 0.10116893798112869
0.09395531564950943 0.11085787415504456
0.09356824308633804 0.12209593504667282
0.09260445833206177 0.09413917362689972
0.09245643764734268 0.1135188639163971
0.09223195910453796 0.09846453368663788
0.09170185029506683 0.09577630460262299
0.0916709452867508 0.09642118215560913
0.09163426607847214 0.10118304193019867
0.09069894999265671 0.0981261134147644
0.08969983458518982 0.1275366246700287
0.0894433781504631 0.15515276789665222
0.08932815492153168 0.10002043843269348
0.08930745720863342 0.0978119820356369
0.08923856914043427 0.10821899026632309
0.08799512684345245 0.11109048128128052
0.08660674840211868 0.09917851537466049
0.08590789139270782 0.10712920874357224
0.08567925542593002 0.09419673681259155
0.08563899248838425 0.09968975931406021
0.08531103283166885 0.09241386502981186
0.08511998504400253 0.09920350462198257
0.08473184704780579 0.10032593458890915
0.08404185622930527 0.10848980396986008
0.08362648636102676 0.08869817107915878
0.08306866884231567 0.1085643395781517
0.08265672624111176 0.10237947851419449
0.08149424195289612 0.0959409773349762
0.08039753884077072 0.08951225131750107
0.08034856617450714 0.11844382435083389
0.07938993722200394 0.09100445359945297
0.07751676440238953 0.07754702121019363
0.07547349482774734 0.07878869026899338
0.07346631586551666 0.08553570508956909
0.07089980691671371 0.08318261802196503
0.06141997128725052 0.0786345973610878
