0.20000429451465607 0.2140786349773407
0.18039001524448395 0.1833186149597168
0.1699252724647522 0.17023253440856934
0.1669183373451233 0.1802467405796051
0.1643136739730835 0.1970033198595047
0.1604992002248764 0.1634272336959839
0.1597723364830017 0.16297949850559235
0.1591416448354721 0.1603659689426422
0.155295267701149 0.1659870743751526
0.15364597737789154 0.1537831574678421
0.1512538492679596 0.1724480837583542
0.15008023381233215 0.1545473039150238
0.14967720210552216 0.1731596738100052
0.1479225605726242 0.15087468922138214
0.14766010642051697 0.1722417175769806
0.14509408175945282 0.17159795761108398
0.1436951756477356 0.17055784165859222
0.14244095981121063 0.15536341071128845
0.14233209192752838 0.17614427208900452
0.14213763177394867 0.17145638167858124
0.1398327499628067 0.1814655214548111
0.13814415037631989 0.18629314005374908
0.13807593286037445 0.15274783968925476
0.13725215196609497 0.15127553045749664
0.13712210953235626 0.16349227726459503
0.13615456223487854 0.1421503722667694
0.13539081811904907 0.13552124798297882
0.13426955044269562 0.1452934443950653
0.1328825056552887 0.16235126554965973
0.13273388147354126 0.14829452335834503
0.13262784481048584 0.13616374135017395
0.13261903822422028 0.19369012117385864
0.1325744092464447 0.18312104046344757
0.13255341351032257 0.13942287862300873
0.13242995738983154 0.14155057072639465
0.13127832114696503 0.134153351187706
0.1304062157869339 0.13431085646152496
0.12937653064727783 0.12983226776123047
0.12906527519226074 0.14508719742298126
0.1271396428346634 0.18844851851463318
0.12681017816066742 0.1434866189956665
0.12616540491580963 0.1506989747285843
0.12436938285827637 0.13398221135139465
0.12405524402856827 0.1255349963903427
0.12393900007009506 0.1378786563873291
0.1234557256102562 0.1265135556459427
0.12342334538698196 0.13644789159297943
0.12170635163784027 0.15629136562347412
0.12079285830259323 0.13314028084278107
0.12018576264381409 0.12686291337013245
0.12005465477705002 0.12353667616844177
0.11955652385950089 0.14468102157115936
0.11750762164592743 0.18913497030735016
0.11714517325162888 0.1504639834165573
0.11670061200857162 0.15131893754005432
0.1162937730550766 0.14090444147586823
0.11608190089464188 0.12176980823278427
0.11593212187290192 0.12708166241645813
0.11546239256858826 0.164873868227005
0.11513412743806839 0.14092512428760529
0.11499129980802536 0.12440849095582962
0.11466106027364731 0.11839458346366882
0.11463122814893723 0.12852920591831207
0.11416944116353989 0.1897047907114029
0.11391972750425339 0.1323290467262268
0.11388221383094788 0.12186244875192642
0.11363185197114944 0.11820407211780548
0.11330840736627579 0.12781929969787598
0.11306104809045792 0.11777666956186295
0.11278316378593445 0.14357316493988037
0.11271461844444275 0.11290184408426285
0.11217110604047775 0.18837401270866394
0.11202146112918854 0.1581457257270813
0.11196296662092209 0.11567330360412598
0.11150279641151428 0.18064352869987488
0.11145801097154617 0.16391782462596893
0.11121834814548492 0.12880052626132965
0.11115970462560654 0.16286545991897583
0.11072304844856262 0.12265457212924957
0.1099337488412857 0.15473048388957977
0.1097676232457161 0.1442808359861374
0.1087137833237648 0.11007972061634064
0.10776517540216446 0.13717949390411377
0.10762272775173187 0.12972700595855713
0.10729926079511642 0.10804799944162369
0.10704440623521805 0.1497974991798401
0.10677839070558548 0.11371050029993057
0.10672520101070404 0.1940271556377411
0.10645537078380585 0.20396241545677185
0.10602684319019318 0.11279068887233734
0.10474586486816406 0.10503113269805908
0.10465146601200104 0.10532034188508987
0.1043461486697197 0.14597751200199127
0.10317330807447433 0.1313858926296234
0.10276830941438675 0.1435592919588089
0.10242902487516403 0.13301466405391693
0.10235272347927094 0.1415567547082901
0.10226710140705109 0.12068362534046173
0.10219619423151016 0.14964309334754944
0.10194982588291168 0.1561071127653122
0.10183542221784592 0.15066082775592804
0.10077210515737534 0.18551337718963623
0.10066498070955276 0.19607962667942047
0.1006290391087532 0.17927362024784088
0.10042548179626465 0.23617441952228546
0.10016780346632004 0.10422532260417938
0.09967586398124695 0.11595000326633453
0.09889388084411621 0.13953115046024323
0.09886587411165237 0.14603425562381744
0.09880080074071884 0.11418414860963821
0.09858580678701401 0.11224646121263504
0.09854387491941452 0.21009017527103424
0.09831901639699936 0.13912156224250793
0.09807296097278595 0.13498997688293457
0.09773963689804077 0.11092635244131088
0.0970265194773674 0.1020011305809021
0.09701377153396606 0.12966860830783844
0.09684935212135315 0.13932284712791443
0.09625653922557831 0.1648341715335846
0.09550601243972778 0.11850426346063614
0.09521054476499557 0.13256098330020905
0.09484312683343887 0.21271346509456635
0.0947481244802475 0.11432832479476929
0.09459815174341202 0.10914602875709534
0.09379541873931885 0.1391594558954239
0.09343864023685455 0.19284231960773468
0.09341166913509369 0.20964102447032928
0.09322591125965118 0.09401455521583557
0.0927145779132843 0.1495148092508316
0.09191159158945084 0.11785043030977249
0.09181775897741318 0.09770422428846359
0.09167284518480301 0.13983483612537384
0.09155787527561188 0.09962932765483856
0.09148450940847397 0.11002244800329208
0.09143543243408203 0.11801350861787796
0.09119758009910583 0.10411348193883896
0.09098373353481293 0.12801499664783478
0.09070509672164917 0.09777549654245377
0.09001931548118591 0.09185791015625
0.0899745374917984 0.12166954576969147
0.08964752405881882 0.12545648217201233
0.08885367214679718 0.0937834307551384
0.08878181129693985 0.10159990936517715
0.08852831274271011 0.10960548371076584
0.08808822184801102 0.13967637717723846
0.08794846385717392 0.09885784983634949
0.08781871944665909 0.10400280356407166
0.08746027201414108 0.09252937138080597
0.08732970058917999 0.09529069811105728
0.08715725690126419 0.08787183463573456
0.08595752716064453 0.08819162845611572
0.08580784499645233 0.09114522486925125
0.08575911074876785 0.10641022026538849
0.08473595231771469 0.09356626123189926
0.08269675821065903 0.09153307974338531
0.08246225863695145 0.12500253319740295
0.08235436677932739 0.11295678466558456
0.08217403292655945 0.08522208780050278
0.08172387629747391 0.08236395567655563
0.08125556260347366 0.11085069924592972
0.08110915869474411 0.11561410129070282
0.08032981306314468 0.08518468588590622
0.07995899766683578 0.08315564692020416
0.07939603179693222 0.08995207399129868
0.07835404574871063 0.09157265722751617
0.07598923146724701 0.0888381078839302
0.07586115598678589 0.08340884000062943
0.07562598586082458 0.0847153440117836
0.07471448928117752 0.07906483858823776
0.0747053399682045 0.0905105397105217
0.07458999752998352 0.0904855951666832
0.0735064148902893 0.08710983395576477
0.07350384443998337 0.08468960970640182
0.0731426477432251 0.07398524135351181
0.07125910371541977 0.08720557391643524
0.07108313590288162 0.07581037282943726
0.06965824961662292 0.0753973126411438
0.06882616132497787 0.07514224201440811
0.06873819977045059 0.07607496529817581
0.06844457983970642 0.07166782766580582
