0.2596065104007721 0.2749403417110443
0.23164919018745422 0.2492169737815857
0.21151158213615417 0.28647640347480774
0.20390701293945312 0.21024972200393677
0.19118119776248932 0.19411030411720276
0.18748292326927185 0.2191356122493744
0.1821017861366272 0.18271899223327637
0.17971400916576385 0.18055005371570587
0.16975684463977814 0.1698155254125595
0.16884011030197144 0.17097687721252441
0.16359932720661163 0.1757275015115738
0.16300749778747559 0.1875627189874649
0.16183538734912872 0.16600050032138824
0.16108407080173492 0.1948779821395874
0.15868063271045685 0.16434291005134583
0.15692389011383057 0.1615714132785797
0.15682514011859894 0.16607193648815155
0.15543220937252045 0.20184049010276794
0.1551143229007721 0.15591512620449066
0.1547602415084839 0.16941425204277039
0.15363845229148865 0.16854536533355713
0.1534632444381714 0.16748793423175812
0.1526861935853958 0.19777044653892517
0.15139101445674896 0.15779098868370056
0.1506590098142624 0.15417633950710297
0.1503858119249344 0.17463696002960205
0.15038171410560608 0.152278333902359
0.1495906412601471 0.15948711335659027
0.14956733584403992 0.16627442836761475
0.1491325944662094 0.17840830981731415
0.14812302589416504 0.16633948683738708
0.14801998436450958 0.1632990837097168
0.14796605706214905 0.1739223450422287
0.14667804539203644 0.15519249439239502
0.14657986164093018 0.1766381412744522
0.14617188274860382 0.14781257510185242
0.14573325216770172 0.15727928280830383
0.14506103098392487 0.1576652079820633
0.14474046230316162 0.14835846424102783
0.1445990800857544 0.14804334938526154
0.14384950697422028 0.16467131674289703
0.14312005043029785 0.15267620980739594
0.14239495992660522 0.14324183762073517
0.14193442463874817 0.1930866837501526
0.14184367656707764 0.1458066999912262
0.1415223628282547 0.18390370905399323
0.14132510125637054 0.14584453403949738
0.1409786194562912 0.17465661466121674
0.14091631770133972 0.16792906820774078
0.14090515673160553 0.15469540655612946
0.14042682945728302 0.15689823031425476
0.1400151401758194 0.14633913338184357
0.13999386131763458 0.14796166121959686
0.13992494344711304 0.14119960367679596
0.13939319550991058 0.16856390237808228
0.13830478489398956 0.18270203471183777
0.13803967833518982 0.15966223180294037
0.13793590664863586 0.18271899223327637
0.13776016235351562 0.17204038798809052
0.13751362264156342 0.1488567590713501
0.13744120299816132 0.16692613065242767
0.13719429075717926 0.14834794402122498
0.13718105852603912 0.13760492205619812
0.13694089651107788 0.16327759623527527
0.13692784309387207 0.14070649445056915
0.1367259919643402 0.14825792610645294
0.13638697564601898 0.14665378630161285
0.13595426082611084 0.13753271102905273
0.13569504022598267 0.17311465740203857
0.13555723428726196 0.15060634911060333
0.13554690778255463 0.16197259724140167
0.1354639083147049 0.14925116300582886
0.13492825627326965 0.18657155334949493
0.13489264249801636 0.16677245497703552
0.13470076024532318 0.13814254105091095
0.134683758020401 0.13496190309524536
0.13427524268627167 0.14646798372268677
0.13420365750789642 0.14846383035182953
0.13371969759464264 0.13892881572246552
0.13359707593917847 0.14226853847503662
0.13357922434806824 0.15628646314144135
0.13150371611118317 0.15643109381198883
0.13144366443157196 0.13352808356285095
0.13079117238521576 0.14666761457920074
0.13067728281021118 0.13650298118591309
0.13038934767246246 0.13106872141361237
0.12914752960205078 0.134691521525383
0.12681974470615387 0.12992587685585022
0.12674356997013092 0.14766982197761536
0.1248457059264183 0.171993687748909
0.12478999048471451 0.1436692178249359
0.12289745360612869 0.13020341098308563
0.12274292856454849 0.1558384746313095
0.1220359206199646 0.1235649436712265
0.12190194427967072 0.1878969669342041
0.12130409479141235 0.14117532968521118
0.12065396457910538 0.17338445782661438
0.11974175274372101 0.14914220571517944
0.11957365274429321 0.12353727221488953
0.1195240244269371 0.15638071298599243
0.11840342730283737 0.1504140943288803
0.118184395134449 0.20493026077747345
0.11767679452896118 0.1738794893026352
0.11701663583517075 0.1524234563112259
0.11699510365724564 0.1511605829000473
0.11666456609964371 0.14297300577163696
0.11640875041484833 0.11707606166601181
0.1150495857000351 0.12411056458950043
0.11371071636676788 0.1211865246295929
0.11339516192674637 0.15098850429058075
0.11273805797100067 0.12191259860992432
0.11260908842086792 0.12012743949890137
0.11249876022338867 0.12114258110523224
0.11239068955183029 0.12715324759483337
0.11232921481132507 0.11645687371492386
0.11209478974342346 0.11831733584403992
0.11096905916929245 0.15273872017860413
0.11047230660915375 0.13715001940727234
0.1104029044508934 0.1193132996559143
0.10994912683963776 0.11794598400592804
0.10974375903606415 0.21381837129592896
0.10966620594263077 0.12074998021125793
0.10965267568826675 0.1331344097852707
0.10960700362920761 0.14443117380142212
0.10934083163738251 0.11586403846740723
0.1088792011141777 0.14534994959831238
0.10809805989265442 0.10834971070289612
0.10767156630754471 0.17465050518512726
0.10705193132162094 0.11694276332855225
0.10694646090269089 0.1078936904668808
0.10670807212591171 0.13954292237758636
0.10638275742530823 0.15690581500530243
0.10610915720462799 0.11202189326286316
0.10590008646249771 0.12200769782066345
0.10574629157781601 0.10774815082550049
0.10561905801296234 0.14904159307479858
0.10549908876419067 0.1071607917547226
0.10492587834596634 0.1175469160079956
0.10417288541793823 0.13851876556873322
0.10390300303697586 0.10457793623209
0.10372131317853928 0.1274804025888443
0.10182550549507141 0.12012743949890137
0.10170377790927887 0.12881556153297424
0.10165312886238098 0.10790245234966278
0.10147956013679504 0.10247122496366501
0.10128035396337509 0.12743869423866272
0.10107093304395676 0.13872958719730377
0.1006840392947197 0.11023815721273422
0.10036291182041168 0.11896899342536926
0.09965591877698898 0.1340697854757309
0.09951353073120117 0.1232743114233017
0.0988154262304306 0.11808609962463379
0.09861759096384048 0.13565543293952942
0.09814519435167313 0.11325318366289139
0.09809034317731857 0.11349322646856308
0.09806930273771286 0.10621862858533859
0.09794581681489944 0.1102929413318634
0.09773832559585571 0.13424105942249298
0.0974230095744133 0.1598861962556839
0.09669779986143112 0.19128480553627014
0.09602922201156616 0.09673670679330826
0.09602626413106918 0.13878674805164337
0.09552024304866791 0.13026762008666992
0.095133475959301 0.10620530694723129
0.09471861273050308 0.13213419914245605
0.09406906366348267 0.13151033222675323
0.09362281113862991 0.11036717146635056
0.09067128598690033 0.09379085153341293
0.09056833386421204 0.11935997009277344
0.09031468629837036 0.1503342092037201
0.08821506053209305 0.09104909747838974
0.08702340722084045 0.08764848113059998
0.08678659051656723 0.09420964866876602
0.08609018474817276 0.13328558206558228
0.08560310304164886 0.14772345125675201
0.08537851274013519 0.08687502145767212
0.08493469655513763 0.09906380623579025
0.08473774045705795 0.08523016422986984
0.0833178162574768 0.1179480329155922
0.08271893113851547 0.0868820920586586
0.08266489952802658 0.1224900484085083
0.08244550973176956 0.09725053608417511
0.08227001875638962 0.12779919803142548
0.08180075138807297 0.10953623056411743
0.0811629444360733 0.08704104274511337
0.08104757219552994 0.09960690885782242
0.08104689419269562 0.08980322629213333
0.08036045730113983 0.09559552371501923
0.08030658960342407 0.09810161590576172
0.08017751574516296 0.12809792160987854
0.07993903756141663 0.1440008580684662
0.07986711710691452 0.09856143593788147
0.07976145297288895 0.08376271277666092
0.07947470247745514 0.08112222701311111
0.07944807410240173 0.09237515926361084
0.07931011915206909 0.1041165217757225
0.07925888895988464 0.0941670835018158
0.07922367006540298 0.08805098384618759
0.07888994365930557 0.07906200736761093
0.07869474589824677 0.09732981771230698
0.07845886796712875 0.08023176342248917
0.07826048135757446 0.10813573747873306
0.07762587815523148 0.10271146893501282
0.07719450443983078 0.08112222701311111
0.07716315984725952 0.08491408079862595
0.07681687921285629 0.07733449339866638
0.07650136202573776 0.10284540057182312
0.07627616077661514 0.07920490205287933
0.07574387639760971 0.09144122898578644
0.07524394243955612 0.11908568441867828
0.07469511032104492 0.08099490404129028
0.0741380974650383 0.08946193009614944
0.07394354790449142 0.07814034074544907
0.07372860610485077 0.0993519052863121
0.07327451556921005 0.08125530183315277
0.07316478341817856 0.07672170549631119
0.07154272496700287 0.07217300683259964
0.07100394368171692 0.08837548643350601
0.07082837074995041 0.07428579032421112
0.07030819356441498 0.09658756107091904
0.06953492760658264 0.08301882445812225
0.0693511888384819 0.08078040182590485
0.06881536543369293 0.08549986034631729
0.06836839020252228 0.10343612730503082
0.0680614709854126 0.06988620012998581
0.06623630970716476 0.06671610474586487
0.06174878403544426 0.07808288186788559
0.05993877351284027 0.08004341274499893
