0.2693576216697693 0.27086278796195984
0.23546664416790009 0.23841536045074463
0.2314753532409668 0.2459610104560852
0.22671237587928772 0.24663040041923523
0.22592349350452423 0.23085182905197144
0.2213316559791565 0.26196128129959106
0.2195860594511032 0.22882837057113647
0.21671707928180695 0.21893265843391418
0.21525625884532928 0.2220202535390854
0.21493719518184662 0.22221258282661438
0.2132568061351776 0.2234395295381546
0.21232856810092926 0.21771548688411713
0.21144695580005646 0.21978206932544708
0.21141839027404785 0.2131432294845581
0.21103674173355103 0.24265269935131073
0.2105799913406372 0.22344504296779633
0.21013271808624268 0.24010108411312103
0.2095256894826889 0.23776775598526
0.20868995785713196 0.21701955795288086
0.201487734913826 0.24015413224697113
0.19438308477401733 0.22781060636043549
0.1943672001361847 0.2076510339975357
0.1872807741165161 0.23393407464027405
0.18092958629131317 0.18221332132816315
0.1800631731748581 0.2106868028640747
0.1777609884738922 0.19265322387218475
0.17628420889377594 0.20156025886535645
0.17472243309020996 0.25278419256210327
0.172435000538826 0.20135065913200378
0.16355502605438232 0.16427317261695862
0.163116455078125 0.1790073662996292
0.1583719253540039 0.16213944554328918
0.15676210820674896 0.21443207561969757
0.1565379798412323 0.18881265819072723
0.15457367897033691 0.16311673820018768
0.15237678587436676 0.15503770112991333
0.15216541290283203 0.17366507649421692
0.15046420693397522 0.1708022654056549
0.14724016189575195 0.16929100453853607
0.1467968374490738 0.14848525822162628
0.14263635873794556 0.17385052144527435
0.14127959311008453 0.18184766173362732
0.14109553396701813 0.15746620297431946
0.1392439305782318 0.20798982679843903
0.137960284948349 0.16382522881031036
0.1360904723405838 0.17897365987300873
0.1358068734407425 0.15142297744750977
0.13569557666778564 0.1595124751329422
0.13547706604003906 0.17900070548057556
0.13375484943389893 0.13956522941589355
0.13345575332641602 0.14015206694602966
0.13184112310409546 0.14696873724460602
0.13109874725341797 0.2545401155948639
0.13100482523441315 0.17281502485275269
0.1305459588766098 0.13332213461399078
0.12977631390094757 0.1349593549966812
0.1293562352657318 0.17498551309108734
0.12919606268405914 0.16694481670856476
0.1276342123746872 0.16693557798862457
0.12700887024402618 0.1612064689397812
0.12599878013134003 0.13131895661354065
0.12563344836235046 0.15149374306201935
0.12490591406822205 0.17249949276447296
0.12355863302946091 0.1262056678533554
0.12319281697273254 0.1408720463514328
0.12298063188791275 0.17652945220470428
0.12196602672338486 0.12624551355838776
0.12166514247655869 0.14668652415275574
0.12141502648591995 0.16431058943271637
0.1196044385433197 0.19897080957889557
0.11902770400047302 0.15000106394290924
0.11821525543928146 0.14412789046764374
0.11764398962259293 0.15209661424160004
0.11740648746490479 0.12046162784099579
0.11718793213367462 0.24741317331790924
0.11699385195970535 0.13883890211582184
0.11661404371261597 0.1402643769979477
0.11653243750333786 0.2000616043806076
0.11596973240375519 0.16818207502365112
0.11591833829879761 0.11694538593292236
0.11589096486568451 0.159564808011055
0.11558784544467926 0.15631283819675446
0.11432766914367676 0.13212023675441742
0.1142592653632164 0.13615013659000397
0.11398667842149734 0.156833216547966
0.11383840441703796 0.22521941363811493
0.11346641927957535 0.13304518163204193
0.1134372279047966 0.12776264548301697
0.11322464793920517 0.2204785943031311
0.11300714313983917 0.11614280939102173
0.11058308929204941 0.21495838463306427
0.1099439412355423 0.11966882646083832
0.10982364416122437 0.11268983036279678
0.10980609059333801 0.1690891683101654
0.10979323089122772 0.11307358741760254
0.10913766920566559 0.12389300018548965
0.10898048430681229 0.13226023316383362
0.10880594700574875 0.12000275403261185
0.1084035113453865 0.17875666916370392
0.10805708914995193 0.11876922100782394
0.108039490878582 0.12386608868837357
0.10734492540359497 0.10986843705177307
0.10714071244001389 0.12867052853107452
0.1066802367568016 0.15505562722682953
0.10646253079175949 0.17442478239536285
0.10598871111869812 0.12748673558235168
0.10565780848264694 0.14463645219802856
0.10440792888402939 0.10668694227933884
0.10425057262182236 0.10899724811315536
0.1041548028588295 0.12968993186950684
0.1033095270395279 0.10993938893079758
0.10238035023212433 0.14581774175167084
0.10232319682836533 0.1045655906200409
0.10090602934360504 0.18437057733535767
0.10028645396232605 0.16898585855960846
0.10016480833292007 0.14037737250328064
0.10007201135158539 0.11392266303300858
0.09994868189096451 0.1019672155380249
0.099859319627285 0.15725496411323547
0.09974312037229538 0.10791726410388947
0.09934841096401215 0.13362783193588257
0.0989793986082077 0.17258107662200928
0.09897874295711517 0.16549305617809296
0.09892841428518295 0.1311592310667038
0.09875442832708359 0.10477697104215622
0.0984683483839035 0.1532880812883377
0.09845948219299316 0.1192220076918602
0.09774454683065414 0.15263612568378448
0.09773220866918564 0.24644288420677185
0.09765785932540894 0.11417948454618454
0.09754876047372818 0.10240521281957626
0.09724871814250946 0.11630862206220627
0.09706855565309525 0.10032445937395096
0.09691250324249268 0.15799543261528015
0.09646730124950409 0.09675420075654984
0.09543740004301071 0.14159053564071655
0.09540428221225739 0.13924168050289154
0.09515602141618729 0.1025603786110878
0.09476865828037262 0.1321164071559906
0.09403546899557114 0.15510419011116028
0.0935363620519638 0.12293940782546997
0.09345304220914841 0.12825049459934235
0.09322478622198105 0.10923822969198227
0.09309730678796768 0.09383779019117355
0.0923859104514122 0.10478487610816956
0.09228561073541641 0.0965500921010971
0.09191372245550156 0.0927324965596199
0.09136692434549332 0.1093369871377945
0.09071369469165802 0.1041971892118454
0.09031626582145691 0.13634426891803741
0.09013485908508301 0.13970820605754852
0.08956655114889145 0.09868798404932022
0.08946971595287323 0.09844538569450378
0.08938542753458023 0.11138373613357544
0.08901438117027283 0.10984523594379425
0.08878553658723831 0.13299019634723663
0.08852986991405487 0.11791348457336426
0.08849851787090302 0.1404598355293274
0.08847958594560623 0.09584923833608627
0.08829056471586227 0.09341040998697281
0.08814465254545212 0.1091490387916565
0.0881246030330658 0.15435101091861725
0.08786731958389282 0.10342485457658768
0.08764252066612244 0.11690890789031982
0.08756491541862488 0.10629958659410477
0.08715792000293732 0.09000943601131439
0.08714035153388977 0.10514340549707413
0.08674248307943344 0.0927324965596199
0.0861387774348259 0.10065028816461563
0.08521173894405365 0.1046597957611084
0.08504446595907211 0.09905441105365753
0.08463363349437714 0.09336729347705841
0.0843803882598877 0.1009313315153122
0.08431785553693771 0.17065253853797913
0.0842176303267479 0.12886486947536469
0.08235795795917511 0.09180266410112381
0.08112671971321106 0.09031755477190018
0.08109230548143387 0.11267822235822678
0.08103850483894348 0.11813542246818542
0.08070620149374008 0.11522301286458969
0.07871821522712708 0.0929706022143364
0.075452521443367 0.07665383815765381
0.07443161308765411 0.07798293977975845
0.07051831483840942 0.08511153608560562
0.07049258053302765 0.0772918313741684
0.06990589946508408 0.08618756383657455
