0.18240495026111603 0.7861700654029846
0.16203191876411438 0.7857405543327332
0.11526256054639816 0.7858949303627014
0.113714799284935 0.7860797643661499
0.11159227788448334 0.11409155279397964
0.10727881640195847 0.11919941008090973
0.10375072807073593 0.10907559096813202
0.09267589449882507 0.09719841182231903
0.09199967980384827 0.09348006546497345
0.09136562049388885 0.09243333339691162
0.089976005256176 0.09386391192674637
0.08750003576278687 0.09751100093126297
0.08583170920610428 0.1385231763124466
0.08392568677663803 0.08540425449609756
0.08308322727680206 0.08397514373064041
0.082023486495018 0.08657683432102203
0.08176527917385101 0.08321359008550644
0.08122704923152924 0.08557600528001785
0.08120036125183105 0.08120740205049515
0.08117585629224777 0.08769541233778
0.08115121722221375 0.11474745720624924
0.08066677302122116 0.10419213026762009
0.07972804456949234 0.09180467575788498
0.0795973390340805 0.11027947813272476
0.0789620503783226 0.10853471606969833
0.07803486287593842 0.07821007817983627
0.07681126892566681 0.15361793339252472
0.07581759244203568 0.09019584953784943
0.07542028278112411 0.11672309786081314
0.07429558038711548 0.10068103671073914
0.07307540625333786 0.11725620925426483
0.07219411432743073 0.0812283456325531
0.07168756425380707 0.07338222861289978
0.07160017639398575 0.07525826245546341
0.07136190682649612 0.14141520857810974
0.07098878920078278 0.08542008697986603
0.07065707445144653 0.09677135199308395
0.07062869518995285 0.08261925727128983
0.06968344002962112 0.09630615264177322
0.06964584439992905 0.07112611085176468
0.06959639489650726 0.07850119471549988
0.06943776458501816 0.0744093805551529
0.0689072459936142 0.08162842690944672
0.06876322627067566 0.10154777020215988
0.06870460510253906 0.10704837739467621
0.06830160319805145 0.08690289407968521
0.06818782538175583 0.07469696551561356
0.06792911887168884 0.06942196935415268
0.06768173724412918 0.0687497928738594
0.06713178008794785 0.1135035827755928
0.06712169945240021 0.08249979466199875
0.0665828287601471 0.10826898366212845
0.06615635752677917 0.08496060967445374
0.06508535891771317 0.07463552802801132
0.06504874676465988 0.09770576655864716
0.06378339976072311 0.13922758400440216
0.06355198472738266 0.06456994265317917
0.06298954784870148 0.06545684486627579
0.06283887475728989 0.06631389260292053
0.06271788477897644 0.09258946776390076
0.06249408796429634 0.09103059023618698
0.06233249604701996 0.06356889754533768
0.061958543956279755 0.088016077876091
0.0619468167424202 0.06296266615390778
0.06183021888136864 0.08857780694961548
0.061780452728271484 0.0773215964436531
0.06172547489404678 0.07847151160240173
0.06149089336395264 0.07264107465744019
0.06142239645123482 0.07502017915248871
0.0608464740216732 0.06346914917230606
0.060736339539289474 0.08394193649291992
0.0605798177421093 0.061292387545108795
0.06042411923408508 0.06935646384954453
0.06020747870206833 0.06265801936388016
0.060140784829854965 0.06423395872116089
0.06010052561759949 0.06130781024694443
0.06001842021942139 0.06179039925336838
0.05984305962920189 0.06749356538057327
0.05979097634553909 0.06112726032733917
0.05965819209814072 0.062289319932460785
0.05961352586746216 0.059810820966959
0.059596262872219086 0.06813375651836395
0.05933519825339317 0.07035492360591888
0.05898936837911606 0.08851560950279236
0.05885433033108711 0.06380072236061096
0.058784760534763336 0.06997155398130417
0.05859925597906113 0.08913158625364304
0.057440824806690216 0.062419816851615906
0.05728953331708908 0.057848937809467316
0.05697451904416084 0.08483584225177765
0.056883860379457474 0.07496793568134308
0.05621369183063507 0.05769382789731026
0.0562029592692852 0.08362913876771927
0.055932845920324326 0.05598004534840584
0.05506422370672226 0.06098999083042145
0.054988425225019455 0.06461569666862488
0.05423686280846596 0.06902176141738892
0.05418742820620537 0.0795632004737854
0.0541718453168869 0.07860119640827179
0.054161977022886276 0.06501694768667221
0.05412591993808746 0.06093280389904976
0.05400051921606064 0.057121969759464264
0.05394456163048744 0.056528765708208084
0.05262218415737152 0.05293218418955803
0.052547428756952286 0.07772909104824066
0.052247531712055206 0.07326429337263107
0.05221254751086235 0.07789481431245804
0.05064640939235687 0.07028698176145554
0.05032734572887421 0.0651511624455452
0.049658577889204025 0.05547473207116127
0.048907894641160965 0.05606827884912491
0.04882830008864403 0.053887948393821716
0.04810469225049019 0.049830034375190735
0.04734138026833534 0.0550348199903965
0.04700947552919388 0.0674387589097023
0.046930696815252304 0.062423113733530045
0.0468757189810276 0.05430525913834572
0.04536696895956993 0.05172310769557953
0.04511671140789986 0.04969104379415512
0.04439927265048027 0.050707414746284485
0.0435282438993454 0.04823442921042442
0.043265268206596375 0.04475700855255127
0.04325629398226738 0.053724903613328934
0.04319847375154495 0.045679159462451935
0.042871225625276566 0.043309662491083145
