0.22421422600746155 0.2265927791595459
0.21821942925453186 0.23625391721725464
0.21798528730869293 0.23138724267482758
0.2178715318441391 0.2239254266023636
0.21735937893390656 0.22176909446716309
0.21605494618415833 0.23268964886665344
0.21519988775253296 0.22410491108894348
0.21505539119243622 0.23264098167419434
0.21500422060489655 0.2283334881067276
0.19327877461910248 0.19694700837135315
0.1854339987039566 0.18547767400741577
0.1760701984167099 0.17675042152404785
0.1757173240184784 0.18958435952663422
0.1715661585330963 0.18426460027694702
0.17082098126411438 0.181494802236557
0.17076681554317474 0.1826602816581726
0.17033401131629944 0.17740266025066376
0.16946621239185333 0.1732940971851349
0.16625991463661194 0.17933332920074463
0.16433903574943542 0.1909538209438324
0.16349738836288452 0.16970951855182648
0.1622464656829834 0.18376384675502777
0.16106867790222168 0.1759258508682251
0.16073496639728546 0.1979895383119583
0.15909560024738312 0.17157910764217377
0.15862131118774414 0.17585164308547974
0.15810643136501312 0.1615082174539566
0.15763622522354126 0.17058761417865753
0.1568070650100708 0.17024090886116028
0.15654851496219635 0.16515344381332397
0.15623922646045685 0.18146339058876038
0.15608203411102295 0.17250388860702515
0.1555987000465393 0.17145662009716034
0.15548132359981537 0.162438303232193
0.15542985498905182 0.17934221029281616
0.15509259700775146 0.15970899164676666
0.15496622025966644 0.18341292440891266
0.15485218167304993 0.16978132724761963
0.15414458513259888 0.17295299470424652
0.15409527719020844 0.1697901040315628
0.15396815538406372 0.15914076566696167
0.15229938924312592 0.1733730435371399
0.15229253470897675 0.15933966636657715
0.1520281285047531 0.1584750860929489
0.15195365250110626 0.1636236160993576
0.15179327130317688 0.16825471818447113
0.15158526599407196 0.17415769398212433
0.15133941173553467 0.156682088971138
0.15129786729812622 0.1865881383419037
0.1506749838590622 0.17847540974617004
0.1505068689584732 0.15525269508361816
0.15013128519058228 0.1927832067012787
0.14970341324806213 0.18991294503211975
0.1496541053056717 0.1759292185306549
0.14947035908699036 0.17718063294887543
0.14911192655563354 0.1679970622062683
0.1483311802148819 0.16691195964813232
0.1482633650302887 0.1904808133840561
0.14771077036857605 0.14860375225543976
0.14698880910873413 0.17417578399181366
0.1468392014503479 0.1862965226173401
0.14683249592781067 0.15572187304496765
0.14610940217971802 0.1895407885313034
0.143685445189476 0.19087503850460052
0.14350321888923645 0.19260074198246002
0.14267751574516296 0.1441839039325714
0.14144006371498108 0.16283908486366272
0.1404586285352707 0.14324070513248444
0.13943877816200256 0.17687737941741943
0.13844698667526245 0.1606850028038025
0.13683751225471497 0.13776440918445587
0.13568492233753204 0.1707608848810196
0.13550540804862976 0.14013125002384186
0.13465207815170288 0.1616293489933014
0.1346110850572586 0.18104267120361328
0.13318222761154175 0.1914307326078415
0.13311897218227386 0.1480114609003067
0.13200725615024567 0.14770866930484772
0.1319822520017624 0.15719236433506012
0.13184285163879395 0.14390435814857483
0.13148315250873566 0.19146953523159027
0.13140304386615753 0.20839259028434753
0.13109485805034637 0.14441530406475067
0.1309039294719696 0.17379800975322723
0.12838217616081238 0.17476309835910797
0.12820416688919067 0.14541788399219513
0.12577122449874878 0.1350056678056717
0.1257656365633011 0.15737009048461914
0.1257047951221466 0.1443983018398285
0.12527918815612793 0.13514499366283417
0.12522904574871063 0.14181852340698242
0.12443294376134872 0.13267278671264648
0.12418032437562943 0.15921801328659058
0.12403940409421921 0.1819305121898651
0.12298966944217682 0.1240122839808464
0.1227613016963005 0.12987074255943298
0.12178149074316025 0.13689756393432617
0.12160435318946838 0.20126278698444366
0.12138168513774872 0.1884785145521164
0.12084873765707016 0.1586761176586151
0.12055252492427826 0.1312846541404724
0.11989782005548477 0.13320119678974152
0.11968045681715012 0.12364301830530167
0.11896201223134995 0.12446992844343185
0.11847469955682755 0.14694762229919434
0.11805819720029831 0.12864315509796143
0.11801496148109436 0.12394428253173828
0.11772648245096207 0.13522681593894958
0.11717011779546738 0.18497581779956818
0.11687227338552475 0.16424453258514404
0.11669183522462845 0.12981733679771423
0.11643650382757187 0.13322214782238007
0.11592866480350494 0.13019509613513947
0.11584575474262238 0.1634901612997055
0.11583288013935089 0.15007688105106354
0.11526982486248016 0.11583225429058075
0.11522018909454346 0.20290780067443848
0.11368542909622192 0.16297592222690582
0.11360158026218414 0.12275341898202896
0.11311308294534683 0.1168430969119072
0.11308988928794861 0.1362954080104828
0.11300675570964813 0.16375041007995605
0.11284875869750977 0.12043224275112152
0.1127125546336174 0.12796062231063843
0.11234480887651443 0.20989467203617096
0.11215714365243912 0.12132655084133148
0.11201873421669006 0.160736545920372
0.11197789013385773 0.14440377056598663
0.11110328882932663 0.12084630876779556
0.11100923269987106 0.24189166724681854
0.1108156368136406 0.1261054426431656
0.11072386801242828 0.12130393087863922
0.11063019931316376 0.11862527579069138
0.11043913662433624 0.13182911276817322
0.11040230095386505 0.13058212399482727
0.11030742526054382 0.12534676492214203
0.11021267622709274 0.14498738944530487
0.10974308103322983 0.11970443278551102
0.10957377403974533 0.11158833652734756
0.10918386280536652 0.11181376874446869
0.10886969417333603 0.11689278483390808
0.10850730538368225 0.1517723798751831
0.10796111822128296 0.12369833141565323
0.10747543722391129 0.11581462621688843
0.10719908773899078 0.11201032251119614
0.105858214199543 0.16152700781822205
0.10577742755413055 0.1397707760334015
0.1056777685880661 0.1428222805261612
0.1053415909409523 0.1944202482700348
0.10483042150735855 0.13675782084465027
0.10407015681266785 0.15929950773715973
0.10380902886390686 0.1297747641801834
0.10331537574529648 0.19524593651294708
0.10311929136514664 0.1121344119310379
0.10247056186199188 0.1289115995168686
0.1023530587553978 0.1120786964893341
0.10172367841005325 0.1541368067264557
0.1016148030757904 0.1494905799627304
0.10149616748094559 0.1075926125049591
0.10142804682254791 0.15797895193099976
0.10118722915649414 0.14232289791107178
0.10098475217819214 0.10525529086589813
0.10007885843515396 0.1622474193572998
0.10004003345966339 0.10420339554548264
0.09850025177001953 0.10639124363660812
0.0984283909201622 0.11431413888931274
0.09784965217113495 0.11091342568397522
0.09774279594421387 0.11814035475254059
0.09749473631381989 0.12804223597049713
0.097457155585289 0.11034171283245087
0.09692126512527466 0.10792753845453262
0.09685134887695312 0.12362100183963776
0.09667389839887619 0.11913903057575226
0.0964268296957016 0.11322831362485886
0.09631234407424927 0.1103128120303154
0.09564413130283356 0.11144296824932098
0.09543716162443161 0.11024770885705948
0.09534288197755814 0.14106698334217072
0.09481891244649887 0.09750357270240784
0.09456277638673782 0.10387572646141052
0.09310929477214813 0.11846102774143219
0.0928899347782135 0.1007445827126503
0.09258837252855301 0.09498177468776703
0.09119992703199387 0.09592490643262863
0.09106744825839996 0.10203758627176285
0.09048619866371155 0.1292460560798645
0.09024013578891754 0.1369287371635437
0.09020581841468811 0.17387472093105316
0.08962564915418625 0.09256651252508163
0.08931981772184372 0.10700072348117828
0.08892592787742615 0.09115348756313324
0.08814716339111328 0.11927096545696259
0.08812009543180466 0.11906605213880539
0.08778109401464462 0.17552386224269867
0.08700697869062424 0.10847034305334091
0.08679773658514023 0.08846638351678848
0.0867888480424881 0.10039988905191422
0.08650479465723038 0.11474291980266571
0.08626305311918259 0.0976228266954422
0.08616532385349274 0.14429046213626862
0.08570238947868347 0.08736883848905563
0.08566461503505707 0.10760784149169922
0.08501263707876205 0.10569120943546295
0.08397336304187775 0.09669753909111023
0.08344663679599762 0.08460160344839096
0.08308019489049911 0.11419300734996796
0.08276969939470291 0.10233738273382187
0.08269402384757996 0.10015413910150528
0.0826234221458435 0.15484730899333954
0.08245149999856949 0.10028264671564102
0.08220774680376053 0.09771434962749481
0.08198697119951248 0.10642120987176895
0.08138004690408707 0.0820479542016983
0.08131469786167145 0.08538051694631577
0.08122531324625015 0.0905727669596672
0.07905585318803787 0.08281064033508301
0.07845801115036011 0.08873967081308365
0.07830752432346344 0.07920985668897629
0.07779395580291748 0.10609742254018784
0.07610411942005157 0.08499949425458908
0.07529126107692719 0.08084792643785477
0.07375257462263107 0.07859311997890472
0.07169659435749054 0.0718383640050888
0.0704743042588234 0.07586725056171417
0.07001420110464096 0.07694634050130844
0.06869246810674667 0.07277031242847443
0.0681925043463707 0.07918944209814072
0.06802397966384888 0.07631370425224304
0.06557875126600266 0.08965934067964554
