0.23796574771404266 0.24595223367214203
0.22798235714435577 0.25149407982826233
0.22735890746116638 0.2825436592102051
0.22685553133487701 0.23030385375022888
0.2254069745540619 0.23668356239795685
0.21837082505226135 0.25762930512428284
0.21787725389003754 0.2248622328042984
0.2100735306739807 0.22588549554347992
0.20773598551750183 0.22363780438899994
0.20141547918319702 0.2138354331254959
0.20073729753494263 0.23399822413921356
0.19777970016002655 0.19970861077308655
0.19349640607833862 0.23690588772296906
0.1911768615245819 0.25686511397361755
0.18749253451824188 0.18863949179649353
0.18737822771072388 0.1967455893754959
0.1873399019241333 0.19559696316719055
0.18703842163085938 0.20137235522270203
0.18410445749759674 0.19991913437843323
0.1820300668478012 0.19533951580524445
0.18192867934703827 0.19222807884216309
0.18164311349391937 0.18619073927402496
0.17964738607406616 0.19465598464012146
0.1786039024591446 0.2551443576812744
0.17776788771152496 0.20035459101200104
0.17643217742443085 0.2296963334083557
0.17487137019634247 0.20800234377384186
0.17347493767738342 0.28319400548934937
0.17210841178894043 0.1848604381084442
0.17090751230716705 0.25896722078323364
0.17047911882400513 0.19442464411258698
0.16960680484771729 0.18869023025035858
0.16919417679309845 0.1991049200296402
0.16871227324008942 0.18478843569755554
0.16758820414543152 0.26201552152633667
0.16693216562271118 0.19760216772556305
0.16640587151050568 0.21462780237197876
0.16582204401493073 0.2467513233423233
0.16446541249752045 0.17179501056671143
0.16379417479038239 0.16522976756095886
0.16327863931655884 0.19948343932628632
0.1620662659406662 0.21267646551132202
0.1605754941701889 0.18888384103775024
0.16003850102424622 0.16928893327713013
0.15958014130592346 0.1729661077260971
0.15922541916370392 0.3134615421295166
0.15863284468650818 0.15968334674835205
0.15830546617507935 0.2585161328315735
0.15803036093711853 0.1745583415031433
0.15723766386508942 0.26762205362319946
0.15624064207077026 0.1689363718032837
0.1560327708721161 0.16192208230495453
0.1559005230665207 0.23369497060775757
0.1556430608034134 0.185627281665802
0.15558451414108276 0.17472274601459503
0.15519654750823975 0.1683305948972702
0.1546417623758316 0.18309460580348969
0.1545475721359253 0.15504887700080872
0.15398353338241577 0.16720877587795258
0.15373283624649048 0.16966301202774048
0.15314650535583496 0.15733538568019867
0.1523885875940323 0.2184370756149292
0.15204766392707825 0.16371798515319824
0.1515723615884781 0.16539090871810913
0.15095704793930054 0.2030467391014099
0.1503179371356964 0.16784821450710297
0.14981509745121002 0.15196123719215393
0.14948627352714539 0.18716000020503998
0.14863531291484833 0.15499544143676758
0.1483064889907837 0.16830360889434814
0.14769326150417328 0.19552233815193176
0.147207111120224 0.15752190351486206
0.1468442678451538 0.16221344470977783
0.14678317308425903 0.1555248200893402
0.14647525548934937 0.15714779496192932
0.14603057503700256 0.16707202792167664
0.14598481357097626 0.22042584419250488
0.14597995579242706 0.23095333576202393
0.1446603536605835 0.1737668812274933
0.14462648332118988 0.22573423385620117
0.1439451277256012 0.152487650513649
0.14372992515563965 0.15198281407356262
0.14345768094062805 0.20693671703338623
0.14127327501773834 0.1639457643032074
0.14093314111232758 0.22251006960868835
0.1404811590909958 0.17523136734962463
0.14034336805343628 0.19738824665546417
0.1402408629655838 0.14160287380218506
0.14019131660461426 0.18315044045448303
0.13939344882965088 0.1722998172044754
0.13828237354755402 0.14329463243484497
0.1378413736820221 0.20038989186286926
0.13781556487083435 0.1715480089187622
0.13764126598834991 0.141469344496727
0.1374233216047287 0.24200670421123505
0.1373003125190735 0.1535838395357132
0.13667915761470795 0.16792593896389008
0.13657620549201965 0.1375357061624527
0.1364462822675705 0.14690914750099182
0.13578687608242035 0.1475742608308792
0.13483408093452454 0.16766734421253204
0.13474218547344208 0.16708821058273315
0.13435231149196625 0.1409139633178711
0.134281188249588 0.15176057815551758
0.13371016085147858 0.13803283870220184
0.13314639031887054 0.2929982542991638
0.13301287591457367 0.14276112616062164
0.1321052610874176 0.13387173414230347
0.13194851577281952 0.16269594430923462
0.13134291768074036 0.24276874959468842
0.13061614334583282 0.1393643319606781
0.13057847321033478 0.13174302875995636
0.13051050901412964 0.19381946325302124
0.13030162453651428 0.1854339987039566
0.12993964552879333 0.1471361517906189
0.12924131751060486 0.16270381212234497
0.12903092801570892 0.13732054829597473
0.12873674929141998 0.2158822864294052
0.12829454243183136 0.146833598613739
0.12786422669887543 0.16882580518722534
0.12759095430374146 0.26114243268966675
0.12711887061595917 0.13395684957504272
0.1270933449268341 0.19663770496845245
0.12693849205970764 0.17708106338977814
0.1267855316400528 0.15171144902706146
0.12626229226589203 0.19663265347480774
0.12605500221252441 0.16371798515319824
0.12394113093614578 0.19676604866981506
0.12379412353038788 0.177813321352005
0.12356679141521454 0.1295565813779831
0.12339914590120316 0.14071957767009735
0.12318272143602371 0.12869662046432495
0.12277940660715103 0.14317582547664642
0.12272863835096359 0.12490768730640411
0.12198878824710846 0.1423271745443344
0.12188458442687988 0.20668034255504608
0.1210736408829689 0.14060841500759125
0.1208425760269165 0.13929224014282227
0.12054925411939621 0.14790219068527222
0.12026191502809525 0.12128222733736038
0.11974991112947464 0.12216481566429138
0.11971195042133331 0.12833170592784882
0.11840194463729858 0.16112859547138214
0.11810456961393356 0.1371576488018036
0.1176435723900795 0.2204982340335846
0.11687695980072021 0.12769147753715515
0.11559366434812546 0.1243065893650055
0.11518201977014542 0.13506688177585602
0.11511699855327606 0.13061220943927765
0.11507214605808258 0.12145953625440598
0.11463525891304016 0.1179913580417633
0.11452213674783707 0.13028362393379211
0.11390287429094315 0.12094241380691528
0.11327708512544632 0.141191303730011
0.11323340982198715 0.11397437006235123
0.11250565946102142 0.1684449315071106
0.1122378334403038 0.11500174552202225
0.11204399168491364 0.11464454978704453
0.11186489462852478 0.11222701519727707
0.1108977422118187 0.1631772667169571
0.11072232574224472 0.1437716782093048
0.10748565196990967 0.11923640966415405
0.10744887590408325 0.11121618002653122
0.10741538554430008 0.14440995454788208
0.10726839303970337 0.12523171305656433
0.10718725621700287 0.1197047308087349
0.10699199885129929 0.10951535403728485
0.10601022094488144 0.11984754353761673
0.10487039387226105 0.12174244225025177
0.10431196540594101 0.10953891277313232
0.1042441800236702 0.12654729187488556
0.10412515699863434 0.10483986884355545
0.10391398519277573 0.11723939329385757
0.10361345112323761 0.1742093563079834
0.10321522504091263 0.16968907415866852
0.10249454528093338 0.1516772359609604
0.10216917842626572 0.1035492792725563
0.10202274471521378 0.1138075441122055
0.10141497850418091 0.18058742582798004
0.10069390386343002 0.10949587821960449
0.10012100636959076 0.11957493424415588
0.09906794130802155 0.12190230935811996
0.0988246276974678 0.10272836685180664
0.09762682765722275 0.13912896811962128
0.09733721613883972 0.10963155329227448
0.09690164774656296 0.12011094391345978
0.09635526686906815 0.10362143814563751
0.09613565355539322 0.12232162058353424
0.0957416370511055 0.09591921418905258
0.09508887678384781 0.09760165959596634
0.0950232669711113 0.09829224646091461
0.09496640413999557 0.10707774013280869
0.0943954735994339 0.10750018805265427
0.09422507137060165 0.16237421333789825
0.09404877573251724 0.10808689147233963
0.09403140842914581 0.10536091029644012
0.09156470000743866 0.10162597894668579
0.09116694331169128 0.10919468849897385
0.09100489318370819 0.09311573207378387
0.09054448455572128 0.11052123457193375
0.0903393104672432 0.10958648473024368
0.0900210440158844 0.09200841188430786
0.08990181237459183 0.11765234917402267
0.08841466903686523 0.09910082817077637
0.08721021562814713 0.11537815630435944
0.08708518743515015 0.11833091825246811
0.0783102884888649 0.09497959166765213
0.07430565357208252 0.08835939317941666
