0.1513313502073288 0.17100000381469727
0.1410026103258133 0.14150427281856537
0.13025633990764618 0.1581590622663498
0.1269822120666504 0.22599567472934723
0.12677845358848572 0.13052521646022797
0.12514334917068481 0.13012151420116425
0.12399822473526001 0.15669852495193481
0.12080742418766022 0.1313304752111435
0.11945370584726334 0.14404450356960297
0.11900803446769714 0.1229313313961029
0.11872093379497528 0.12068863213062286
0.11551032960414886 0.13356897234916687
0.11443791538476944 0.11896625906229019
0.1133672297000885 0.11736615002155304
0.11217057704925537 0.11238197237253189
0.11184674501419067 0.11797357350587845
0.11144907772541046 0.14082035422325134
0.11132810264825821 0.12400408089160919
0.11076533794403076 0.12731584906578064
0.11033761501312256 0.14066997170448303
0.10992703586816788 0.1371278464794159
0.10773943364620209 0.1275210678577423
0.10600779205560684 0.10970955342054367
0.10588991641998291 0.1221809983253479
0.10493528097867966 0.13545319437980652
0.1046505719423294 0.11498091369867325
0.10451092571020126 0.17161084711551666
0.10418736934661865 0.10691273957490921
0.10351956635713577 0.11375375837087631
0.1033228188753128 0.10522899776697159
0.10280456393957138 0.12544673681259155
0.10184423625469208 0.11345596611499786
0.10059763491153717 0.189891517162323
0.09979140013456345 0.10718561708927155
0.09962119162082672 0.11155188083648682
0.09961459040641785 0.135537251830101
0.09934031963348389 0.137006014585495
0.09907855838537216 0.11036098748445511
0.09877444058656693 0.10513436794281006
0.09816855192184448 0.12982337176799774
0.09795885533094406 0.10437417030334473
0.09792166203260422 0.11298201233148575
0.09765839576721191 0.10881407558917999
0.09707994014024734 0.10051348805427551
0.09703303128480911 0.10733319818973541
0.09679702669382095 0.16165776550769806
0.09657042473554611 0.134549081325531
0.09621404111385345 0.10941705107688904
0.09543878585100174 0.14262935519218445
0.09534545242786407 0.10767924040555954
0.09461063891649246 0.14135988056659698
0.09440220892429352 0.13752733170986176
0.09409793466329575 0.09814838320016861
0.09360084682703018 0.1002262532711029
0.09333930164575577 0.11150367558002472
0.09303069859743118 0.10299597680568695
0.09258302301168442 0.11369134485721588
0.09256453067064285 0.1164342612028122
0.09252304583787918 0.11932634562253952
0.09245942533016205 0.10897006094455719
0.09242023527622223 0.09766408056020737
0.09241747111082077 0.09766492992639542
0.09241073578596115 0.14403794705867767
0.09221042692661285 0.15839238464832306
0.09214150905609131 0.09690380841493607
0.09203775227069855 0.0982460305094719
0.09157733619213104 0.1783151477575302
0.09143668413162231 0.13141073286533356
0.0914347916841507 0.11457866430282593
0.09134930372238159 0.1486051231622696
0.09128317981958389 0.10732510685920715
0.09111404418945312 0.1410713791847229
0.09074950218200684 0.15357930958271027
0.09064707159996033 0.09872736036777496
0.0902438834309578 0.1330021172761917
0.0901876837015152 0.10825823992490768
0.089588463306427 0.20496603846549988
0.08938662707805634 0.11170615255832672
0.0893649011850357 0.11157343536615372
0.08933365345001221 0.11334118247032166
0.08929648995399475 0.13340888917446136
0.08898936957120895 0.1345040649175644
0.0885637104511261 0.10045228898525238
0.08792390674352646 0.08859585970640182
0.0876288115978241 0.08806076645851135
0.08734458684921265 0.1013263463973999
0.08724451810121536 0.09866542369127274
0.08655524998903275 0.19149821996688843
0.08647876232862473 0.08900748938322067
0.08504757285118103 0.13703268766403198
0.08494158834218979 0.10290449857711792
0.0848337709903717 0.11062353104352951
0.08478256314992905 0.09058243036270142
0.08450224995613098 0.1642172634601593
0.08381586521863937 0.0894809290766716
0.0835510641336441 0.1330074518918991
0.0830230787396431 0.09753532707691193
0.082972452044487 0.14901073276996613
0.0828387513756752 0.12775462865829468
0.0825226753950119 0.09415321797132492
0.08250664919614792 0.1738896667957306
0.08180814236402512 0.08429865539073944
0.08157062530517578 0.10809125006198883
0.08058775216341019 0.1015818640589714
0.08053196966648102 0.08330439031124115
0.07980995625257492 0.10945631563663483
0.07967786490917206 0.08130892366170883
0.07935753464698792 0.11815719306468964
0.07927225530147552 0.08017311990261078
0.07909639924764633 0.13339124619960785
0.07870638370513916 0.09671910852193832
0.07867497950792313 0.10998237878084183
0.07856067270040512 0.09034032374620438
0.07854828983545303 0.07962456345558167
0.07849375158548355 0.0800698846578598
0.0782676413655281 0.13072699308395386
0.0781073197722435 0.18609602749347687
0.07776948809623718 0.09635999798774719
0.07757788896560669 0.08193198591470718
0.07743067294359207 0.088699109852314
0.07740562409162521 0.08425439149141312
0.07715998589992523 0.14528869092464447
0.07699725031852722 0.0880197063088417
0.07645194977521896 0.09830605238676071
0.07643486559391022 0.08200258016586304
0.07639382779598236 0.08101938664913177
0.07532335817813873 0.13722144067287445
0.07431003451347351 0.09856029599905014
0.0739741250872612 0.09428131580352783
0.07298723608255386 0.16842138767242432
0.07274902611970901 0.11743240058422089
0.07221496105194092 0.08280988782644272
0.07211024314165115 0.07886826992034912
0.07089340686798096 0.08401188999414444
0.07083749026060104 0.10689187794923782
0.0701456144452095 0.08129020035266876
0.07001776993274689 0.07077029347419739
0.0699440985918045 0.07476328313350677
0.06973406672477722 0.08830460906028748
0.06928272545337677 0.0760730430483818
0.06822413206100464 0.08531305938959122
0.06819524616003036 0.07050774246454239
0.06795814633369446 0.07604598253965378
0.06616301834583282 0.07107207179069519
0.06562335044145584 0.0683017149567604
0.06554023921489716 0.09621627628803253
0.06524787098169327 0.0679011270403862
0.06510984897613525 0.07062932103872299
0.06480830907821655 0.06598006188869476
0.064628966152668 0.07714559137821198
0.06430712342262268 0.07513969391584396
0.06422130763530731 0.08391270041465759
0.06374827027320862 0.07046102732419968
0.06283855438232422 0.07497332990169525
0.06206822022795677 0.06471138447523117
0.061796531081199646 0.06752946972846985
0.061452556401491165 0.08104465156793594
0.061259206384420395 0.07534771412611008
0.06091964244842529 0.06739962100982666
0.06004921719431877 0.07770275324583054
0.059931471943855286 0.07071568071842194
0.059888098388910294 0.06020760163664818
0.05988585203886032 0.06810807436704636
0.05911722779273987 0.07483666390180588
0.058110807090997696 0.07196955382823944
0.057457517832517624 0.07772596925497055
0.056529704481363297 0.05768421292304993
0.05625221133232117 0.05839076638221741
0.05576377362012863 0.0577918104827404
0.053626976907253265 0.055739451199769974
0.05173075944185257 0.06798344850540161
0.05152185261249542 0.05583890527486801
0.048756375908851624 0.07554978132247925
