0.25780975818634033 0.26595237851142883
0.23707659542560577 0.23795154690742493
0.2350701093673706 0.259880006313324
0.23222018778324127 0.2384958267211914
0.2319103181362152 0.23777930438518524
0.2318340390920639 0.2407885491847992
0.23097340762615204 0.24354228377342224
0.23083126544952393 0.23219192028045654
0.2298184186220169 0.23406767845153809
0.22953370213508606 0.24429626762866974
0.22775910794734955 0.23803868889808655
0.2277059555053711 0.25424453616142273
0.2270905077457428 0.2271418422460556
0.22685416042804718 0.23197156190872192
0.22442728281021118 0.2264258712530136
0.22436204552650452 0.2306920289993286
0.223746195435524 0.22976791858673096
0.22346392273902893 0.23152558505535126
0.22313088178634644 0.22456371784210205
0.2228335440158844 0.23309022188186646
0.22261212766170502 0.2435474395751953
0.22135712206363678 0.22230885922908783
0.2204674333333969 0.27424004673957825
0.22040875256061554 0.2433052510023117
0.21960417926311493 0.23182366788387299
0.2190978229045868 0.2226237654685974
0.2185356765985489 0.23279893398284912
0.21846169233322144 0.23812593519687653
0.21844950318336487 0.23250502347946167
0.21775010228157043 0.23007331788539886
0.21758337318897247 0.23668205738067627
0.217538982629776 0.23841015994548798
0.21727705001831055 0.22358782589435577
0.21633188426494598 0.23522619903087616
0.21526919305324554 0.24050891399383545
0.21200667321681976 0.21299660205841064
0.20951984822750092 0.21613754332065582
0.20949971675872803 0.2203759253025055
0.20933403074741364 0.21892544627189636
0.20915845036506653 0.21090422570705414
0.2056206464767456 0.2224600613117218
0.20532862842082977 0.21682393550872803
0.2020345777273178 0.21774128079414368
0.20162111520767212 0.20602066814899445
0.20103514194488525 0.22214023768901825
0.20069198310375214 0.20930352807044983
0.19938814640045166 0.20513905584812164
0.19909203052520752 0.1992775946855545
0.19851012527942657 0.2242584228515625
0.19836294651031494 0.20712772011756897
0.1967451572418213 0.20152783393859863
0.196700781583786 0.21588976681232452
0.19628985226154327 0.20938143134117126
0.1959712952375412 0.20157717168331146
0.1957426369190216 0.2161252498626709
0.1955929696559906 0.19577215611934662
0.19506169855594635 0.20891985297203064
0.19496893882751465 0.20431287586688995
0.19458052515983582 0.19758041203022003
0.1943097859621048 0.19495262205600739
0.19309312105178833 0.20893263816833496
0.19279290735721588 0.21460077166557312
0.19228869676589966 0.20395535230636597
0.1905246376991272 0.24349237978458405
0.18957297503948212 0.2114720344543457
0.18946023285388947 0.19119973480701447
0.18869763612747192 0.20923717319965363
0.18785104155540466 0.19100241363048553
0.1866665482521057 0.1904979944229126
0.18562673032283783 0.22805756330490112
0.1855711042881012 0.23338361084461212
0.18512064218521118 0.1926039308309555
0.1828375607728958 0.1856864094734192
0.18233321607112885 0.19229930639266968
0.18225856125354767 0.19022488594055176
0.18184830248355865 0.19671869277954102
0.18031780421733856 0.2015383392572403
0.17613764107227325 0.18455380201339722
0.1760246604681015 0.21979933977127075
0.1756809949874878 0.1765640676021576
0.17543497681617737 0.21722280979156494
0.1747189462184906 0.1862698346376419
0.17420004308223724 0.19240999221801758
0.17405299842357635 0.1869867742061615
0.17339371144771576 0.19829051196575165
0.17336563766002655 0.19547578692436218
0.17336057126522064 0.17451238632202148
0.1730193793773651 0.1869032382965088
0.17289012670516968 0.18329165875911713
0.1724918782711029 0.19326865673065186
0.17218302190303802 0.17534776031970978
0.17190182209014893 0.19125045835971832
0.17188863456249237 0.18377982079982758
0.1716504842042923 0.18097680807113647
0.17105382680892944 0.19024556875228882
0.17095662653446198 0.17285674810409546
0.1708776205778122 0.18386700749397278
0.16975530982017517 0.20106272399425507
0.169730082154274 0.21837963163852692
0.16968996822834015 0.2027413696050644
0.16747742891311646 0.1780572384595871
0.16721408069133759 0.2114066332578659
0.16645605862140656 0.2303558737039566
0.16642920672893524 0.17895933985710144
0.16624511778354645 0.17661140859127045
0.1660878211259842 0.18758545815944672
0.16607828438282013 0.18115593492984772
0.16595295071601868 0.18587088584899902
0.16575437784194946 0.21310095489025116
0.16563689708709717 0.18632985651493073
0.16544978320598602 0.17535480856895447
0.16514796018600464 0.17127065360546112
0.1640411615371704 0.17171084880828857
0.1640123575925827 0.19267384707927704
0.16382747888565063 0.16555418074131012
0.16365957260131836 0.1729484349489212
0.16360178589820862 0.18972767889499664
0.16336336731910706 0.1806614100933075
0.16322675347328186 0.1697578728199005
0.16172105073928833 0.1669136881828308
0.16143779456615448 0.17346781492233276
0.16091203689575195 0.20064184069633484
0.16041643917560577 0.17013375461101532
0.16029635071754456 0.18789711594581604
0.16001485288143158 0.17121060192584991
0.15971945226192474 0.1797674596309662
0.15948019921779633 0.1911012828350067
0.15925908088684082 0.23842093348503113
0.15919017791748047 0.167808398604393
0.15900221467018127 0.18142640590667725
0.15877653658390045 0.1626090556383133
0.15870338678359985 0.17458485066890717
0.15857990086078644 0.1695646196603775
0.15780307352542877 0.17838989198207855
0.1576506644487381 0.19670267403125763
0.15736018121242523 0.18690729141235352
0.15695102512836456 0.1620587557554245
0.15640996396541595 0.18490928411483765
0.15633416175842285 0.16505230963230133
0.1562173217535019 0.202457457780838
0.15608873963356018 0.1780328005552292
0.15568378567695618 0.19545695185661316
0.15560348331928253 0.17262600362300873
0.15545785427093506 0.16652290523052216
0.15544268488883972 0.18863804638385773
0.15487799048423767 0.2175554484128952
0.154876708984375 0.21591240167617798
0.15400350093841553 0.1959037333726883
0.15389366447925568 0.1706678420305252
0.15364111959934235 0.2528632581233978
0.15337862074375153 0.22034743428230286
0.15330101549625397 0.19633325934410095
0.1520669311285019 0.18326522409915924
0.1508178561925888 0.15879406034946442
0.15081192553043365 0.16291140019893646
0.1500294804573059 0.19738495349884033
0.14981964230537415 0.16776388883590698
0.14894361793994904 0.20805345475673676
0.1477658748626709 0.22742946445941925
0.14751817286014557 0.20802061259746552
0.14742261171340942 0.21391445398330688
0.1467869132757187 0.15888118743896484
0.14665506780147552 0.22989508509635925
0.14597806334495544 0.2291526347398758
0.14533410966396332 0.214799165725708
0.14519084990024567 0.22242523729801178
0.14506560564041138 0.17582696676254272
0.14475852251052856 0.24220585823059082
0.1446552723646164 0.1688980907201767
0.14444109797477722 0.16101813316345215
0.1440569907426834 0.1504765748977661
0.14379863440990448 0.18347658216953278
0.14335162937641144 0.15282903611660004
0.14311927556991577 0.16746658086776733
0.14303229749202728 0.1481233388185501
0.14275409281253815 0.1507052332162857
0.14222659170627594 0.1448977291584015
0.14190129935741425 0.15352369844913483
0.14103108644485474 0.2022572010755539
0.14084260165691376 0.14675110578536987
0.14067009091377258 0.1431845724582672
0.1403399556875229 0.14335283637046814
0.1398891806602478 0.15966223180294037
0.13965730369091034 0.15685343742370605
0.13930995762348175 0.14051973819732666
0.1388678252696991 0.1871919333934784
0.13879528641700745 0.24485798180103302
0.13815969228744507 0.2570323944091797
0.13807767629623413 0.16676533222198486
0.13756456971168518 0.1825161725282669
0.13702450692653656 0.15648511052131653
0.13671113550662994 0.13818217813968658
0.13646307587623596 0.18307994306087494
0.13621489703655243 0.21064482629299164
0.13620203733444214 0.15190808475017548
0.13602718710899353 0.1949409544467926
0.13507235050201416 0.24584676325321198
0.13492825627326965 0.25517207384109497
0.1347576528787613 0.13801148533821106
0.13468725979328156 0.1976260542869568
0.1344795972108841 0.18727818131446838
0.13435328006744385 0.14375080168247223
0.13419051468372345 0.24866053462028503
0.1338074803352356 0.16015039384365082
0.1335066258907318 0.13936708867549896
0.13340076804161072 0.18323905766010284
0.13335348665714264 0.16737698018550873
0.13198715448379517 0.16919969022274017
0.13191087543964386 0.1946166604757309
0.13149428367614746 0.143416628241539
0.130711168050766 0.18248732388019562
0.1294509768486023 0.16975733637809753
0.12866470217704773 0.1495780199766159
0.12850894033908844 0.2186576873064041
0.12844544649124146 0.14619231224060059
0.12790054082870483 0.13022026419639587
0.12749093770980835 0.20546439290046692
0.12727467715740204 0.13917148113250732
0.1272105872631073 0.1904315948486328
0.12704868614673615 0.20636937022209167
0.12696993350982666 0.22635045647621155
0.12652327120304108 0.15816980600357056
0.1258189082145691 0.1680435836315155
0.12546515464782715 0.17394432425498962
0.12524406611919403 0.20189957320690155
0.12486658245325089 0.18425209820270538
0.12381718307733536 0.13651718199253082
0.12355480343103409 0.14414015412330627
0.12336629629135132 0.13155381381511688
0.12291109561920166 0.14002832770347595
0.12235127389431 0.18034230172634125
0.12062007188796997 0.17571838200092316
0.12030674517154694 0.1268155574798584
0.11888045072555542 0.12626326084136963
0.11882217973470688 0.1501791924238205
0.11862733960151672 0.14146576821804047
0.11842766404151917 0.22545723617076874
0.11772158741950989 0.1243806853890419
0.11666513979434967 0.15376456081867218
0.11626987159252167 0.1471819281578064
0.11378980427980423 0.13892818987369537
0.11362376064062119 0.14346754550933838
0.11357326805591583 0.1829090416431427
0.11354408413171768 0.16631263494491577
0.11325445026159286 0.14877177774906158
0.11298418790102005 0.11653675138950348
0.11296529322862625 0.19165796041488647
0.11225009709596634 0.13109834492206573
0.11207035183906555 0.19100609421730042
0.11089523881673813 0.11125345528125763
0.10964159667491913 0.16136880218982697
0.1091676652431488 0.16057677567005157
0.10867013037204742 0.12641876935958862
0.10586114972829819 0.1528969407081604
0.10474395751953125 0.1261368989944458
0.10441293567419052 0.10967385768890381
0.10275940597057343 0.10851379483938217
0.10231563448905945 0.12254434078931808
0.10206815600395203 0.10700999200344086
0.10105487704277039 0.10502645373344421
0.10040628165006638 0.11840933561325073
0.10020721703767776 0.11538760364055634
0.09987343102693558 0.11498729884624481
0.09918523579835892 0.09964920580387115
0.09763108193874359 0.11233604699373245
0.0950174331665039 0.11834494769573212
0.09324726462364197 0.1164359450340271
0.09274525195360184 0.14025594294071198
0.0906202495098114 0.12119976431131363
0.0880466029047966 0.11006193608045578
0.0849035233259201 0.09445912390947342
0.08231505006551743 0.10997564345598221
