0.486987441778183 0.4943159222602844
0.1544216126203537 0.15499049425125122
0.1520494967699051 0.15790487825870514
0.15098603069782257 0.15124261379241943
0.15070641040802002 0.15235331654548645
0.1499493271112442 0.15490849316120148
0.14984986186027527 0.1507844626903534
0.14963999390602112 0.1515827775001526
0.14939789474010468 0.15049153566360474
0.14912918210029602 0.1524248570203781
0.1491151750087738 0.16361764073371887
0.14904755353927612 0.15362337231636047
0.14888623356819153 0.15690085291862488
0.14872893691062927 0.15032818913459778
0.14871831238269806 0.1580480933189392
0.14863671362400055 0.1513473093509674
0.14850632846355438 0.1516043096780777
0.14843694865703583 0.1521010547876358
0.14843681454658508 0.15016143023967743
0.1483558714389801 0.154405415058136
0.14814329147338867 0.15410837531089783
0.14813262224197388 0.16435177624225616
0.14810246229171753 0.16087888181209564
0.14774495363235474 0.15705506503582
0.14774252474308014 0.16033028066158295
0.14765439927577972 0.15611490607261658
0.1475912183523178 0.15955449640750885
0.13737885653972626 0.1587637960910797
0.1371898055076599 0.1461465060710907
0.1302061676979065 0.1562071591615677
0.1274738609790802 0.15000659227371216
0.12265562266111374 0.12782064080238342
0.11961326003074646 0.12291906774044037
0.11922221630811691 0.11991876363754272
0.11724133789539337 0.15464037656784058
0.11672647297382355 0.12301071733236313
0.11641711741685867 0.13690581917762756
0.1156286895275116 0.13604360818862915
0.11139778047800064 0.1114095151424408
0.11118993908166885 0.11948879063129425
0.1104070395231247 0.12003839015960693
0.10963212698698044 0.14591391384601593
0.1083391085267067 0.11043621599674225
0.10761608183383942 0.11195696890354156
0.10736973583698273 0.11195287108421326
0.10549524426460266 0.10555057227611542
0.10491478443145752 0.1260662078857422
0.10461598634719849 0.10508076846599579
0.10447092354297638 0.109192855656147
0.10373420268297195 0.11048825830221176
0.10367002338171005 0.11570156365633011
0.10265302658081055 0.1030471920967102
0.1020268127322197 0.1100790947675705
0.10202567279338837 0.12735383212566376
0.10131170600652695 0.1147160455584526
0.10099591314792633 0.12798786163330078
0.10090924799442291 0.1230173259973526
0.10053731501102448 0.14909867942333221
0.1004401296377182 0.10541943460702896
0.10041400045156479 0.10055938363075256
0.10031900554895401 0.10162946581840515
0.10020128637552261 0.10983461886644363
0.10006193071603775 0.110555000603199
0.09962864965200424 0.11310651153326035
0.09955520927906036 0.10624769330024719
0.09930139034986496 0.11680185794830322
0.09926345199346542 0.10392581671476364
0.0976390615105629 0.11413470655679703
0.09740857034921646 0.11315073072910309
0.09733881801366806 0.11669308692216873
0.09732183814048767 0.1197819709777832
0.09692394733428955 0.11068983376026154
0.09601067751646042 0.11023927479982376
0.09588837623596191 0.09715090692043304
0.09535691887140274 0.107040636241436
0.09526533633470535 0.1109841987490654
0.0950927659869194 0.10068754851818085
0.09496807307004929 0.12701888382434845
0.09469171613454819 0.12104598432779312
0.09424753487110138 0.09459681063890457
0.09408094733953476 0.09805916249752045
0.09394177794456482 0.09780723601579666
0.09343161433935165 0.10656623542308807
0.09331319481134415 0.0994277372956276
0.09313853085041046 0.10067961364984512
0.093083456158638 0.09549498558044434
0.09285501390695572 0.10880263894796371
0.0927099660038948 0.10619020462036133
0.0926288515329361 0.1237739771604538
0.09246394783258438 0.10557038336992264
0.09243658930063248 0.0954400897026062
0.09242437779903412 0.09314320236444473
0.0924220159649849 0.09939942508935928
0.09237539768218994 0.09453057497739792
0.09229682385921478 0.10098622739315033
0.09209397435188293 0.16710177063941956
0.09201155602931976 0.11486625671386719
0.0915219634771347 0.10222112387418747
0.0913219228386879 0.11771150678396225
0.09129313379526138 0.09142132848501205
0.09113062173128128 0.103614941239357
0.09064101427793503 0.09572860598564148
0.09045416116714478 0.13241194188594818
0.09043912589550018 0.10120127350091934
0.089997798204422 0.11050328612327576
0.08997604995965958 0.11199329048395157
0.08982349187135696 0.09181488305330276
0.08978975564241409 0.09289505332708359
0.08960112929344177 0.12739045917987823
0.08947455137968063 0.11734577268362045
0.0894450917840004 0.10475198179483414
0.0894223228096962 0.09315548837184906
0.08927729725837708 0.1029895693063736
0.08860307186841965 0.09622440487146378
0.08792153745889664 0.10603446513414383
0.08721265941858292 0.10560440272092819
0.08720773458480835 0.1472490429878235
0.08705871552228928 0.0948876142501831
0.08705853670835495 0.12443547695875168
0.08643055707216263 0.14473189413547516
0.08622854948043823 0.15056346356868744
0.08594462275505066 0.08897633850574493
0.08566504716873169 0.1206209659576416
0.08562012016773224 0.11611096560955048
0.08530605584383011 0.09506268799304962
0.08530589193105698 0.09280554205179214
0.0852775126695633 0.12971113622188568
0.08427421748638153 0.08584949374198914
0.08399755507707596 0.11541146039962769
0.0839843824505806 0.09162953495979309
0.08385343104600906 0.08431225270032883
0.0835939273238182 0.12332421541213989
0.08349531888961792 0.11179006844758987
0.08316126465797424 0.08562933653593063
0.08289311826229095 0.12605470418930054
0.0825691819190979 0.1637871116399765
0.08211114257574081 0.16332808136940002
0.08172938227653503 0.09097485989332199
0.08168784528970718 0.10104627907276154
0.08167250454425812 0.09605950862169266
0.08163029700517654 0.08444952219724655
0.08159468322992325 0.13306789100170135
0.08158336579799652 0.15068794786930084
0.08110339939594269 0.09697774797677994
0.08110230416059494 0.1291753053665161
0.08097183704376221 0.10989683121442795
0.08071542531251907 0.10188716650009155
0.07984703779220581 0.10817693173885345
0.07896455377340317 0.1326751559972763
0.07876434177160263 0.08875510841608047
0.0787220150232315 0.09187708795070648
0.07863651216030121 0.10276114195585251
0.07854603230953217 0.10635712742805481
0.078199602663517 0.08138354122638702
0.07810552418231964 0.15038174390792847
0.07795270532369614 0.11266656219959259
0.07793761044740677 0.0869070440530777
0.07791581749916077 0.144551619887352
0.07789763808250427 0.09160022437572479
0.07747400552034378 0.09575167298316956
0.07743126153945923 0.12263628840446472
0.07732643187046051 0.10602567344903946
0.07722157984972 0.08046180009841919
0.07670053839683533 0.1233673095703125
0.07629792392253876 0.08035875111818314
0.07499371469020844 0.07511631399393082
0.07491996139287949 0.09302431344985962
0.07467292249202728 0.09576694667339325
0.07406052201986313 0.0775073915719986
0.07385645806789398 0.08677112311124802
0.07303598523139954 0.07489345222711563
0.07263842225074768 0.15153834223747253
0.0723607987165451 0.08471347391605377
0.07222054898738861 0.07395491003990173
0.07175629585981369 0.08786521106958389
0.07058639824390411 0.07505042850971222
0.06964916735887527 0.08011022210121155
0.0695420503616333 0.07071354985237122
0.06871591508388519 0.08428832143545151
0.0686158835887909 0.08024860173463821
0.06753294914960861 0.09297887980937958
0.06734111905097961 0.07251782715320587
0.06614620983600616 0.08076486736536026
0.06535478681325912 0.07089967280626297
0.06519240140914917 0.08401110768318176
0.0649430975317955 0.08447618782520294
0.06477101892232895 0.10650098323822021
0.06439083814620972 0.0748114064335823
0.06413456797599792 0.06417907029390335
0.06407947093248367 0.08994725346565247
0.06395570933818817 0.08010029047727585
0.0639287456870079 0.09413564950227737
0.06331264972686768 0.07632270455360413
0.0632215216755867 0.0640958845615387
0.06309142708778381 0.07510016113519669
0.06224469095468521 0.06690693646669388
0.062081512063741684 0.07338831573724747
0.060823436826467514 0.08819475024938583
0.060431916266679764 0.06962671875953674
0.06001845374703407 0.07183880358934402
0.05796295404434204 0.07623030990362167
0.05758151784539223 0.05841517820954323
0.05666671320796013 0.06427866220474243
0.05622565373778343 0.07673449069261551
0.055565591901540756 0.07253450155258179
0.05495723336935043 0.05888528376817703
0.054955657571554184 0.07075279206037521
0.054399751126766205 0.06336305290460587
0.05347215756773949 0.06548896431922913
