0.17633771896362305 0.19549882411956787
0.17348359525203705 0.18823473155498505
0.17347387969493866 0.18360885977745056
0.1723683625459671 0.17485098540782928
0.1719008833169937 0.1727152019739151
0.1678055375814438 0.17851224541664124
0.165389284491539 0.16762283444404602
0.16435164213180542 0.16750219464302063
0.163787379860878 0.16391468048095703
0.16040201485157013 0.16414673626422882
0.15932555496692657 0.16204017400741577
0.1591484397649765 0.15928898751735687
0.1591240018606186 0.16653256118297577
0.1588020771741867 0.16590853035449982
0.1586017906665802 0.16244453191757202
0.15841737389564514 0.15961849689483643
0.15804220736026764 0.16494572162628174
0.15747126936912537 0.16377867758274078
0.15726813673973083 0.1829775720834732
0.15704071521759033 0.1673833131790161
0.15697814524173737 0.17383776605129242
0.15679536759853363 0.16369837522506714
0.1564333289861679 0.17070771753787994
0.15538018941879272 0.17596028745174408
0.15470515191555023 0.16012738645076752
0.15435516834259033 0.16745664179325104
0.15431095659732819 0.1673094630241394
0.1542264074087143 0.16328765451908112
0.15405841171741486 0.15672755241394043
0.15353311598300934 0.15937136113643646
0.15230683982372284 0.17250663042068481
0.15228056907653809 0.1570574790239334
0.1510278582572937 0.1751367151737213
0.15092720091342926 0.16209495067596436
0.15091463923454285 0.18486623466014862
0.15068289637565613 0.16473262012004852
0.15053004026412964 0.16082517802715302
0.15029305219650269 0.16804629564285278
0.14992761611938477 0.15859268605709076
0.1497393548488617 0.16836564242839813
0.14972496032714844 0.16300933063030243
0.14948098361492157 0.16302968561649323
0.14904147386550903 0.16608348488807678
0.14900700747966766 0.1568702608346939
0.14847883582115173 0.16732211410999298
0.14825785160064697 0.15644049644470215
0.146860733628273 0.17629513144493103
0.14671464264392853 0.16966931521892548
0.14663143455982208 0.15157821774482727
0.14635267853736877 0.15339931845664978
0.14591965079307556 0.15218417346477509
0.14558279514312744 0.14651501178741455
0.14555566012859344 0.15512368083000183
0.145544171333313 0.15494680404663086
0.14438948035240173 0.16246631741523743
0.14415137469768524 0.15657728910446167
0.1440526396036148 0.154173344373703
0.14393195509910583 0.14877624809741974
0.14380496740341187 0.16154220700263977
0.14353658258914948 0.1464710235595703
0.1432749330997467 0.1716822385787964
0.1424706131219864 0.14527525007724762
0.14203989505767822 0.1497938483953476
0.1419532597064972 0.1572696417570114
0.1418067067861557 0.18479640781879425
0.1412355601787567 0.15533238649368286
0.1410045325756073 0.14115604758262634
0.14099302887916565 0.1615385115146637
0.14094306528568268 0.15232007205486298
0.1402193009853363 0.14950305223464966
0.1401996910572052 0.16200388967990875
0.140012726187706 0.14349490404129028
0.13962648808956146 0.14878278970718384
0.13918232917785645 0.1935225874185562
0.13788147270679474 0.15324439108371735
0.13760176301002502 0.1456664651632309
0.13718441128730774 0.1613374948501587
0.1369578242301941 0.18561527132987976
0.1368749588727951 0.1421908289194107
0.1357763558626175 0.14600400626659393
0.13566800951957703 0.15034270286560059
0.1347137689590454 0.16361777484416962
0.13430526852607727 0.13516061007976532
0.1336755007505417 0.14108966290950775
0.13342750072479248 0.13692061603069305
0.13277432322502136 0.14371538162231445
0.1323574036359787 0.16478945314884186
0.1322431117296219 0.14451725780963898
0.13214552402496338 0.14944049715995789
0.13209675252437592 0.1340695321559906
0.13197636604309082 0.13586090505123138
0.13196010887622833 0.14077189564704895
0.13193348050117493 0.13782672584056854
0.13101911544799805 0.1326327621936798
0.13098853826522827 0.1325506716966629
0.1309494525194168 0.1630147099494934
0.13054011762142181 0.13806267082691193
0.13045617938041687 0.14111670851707458
0.12972524762153625 0.13768582046031952
0.12936952710151672 0.13820861279964447
0.12930704653263092 0.13355189561843872
0.1281355619430542 0.1474081575870514
0.12768088281154633 0.1391075849533081
0.12697316706180573 0.19829033315181732
0.12695515155792236 0.13586090505123138
0.12687410414218903 0.16392795741558075
0.12681476771831512 0.14158064126968384
0.12623023986816406 0.169108584523201
0.12618538737297058 0.12647873163223267
0.1261250376701355 0.15543554723262787
0.1256701648235321 0.15658479928970337
0.12543943524360657 0.13243290781974792
0.12527090311050415 0.1290644258260727
0.12437918782234192 0.12680283188819885
0.12425784766674042 0.16863062977790833
0.12422425299882889 0.13678160309791565
0.12367202341556549 0.15849755704402924
0.12351330369710922 0.13335753977298737
0.12269965559244156 0.20047318935394287
0.1221398189663887 0.13151885569095612
0.12197254598140717 0.13091616332530975
0.12180455029010773 0.1257890909910202
0.12179774045944214 0.13682132959365845
0.12153831869363785 0.1617070883512497
0.12129753082990646 0.12759697437286377
0.12088952958583832 0.17558126151561737
0.12052002549171448 0.13277733325958252
0.12024836242198944 0.14713971316814423
0.11994891613721848 0.12067761272192001
0.1192171648144722 0.1369687169790268
0.1188889592885971 0.12044534832239151
0.11885343492031097 0.16664160788059235
0.11865351349115372 0.13630560040473938
0.11862348020076752 0.17025889456272125
0.11857200413942337 0.17547595500946045
0.11753285676240921 0.17343975603580475
0.1175147145986557 0.1362655609846115
0.11747602373361588 0.16347073018550873
0.11737732589244843 0.12227117270231247
0.11694233119487762 0.1484271138906479
0.11668320000171661 0.12393397092819214
0.11581830680370331 0.133053258061409
0.115507572889328 0.1209815964102745
0.11512317508459091 0.11951683461666107
0.11511056870222092 0.17258116602897644
0.11485666036605835 0.17477813363075256
0.11446898430585861 0.18225529789924622
0.11432135105133057 0.1488029807806015
0.11388549208641052 0.16910827159881592
0.11382720619440079 0.15249274671077728
0.11351045221090317 0.12359645962715149
0.11349336057901382 0.16592048108577728
0.11348365992307663 0.1747494637966156
0.11340180784463882 0.15305589139461517
0.11336580663919449 0.12040100991725922
0.11327484250068665 0.15017729997634888
0.11274012923240662 0.12184811383485794
0.11237937211990356 0.13144758343696594
0.11233871430158615 0.11993412673473358
0.11218516528606415 0.1264738142490387
0.11193578690290451 0.18497847020626068
0.11160445958375931 0.11300873011350632
0.11153857409954071 0.12195008993148804
0.11149962991476059 0.16855229437351227
0.1113898977637291 0.13178904354572296
0.1110914871096611 0.11747805029153824
0.1109556034207344 0.12390097975730896
0.11017513275146484 0.14418557286262512
0.10987584292888641 0.1356188803911209
0.10978647321462631 0.11387708783149719
0.10949579626321793 0.11760392040014267
0.10899687558412552 0.11965987086296082
0.10887336730957031 0.13109394907951355
0.10879847407341003 0.11439841240644455
0.1087762638926506 0.1318027377128601
0.10867295414209366 0.13677871227264404
0.10841066390275955 0.11741288006305695
0.10814853012561798 0.12918353080749512
0.10805713385343552 0.12283924967050552
0.10805705934762955 0.11802536994218826
0.10796105861663818 0.13903331756591797
0.10788187384605408 0.15702606737613678
0.10761421918869019 0.10907165706157684
0.10703727602958679 0.13243480026721954
0.1069200187921524 0.12125550210475922
0.10678036510944366 0.13840146362781525
0.10658122599124908 0.11455373466014862
0.10656852275133133 0.13952939212322235
0.10643909126520157 0.17135721445083618
0.10639718174934387 0.11519970744848251
0.1063353568315506 0.16387887299060822
0.10624827444553375 0.1575220227241516
0.1057312935590744 0.11046980321407318
0.10548146069049835 0.13690568506717682
0.1050621047616005 0.14671477675437927
0.10455348342657089 0.11221695691347122
0.10431679338216782 0.10606253892183304
0.10423927009105682 0.16031745076179504
0.10386625677347183 0.12644605338573456
0.10373391956090927 0.15115287899971008
0.10368635505437851 0.1761511266231537
0.10348439961671829 0.16684073209762573
0.10329259186983109 0.1302705854177475
0.10318984091281891 0.12245067209005356
0.10316009074449539 0.12964342534542084
0.10306847095489502 0.11347329616546631
0.10299506783485413 0.17558205127716064
0.10298897325992584 0.15943850576877594
0.10290824621915817 0.16228468716144562
0.1027463972568512 0.10480775684118271
0.10239608585834503 0.1114736795425415
0.10212785005569458 0.1063719317317009
0.10209912806749344 0.14110420644283295
0.10164719074964523 0.12015766650438309
0.10120841860771179 0.12315236777067184
0.10094651579856873 0.1100476011633873
0.1009170413017273 0.11044542491436005
0.10070185363292694 0.12423281371593475
0.10059507191181183 0.15128611028194427
0.10031874477863312 0.18762148916721344
0.09998896718025208 0.11233732104301453
0.09997379779815674 0.10241039842367172
0.09987935423851013 0.1284218579530716
0.09949875622987747 0.1459171175956726
0.09922286123037338 0.1753378063440323
0.09907732903957367 0.11034852266311646
0.09903696179389954 0.22296454012393951
0.09879457205533981 0.10639862716197968
0.09796793013811111 0.12780484557151794
0.09781564772129059 0.15036645531654358
0.09775906056165695 0.15167950093746185
0.09714121371507645 0.0997290313243866
0.09696902334690094 0.15564021468162537
0.09696678072214127 0.12738989293575287
0.096129409968853 0.09641807526350021
0.09559039026498795 0.14133919775485992
0.09541474282741547 0.11284540593624115
0.09511815011501312 0.12448114901781082
0.09506706893444061 0.12009602785110474
0.09393631666898727 0.10536279529333115
0.09367198497056961 0.10912372171878815
0.09273141622543335 0.09738948196172714
0.09264949709177017 0.10740092396736145
0.09206836670637131 0.13224171102046967
0.09203757345676422 0.19909629225730896
0.09180828928947449 0.10478144139051437
0.09154799580574036 0.10131552815437317
0.09145213663578033 0.09177324175834656
0.09142465889453888 0.10575046390295029
0.09124743193387985 0.12724491953849792
0.090854212641716 0.1367884874343872
0.09080076962709427 0.09902498126029968
0.09074521064758301 0.13156326115131378
0.09043291211128235 0.12055662274360657
0.09004440158605576 0.11944669485092163
0.08991856127977371 0.10971254110336304
0.089706189930439 0.08983232825994492
0.08864543586969376 0.18871812522411346
0.08825955539941788 0.11708548665046692
0.08811713755130768 0.09131357073783875
0.0879015102982521 0.11114682257175446
0.08495970815420151 0.10334129631519318
0.08484695106744766 0.10038896650075912
0.08427060395479202 0.09803203493356705
0.08381777256727219 0.09602910280227661
0.08347846567630768 0.08593186736106873
0.08149589598178864 0.11798161268234253
0.08081735670566559 0.08592765033245087
0.08007031679153442 0.1170833632349968
0.07996375113725662 0.09937542676925659
0.07882250100374222 0.09722025692462921
0.07832667231559753 0.0803181603550911
0.07464932650327682 0.09036490321159363
0.07458934932947159 0.0827912986278534
0.07431613653898239 0.09192178398370743
0.07305476814508438 0.08509143441915512
0.07274211198091507 0.08210079371929169
0.07188351452350616 0.10143958032131195
0.0656687542796135 0.10205427557229996
0.06118176132440567 0.06840778142213821
0.055274635553359985 0.07480313628911972
