0.43175098299980164 0.4436934292316437
0.43012553453445435 0.432500958442688
0.4272228479385376 0.4280087947845459
0.42692017555236816 0.43235236406326294
0.42554548382759094 0.4257071018218994
0.42461276054382324 0.4301372170448303
0.42447566986083984 0.4283163547515869
0.4233950972557068 0.4342719316482544
0.4232630431652069 0.4386468529701233
0.4230894446372986 0.42717111110687256
0.4226154386997223 0.42841342091560364
0.4222891926765442 0.42276695370674133
0.42215463519096375 0.4399769902229309
0.4218994081020355 0.4340297281742096
0.4218314290046692 0.4322291314601898
0.4217941462993622 0.4360148012638092
0.4217100143432617 0.43687713146209717
0.42164209485054016 0.4326801598072052
0.4215262830257416 0.4316686689853668
0.42151233553886414 0.43407097458839417
0.23130448162555695 0.236272931098938
0.20982158184051514 0.23279854655265808
0.17926059663295746 0.18447454273700714
0.17450271546840668 0.19659902155399323
0.16170881688594818 0.17217573523521423
0.15887556970119476 0.16404449939727783
0.15597987174987793 0.16009804606437683
0.15575549006462097 0.16558216512203217
0.15408198535442352 0.20351943373680115
0.14830441772937775 0.2428777664899826
0.14818593859672546 0.16017785668373108
0.14575058221817017 0.1534668207168579
0.14079800248146057 0.1518818587064743
0.13840584456920624 0.1472606658935547
0.1360955834388733 0.14108845591545105
0.13496433198451996 0.1663525402545929
0.13431891798973083 0.23616927862167358
0.13344061374664307 0.13979582488536835
0.13318325579166412 0.14621858298778534
0.13130900263786316 0.1403602510690689
0.12942282855510712 0.14440688490867615
0.1287708282470703 0.14080654084682465
0.1287154108285904 0.12979215383529663
0.12864668667316437 0.13164503872394562
0.12444745749235153 0.16421987116336823
0.12406039983034134 0.13324123620986938
0.12361127883195877 0.13322433829307556
0.12307632714509964 0.18346764147281647
0.12249650061130524 0.13245032727718353
0.12044738233089447 0.43727871775627136
0.12042298167943954 0.12658284604549408
0.11989731341600418 0.13070663809776306
0.11986180394887924 0.12100737541913986
0.11985883116722107 0.13635705411434174
0.11943273991346359 0.13025884330272675
0.11880845576524734 0.43204444646835327
0.11832404881715775 0.13093602657318115
0.11726021021604538 0.12878933548927307
0.11656779050827026 0.4486795961856842
0.11598499864339828 0.1309843808412552
0.11576801538467407 0.11753697693347931
0.11509139090776443 0.12897519767284393
0.1149015948176384 0.12153872847557068
0.11424139142036438 0.13245032727718353
0.11398778110742569 0.11470978707075119
0.11371265351772308 0.1188579872250557
0.1137048527598381 0.13006021082401276
0.11321716010570526 0.1213163509964943
0.1128026619553566 0.17044445872306824
0.11279584467411041 0.11917798221111298
0.11269675940275192 0.1139402687549591
0.11240707337856293 0.14277340471744537
0.11182437837123871 0.1266428381204605
0.11138845980167389 0.19520507752895355
0.11123384535312653 0.12262339890003204
0.11112536489963531 0.15913547575473785
0.1101408526301384 0.11277452856302261
0.11002623289823532 0.11292226612567902
0.11001207679510117 0.1373468041419983
0.10986004024744034 0.1284538209438324
0.10954625904560089 0.14086544513702393
0.10906857997179031 0.17506539821624756
0.10883071273565292 0.19041064381599426
0.10880634188652039 0.146810382604599
0.10878197848796844 0.2195158451795578
0.10821915417909622 0.12900753319263458
0.10729498416185379 0.16689927875995636
0.10708030313253403 0.1351102888584137
0.10706864297389984 0.1197444275021553
0.10698767751455307 0.1227005198597908
0.10687936842441559 0.12048613280057907
0.10620146244764328 0.12175846844911575
0.10531820356845856 0.18955957889556885
0.10401496291160583 0.10750212520360947
0.10399702191352844 0.11532251536846161
0.1037045493721962 0.13574600219726562
0.10304827988147736 0.10359849035739899
0.102683424949646 0.14108456671237946
0.10266812145709991 0.13853010535240173
0.10246870666742325 0.10425549745559692
0.10133126378059387 0.13063301146030426
0.10124324262142181 0.10757995396852493
0.10121211409568787 0.12225513160228729
0.1003517284989357 0.11902986466884613
0.10030698776245117 0.24837709963321686
0.10023140907287598 0.10197063535451889
0.10009035468101501 0.1272934377193451
0.09973938018083572 0.10916981101036072
0.09971562772989273 0.11067598313093185
0.09967343509197235 0.12095940858125687
0.09948354959487915 0.11851919442415237
0.09896118938922882 0.17612361907958984
0.0989106073975563 0.10355395078659058
0.09839285165071487 0.10299300402402878
0.09838870167732239 0.16426782310009003
0.09817393869161606 0.15372559428215027
0.09815460443496704 0.12062232196331024
0.09776078164577484 0.10918816924095154
0.0968068465590477 0.10802263021469116
0.09662893414497375 0.11601974815130234
0.09611327201128006 0.09956084191799164
0.0959935188293457 0.10314910113811493
0.09595267474651337 0.1429882049560547
0.0954943373799324 0.09815245121717453
0.09528039395809174 0.09982706606388092
0.09472305327653885 0.1012236475944519
0.09447843581438065 0.11430126428604126
0.09408045560121536 0.1057732105255127
0.09382922947406769 0.10980470478534698
0.09336747974157333 0.13540713489055634
0.09317279607057571 0.10675804316997528
0.09187348186969757 0.10648161172866821
0.0917605608701706 0.1186671182513237
0.09173589199781418 0.11227010935544968
0.09146122634410858 0.09885197877883911
0.09108627587556839 0.1081913560628891
0.09072176367044449 0.09261966496706009
0.09071440249681473 0.1216001957654953
0.09066279232501984 0.1075349971652031
0.0906059592962265 0.12221699953079224
0.0902119129896164 0.12394911050796509
0.09017642587423325 0.1283673197031021
0.09003746509552002 0.09619387984275818
0.09003601968288422 0.1152196004986763
0.08959035575389862 0.09082919359207153
0.08933374285697937 0.09036112576723099
0.08895450085401535 0.09283990412950516
0.08877096325159073 0.09354686737060547
0.08862092345952988 0.09652955830097198
0.08855470269918442 0.09572644531726837
0.0882560983300209 0.09114770591259003
0.08789277821779251 0.09818343818187714
0.08750137686729431 0.10077410191297531
0.08738600462675095 0.10103664547204971
0.08735455572605133 0.08932241797447205
0.08731494843959808 0.10438969731330872
0.08703488111495972 0.14438988268375397
0.08577932417392731 0.10070006549358368
0.08547475188970566 0.14052711427211761
0.0850168913602829 0.10236614942550659
0.08439698070287704 0.09501197934150696
0.08382592350244522 0.11300363391637802
0.0830347016453743 0.10367147624492645
0.08293797820806503 0.10219039022922516
0.08232435584068298 0.0825992152094841
0.08232136815786362 0.08612179756164551
0.08187028020620346 0.10114261507987976
0.08146683126688004 0.09155577421188354
0.081371009349823 0.10444478690624237
0.08122611790895462 0.09669315069913864
0.08114610612392426 0.11559662222862244
0.08087707310914993 0.08823492377996445
0.08075637370347977 0.11072880774736404
0.07987026125192642 0.08723656088113785
0.07887929677963257 0.09562890976667404
0.07879776507616043 0.08788754045963287
0.07852374762296677 0.10633218288421631
0.0780603289604187 0.07909475266933441
0.07767371088266373 0.08847945928573608
0.07563862204551697 0.08860263973474503
0.07505778223276138 0.11383680254220963
0.07452376186847687 0.08153438568115234
0.0742369294166565 0.08087461441755295
0.0740644633769989 0.0755457803606987
0.07278148084878922 0.08534486591815948
0.07167495042085648 0.08592969924211502
0.06686824560165405 0.07074982672929764
0.066026471555233 0.08275453001260757
0.06584672629833221 0.06659530848264694
0.06521003693342209 0.07089272886514664
