0.10511531680822372 0.10926869511604309
0.1041083037853241 0.10526930540800095
0.10021459311246872 0.1027279943227768
0.09860064834356308 0.1031455472111702
0.0981559157371521 0.09850191324949265
0.09673881530761719 0.10654706507921219
0.09579142928123474 0.09607687592506409
0.09380198270082474 0.10662999004125595
0.09231451153755188 0.10423815250396729
0.0921468436717987 0.0927857980132103
0.09197942167520523 0.09536812454462051
0.09174233675003052 0.10032287985086441
0.09076272696256638 0.094180166721344
0.08914314955472946 0.10026441514492035
0.08826322853565216 0.09518890827894211
0.08793972432613373 0.09797684848308563
0.0878562480211258 0.09744010865688324
0.08724802732467651 0.09921600669622421
0.08634540438652039 0.11059578508138657
0.08620213717222214 0.10587787628173828
0.0851178988814354 0.10656000673770905
0.08499950170516968 0.09694692492485046
0.08492229133844376 0.09691528230905533
0.08365707844495773 0.10941830277442932
0.08336436748504639 0.10192740708589554
0.08335521817207336 0.08800459653139114
0.08333075046539307 0.09194280952215195
0.08323828130960464 0.10306734591722488
0.08302456885576248 0.11063051968812943
0.08240015804767609 0.08807791024446487
0.0814274251461029 0.09550922363996506
0.07995329052209854 0.10678335279226303
0.07960410416126251 0.08151945471763611
0.07927403599023819 0.08584306389093399
0.07906360924243927 0.08705680817365646
0.07882528752088547 0.11987222731113434
0.0788174718618393 0.09141948074102402
0.07844392955303192 0.0789111778140068
0.07736074924468994 0.11499331891536713
0.0769464373588562 0.0880209356546402
0.07666943967342377 0.10813108086585999
0.07634637504816055 0.11084084212779999
0.07587083429098129 0.10281852632761002
0.07571747153997421 0.07648409157991409
0.07565220445394516 0.10282203555107117
0.0753021091222763 0.08336979895830154
0.0744263306260109 0.0757361650466919
0.07394060492515564 0.07456374913454056
0.0738762840628624 0.08021874725818634
0.0734880343079567 0.08079992979764938
0.07313122600317001 0.0874931588768959
0.0729726254940033 0.07766124606132507
0.07296476513147354 0.08408386260271072
0.07275263220071793 0.08979277312755585
0.07268199324607849 0.07766610383987427
0.0723075121641159 0.09383118897676468
0.0715847834944725 0.11303647607564926
0.07149390876293182 0.09751089662313461
0.07105034589767456 0.08203002065420151
0.07102020829916 0.07681851089000702
0.0701868012547493 0.08489248156547546
0.06987077742815018 0.08485047519207001
0.0698304995894432 0.10172884911298752
0.06947270780801773 0.07565413415431976
0.06928195059299469 0.07302863150835037
0.06911180913448334 0.07080424576997757
0.06908556073904037 0.10282011330127716
0.06904545426368713 0.0851183831691742
0.06899962574243546 0.09102311730384827
0.06872978061437607 0.08056021481752396
0.06847678869962692 0.0914640873670578
0.0684409886598587 0.0890691950917244
0.0681835263967514 0.07221051305532455
0.0681670755147934 0.08468719571828842
0.06762245297431946 0.0727764442563057
0.06744635850191116 0.08647066354751587
0.06732139736413956 0.06843683868646622
0.06728208065032959 0.09867208451032639
0.0668184831738472 0.06845719367265701
0.06677697598934174 0.07196075469255447
0.0666360855102539 0.07809805124998093
0.06628867238759995 0.07838677614927292
0.0662589967250824 0.08292914181947708
0.06619815528392792 0.10960273444652557
0.06598354876041412 0.07198252528905869
0.06583072245121002 0.07111489027738571
0.06572800874710083 0.10892121493816376
0.06559956073760986 0.08357791602611542
0.06532084941864014 0.09774298965930939
0.06504562497138977 0.07077506184577942
0.0648660957813263 0.07486321777105331
0.06485592573881149 0.0796111449599266
0.06472581624984741 0.06674911081790924
0.06463535130023956 0.08355861902236938
0.06446483731269836 0.09423471987247467
0.06440083682537079 0.11885779350996017
0.06439083814620972 0.09402633458375931
0.0642855167388916 0.08273455500602722
0.06395022571086884 0.06671120226383209
0.06380144506692886 0.08554992824792862
0.06374280154705048 0.10775033384561539
0.06233525276184082 0.0883127897977829
0.062062736600637436 0.07912038266658783
0.06180433928966522 0.07248556613922119
0.0617918036878109 0.06759656220674515
0.061628155410289764 0.08015564829111099
0.06137973070144653 0.078798308968544
0.06118353083729744 0.07360692322254181
0.06091107055544853 0.08412059396505356
0.06089835986495018 0.06841155141592026
0.06075334548950195 0.06209222599864006
0.06063370406627655 0.06688252836465836
0.060588039457798004 0.09731028228998184
0.059847503900527954 0.06102702021598816
0.0598122701048851 0.09719832986593246
0.059491366147994995 0.06801261752843857
0.059124238789081573 0.06047582998871803
0.05908934026956558 0.07862178236246109
0.059027623385190964 0.06576800346374512
0.059024035930633545 0.06526456028223038
0.058943670243024826 0.06355798244476318
0.0589153878390789 0.06073490530252457
0.0588894747197628 0.09821172803640366
0.0584045872092247 0.07117975503206253
0.05816148221492767 0.064683698117733
0.05811086297035217 0.05826706439256668
0.05799448862671852 0.08311670273542404
0.05797119811177254 0.08582978695631027
0.05766000971198082 0.0587754063308239
0.057511378079652786 0.06767144054174423
0.05750633031129837 0.06229783594608307
0.05740126967430115 0.08630133420228958
0.05734138935804367 0.07227574288845062
0.0570790134370327 0.07058754563331604
0.05679020658135414 0.07346050441265106
0.05617295578122139 0.06871749460697174
0.05562209337949753 0.0577775239944458
0.05535045266151428 0.07588702440261841
0.055150989443063736 0.0700012668967247
0.054813940078020096 0.06270645558834076
0.05466906726360321 0.06694479286670685
0.05463569983839989 0.05760962516069412
0.05449673905968666 0.07404880970716476
0.054232556372880936 0.058198560029268265
0.05386635288596153 0.05933231860399246
0.0533406026661396 0.0900988057255745
0.051871709525585175 0.08479835838079453
0.05071109160780907 0.05649116635322571
0.05058230459690094 0.053973544389009476
0.050542525947093964 0.05075737088918686
0.050284598022699356 0.050608761608600616
0.05024917423725128 0.06869638711214066
0.05016123503446579 0.05110125616192818
0.05010905861854553 0.06787034124135971
0.04958299547433853 0.0717785432934761
0.0495699942111969 0.0508154071867466
0.04932424798607826 0.0749327763915062
0.04812031611800194 0.0595114640891552
0.04756854847073555 0.05054893344640732
0.04727238789200783 0.05408870056271553
0.04578273370862007 0.05468640848994255
0.045616451650857925 0.054145436733961105
0.04556456208229065 0.05750603973865509
0.04534641653299332 0.046825166791677475
0.044308170676231384 0.05160606652498245
0.04398023337125778 0.05251483619213104
0.04371549189090729 0.05605955421924591
0.04352816566824913 0.049975477159023285
0.040971968322992325 0.0505240261554718
