0.15511982142925262 0.17756599187850952
0.15385188162326813 0.15730127692222595
0.15283259749412537 0.16287702322006226
0.15205372869968414 0.15312780439853668
0.14667832851409912 0.18317194283008575
0.14378206431865692 0.14711230993270874
0.141965851187706 0.17294052243232727
0.1419428139925003 0.14907719194889069
0.1412762552499771 0.14271800220012665
0.1388949602842331 0.149369016289711
0.13568416237831116 0.14907710254192352
0.13474446535110474 0.15063093602657318
0.13422654569149017 0.13644367456436157
0.1323288530111313 0.13269667327404022
0.1318686455488205 0.16303859651088715
0.13002198934555054 0.14499808847904205
0.12849371135234833 0.13612397015094757
0.12475043535232544 0.12656645476818085
0.12429424375295639 0.16889186203479767
0.12317816913127899 0.13445383310317993
0.12249890714883804 0.12887898087501526
0.12238457798957825 0.14963436126708984
0.12007609754800797 0.15821978449821472
0.11869379132986069 0.11890746653079987
0.11756207793951035 0.12369246780872345
0.11748715490102768 0.12153521925210953
0.11682797968387604 0.13161501288414001
0.11660050600767136 0.1199338361620903
0.11631379276514053 0.13355737924575806
0.11623255163431168 0.14331643283367157
0.11600874364376068 0.1166151836514473
0.11590991914272308 0.12560249865055084
0.1158570796251297 0.1278330385684967
0.11543890088796616 0.13792981207370758
0.11514929682016373 0.1818789690732956
0.11509767174720764 0.12068088352680206
0.11495734751224518 0.1780823916196823
0.11441172659397125 0.21110980212688446
0.11436563730239868 0.1357620358467102
0.11412007361650467 0.11837325245141983
0.11408546566963196 0.18125224113464355
0.11406726390123367 0.13194356858730316
0.11314992606639862 0.11460243165493011
0.11287782341241837 0.13971087336540222
0.1121111735701561 0.1361749917268753
0.11196380853652954 0.15167371928691864
0.11185377091169357 0.11914802342653275
0.11155424267053604 0.12305755913257599
0.11096996068954468 0.12451628595590591
0.11093075573444366 0.1398315131664276
0.11064077168703079 0.13510046899318695
0.10951359570026398 0.13748852908611298
0.10919656604528427 0.1834377646446228
0.10907550901174545 0.1722448468208313
0.10823965072631836 0.13078278303146362
0.1077868640422821 0.17258039116859436
0.1074196994304657 0.107467882335186
0.10722488909959793 0.16566036641597748
0.10707886517047882 0.15050651133060455
0.10681699961423874 0.11607988178730011
0.10676863044500351 0.14543576538562775
0.10504492372274399 0.1343715637922287
0.10477332025766373 0.12496102601289749
0.10423644632101059 0.13646987080574036
0.10373421758413315 0.1286928802728653
0.10341861844062805 0.10875467211008072
0.10328653454780579 0.10378925502300262
0.10323134064674377 0.11424727737903595
0.10313952714204788 0.1388748437166214
0.10205597430467606 0.12750092148780823
0.10201180726289749 0.10576625168323517
0.10167926549911499 0.10528364032506943
0.10118868947029114 0.1897055208683014
0.1008942648768425 0.10102784633636475
0.09982188045978546 0.130515456199646
0.09893080592155457 0.1435173898935318
0.09883328527212143 0.14936597645282745
0.09809128940105438 0.1551203727722168
0.09783294051885605 0.1499285250902176
0.09742404520511627 0.11511356383562088
0.09719351679086685 0.11530497670173645
0.09707289189100266 0.09777868539094925
0.09678307920694351 0.1111874133348465
0.09678017348051071 0.1122356504201889
0.09655901789665222 0.13142283260822296
0.09637869894504547 0.10170481353998184
0.09631668031215668 0.097260020673275
0.09573472291231155 0.13473543524742126
0.09531606733798981 0.09630274772644043
0.09528538584709167 0.13571888208389282
0.09421688318252563 0.0953214019536972
0.09387670457363129 0.14750739932060242
0.09370078146457672 0.09394805878400803
0.09331798553466797 0.10841286927461624
0.09260563552379608 0.09917465597391129
0.09241759777069092 0.18475459516048431
0.09208380430936813 0.18679766356945038
0.091985322535038 0.13914702832698822
0.09166000038385391 0.09273479878902435
0.09132476150989532 0.09247144311666489
0.09126288443803787 0.1182752475142479
0.09112055599689484 0.10888943821191788
0.09070582687854767 0.12155483663082123
0.09037721157073975 0.09380268305540085
0.09031734615564346 0.1436462700366974
0.08961571753025055 0.10094984620809555
0.0893956869840622 0.1277889758348465
0.08899720013141632 0.10789751261472702
0.08884330838918686 0.196664959192276
0.08834638446569443 0.11668235808610916
0.08834024518728256 0.09952979534864426
0.08794187754392624 0.10067105293273926
0.08778569847345352 0.11193835735321045
0.08747691661119461 0.1051374226808548
0.08729016035795212 0.08979405462741852
0.08710905909538269 0.11771394312381744
0.08700384944677353 0.1156175509095192
0.08686330169439316 0.09927088767290115
0.0861852839589119 0.1383669227361679
0.08572046458721161 0.10610852390527725
0.08561965823173523 0.11231641471385956
0.08549881726503372 0.18268024921417236
0.08542200177907944 0.11641465872526169
0.08541470766067505 0.12151114642620087
0.0850951075553894 0.1431170552968979
0.08491121977567673 0.08677025884389877
0.08434069901704788 0.1670052409172058
0.0841095820069313 0.12232187390327454
0.08236614614725113 0.09169337153434753
0.08172215521335602 0.08480720221996307
0.0816563293337822 0.08338548243045807
0.08160685002803802 0.09131988137960434
0.08158766478300095 0.1136472225189209
0.08108138293027878 0.16503490507602692
0.08058924973011017 0.13255664706230164
0.08055764436721802 0.08221472799777985
0.0803537592291832 0.1310805231332779
0.0802445188164711 0.08822821080684662
0.07966522872447968 0.11982708424329758
0.07942851632833481 0.08763610571622849
0.0783085748553276 0.08568461984395981
0.07796264439821243 0.10816734284162521
0.07754717767238617 0.08537809550762177
0.0773773193359375 0.07975117117166519
0.07704377919435501 0.08796381950378418
0.07688546925783157 0.08384142816066742
0.07686563581228256 0.09105394780635834
0.07681562751531601 0.11704599857330322
0.07621832191944122 0.08506856858730316
0.07619141042232513 0.1087033748626709
0.07608163356781006 0.07981051504611969
0.07527957111597061 0.09434644877910614
0.07495599240064621 0.08714156597852707
0.07418639957904816 0.07464780658483505
0.07415436953306198 0.07714958488941193
0.07400812208652496 0.12309284508228302
0.07353957742452621 0.09368088096380234
0.07319995760917664 0.09148476272821426
0.07271189242601395 0.08539636433124542
0.07237491011619568 0.09618815034627914
0.07181915640830994 0.07920529693365097
0.07157643884420395 0.08035536110401154
0.07150745391845703 0.0737694576382637
0.07035756856203079 0.12269794195890427
0.06869392096996307 0.08671264350414276
0.06736738979816437 0.07781792432069778
0.06592519581317902 0.0833226889371872
0.06464989483356476 0.071942038834095
0.06389351934194565 0.11411871761083603
0.06207063049077988 0.07255478948354721
0.058742329478263855 0.06938823312520981
0.05857744440436363 0.06594119966030121
0.05750478431582451 0.07861200720071793
0.057033881545066833 0.06674937158823013
0.053086668252944946 0.06647668778896332
0.050464678555727005 0.05384409800171852
