0.2830754518508911 0.28610605001449585
0.28227174282073975 0.2839174270629883
0.27948588132858276 0.2824379801750183
0.27939462661743164 0.2804947793483734
0.2792837917804718 0.2797689735889435
0.27903419733047485 0.2793630063533783
0.2789451479911804 0.28057950735092163
0.2788616120815277 0.2816210687160492
0.27876967191696167 0.2789132595062256
0.27865099906921387 0.28405842185020447
0.27828213572502136 0.27944111824035645
0.27763840556144714 0.2791522741317749
0.2774704694747925 0.28254935145378113
0.27737686038017273 0.2859646677970886
0.27736181020736694 0.27878910303115845
0.2772522568702698 0.28947556018829346
0.2772004306316376 0.27940672636032104
0.27716904878616333 0.280012845993042
0.27689242362976074 0.2817249894142151
0.2767641842365265 0.28377485275268555
0.27666687965393066 0.2801521122455597
0.27654698491096497 0.27971747517585754
0.27630534768104553 0.2793886661529541
0.27628251910209656 0.2815415859222412
0.2762264907360077 0.28434306383132935
0.2762211263179779 0.28260037302970886
0.27621957659721375 0.2810550034046173
0.27612876892089844 0.2817046046257019
0.13531501591205597 0.1504831165075302
0.12999574840068817 0.13180486857891083
0.12847736477851868 0.13161000609397888
0.1266556978225708 0.12900060415267944
0.12556466460227966 0.13987259566783905
0.12520277500152588 0.1283101886510849
0.12486987560987473 0.13441218435764313
0.12385935336351395 0.12428666651248932
0.12319322675466537 0.12439724057912827
0.12198322266340256 0.28190019726753235
0.1180955320596695 0.1257799118757248
0.11808131635189056 0.28670117259025574
0.11748113483190536 0.13100658357143402
0.11561178416013718 0.1179940402507782
0.115555539727211 0.12054793536663055
0.11454878747463226 0.12771722674369812
0.1137358620762825 0.11999963968992233
0.11227081716060638 0.16534818708896637
0.11209076642990112 0.11546768248081207
0.11163493990898132 0.12272641807794571
0.10838758945465088 0.11673659831285477
0.10741627216339111 0.11945398896932602
0.10735119879245758 0.11789320409297943
0.10715678334236145 0.10898002237081528
0.10688630491495132 0.10862456262111664
0.10599493235349655 0.13886317610740662
0.10596127808094025 0.286433607339859
0.1051926240324974 0.11109637469053268
0.10456375777721405 0.10767339169979095
0.10415343195199966 0.11407102644443512
0.10387636721134186 0.1226566731929779
0.103596530854702 0.13974235951900482
0.10280472040176392 0.11151400953531265
0.10245995223522186 0.1065264642238617
0.10202467441558838 0.10597680509090424
0.10202250629663467 0.10330874472856522
0.10122384876012802 0.13896885514259338
0.10002680122852325 0.11480440199375153
0.09927187860012054 0.10750680416822433
0.09691353887319565 0.10123606771230698
0.09613602608442307 0.09658697247505188
0.09584256261587143 0.11764395236968994
0.09488299489021301 0.11395958811044693
0.09465056657791138 0.09770713746547699
0.09434710443019867 0.11837785691022873
0.09369467943906784 0.10332826524972916
0.09346673637628555 0.1045941561460495
0.09346003085374832 0.09845463186502457
0.0931456983089447 0.11843755096197128
0.09265284240245819 0.09677436202764511
0.09264147281646729 0.11177489906549454
0.09239868074655533 0.09733357280492783
0.09234873205423355 0.14136500656604767
0.0923059731721878 0.09278135746717453
0.09230579435825348 0.11108844727277756
0.09213465452194214 0.09434977918863297
0.09186641871929169 0.09384013712406158
0.09123623371124268 0.11127842962741852
0.09107702225446701 0.11570873111486435
0.09105698019266129 0.0946759581565857
0.09065668284893036 0.10176214575767517
0.09055030345916748 0.09148679673671722
0.09053841233253479 0.09383954852819443
0.090122751891613 0.15452513098716736
0.08995511382818222 0.10070101171731949
0.08942241221666336 0.11200301349163055
0.0893983468413353 0.10885025560855865
0.08918765187263489 0.100153848528862
0.08912359923124313 0.09425196051597595
0.08880451321601868 0.10279147326946259
0.0887819305062294 0.09052333980798721
0.08875337243080139 0.08914608508348465
0.08846017718315125 0.10134682804346085
0.0884469673037529 0.09215805679559708
0.08839422464370728 0.08888836205005646
0.08826660364866257 0.10225845873355865
0.08819592744112015 0.09436694532632828
0.0881635844707489 0.13409379124641418
0.08810035139322281 0.10344499349594116
0.0878891721367836 0.09692525863647461
0.08730766922235489 0.10089532285928726
0.08711213618516922 0.09575100988149643
0.0866154134273529 0.10252109915018082
0.08660432696342468 0.11526165902614594
0.08651771396398544 0.08884495496749878
0.08651567250490189 0.1097380667924881
0.08645607531070709 0.10163076221942902
0.08643285185098648 0.08875038474798203
0.08633595705032349 0.1044614240527153
0.08609101176261902 0.09488221257925034
0.08597338944673538 0.12417430430650711
0.08591211587190628 0.10462360829114914
0.08588787168264389 0.09663336724042892
0.08569170534610748 0.0919971913099289
0.08561699837446213 0.09679897129535675
0.08554910123348236 0.08850245177745819
0.08551844954490662 0.09217201173305511
0.08544997125864029 0.0992465615272522
0.08542976528406143 0.0914928987622261
0.08507976680994034 0.1139848604798317
0.08478818088769913 0.08779112994670868
0.08475778251886368 0.0864049568772316
0.08469004184007645 0.14287301898002625
0.08415253460407257 0.11385169625282288
0.08408819139003754 0.12774591147899628
0.0839989185333252 0.08684095740318298
0.0837235376238823 0.10150779783725739
0.08356999605894089 0.1275770217180252
0.08340342342853546 0.08660184592008591
0.08332422375679016 0.09146986901760101
0.08306810259819031 0.1056961640715599
0.08304736763238907 0.08473553508520126
0.08298344165086746 0.10233759880065918
0.08290602266788483 0.11119052022695541
0.08275554329156876 0.09027636796236038
0.08275432139635086 0.09018905460834503
0.08275360614061356 0.0922258272767067
0.08272519707679749 0.10013418644666672
0.08267102390527725 0.09057361632585526
0.08261841535568237 0.08508002758026123
0.08243054896593094 0.08618776500225067
0.08242561668157578 0.08463622629642487
0.08239205926656723 0.11423171311616898
0.0822724923491478 0.10076629370450974
0.0822683796286583 0.09784280508756638
0.0822492241859436 0.10697914659976959
0.08211775869131088 0.09639596194028854
0.08209563791751862 0.09285945445299149
0.08207929134368896 0.099230095744133
0.08204568922519684 0.08663858473300934
0.08202572166919708 0.09958967566490173
0.08201277256011963 0.11523513495922089
0.0820033848285675 0.09528619050979614
0.08197586238384247 0.08584173768758774
0.08186361193656921 0.09811375290155411
0.08177792280912399 0.09107159078121185
0.08173064887523651 0.09694040566682816
0.08163318037986755 0.09000056236982346
0.08161652833223343 0.09154747426509857
0.08157586306333542 0.12164076417684555
0.08143801242113113 0.09053806960582733
0.08122603595256805 0.14057031273841858
0.0810057669878006 0.0974278599023819
0.08091448247432709 0.1474393606185913
0.08085787296295166 0.08952630311250687
0.08074427396059036 0.08361522853374481
0.08066049963235855 0.08917773514986038
0.08061899244785309 0.1074230745434761
0.08038406074047089 0.09250237047672272
0.08034924417734146 0.08768929541110992
0.08030179142951965 0.11382190138101578
0.08015219122171402 0.08394423127174377
0.08008794486522675 0.10101989656686783
0.08006028831005096 0.12635119259357452
0.08000967651605606 0.0904456302523613
0.07999957352876663 0.09402196854352951
0.07997830957174301 0.09234253317117691
0.07993827015161514 0.08459371328353882
0.0798981711268425 0.08301520347595215
0.07968088984489441 0.10605725646018982
0.07959026843309402 0.10431952029466629
0.07928466796875 0.09019704908132553
0.07926123589277267 0.10497060418128967
0.07912464439868927 0.08580020070075989
0.07906229794025421 0.08087490499019623
0.07878392934799194 0.07930652797222137
0.0785481184720993 0.09478216618299484
0.07833568006753922 0.08940134942531586
0.07782071828842163 0.08803103864192963
0.07770372182130814 0.07841009646654129
0.07763312011957169 0.1005280390381813
0.07755090296268463 0.09239065647125244
0.07725848257541656 0.08475472033023834
0.07693396508693695 0.07841009646654129
0.07660453766584396 0.1040777638554573
0.07655138522386551 0.10113956779241562
0.07614698261022568 0.09066406637430191
0.07588469982147217 0.0763242319226265
0.07568801194429398 0.07905901968479156
0.075109101831913 0.08013132214546204
0.07486763596534729 0.08490987122058868
0.07422769069671631 0.10543040931224823
0.07415001094341278 0.08315189182758331
0.07341014593839645 0.07545711100101471
0.07334592193365097 0.1002640426158905
0.07298081368207932 0.08308032900094986
0.07266178727149963 0.15568187832832336
0.07218979299068451 0.09961153566837311
0.07099268585443497 0.09996326267719269
0.07043270021677017 0.07231380045413971
0.06999921798706055 0.07364713400602341
0.06994598358869553 0.07806885987520218
0.0693470761179924 0.07164864242076874
0.06918859481811523 0.07465049624443054
0.06893859803676605 0.07926569879055023
0.06877477467060089 0.08352275937795639
0.06845307350158691 0.07173586636781693
0.06817496567964554 0.06983066350221634
0.06634847074747086 0.07381834089756012
0.0653340145945549 0.07113290578126907
0.06498522311449051 0.06713436543941498
0.06478934735059738 0.06878932565450668
0.06389375030994415 0.07599484920501709
0.06361948698759079 0.08890902251005173
0.06338478624820709 0.10298825800418854
0.0626041516661644 0.0680670216679573
0.06220460310578346 0.0623457133769989
0.06209336593747139 0.06556568294763565
0.06145257502794266 0.06287354230880737
0.06129074841737747 0.08306753635406494
0.061226557940244675 0.06531884521245956
0.06114620342850685 0.0651758685708046
0.057400014251470566 0.06346561759710312
0.057199105620384216 0.06278225779533386
0.05535884201526642 0.07120908796787262
0.05112556368112564 0.05804082751274109
0.047519486397504807 0.05643511191010475
