0.2962871789932251 0.2969275116920471
0.29496753215789795 0.29771479964256287
0.29287248849868774 0.2980896234512329
0.29278644919395447 0.29687267541885376
0.2925126850605011 0.3009839951992035
0.2923299968242645 0.2932640612125397
0.2922458052635193 0.29415780305862427
0.2917158603668213 0.29310259222984314
0.291689932346344 0.2927771806716919
0.290365070104599 0.29878178238868713
0.29010745882987976 0.29987478256225586
0.28999653458595276 0.2915489673614502
0.2899434268474579 0.29423826932907104
0.2897564172744751 0.2960491180419922
0.28951093554496765 0.2992762625217438
0.28943368792533875 0.29562342166900635
0.2893993854522705 0.30243727564811707
0.28900331258773804 0.2909850776195526
0.2887283265590668 0.29973921179771423
0.2015358805656433 0.21842022240161896
0.19270697236061096 0.21408183872699738
0.17519648373126984 0.18054325878620148
0.1705317348241806 0.19943884015083313
0.16828449070453644 0.1684105396270752
0.16790089011192322 0.1932743489742279
0.16768668591976166 0.18093706667423248
0.16621872782707214 0.1994812935590744
0.16427373886108398 0.17166540026664734
0.1620837152004242 0.1723065823316574
0.16069775819778442 0.17934724688529968
0.1581026166677475 0.1684122234582901
0.15203721821308136 0.1689411848783493
0.15053337812423706 0.1642816811800003
0.15032958984375 0.15928193926811218
0.1495230346918106 0.18212711811065674
0.14890216290950775 0.15217532217502594
0.14808331429958344 0.1488361656665802
0.14787952601909637 0.14974090456962585
0.1454242467880249 0.15006491541862488
0.145371213555336 0.20680482685565948
0.1442462056875229 0.21003039181232452
0.14165839552879333 0.18325001001358032
0.1404207944869995 0.14906427264213562
0.14026860892772675 0.16632288694381714
0.13971738517284393 0.2156529426574707
0.13939069211483002 0.16914305090904236
0.1391291618347168 0.15581589937210083
0.13806430995464325 0.13913609087467194
0.13708646595478058 0.1832776963710785
0.1367204487323761 0.2243059128522873
0.13641726970672607 0.19335797429084778
0.1363036036491394 0.15615405142307281
0.13619495928287506 0.15060356259346008
0.1360185295343399 0.18530786037445068
0.1353508085012436 0.1608661711215973
0.13524200022220612 0.1861790120601654
0.13406731188297272 0.22368782758712769
0.13340061902999878 0.21850013732910156
0.13272203505039215 0.1891585737466812
0.1307138353586197 0.1378452628850937
0.13052092492580414 0.21057899296283722
0.12990090250968933 0.13259634375572205
0.12984570860862732 0.14490655064582825
0.1295391470193863 0.13037090003490448
0.12807266414165497 0.14649216830730438
0.12730182707309723 0.13124477863311768
0.1272251456975937 0.18252556025981903
0.12536847591400146 0.14103491604328156
0.12411081790924072 0.15374380350112915
0.1240607425570488 0.17653392255306244
0.12401203066110611 0.12612061202526093
0.12395080178976059 0.1778378188610077
0.12374288588762283 0.15862040221691132
0.12351449579000473 0.1680186539888382
0.12332210689783096 0.13567663729190826
0.12323833256959915 0.15508264303207397
0.12235497683286667 0.13390448689460754
0.12234790623188019 0.16360415518283844
0.12232886999845505 0.1933881789445877
0.1221097931265831 0.13169251382350922
0.12191539257764816 0.1334768533706665
0.12112010270357132 0.13775992393493652
0.12103263288736343 0.1458246111869812
0.12028388679027557 0.1975986510515213
0.11988864839076996 0.1211729571223259
0.1197514608502388 0.1457093209028244
0.11822903156280518 0.13522373139858246
0.11733193695545197 0.1183040663599968
0.11709748953580856 0.12191194295883179
0.11706659197807312 0.1506301462650299
0.11703037470579147 0.17539028823375702
0.11668174713850021 0.1758890300989151
0.11644431203603745 0.13529111444950104
0.11641056090593338 0.1231154054403305
0.11600462347269058 0.14396706223487854
0.11585866659879684 0.1461002081632614
0.11570295691490173 0.1373453289270401
0.11554016917943954 0.15634912252426147
0.11539241671562195 0.14636078476905823
0.11494181305170059 0.1982090026140213
0.11478237807750702 0.22970515489578247
0.1142154112458229 0.13504959642887115
0.11393202841281891 0.19146792590618134
0.11260070651769638 0.21034188568592072
0.11196993291378021 0.1324261575937271
0.11176667362451553 0.11359069496393204
0.1115507259964943 0.11548642069101334
0.11073446273803711 0.1346726268529892
0.1099235862493515 0.13344494998455048
0.10941132158041 0.14180146157741547
0.10833526402711868 0.12752610445022583
0.10730186104774475 0.13994112610816956
0.10698509961366653 0.1306416541337967
0.10696721822023392 0.13677546381950378
0.10634195804595947 0.18266642093658447
0.10568786412477493 0.10980721563100815
0.10556311905384064 0.12545308470726013
0.10539897531270981 0.14143157005310059
0.10532151162624359 0.10935674607753754
0.10522973537445068 0.15871143341064453
0.10473544895648956 0.18457578122615814
0.10467612743377686 0.1281530112028122
0.10421904176473618 0.1550809144973755
0.10346568375825882 0.2079319953918457
0.10311951488256454 0.13257265090942383
0.10284359753131866 0.11411748081445694
0.10205681622028351 0.23436474800109863
0.10097740590572357 0.1107374057173729
0.10065173357725143 0.11975846439599991
0.10058947652578354 0.12157588452100754
0.10031268000602722 0.17689242959022522
0.10009416192770004 0.1012936607003212
0.09956694394350052 0.11019173264503479
0.09938658773899078 0.20388594269752502
0.09858853369951248 0.11629201471805573
0.09621938318014145 0.14867755770683289
0.09577221423387527 0.11448799818754196
0.09541787207126617 0.15138272941112518
0.09484754502773285 0.1990392953157425
0.09307730942964554 0.12143057584762573
0.09291736036539078 0.15248122811317444
0.09203118830919266 0.16117790341377258
0.09172093868255615 0.11120720207691193
0.09145033359527588 0.1733071208000183
0.0912507176399231 0.0968114510178566
0.09091401100158691 0.09770986437797546
0.09089230746030807 0.23451098799705505
0.09080240875482559 0.10384590923786163
0.0896577313542366 0.09349199384450912
0.08962209522724152 0.10384590923786163
0.08956146240234375 0.11415468901395798
0.08918043971061707 0.09302016347646713
0.08823899924755096 0.0922890305519104
0.08760908246040344 0.10565127432346344
0.08727172017097473 0.09761784225702286
0.08637824654579163 0.10234691202640533
0.08606574684381485 0.2446732074022293
0.08588311821222305 0.08727630227804184
0.08401897549629211 0.12086519598960876
0.08392862975597382 0.09697193652391434
0.08339736610651016 0.08865217864513397
0.08326300233602524 0.08975323289632797
0.08315843343734741 0.08811134845018387
0.08217746764421463 0.11114151775836945
0.08145567774772644 0.09657569229602814
0.0811876580119133 0.08693422377109528
0.07999183237552643 0.0873960554599762
0.07898780703544617 0.10427226126194
0.07859811186790466 0.08075042068958282
0.07810847461223602 0.10443539172410965
0.07766050100326538 0.07939213514328003
0.07748766988515854 0.09267745167016983
0.0772545114159584 0.08710982650518417
0.07661216706037521 0.10196162015199661
0.07544369995594025 0.08505632728338242
0.07391290366649628 0.07890346646308899
0.07318852841854095 0.07327760756015778
0.0731029063463211 0.09539486467838287
0.07090119272470474 0.09502378851175308
0.0689406767487526 0.07235308736562729
0.06808380037546158 0.08688593655824661
0.06170397251844406 0.07780976593494415
0.05840882286429405 0.06620125472545624
