0.1289644092321396 0.13157042860984802
0.12764278054237366 0.1312759965658188
0.12673895061016083 0.14043831825256348
0.12094991654157639 0.12291727215051651
0.1168702021241188 0.11698244512081146
0.11424931138753891 0.12224490940570831
0.111029252409935 0.12752580642700195
0.10934679210186005 0.11816812306642532
0.10795944929122925 0.11404004693031311
0.10629359632730484 0.12586334347724915
0.10481749475002289 0.10753609985113144
0.10396163910627365 0.11242925375699997
0.10393085330724716 0.11351925134658813
0.10263007879257202 0.10278753191232681
0.10259397327899933 0.10696619749069214
0.1025368943810463 0.10608420521020889
0.10217579454183578 0.10650297999382019
0.100515216588974 0.11163448542356491
0.10050126165151596 0.1009109765291214
0.10024852305650711 0.12088353931903839
0.09988858550786972 0.11388508230447769
0.09985744953155518 0.12305986136198044
0.09873642772436142 0.10688065737485886
0.09766178578138351 0.11181393265724182
0.09733671694993973 0.10173095017671585
0.09718655794858932 0.1411568522453308
0.0971304401755333 0.09816346317529678
0.09706196933984756 0.10139835625886917
0.09571421891450882 0.11698741465806961
0.09524252265691757 0.11027591675519943
0.09507253021001816 0.10895543545484543
0.09506696462631226 0.1124141737818718
0.0949038490653038 0.11416389793157578
0.0933954045176506 0.11694689095020294
0.09262490272521973 0.09891368448734283
0.09250731021165848 0.13501925766468048
0.0919395163655281 0.1298825442790985
0.09136167168617249 0.130143404006958
0.09127290546894073 0.10292382538318634
0.09080512821674347 0.11717795580625534
0.09077713638544083 0.10673871636390686
0.0895705446600914 0.1509428173303604
0.08906752616167068 0.11951707303524017
0.08886392414569855 0.13227200508117676
0.08857448399066925 0.11096107214689255
0.08829370141029358 0.09753831475973129
0.08790434151887894 0.1101643294095993
0.08764722943305969 0.09424736350774765
0.08709458261728287 0.10492783039808273
0.0868711844086647 0.10043825209140778
0.08684693276882172 0.12273695319890976
0.08682722598314285 0.11728058010339737
0.08648032695055008 0.10645836591720581
0.08638104051351547 0.13248273730278015
0.08632706105709076 0.09934539347887039
0.08621354401111603 0.13731476664543152
0.08590244501829147 0.10014801472425461
0.08572251349687576 0.0987548828125
0.08539258688688278 0.11059849709272385
0.08533937484025955 0.1024753525853157
0.08512519299983978 0.11178036779165268
0.08512131124734879 0.14687657356262207
0.08480308949947357 0.09842795878648758
0.08445210754871368 0.12532781064510345
0.08443531394004822 0.1250370442867279
0.08442647010087967 0.10464952886104584
0.08435781300067902 0.08831670135259628
0.08432143926620483 0.11454612016677856
0.08429158478975296 0.08449586480855942
0.08413390070199966 0.08788972347974777
0.08288474380970001 0.11042850464582443
0.0826568529009819 0.12538543343544006
0.0822286382317543 0.12822294235229492
0.08219335228204727 0.08280088007450104
0.08216848224401474 0.1401027888059616
0.08179820328950882 0.10054467618465424
0.08175834268331528 0.10107786953449249
0.08151186257600784 0.11378073692321777
0.08129294216632843 0.08914364129304886
0.08092466741800308 0.1620156317949295
0.08065450936555862 0.13382120430469513
0.08050043135881424 0.08601876348257065
0.08042112737894058 0.14168108999729156
0.08022851496934891 0.08325796574354172
0.0802275687456131 0.08892793208360672
0.08012905716896057 0.11328525096178055
0.07996171712875366 0.09421063959598541
0.07942118495702744 0.10195746272802353
0.07923618704080582 0.11469642072916031
0.07922729849815369 0.1478017270565033
0.07817437499761581 0.08914284408092499
0.07792467623949051 0.0872395858168602
0.0777396485209465 0.09208362549543381
0.07765808701515198 0.1545802503824234
0.07754424959421158 0.11413221061229706
0.07728855311870575 0.16142907738685608
0.07700619101524353 0.10874376446008682
0.0769883245229721 0.07702261209487915
0.07696527242660522 0.11836569011211395
0.07660364359617233 0.13410629332065582
0.0762578472495079 0.10409504920244217
0.07617796212434769 0.08051668852567673
0.07613061368465424 0.10946524143218994
0.07598237693309784 0.07942856103181839
0.07595705986022949 0.13270658254623413
0.07488160580396652 0.07610541582107544
0.07457196712493896 0.08418770134449005
0.07445221394300461 0.09036143869161606
0.07437809556722641 0.10771398991346359
0.07436805963516235 0.1708827167749405
0.0741427019238472 0.0801135003566742
0.07347723096609116 0.11323656141757965
0.07325401902198792 0.1014937087893486
0.07301396131515503 0.1075323298573494
0.0730135440826416 0.10072577744722366
0.07274529337882996 0.13762612640857697
0.07235843688249588 0.16375622153282166
0.07230617105960846 0.08023194968700409
0.07206693291664124 0.07369891554117203
0.07188515365123749 0.09855280071496964
0.07153713703155518 0.12551267445087433
0.07144320756196976 0.17187939584255219
0.07076715677976608 0.10520575195550919
0.07059799134731293 0.07954733073711395
0.07032608240842819 0.10551568865776062
0.07014590501785278 0.08783609420061111
0.06994660943746567 0.07957229018211365
0.06973618268966675 0.08913470059633255
0.06959644705057144 0.07280846685171127
0.06947758048772812 0.07429302483797073
0.06928384304046631 0.06956030428409576
0.06894702464342117 0.07225602120161057
0.06879442185163498 0.08190267533063889
0.068427674472332 0.07746537774801254
0.06831875443458557 0.13231658935546875
0.06820637732744217 0.15134131908416748
0.06808634847402573 0.07178910821676254
0.06736239045858383 0.12849439680576324
0.06732088327407837 0.07259691506624222
0.06682334095239639 0.08725505322217941
0.06654304265975952 0.07444728910923004
0.06653015315532684 0.07350129634141922
0.0657229870557785 0.07377088814973831
0.06562365591526031 0.10290522128343582
0.06562109291553497 0.08414033055305481
0.0656031146645546 0.12877896428108215
0.06513074785470963 0.1374063491821289
0.06488373875617981 0.0771339163184166
0.06487283110618591 0.09296635538339615
0.06471861153841019 0.07731606811285019
0.06412611901760101 0.07857338339090347
0.06410155445337296 0.06628846377134323
0.06396472454071045 0.06888416409492493
0.06385063380002975 0.09464038908481598
0.06382548063993454 0.07549270242452621
0.06332382559776306 0.07096340507268906
0.062030233442783356 0.06802767515182495
0.06198662146925926 0.10465770214796066
0.06090770289301872 0.13286752998828888
0.06025395914912224 0.08995961397886276
0.059705812484025955 0.07158663123846054
0.05915053188800812 0.0753961056470871
0.0581345334649086 0.0643891841173172
0.05766209587454796 0.08019019663333893
0.057374581694602966 0.07227197289466858
0.05697112902998924 0.059757135808467865
0.05419855937361717 0.055338628590106964
0.054084405303001404 0.05805625766515732
0.053893934935331345 0.056914523243904114
0.05336853861808777 0.05505908653140068
0.05170825123786926 0.052617013454437256
0.05170696973800659 0.06431196630001068
0.04735627397894859 0.05802306532859802
0.046163130551576614 0.05286765471100807
0.04595544561743736 0.05223310366272926
0.04414010047912598 0.04965837672352791
0.0398709699511528 0.04652361571788788
0.03972413390874863 0.04449998959898949
