0.31237804889678955 0.34003427624702454
0.3099873960018158 0.31760358810424805
0.22091056406497955 0.2661334276199341
0.1879582703113556 0.2945384085178375
0.16511733829975128 0.1683143824338913
0.15093518793582916 0.16366584599018097
0.14777255058288574 0.1489027589559555
0.14496931433677673 0.1493120789527893
0.14342518150806427 0.14485757052898407
0.13885822892189026 0.15730027854442596
0.1383415013551712 0.188263937830925
0.13633936643600464 0.1439293622970581
0.13631296157836914 0.14026735723018646
0.13287164270877838 0.134016215801239
0.1325797736644745 0.1329396516084671
0.13135427236557007 0.1404924988746643
0.13039392232894897 0.1366119086742401
0.129767507314682 0.13659998774528503
0.12927348911762238 0.1371351182460785
0.12803813815116882 0.14488475024700165
0.12741191685199738 0.13762082159519196
0.12718133628368378 0.136478990316391
0.1260381042957306 0.1480836421251297
0.12580980360507965 0.13735918700695038
0.12541088461875916 0.13190755248069763
0.12535913288593292 0.14101667702198029
0.12407219409942627 0.140412375330925
0.1235540434718132 0.13871265947818756
0.12286201864480972 0.1355265974998474
0.12180652469396591 0.12488611042499542
0.12078673392534256 0.12288825213909149
0.12007712572813034 0.15004564821720123
0.11814991384744644 0.18152309954166412
0.11764813959598541 0.1691981852054596
0.11705617606639862 0.1354733258485794
0.11600692570209503 0.15663480758666992
0.11594977974891663 0.1373603343963623
0.11569815874099731 0.12155624479055405
0.11483737081289291 0.12132874131202698
0.11431366950273514 0.12753143906593323
0.11414232105016708 0.12116191536188126
0.11357378959655762 0.11644834280014038
0.11297915130853653 0.11600944399833679
0.1122603565454483 0.15703009068965912
0.11206039041280746 0.11306197196245193
0.11163081228733063 0.1563529223203659
0.11140257865190506 0.13290877640247345
0.11103400588035583 0.11182808130979538
0.11076603084802628 0.1130560114979744
0.11055762320756912 0.12897039949893951
0.11042727530002594 0.1443508416414261
0.11028604209423065 0.11685303598642349
0.10913194715976715 0.12663957476615906
0.10897372663021088 0.11389797925949097
0.1086164340376854 0.12544852495193481
0.10860959440469742 0.14165455102920532
0.10841194540262222 0.13871000707149506
0.10794222354888916 0.11417177319526672
0.10790208727121353 0.13168974220752716
0.10761217027902603 0.11100832372903824
0.10735239088535309 0.11506035178899765
0.10713007301092148 0.11877404153347015
0.10709644109010696 0.1577715277671814
0.10627955198287964 0.10829421877861023
0.10609651356935501 0.11721205711364746
0.10575378686189651 0.10747922956943512
0.1054684966802597 0.11503884196281433
0.10541819781064987 0.11673090606927872
0.10488362610340118 0.11732266843318939
0.10484083741903305 0.10564277321100235
0.10475780069828033 0.14044445753097534
0.10470712929964066 0.10770612210035324
0.10418254137039185 0.1305934190750122
0.10418057441711426 0.11136127263307571
0.10318965464830399 0.10854429006576538
0.10260255634784698 0.1193096786737442
0.1025618314743042 0.15958371758460999
0.10231568664312363 0.11669328808784485
0.10185623914003372 0.1144205629825592
0.10153809189796448 0.11678897589445114
0.10135435312986374 0.10196997970342636
0.10100455582141876 0.1074344739317894
0.10063111782073975 0.11657213419675827
0.1005813479423523 0.17410053312778473
0.10042708367109299 0.12076757103204727
0.10014928877353668 0.17678119242191315
0.09998112171888351 0.10725024342536926
0.0996904969215393 0.10575196892023087
0.09956461191177368 0.1039198562502861
0.0991644337773323 0.09947527945041656
0.09896627813577652 0.10752585530281067
0.09815161675214767 0.10443302989006042
0.09760302305221558 0.1500461846590042
0.09756170213222504 0.11285605281591415
0.09694987535476685 0.1374257504940033
0.09691531956195831 0.09964216500520706
0.09681481868028641 0.10061574727296829
0.09659845381975174 0.11098343133926392
0.09643065184354782 0.10297076404094696
0.09634510427713394 0.12855800986289978
0.09622684121131897 0.13559575378894806
0.09583614021539688 0.1533835083246231
0.09581246972084045 0.1488492339849472
0.0954655185341835 0.1018945723772049
0.09530699253082275 0.09707462042570114
0.0953042283654213 0.10142842680215836
0.09507611393928528 0.10925765335559845
0.09468171745538712 0.16203705966472626
0.09434834867715836 0.09995891153812408
0.09430921822786331 0.1083587259054184
0.09351015090942383 0.12362965196371078
0.09341872483491898 0.15545569360256195
0.0933646634221077 0.11518890410661697
0.09278522431850433 0.11290211230516434
0.09248721599578857 0.09815055876970291
0.09233712404966354 0.12431669980287552
0.09231194108724594 0.09955493360757828
0.09208590537309647 0.14293241500854492
0.09194629639387131 0.10322389751672745
0.09189605712890625 0.10232944041490555
0.09167074412107468 0.14667727053165436
0.09129255264997482 0.0990024134516716
0.09120961278676987 0.09579796344041824
0.09078547358512878 0.1419457495212555
0.09064831584692001 0.09732601791620255
0.09061624109745026 0.10009901225566864
0.09053977578878403 0.10752585530281067
0.09049932658672333 0.10217981040477753
0.0903097465634346 0.1301734745502472
0.09023524820804596 0.09032042324542999
0.09004508703947067 0.09521538764238358
0.08995195478200912 0.09334488213062286
0.08982069045305252 0.12688188254833221
0.08964031934738159 0.1302192062139511
0.08961061388254166 0.11320875585079193
0.08952945470809937 0.09910926967859268
0.08944229036569595 0.09904543310403824
0.08943204581737518 0.09648939967155457
0.08915001899003983 0.11867424100637436
0.08881562203168869 0.15531431138515472
0.08855360746383667 0.11272656172513962
0.08851375430822372 0.09152420610189438
0.08826844394207001 0.10751860588788986
0.08795490860939026 0.11114563047885895
0.08791530132293701 0.09917029738426208
0.08754640817642212 0.09754196554422379
0.08700192719697952 0.1103086769580841
0.08680003881454468 0.10794535279273987
0.08650858700275421 0.1128280907869339
0.08626957982778549 0.15534426271915436
0.08621519804000854 0.0907861515879631
0.08617023378610611 0.10257705301046371
0.08602175861597061 0.10469409078359604
0.08598491549491882 0.09289931505918503
0.08536133915185928 0.08568216860294342
0.08524654805660248 0.10138130933046341
0.08510543406009674 0.10971959680318832
0.08508427441120148 0.11184315383434296
0.0850457102060318 0.09096785634756088
0.08479122817516327 0.13099387288093567
0.08428642153739929 0.09327024221420288
0.08383415639400482 0.12591645121574402
0.08344408869743347 0.08905673027038574
0.08314091712236404 0.13943657279014587
0.08290772885084152 0.0864768698811531
0.08192967623472214 0.10597562789916992
0.08177046477794647 0.12343429774045944
0.0813998207449913 0.18275736272335052
0.08134600520133972 0.1686890572309494
0.081283800303936 0.08575183898210526
0.08126406371593475 0.0912797823548317
0.08107474446296692 0.09355047345161438
0.08013587445020676 0.0823763832449913
0.08009424060583115 0.0865059643983841
0.08003505319356918 0.09750024229288101
0.08001021295785904 0.08448030054569244
0.07991985976696014 0.0878179669380188
0.0797499269247055 0.0932316854596138
0.07942462712526321 0.09088443219661713
0.07933927327394485 0.09930519759654999
0.07886716723442078 0.09367340803146362
0.07829522341489792 0.0962672308087349
0.0781213641166687 0.08644759654998779
0.07790517807006836 0.0855681300163269
0.07688499987125397 0.08731816709041595
0.076483353972435 0.09524530172348022
0.07646922767162323 0.09000036120414734
0.07440042495727539 0.07485707104206085
0.07283835113048553 0.07768506556749344
0.07113965600728989 0.12217636406421661
0.071006178855896 0.09534597396850586
0.06868818402290344 0.07235851138830185
0.06828853487968445 0.10615123063325882
0.06748247891664505 0.08948282152414322
0.06735604256391525 0.07874655723571777
0.06678618490695953 0.07817680388689041
0.06657931953668594 0.11051470041275024
0.06647007912397385 0.07446646690368652
0.06576938927173615 0.0749739333987236
0.06367979943752289 0.0768221989274025
0.06272882968187332 0.0690390020608902
0.06255755573511124 0.07059258967638016
0.06250158697366714 0.08772896230220795
0.062073227018117905 0.08201256394386292
0.061295393854379654 0.0636042058467865
0.05954796448349953 0.07287535816431046
0.05901472270488739 0.0687464252114296
0.058018237352371216 0.07002022117376328
0.05247186869382858 0.05302835628390312
