0.30239731073379517 0.3050874173641205
0.3021206259727478 0.3051280379295349
0.2761860191822052 0.2803276479244232
0.26338469982147217 0.28425168991088867
0.2605738043785095 0.28396934270858765
0.22679811716079712 0.2416672259569168
0.2241227924823761 0.2678682208061218
0.22043858468532562 0.22570569813251495
0.21967071294784546 0.22458693385124207
0.21618764102458954 0.22363020479679108
0.2159048467874527 0.21602016687393188
0.208140030503273 0.21881484985351562
0.20503298938274384 0.21742519736289978
0.20366115868091583 0.2592930793762207
0.2020641416311264 0.229826882481575
0.20042076706886292 0.20696230232715607
0.1991083174943924 0.20893141627311707
0.19816169142723083 0.2017049640417099
0.19765302538871765 0.22513598203659058
0.1971060037612915 0.23124732077121735
0.19648651778697968 0.20376327633857727
0.1953597068786621 0.2574872374534607
0.19239796698093414 0.19308963418006897
0.1920126974582672 0.20945431292057037
0.19196097552776337 0.23194994032382965
0.1916307508945465 0.20025889575481415
0.19080166518688202 0.1959759145975113
0.19041885435581207 0.19956815242767334
0.18901191651821136 0.20945698022842407
0.18900862336158752 0.1947377622127533
0.18900704383850098 0.23468966782093048
0.18781596422195435 0.19705994427204132
0.18743236362934113 0.21569283306598663
0.18702399730682373 0.1958056092262268
0.18638865649700165 0.20555095374584198
0.1856764554977417 0.2003798633813858
0.1855851411819458 0.21196210384368896
0.18553940951824188 0.21383340656757355
0.18427370488643646 0.19340206682682037
0.18404172360897064 0.28139957785606384
0.1785733550786972 0.18967024981975555
0.1776553839445114 0.18768993020057678
0.17594383656978607 0.20557759702205658
0.17564581334590912 0.18488220870494843
0.17228849232196808 0.24363963305950165
0.1716661900281906 0.18609054386615753
0.1714428812265396 0.18107937276363373
0.17112930119037628 0.2784997820854187
0.17106997966766357 0.17936164140701294
0.1709440052509308 0.22427360713481903
0.17067578434944153 0.19023703038692474
0.170569509267807 0.2509015202522278
0.17025284469127655 0.17074264585971832
0.16999492049217224 0.17593246698379517
0.1693408489227295 0.20930984616279602
0.16602793335914612 0.2958003878593445
0.16582812368869781 0.20603005588054657
0.16265736520290375 0.17317721247673035
0.1621134728193283 0.26984256505966187
0.1619349718093872 0.20348112285137177
0.16092553734779358 0.17437440156936646
0.16091178357601166 0.17289972305297852
0.1608484983444214 0.20170307159423828
0.16079597175121307 0.19280540943145752
0.1607765108346939 0.19031357765197754
0.15784510970115662 0.16960932314395905
0.15715354681015015 0.1627696305513382
0.15696635842323303 0.16854074597358704
0.15662994980812073 0.16303719580173492
0.1561151146888733 0.15701058506965637
0.1558699756860733 0.1712498515844345
0.15537996590137482 0.15923750400543213
0.15524795651435852 0.21360711753368378
0.15523438155651093 0.22433605790138245
0.154403418302536 0.17828747630119324
0.1543051302433014 0.16135373711585999
0.15336818993091583 0.16669613122940063
0.1533573567867279 0.17502976953983307
0.1527477204799652 0.16837836802005768
0.15237383544445038 0.21068312227725983
0.1522931307554245 0.31441646814346313
0.15197303891181946 0.16267304122447968
0.15151840448379517 0.20147518813610077
0.15149717032909393 0.19456493854522705
0.15144045650959015 0.1530149281024933
0.1509765237569809 0.17883913218975067
0.1509617120027542 0.21027429401874542
0.15092919766902924 0.20567113161087036
0.15045571327209473 0.1726345270872116
0.15018823742866516 0.1527397334575653
0.14949509501457214 0.1681094616651535
0.14912261068820953 0.15632319450378418
0.14903470873832703 0.14982223510742188
0.14831791818141937 0.19793033599853516
0.1476198434829712 0.15446481108665466
0.147271066904068 0.14881205558776855
0.1466372311115265 0.15637437999248505
0.14630456268787384 0.22361211478710175
0.14621871709823608 0.14750969409942627
0.14539337158203125 0.14735141396522522
0.14523948729038239 0.1834506094455719
0.14514212310314178 0.1684534251689911
0.14493897557258606 0.14784832298755646
0.14470210671424866 0.16154778003692627
0.1442783623933792 0.14909161627292633
0.14415454864501953 0.26035451889038086
0.14408448338508606 0.1847565919160843
0.14406006038188934 0.17924614250659943
0.14390501379966736 0.20354850590229034
0.14371255040168762 0.16755928099155426
0.14365750551223755 0.1842188835144043
0.14360855519771576 0.14682509005069733
0.14317454397678375 0.15634678304195404
0.14263522624969482 0.1515052318572998
0.1416006237268448 0.17264826595783234
0.14099575579166412 0.17550359666347504
0.14087149500846863 0.14490967988967896
0.1405884027481079 0.17525525391101837
0.14027200639247894 0.1479339450597763
0.14017760753631592 0.1574588418006897
0.13949017226696014 0.1852891743183136
0.138952374458313 0.16118955612182617
0.13893665373325348 0.15237846970558167
0.138555645942688 0.20534759759902954
0.13824088871479034 0.15253497660160065
0.13814343512058258 0.18866224586963654
0.13786081969738007 0.19820073246955872
0.1378067284822464 0.18767738342285156
0.13729536533355713 0.15094414353370667
0.1369955688714981 0.1790640950202942
0.13660244643688202 0.17380265891551971
0.13628005981445312 0.1497136503458023
0.13623082637786865 0.16644889116287231
0.13609579205513 0.18235722184181213
0.13607758283615112 0.19073665142059326
0.13604728877544403 0.16777527332305908
0.1358443945646286 0.14126163721084595
0.13568001985549927 0.13997307419776917
0.1354130357503891 0.14367815852165222
0.13479186594486237 0.13709402084350586
0.13456843793392181 0.1690797358751297
0.13453970849514008 0.13593898713588715
0.13439303636550903 0.13451959192752838
0.13405264914035797 0.14303269982337952
0.1336098313331604 0.1788109540939331
0.1330038458108902 0.18195287883281708
0.13299931585788727 0.14774368703365326
0.1328292191028595 0.17593246698379517
0.13266389071941376 0.16225355863571167
0.13250483572483063 0.15598353743553162
0.13203388452529907 0.28256723284721375
0.13186272978782654 0.21024858951568604
0.13118398189544678 0.13948434591293335
0.1308654397726059 0.1531280130147934
0.13064724206924438 0.16481074690818787
0.13053050637245178 0.1737203598022461
0.13035307824611664 0.2040845900774002
0.13018548488616943 0.17247416079044342
0.129821315407753 0.13924776017665863
0.12932439148426056 0.1485450267791748
0.12927556037902832 0.23040932416915894
0.12875334918498993 0.17440365254878998
0.12874096632003784 0.1292378157377243
0.12856879830360413 0.20360037684440613
0.12850657105445862 0.2310492843389511
0.12848065793514252 0.14881205558776855
0.1284227967262268 0.1481887549161911
0.12824542820453644 0.13092459738254547
0.12822483479976654 0.17370079457759857
0.12815646827220917 0.2999817728996277
0.1279711276292801 0.15654605627059937
0.12786801159381866 0.1440296173095703
0.1268772929906845 0.15324178338050842
0.1259913444519043 0.13574418425559998
0.1253448724746704 0.21295997500419617
0.12529557943344116 0.12953510880470276
0.1251564621925354 0.14978772401809692
0.12477216869592667 0.13750183582305908
0.12465057522058487 0.22521550953388214
0.1245608851313591 0.15848340094089508
0.12451809644699097 0.13484236598014832
0.12317918241024017 0.1547183096408844
0.1230316087603569 0.1507154256105423
0.12240856140851974 0.14453165233135223
0.12098123133182526 0.12267456948757172
0.12090740352869034 0.12617723643779755
0.12088585644960403 0.16470909118652344
0.12084320932626724 0.13845868408679962
0.1199195459485054 0.12783554196357727
0.11944594234228134 0.13751211762428284
0.1189817488193512 0.1349397599697113
0.1185021623969078 0.14640842378139496
0.11807988584041595 0.12269508838653564
0.11804643273353577 0.14640842378139496
0.11790639907121658 0.1321152001619339
0.11771714687347412 0.12343605607748032
0.11721494793891907 0.13660632073879242
0.1170889362692833 0.12813283503055573
0.11691280454397202 0.1481350213289261
0.11687410622835159 0.18279103934764862
0.11682270467281342 0.14310520887374878
0.11635450273752213 0.12123388051986694
0.11626718938350677 0.14328457415103912
0.11611247807741165 0.22683605551719666
0.11609822511672974 0.11757712066173553
0.11568669974803925 0.118695467710495
0.11565406620502472 0.14669905602931976
0.11548040807247162 0.12188661098480225
0.11533543467521667 0.1321152001619339
0.11473771929740906 0.11526021361351013
0.11470022797584534 0.1258241981267929
0.11360929161310196 0.1681079864501953
0.11350563913583755 0.16596345603466034
0.11274576187133789 0.202513188123703
0.11268268525600433 0.16002853214740753
0.11208868771791458 0.12060070782899857
0.11196772754192352 0.11823625862598419
0.11167449504137039 0.1169169694185257
0.1113194078207016 0.13378095626831055
0.11129650473594666 0.1231260746717453
0.11122151464223862 0.13774865865707397
0.11082155257463455 0.11665300279855728
0.10999896377325058 0.14032837748527527
0.10869082063436508 0.16098779439926147
0.1076480969786644 0.11622670292854309
0.10725119709968567 0.11346621066331863
0.10722273588180542 0.1077241376042366
0.10653873533010483 0.18909071385860443
0.10579582303762436 0.11773430556058884
0.10559719800949097 0.11615575850009918
0.1055666133761406 0.11576302349567413
0.10508015751838684 0.11490348726511002
0.10443255305290222 0.12229489535093307
0.10397616773843765 0.10444815456867218
0.10392315685749054 0.12651938199996948
0.10307260602712631 0.12294773012399673
0.10176341980695724 0.1515970528125763
0.10164795070886612 0.13018420338630676
0.09977537393569946 0.11360654979944229
0.09914670139551163 0.1343054622411728
0.09718545526266098 0.09943322092294693
0.0949828177690506 0.11106247454881668
0.09258657693862915 0.1248369887471199
0.08403746783733368 0.12788842618465424
