0.16452467441558838 0.16717790067195892
0.15838101506233215 0.16441385447978973
0.15606005489826202 0.1606265902519226
0.15473678708076477 0.16108591854572296
0.14998503029346466 0.15535680949687958
0.14152570068836212 0.1905704289674759
0.1387788951396942 0.13896067440509796
0.13798005878925323 0.14037920534610748
0.13785488903522491 0.15146620571613312
0.13659538328647614 0.14881907403469086
0.13083696365356445 0.14381732046604156
0.13004547357559204 0.14318323135375977
0.12948660552501678 0.1524714231491089
0.12807287275791168 0.14373779296875
0.12747173011302948 0.15146735310554504
0.12521305680274963 0.12863880395889282
0.12501868605613708 0.13781753182411194
0.12324857711791992 0.1324228048324585
0.12217336148023605 0.1282275766134262
0.12146078050136566 0.12505747377872467
0.1196446493268013 0.16776300966739655
0.11928039789199829 0.1543925553560257
0.11912981420755386 0.6260379552841187
0.11910703033208847 0.12675000727176666
0.11882811784744263 0.1645216941833496
0.11799293756484985 0.1286037117242813
0.11596746742725372 0.11923099309206009
0.11592349410057068 0.14578920602798462
0.11568108201026917 0.13617411255836487
0.11563453078269958 0.11804398149251938
0.11445161700248718 0.1258619874715805
0.11364874988794327 0.1150088980793953
0.11286921054124832 0.6341582536697388
0.11281950026750565 0.15931399166584015
0.11189542710781097 0.6063811182975769
0.11092299968004227 0.14747995138168335
0.1102505549788475 0.14762401580810547
0.10976598411798477 0.12092515826225281
0.10880064964294434 0.10926089435815811
0.10875514149665833 0.12689262628555298
0.10871491581201553 0.1227462962269783
0.10757101327180862 0.10884260386228561
0.10720700770616531 0.10788922011852264
0.10624199360609055 0.13117359578609467
0.10542137175798416 0.14044174551963806
0.10506107658147812 0.12406309694051743
0.10505446046590805 0.11733117699623108
0.10500503331422806 0.11100504547357559
0.10489501059055328 0.1143384650349617
0.10469834506511688 0.11819028109312057
0.10466251522302628 0.10965383797883987
0.10461718589067459 0.10920750349760056
0.10455171763896942 0.1171957403421402
0.10453590750694275 0.10806716233491898
0.10447212308645248 0.1110801100730896
0.10439268499612808 0.11718770116567612
0.10424691438674927 0.11248715966939926
0.10423921793699265 0.12882135808467865
0.10309252142906189 0.11031458526849747
0.10199662297964096 0.10627847909927368
0.10110997408628464 0.12259826809167862
0.100886769592762 0.12077493965625763
0.10071119666099548 0.12646181881427765
0.1005939319729805 0.10977034270763397
0.10036245733499527 0.10298169404268265
0.10006836801767349 0.16985780000686646
0.09791252017021179 0.11253545433282852
0.09789036959409714 0.17728881537914276
0.09659408032894135 0.15223851799964905
0.09570451825857162 0.18528060615062714
0.09528914093971252 0.1040959507226944
0.094300277531147 0.09706133604049683
0.09421375393867493 0.09680113941431046
0.09396588057279587 0.1195782944560051
0.09381034970283508 0.10004328936338425
0.09355054050683975 0.09917442500591278
0.09327516704797745 0.1265352964401245
0.09304339438676834 0.09436284750699997
0.09302444756031036 0.09865689277648926
0.09286940097808838 0.11235737055540085
0.09253145009279251 0.11214328557252884
0.09177539497613907 0.09457525610923767
0.09125597029924393 0.10362882912158966
0.09113701432943344 0.0937550738453865
0.09106665104627609 0.09513711929321289
0.09067413210868835 0.09662630409002304
0.09019730240106583 0.1204708144068718
0.09019725024700165 0.10335524380207062
0.0901823341846466 0.10038907825946808
0.09006243199110031 0.09586421400308609
0.08984202146530151 0.09082003682851791
0.08950965106487274 0.10083864629268646
0.08898044377565384 0.09743965417146683
0.08866003155708313 0.10359375178813934
0.0884784683585167 0.09141255915164948
0.08843214064836502 0.1336628943681717
0.08792437613010406 0.09939055889844894
0.08758235722780228 0.13375742733478546
0.08737045526504517 0.10010717064142227
0.0869983583688736 0.08785880357027054
0.08674127608537674 0.1588691771030426
0.08672422170639038 0.09895355999469757
0.08665008097887039 0.09088119864463806
0.08650491386651993 0.10197288542985916
0.0864475890994072 0.10340390354394913
0.08642343431711197 0.09186425805091858
0.08630247414112091 0.12375055253505707
0.08623973280191422 0.09067703038454056
0.08615241199731827 0.08869410306215286
0.08549904823303223 0.08806110173463821
0.0854451134800911 0.11370877921581268
0.08538392931222916 0.104868583381176
0.08533313870429993 0.09606488049030304
0.08531361073255539 0.09543243050575256
0.08522284030914307 0.18968673050403595
0.08502869307994843 0.10930508375167847
0.08499804139137268 0.09590694308280945
0.08485130965709686 0.10142809897661209
0.0834692120552063 0.09728747606277466
0.0832492783665657 0.12549209594726562
0.08278462290763855 0.08653871715068817
0.08241423964500427 0.09228552132844925
0.08213795721530914 0.08920495212078094
0.07975992560386658 0.08799495548009872
0.07743483036756516 0.12225086987018585
0.07596716284751892 0.07793557643890381
0.07532893121242523 0.08842123299837112
0.07506252080202103 0.08810277283191681
0.07499423623085022 0.09240291267633438
0.0745319277048111 0.08171727508306503
0.07444141060113907 0.08607827126979828
0.07427684217691422 0.10700113326311111
0.07426483184099197 0.09997093677520752
0.0740802213549614 0.07484395056962967
0.07385513186454773 0.08592016994953156
0.07366152852773666 0.09433097392320633
0.0735870897769928 0.07943838089704514
0.07311467081308365 0.12456455081701279
0.07304304093122482 0.08578913658857346
0.07274716347455978 0.08671877533197403
0.0721978172659874 0.08115136623382568
0.0721295028924942 0.0733862966299057
0.07190191000699997 0.09538175910711288
0.07086372375488281 0.09513448178768158
0.06939975172281265 0.09952221810817719
0.06925500929355621 0.07608011364936829
0.06921929866075516 0.07572492957115173
0.06887444108724594 0.07035379856824875
0.06861467659473419 0.0701654776930809
0.0682482123374939 0.09494542330503464
0.06781309098005295 0.07374279201030731
0.06694412976503372 0.08332394063472748
0.06693737953901291 0.07935991138219833
0.06545525044202805 0.06601570546627045
0.06349588185548782 0.07167160511016846
0.06013184040784836 0.0654706209897995
0.05576665326952934 0.05804374814033508
0.05469431355595589 0.05513152852654457
