0.34145161509513855 0.34200599789619446
0.34047770500183105 0.3406889736652374
0.33911973237991333 0.34119781851768494
0.33865946531295776 0.3392144441604614
0.33838462829589844 0.3440592288970947
0.33759891986846924 0.3400166630744934
0.33695176243782043 0.33795320987701416
0.33661603927612305 0.33797919750213623
0.336329847574234 0.34165069460868835
0.33545738458633423 0.34183117747306824
0.33534497022628784 0.3421770930290222
0.33497095108032227 0.3362918198108673
0.33493512868881226 0.3405441343784332
0.3347964882850647 0.34423720836639404
0.3347080647945404 0.33941540122032166
0.3346714675426483 0.3391221761703491
0.33460894227027893 0.342911034822464
0.33436545729637146 0.3392711281776428
0.3341653347015381 0.3402291536331177
0.3341449201107025 0.3357381820678711
0.3340463638305664 0.3392238914966583
0.3339405655860901 0.3436412811279297
0.3339189291000366 0.34348422288894653
0.33391040563583374 0.3411389887332916
0.3278988003730774 0.3329564332962036
0.3272112011909485 0.3297171890735626
0.326699435710907 0.3329673707485199
0.325519859790802 0.3332517147064209
0.17505843937397003 0.18694545328617096
0.1739678680896759 0.17927652597427368
0.1725894659757614 0.21188534796237946
0.17253229022026062 0.173261821269989
0.17011740803718567 0.19363707304000854
0.16765324771404266 0.2003186196088791
0.16645818948745728 0.17019732296466827
0.16570842266082764 0.17244291305541992
0.16520580649375916 0.16737554967403412
0.1645359843969345 0.17890812456607819
0.16375932097434998 0.16675521433353424
0.16309748589992523 0.17515243589878082
0.16266675293445587 0.18809999525547028
0.16156542301177979 0.17376771569252014
0.16140216588974 0.18451839685440063
0.16012899577617645 0.1821717768907547
0.1599433720111847 0.1679592877626419
0.15979181230068207 0.1675977110862732
0.1571805328130722 0.1579444855451584
0.1568606048822403 0.18306885659694672
0.1561381220817566 0.16490887105464935
0.15247555077075958 0.20054839551448822
0.15223361551761627 0.18127591907978058
0.15193143486976624 0.15474922955036163
0.15152607858181 0.19001369178295135
0.15147238969802856 0.18630680441856384
0.15111993253231049 0.15216681361198425
0.1508721262216568 0.1697486937046051
0.14894665777683258 0.15215180814266205
0.14863033592700958 0.15611127018928528
0.14830231666564941 0.1530590057373047
0.14774997532367706 0.17490170896053314
0.1471027284860611 0.15884973108768463
0.1458076387643814 0.16334207355976105
0.14567196369171143 0.16096070408821106
0.14558923244476318 0.1467944234609604
0.14523452520370483 0.14749959111213684
0.14487549662590027 0.18415594100952148
0.14479486644268036 0.15316520631313324
0.14440713822841644 0.159520223736763
0.14414265751838684 0.162312850356102
0.1439531147480011 0.1886204034090042
0.14379991590976715 0.1734384000301361
0.1429007202386856 0.160969078540802
0.14239564538002014 0.15088915824890137
0.14215034246444702 0.14396198093891144
0.14126600325107574 0.14415088295936584
0.1411352902650833 0.16060391068458557
0.1408434510231018 0.14753633737564087
0.14072389900684357 0.15853862464427948
0.1406954973936081 0.14879533648490906
0.140555277466774 0.1487906277179718
0.1396484673023224 0.1632184237241745
0.13962551951408386 0.14945431053638458
0.13929694890975952 0.15761500597000122
0.13924936950206757 0.14109550416469574
0.1383046656847 0.14506465196609497
0.13824410736560822 0.1710805743932724
0.1382269561290741 0.15758968889713287
0.13805504143238068 0.18665003776550293
0.13794486224651337 0.19181504845619202
0.13745532929897308 0.15134358406066895
0.13711635768413544 0.1536082774400711
0.13703958690166473 0.14966970682144165
0.13700346648693085 0.1626465767621994
0.13697244226932526 0.15780432522296906
0.13634490966796875 0.16079019010066986
0.13627344369888306 0.17372606694698334
0.13619740307331085 0.17590653896331787
0.13537883758544922 0.17272718250751495
0.13526998460292816 0.1403075009584427
0.13503630459308624 0.15058867633342743
0.13492026925086975 0.16896232962608337
0.13429582118988037 0.20646712183952332
0.1341540813446045 0.1395011842250824
0.13326267898082733 0.13339780271053314
0.13319024443626404 0.13342317938804626
0.13307896256446838 0.13797467947006226
0.13260333240032196 0.1817948967218399
0.13187052309513092 0.13644437491893768
0.13101597130298615 0.19202861189842224
0.13097377121448517 0.14285214245319366
0.13080480694770813 0.1531904935836792
0.13074828684329987 0.2072884738445282
0.13045717775821686 0.18399648368358612
0.1299418956041336 0.13328708708286285
0.12992709875106812 0.16835914552211761
0.12991833686828613 0.16018499433994293
0.12977217137813568 0.14512813091278076
0.1294873058795929 0.1530872881412506
0.12896814942359924 0.14713621139526367
0.12886659801006317 0.15958769619464874
0.1287446767091751 0.20724596083164215
0.12833216786384583 0.13019959628582
0.12821845710277557 0.13193243741989136
0.12750771641731262 0.15468426048755646
0.1274273842573166 0.16109351813793182
0.12736423313617706 0.13020017743110657
0.12729954719543457 0.2137126922607422
0.12700656056404114 0.1331668347120285
0.12676391005516052 0.14478734135627747
0.12601271271705627 0.1342117190361023
0.1248922273516655 0.2161674052476883
0.12480633705854416 0.12822547554969788
0.12471327930688858 0.14707578718662262
0.12365975230932236 0.1984628289937973
0.12332969903945923 0.12851476669311523
0.12328202277421951 0.15813975036144257
0.1231943741440773 0.12320578098297119
0.12314105778932571 0.1376761645078659
0.12282126396894455 0.12323829531669617
0.12278883159160614 0.12532246112823486
0.12166934460401535 0.20085176825523376
0.12114149332046509 0.13184762001037598
0.11979138851165771 0.163297638297081
0.11975892633199692 0.18592970073223114
0.11974438279867172 0.12273675948381424
0.11961866170167923 0.21399053931236267
0.1195438802242279 0.12308163940906525
0.11916066706180573 0.16221651434898376
0.11854703724384308 0.12987463176250458
0.11809886246919632 0.13684804737567902
0.11799897998571396 0.15064272284507751
0.11779027432203293 0.13231401145458221
0.11764070391654968 0.14380638301372528
0.11761397868394852 0.1684320569038391
0.11741438508033752 0.16307644546031952
0.1167663037776947 0.12468110024929047
0.1159423366189003 0.16499324142932892
0.11499840021133423 0.15148639678955078
0.11421742290258408 0.15797652304172516
0.11406057327985764 0.1303040236234665
0.11403177678585052 0.2188764065504074
0.11348770558834076 0.15422286093235016
0.11329372972249985 0.1978818029165268
0.1130654588341713 0.16052746772766113
0.11298374831676483 0.16890427470207214
0.11279159784317017 0.14760321378707886
0.11225688457489014 0.11768658459186554
0.11220069229602814 0.13617810606956482
0.11212833225727081 0.11987735331058502
0.11174646764993668 0.19160643219947815
0.11172875761985779 0.13623879849910736
0.11139421910047531 0.11625387519598007
0.11139093339443207 0.2144978940486908
0.11112497746944427 0.19782625138759613
0.11089780181646347 0.14967000484466553
0.110739566385746 0.1722293645143509
0.10985441505908966 0.18726886808872223
0.10985174775123596 0.1108674630522728
0.10958695411682129 0.20460718870162964
0.10945907980203629 0.13942265510559082
0.10944864898920059 0.1182379350066185
0.10910812020301819 0.15125702321529388
0.10910200327634811 0.11117522418498993
0.10880836099386215 0.11549489200115204
0.10875749588012695 0.13788698613643646
0.1082439124584198 0.22448670864105225
0.10779659450054169 0.1781378537416458
0.10738290101289749 0.14653924107551575
0.10726381838321686 0.13679519295692444
0.10704032331705093 0.22381967306137085
0.10671037435531616 0.15643340349197388
0.10439957678318024 0.1378224939107895
0.10189127922058105 0.18199422955513
0.10120309889316559 0.13356240093708038
0.1008751168847084 0.17127199470996857
0.10078572481870651 0.22144171595573425
0.10015848278999329 0.255492627620697
0.0983099564909935 0.09922554343938828
0.09827215224504471 0.11852162331342697
0.0982627347111702 0.1732238084077835
0.09798669070005417 0.11233184486627579
0.09600674360990524 0.11563277989625931
0.09181135892868042 0.10791006684303284
0.09180856496095657 0.1959565281867981
0.09067602455615997 0.10196170955896378
0.09000644087791443 0.11042290180921555
0.08887404203414917 0.13905897736549377
0.08882707357406616 0.13159850239753723
0.0883975699543953 0.09429852664470673
0.08723554760217667 0.16852283477783203
0.08607456088066101 0.08637178689241409
0.0850454568862915 0.08848685771226883
0.08481515944004059 0.09404343366622925
0.0830402746796608 0.08696174621582031
0.08146975934505463 0.1053122729063034
0.08134666085243225 0.09761586040258408
0.0804072916507721 0.09369747340679169
0.0800359770655632 0.08689697831869125
0.0795532688498497 0.09842555224895477
0.0785820484161377 0.09878630191087723
0.07825207710266113 0.09492132812738419
0.07615482062101364 0.07668840885162354
0.07612784206867218 0.08698964864015579
0.07084814459085464 0.07350143790245056
0.07082252204418182 0.0791294053196907
0.06791570037603378 0.08100864291191101
