0.20433379709720612 0.22641439735889435
0.20161251723766327 0.2182358205318451
0.1958063840866089 0.20291757583618164
0.19125987589359283 0.23563383519649506
0.1786213517189026 0.21637196838855743
0.17482149600982666 0.17669706046581268
0.17367859184741974 0.17368212342262268
0.16519087553024292 0.17095090448856354
0.1635974645614624 0.1672898679971695
0.161926731467247 0.16481783986091614
0.15960875153541565 0.18431122601032257
0.15473049879074097 0.18189790844917297
0.153496652841568 0.1699843555688858
0.15226221084594727 0.18999071419239044
0.15194231271743774 0.15265712141990662
0.15156589448451996 0.16968198120594025
0.1504889279603958 0.16317792236804962
0.14906379580497742 0.17746056616306305
0.14868730306625366 0.16024403274059296
0.14783596992492676 0.17981567978858948
0.14699436724185944 0.17540523409843445
0.14592505991458893 0.1860673874616623
0.1456291377544403 0.16456539928913116
0.1434074193239212 0.16110967099666595
0.14267189800739288 0.22450502216815948
0.14247393608093262 0.14562688767910004
0.14209911227226257 0.14392751455307007
0.1415456086397171 0.15121254324913025
0.14125984907150269 0.1772754192352295
0.13990142941474915 0.19108523428440094
0.13963951170444489 0.14480793476104736
0.13847893476486206 0.1425018608570099
0.13783080875873566 0.16027599573135376
0.1376819908618927 0.19018793106079102
0.13714338839054108 0.20281681418418884
0.13656415045261383 0.13679230213165283
0.13561633229255676 0.19742479920387268
0.13421887159347534 0.16138625144958496
0.13375410437583923 0.15385158360004425
0.13328298926353455 0.19957229495048523
0.13288238644599915 0.15230891108512878
0.13270831108093262 0.1665629893541336
0.1314374953508377 0.15247786045074463
0.1314302384853363 0.1944892704486847
0.13139745593070984 0.1441938728094101
0.1310524195432663 0.17146162688732147
0.13087938725948334 0.13665424287319183
0.13075320422649384 0.18088805675506592
0.12836989760398865 0.21457809209823608
0.12812629342079163 0.15577822923660278
0.12786538898944855 0.14491386711597443
0.12641876935958862 0.13359174132347107
0.12590372562408447 0.1477830857038498
0.1257021427154541 0.1416868418455124
0.12569592893123627 0.14697061479091644
0.12563438713550568 0.18721210956573486
0.12515290081501007 0.128052219748497
0.12400788068771362 0.2098093032836914
0.12364257872104645 0.26939907670021057
0.12288067489862442 0.13456405699253082
0.1223963126540184 0.12321776896715164
0.12143129855394363 0.1851063221693039
0.1211654469370842 0.14903725683689117
0.11873827874660492 0.15764003992080688
0.11823692172765732 0.15276505053043365
0.11791887134313583 0.17916104197502136
0.11492211371660233 0.16645240783691406
0.11451148241758347 0.21544288098812103
0.11439773440361023 0.17292626202106476
0.11438698321580887 0.11771722882986069
0.11290623992681503 0.12025849521160126
0.11288898438215256 0.1383553296327591
0.1121305376291275 0.18011221289634705
0.11211434006690979 0.19457083940505981
0.11210574209690094 0.1412069946527481
0.11187364906072617 0.11772822588682175
0.1118493303656578 0.1710127890110016
0.11157462000846863 0.15250635147094727
0.11145199090242386 0.13454246520996094
0.11112712323665619 0.13582800328731537
0.11031325906515121 0.12181206047534943
0.1102733388543129 0.1606183797121048
0.11024616658687592 0.12356708198785782
0.11002201586961746 0.1233847439289093
0.10987698286771774 0.11086650937795639
0.1098223626613617 0.13296093046665192
0.1097838282585144 0.16727779805660248
0.10960818827152252 0.138494074344635
0.10930854827165604 0.12618601322174072
0.10871659219264984 0.13528475165367126
0.10849219560623169 0.16445375978946686
0.10801276564598083 0.11139382421970367
0.10788538306951523 0.1110813170671463
0.10704758763313293 0.11282195895910263
0.10677464306354523 0.10959897190332413
0.10670207440853119 0.11824207752943039
0.10657181590795517 0.10897111147642136
0.10648680478334427 0.1118883416056633
0.10512898117303848 0.1216161921620369
0.10413559526205063 0.1715170294046402
0.10331263393163681 0.12272612750530243
0.10200706124305725 0.10935977101325989
0.10185422003269196 0.1743793785572052
0.10180626064538956 0.14733491837978363
0.10075748711824417 0.12480528652667999
0.10012497007846832 0.14423641562461853
0.10003965348005295 0.10294739902019501
0.09967487305402756 0.11601818352937698
0.09837722778320312 0.10059801489114761
0.09764615446329117 0.10165517777204514
0.0975753664970398 0.18002110719680786
0.09573905169963837 0.1632595956325531
0.09521985054016113 0.21003025770187378
0.0948757454752922 0.09524794667959213
0.09376434236764908 0.12405218929052353
0.09294088929891586 0.09719590097665787
0.0909775048494339 0.1439315229654312
0.09095662087202072 0.09096287190914154
0.08920473605394363 0.11136358976364136
0.08854237198829651 0.09673408418893814
0.08835043013095856 0.15589186549186707
0.08818554133176804 0.08988456428050995
0.08808759599924088 0.10599799454212189
0.08785408735275269 0.10230278968811035
0.08545421808958054 0.0990053042769432
0.0847889855504036 0.09457714110612869
0.08469811826944351 0.08524499088525772
0.08447921276092529 0.08647340536117554
0.08404034376144409 0.11758574843406677
0.08306445181369781 0.10043076425790787
0.0829704999923706 0.09444600343704224
0.08292004466056824 0.1814652532339096
0.08245798945426941 0.09014002233743668
0.08210789412260056 0.08853892236948013
0.08129961788654327 0.0874783992767334
0.0807376503944397 0.12917369604110718
0.08018940687179565 0.0878094732761383
0.07985753566026688 0.1526220142841339
0.07944267243146896 0.08242250233888626
0.07933621108531952 0.08587639033794403
0.07918801158666611 0.11471331119537354
0.07900548726320267 0.087491475045681
0.07900339365005493 0.08965998142957687
0.0790010467171669 0.09511758387088776
0.07871294021606445 0.08386004716157913
0.0785512626171112 0.07898490875959396
0.07789972424507141 0.09463544189929962
0.07752677798271179 0.08282902836799622
0.07657596468925476 0.1384633630514145
0.07608529180288315 0.07895883172750473
0.0759747102856636 0.07730618864297867
0.07512632757425308 0.08447516709566116
0.0750550627708435 0.09732790291309357
0.07384929805994034 0.11693473905324936
0.07197149842977524 0.07653777301311493
0.0701339989900589 0.09009891748428345
0.0681375190615654 0.07489070296287537
0.06523142755031586 0.07438784092664719
0.06512678414583206 0.07757136225700378
0.06480107456445694 0.080998994410038
0.06040584668517113 0.08219548314809799
0.05763271450996399 0.06197044998407364
0.05760350823402405 0.06038026884198189
0.05410090088844299 0.06320277601480484
