0.243411585688591 0.2516433000564575
0.19949844479560852 0.24088700115680695
0.17104600369930267 0.1866207718849182
0.1581917107105255 0.17135204374790192
0.15754491090774536 0.18525752425193787
0.15037359297275543 0.1828896701335907
0.13868746161460876 0.13871581852436066
0.13675197958946228 0.1482723355293274
0.13502340018749237 0.14288777112960815
0.13406266272068024 0.14596198499202728
0.13322120904922485 0.14616726338863373
0.13304316997528076 0.13546496629714966
0.13278907537460327 0.15204164385795593
0.13001789152622223 0.13564911484718323
0.12958981096744537 0.14902976155281067
0.12912166118621826 0.42123734951019287
0.1277538239955902 0.13122975826263428
0.12662367522716522 0.13382233679294586
0.1245523989200592 0.19431620836257935
0.1243169829249382 0.12996165454387665
0.12285881489515305 0.12847433984279633
0.12098555266857147 0.12248887866735458
0.12073645740747452 0.15478014945983887
0.11920851469039917 0.23568584024906158
0.11777415871620178 0.14059670269489288
0.11619032174348831 0.19551190733909607
0.11433187872171402 0.1148504689335823
0.11354763805866241 0.13552267849445343
0.10940483212471008 0.11325833946466446
0.10857565701007843 0.12170173972845078
0.10844935476779938 0.11818507313728333
0.10756731033325195 0.40311819314956665
0.10503146052360535 0.11134448647499084
0.10356228053569794 0.19597049057483673
0.10242394357919693 0.10401085019111633
0.10148748010396957 0.11068546026945114
0.10125704109668732 0.10589031130075455
0.1004762351512909 0.10823005437850952
0.10027452558279037 0.15381263196468353
0.10026474297046661 0.15695492923259735
0.09972843527793884 0.10604384541511536
0.09911978989839554 0.10929792374372482
0.09876801073551178 0.10231410712003708
0.09868546575307846 0.11262904852628708
0.09806224703788757 0.11362671852111816
0.09753051400184631 0.10146316140890121
0.09741977602243423 0.1548849493265152
0.0962066799402237 0.1062699556350708
0.09572074562311172 0.12317884713411331
0.09547773748636246 0.13099980354309082
0.0950697585940361 0.12494797259569168
0.09490612149238586 0.1212417483329773
0.09379521012306213 0.09720054268836975
0.09347207099199295 0.1135149821639061
0.09174919873476028 0.16987928748130798
0.0915643647313118 0.14505644142627716
0.09116623550653458 0.12141989171504974
0.08975871652364731 0.09344813972711563
0.08941355347633362 0.13139738142490387
0.08841174840927124 0.09395952522754669
0.08823884278535843 0.09595434367656708
0.0879540964961052 0.109096959233284
0.08776626735925674 0.10331833362579346
0.0872306302189827 0.08830714970827103
0.08663525432348251 0.08732061833143234
0.08619148284196854 0.09592793881893158
0.0857614055275917 0.08948446065187454
0.08575578033924103 0.0905022919178009
0.08489590138196945 0.09046317636966705
0.08436153829097748 0.08922338485717773
0.08339472860097885 0.18892520666122437
0.08316657692193985 0.09412064403295517
0.08316164463758469 0.10728802531957626
0.08276930451393127 0.08726877719163895
0.08270268887281418 0.08922368288040161
0.08204203099012375 0.086296945810318
0.08194143325090408 0.08333022147417068
0.0816979631781578 0.0934538021683693
0.08148492872714996 0.08275208622217178
0.08118991553783417 0.09255849570035934
0.08105907589197159 0.09498165547847748
0.08090102672576904 0.10645748674869537
0.0799456387758255 0.08323131501674652
0.07987957447767258 0.08988925069570541
0.07971180230379105 0.08919686824083328
0.07891783118247986 0.12169816344976425
0.07847191393375397 0.08208921551704407
0.07807635515928268 0.10322947800159454
0.07794101536273956 0.08678687363862991
0.07772170007228851 0.09031426906585693
0.07769230753183365 0.08637561649084091
0.07650896161794662 0.08736521005630493
0.07647360861301422 0.08513904362916946
0.07645374536514282 0.10207554697990417
0.07638326287269592 0.08339234441518784
0.07617322355508804 0.10270582884550095
0.07590552419424057 0.09893376380205154
0.07552288472652435 0.08720248192548752
0.07507720589637756 0.10055150091648102
0.07457324862480164 0.07854264974594116
0.07452088594436646 0.12228500843048096
0.07440132647752762 0.11451306194067001
0.07430519163608551 0.09911154955625534
0.07291469722986221 0.10558121651411057
0.07259594649076462 0.07667340338230133
0.07240334898233414 0.09989301860332489
0.07225531339645386 0.07802723348140717
0.07099492102861404 0.10435721278190613
0.0707603394985199 0.10352765023708344
0.07071644067764282 0.07273546606302261
0.07022496312856674 0.07342283427715302
0.06981248408555984 0.07483510673046112
0.06972251832485199 0.08286557346582413
0.0687725841999054 0.07168830931186676
0.06838633865118027 0.08762799203395844
0.0677439272403717 0.07283422350883484
0.0669495090842247 0.07881589233875275
0.06653013825416565 0.070241779088974
0.0664343312382698 0.07587120682001114
0.06552188098430634 0.06604547053575516
0.06457830965518951 0.07648725807666779
0.06290365010499954 0.06452587991952896
0.06143798306584358 0.06603632122278214
0.058918457478284836 0.06256925314664841
0.05837484076619148 0.06287172436714172
0.05762128904461861 0.07166644930839539
0.057450443506240845 0.06317055970430374
0.057126689702272415 0.07311490178108215
0.056768327951431274 0.07256081700325012
0.055453065782785416 0.0576254278421402
0.05528766289353371 0.07033026218414307
0.05467694625258446 0.07210248708724976
0.05466662347316742 0.06063947081565857
