0.5967118740081787 0.5969500541687012
0.34804677963256836 0.34909141063690186
0.12599921226501465 0.128525972366333
0.1026611402630806 0.3552485406398773
0.10189160704612732 0.10780578851699829
0.09947863966226578 0.5986651182174683
0.0968756154179573 0.09700821340084076
0.09552573412656784 0.1006135493516922
0.09347262233495712 0.14382381737232208
0.08452322334051132 0.14852768182754517
0.08228244632482529 0.47117355465888977
0.08053521066904068 0.08215606957674026
0.07882330566644669 0.07897870242595673
0.0788174644112587 0.08340886980295181
0.07879987359046936 0.08669083565473557
0.07868842780590057 0.07911639660596848
0.07783801108598709 0.12466983497142792
0.0764862522482872 0.07673904299736023
0.07560901343822479 0.08153454959392548
0.07515852898359299 0.07669104635715485
0.0751517042517662 0.08758335560560226
0.07287539541721344 0.07882248610258102
0.071883425116539 0.07732493430376053
0.07182758301496506 0.07423099875450134
0.0716780573129654 0.07347771525382996
0.06969746947288513 0.0697057843208313
0.06930658221244812 0.07725109905004501
0.06871924549341202 0.08024460077285767
0.06786192208528519 0.06936407834291458
0.0669032409787178 0.149888277053833
0.06643053889274597 0.07315323501825333
0.06515968590974808 0.08551430702209473
0.0650821179151535 0.07096494734287262
0.06461460888385773 0.06616268306970596
0.06398805975914001 0.06506519764661789
0.06389268487691879 0.0692533329129219
0.06374134123325348 0.08301202207803726
0.06329357624053955 0.06826525181531906
0.062691330909729 0.07079946994781494
0.06263045966625214 0.07375923544168472
0.062403518706560135 0.08242794871330261
0.06236453726887703 0.0625058263540268
0.06205203756690025 0.06956177949905396
0.060789018869400024 0.06293745338916779
0.06046087667346001 0.062037691473960876
0.060382988303899765 0.060455888509750366
0.059814922511577606 0.06586790829896927
0.059600237756967545 0.07347771525382996
0.05956271290779114 0.07094831019639969
0.05938742309808731 0.07009624689817429
0.05790127441287041 0.06764038652181625
0.056426651775836945 0.061762213706970215
0.055943530052900314 0.06612086296081543
0.055711958557367325 0.05645068362355232
0.05536432936787605 0.058862149715423584
0.05531320348381996 0.06745311617851257
0.05485696718096733 0.07135846465826035
0.05462547391653061 0.06172843277454376
0.05454833433032036 0.06818082928657532
0.053701892495155334 0.05621250346302986
0.05289896950125694 0.05681232362985611
0.05276677757501602 0.05719124153256416
0.052553169429302216 0.05748775228857994
0.052489545196294785 0.05547545850276947
0.05220939218997955 0.059731218963861465
0.051418181508779526 0.06012209504842758
0.050390031188726425 0.05641663819551468
0.050156090408563614 0.05186227336525917
0.04939955100417137 0.060464777052402496
0.049247123301029205 0.05137314274907112
0.04920828714966774 0.05740964785218239
0.04887254908680916 0.059357207268476486
0.048820752650499344 0.05973920598626137
0.048162274062633514 0.060345809906721115
0.048139724880456924 0.05116353556513786
0.04812173545360565 0.05450953170657158
0.048028018325567245 0.06884969770908356
0.047482024878263474 0.048101019114255905
0.04728942736983299 0.06403611600399017
0.04726691544055939 0.05914948135614395
0.04622367024421692 0.05521293729543686
0.04596259817481041 0.05647774413228035
0.045771703124046326 0.05178457871079445
0.045287132263183594 0.047852445393800735
0.045132774859666824 0.05809618532657623
0.0450790598988533 0.05090508982539177
0.04489649832248688 0.048154402524232864
0.044784706085920334 0.050995148718357086
0.04462664946913719 0.05334554985165596
0.044367894530296326 0.04638167470693588
0.044058408588171005 0.050588224083185196
0.043281521648168564 0.050898924469947815
0.04312962293624878 0.051807940006256104
0.04265516996383667 0.04565875232219696
0.04259674623608589 0.04492795839905739
0.04244351014494896 0.05139954760670662
0.042028263211250305 0.04339797794818878
0.041480522602796555 0.04655807092785835
0.041394513100385666 0.05512366443872452
0.041381750255823135 0.04388146847486496
0.04108629748225212 0.048327770084142685
0.0408288836479187 0.044182393699884415
0.038298189640045166 0.04983476921916008
0.03816278278827667 0.04452645778656006
0.038148727267980576 0.04172372817993164
0.0380832701921463 0.03919259086251259
0.03709090128540993 0.041127484291791916
0.036897312849760056 0.038514040410518646
0.036652904003858566 0.044287119060754776
0.036353614181280136 0.04191480949521065
0.03613122180104256 0.040050290524959564
0.035669103264808655 0.04113960266113281
0.035399362444877625 0.040867894887924194
0.034738488495349884 0.04154796898365021
0.033351246267557144 0.03656986728310585
0.03234914317727089 0.03773924708366394
0.032189227640628815 0.038129765540361404
