0.16835841536521912 0.17595620453357697
0.16372257471084595 0.17082847654819489
0.15617385506629944 0.5897716879844666
0.15547049045562744 0.1658119559288025
0.1496892124414444 0.16712911427021027
0.14932721853256226 0.5930815935134888
0.14691796898841858 0.19109497964382172
0.1436193734407425 0.15508216619491577
0.13460449874401093 0.14180709421634674
0.1325945258140564 0.13661986589431763
0.13017532229423523 0.1325557678937912
0.1293971836566925 0.13109038770198822
0.12926678359508514 0.13518641889095306
0.1253408044576645 0.14928756654262543
0.12350582331418991 0.13956181704998016
0.123325876891613 0.14746840298175812
0.12178479135036469 0.12224419414997101
0.12173028290271759 0.12553313374519348
0.1215691864490509 0.17686520516872406
0.12145054340362549 0.591484010219574
0.12017269432544708 0.13987965881824493
0.12013640254735947 0.12191084772348404
0.11970453709363937 0.1276053637266159
0.11950240284204483 0.12214291095733643
0.11876937001943588 0.12254755944013596
0.11864021420478821 0.1445724368095398
0.11775768548250198 0.11898162215948105
0.11745307594537735 0.12485548108816147
0.1173839271068573 0.12224419414997101
0.1160120964050293 0.12394554167985916
0.11509396135807037 0.11659052968025208
0.11498043686151505 0.11764738708734512
0.11472166329622269 0.12366905808448792
0.11403675377368927 0.11843591183423996
0.11397521197795868 0.12756440043449402
0.11311894655227661 0.11535773426294327
0.11305416375398636 0.11462028324604034
0.11247628182172775 0.13574379682540894
0.11216451972723007 0.1376059651374817
0.11142110824584961 0.11280100047588348
0.1111326813697815 0.14257274568080902
0.11085201054811478 0.13245409727096558
0.11075195670127869 0.12341244518756866
0.11056363582611084 0.11915790289640427
0.1102280393242836 0.11434207856655121
0.10980811715126038 0.1381050944328308
0.10875515639781952 0.10883333534002304
0.10851752012968063 0.1346426159143448
0.1082691177725792 0.14193570613861084
0.10821228474378586 0.12605933845043182
0.10660287737846375 0.11010649055242538
0.10654927790164948 0.10954387485980988
0.10652221739292145 0.10660935193300247
0.10631956160068512 0.1257743090391159
0.10605917870998383 0.12011149525642395
0.10592512786388397 0.14108078181743622
0.10561086237430573 0.1343272179365158
0.10475066304206848 0.12856248021125793
0.10382085293531418 0.12201087176799774
0.1036534234881401 0.11794781684875488
0.10350335389375687 0.11089661717414856
0.10227131843566895 0.1133757084608078
0.10207090526819229 0.11482906341552734
0.1018894836306572 0.10571150481700897
0.10186729580163956 0.13112759590148926
0.10121281445026398 0.1614208221435547
0.10098706185817719 0.11833549290895462
0.10070212930440903 0.1035483181476593
0.10017816722393036 0.14565426111221313
0.10012316703796387 0.10370062291622162
0.09985222667455673 0.12068768590688705
0.09907837957143784 0.14168952405452728
0.09903793781995773 0.10838757455348969
0.09884908050298691 0.09911900758743286
0.09876250475645065 0.191487655043602
0.09870940446853638 0.11471644043922424
0.09828333556652069 0.14788088202476501
0.0978321060538292 0.166741281747818
0.09681478142738342 0.09915808588266373
0.09669870138168335 0.09713657945394516
0.09633161872625351 0.10762549936771393
0.09606442600488663 0.11764255166053772
0.09602159261703491 0.10521294921636581
0.09590823203325272 0.10872119665145874
0.09551495313644409 0.11339379101991653
0.09537356346845627 0.11676011979579926
0.09529843181371689 0.0990612581372261
0.09420765191316605 0.11314714699983597
0.09416043758392334 0.11057589948177338
0.09378918260335922 0.11016947776079178
0.09366165101528168 0.09972399473190308
0.09262049943208694 0.0933084711432457
0.09229062497615814 0.10323187708854675
0.0918571799993515 0.1042676493525505
0.09163208305835724 0.0935068428516388
0.09142669290304184 0.10071538388729095
0.0911010280251503 0.09643881767988205
0.08925796300172806 0.09095336496829987
0.08908732980489731 0.09477373957633972
0.0886288732290268 0.09210246056318283
0.0886029526591301 0.1103460043668747
0.08841363340616226 0.14199049770832062
0.08835486322641373 0.11043231934309006
0.08799047768115997 0.11405102163553238
0.08798964321613312 0.08992225676774979
0.08788461238145828 0.08926331996917725
0.08773501962423325 0.09508823603391647
0.08765050023794174 0.10503373295068741
0.08749691396951675 0.09418559074401855
0.08708295226097107 0.09671135246753693
0.08705688267946243 0.08961036801338196
0.08689580112695694 0.15229544043540955
0.08681720495223999 0.1281980276107788
0.08669507503509521 0.15989448130130768
0.08664146065711975 0.09153178334236145
0.08657289296388626 0.09805994480848312
0.08638225495815277 0.08984790742397308
0.08625409752130508 0.11149679124355316
0.08571552485227585 0.10316808521747589
0.08570824563503265 0.12657558917999268
0.08556679636240005 0.10244496166706085
0.08554484695196152 0.0927431732416153
0.08545691519975662 0.08958130329847336
0.08502761274576187 0.0996682271361351
0.08495721220970154 0.11344024538993835
0.08490888774394989 0.09449172019958496
0.08479175716638565 0.09510835260152817
0.08464275300502777 0.09976054728031158
0.08464167267084122 0.08687897771596909
0.08462103456258774 0.08550321310758591
0.08454152196645737 0.08708100765943527
0.08423648774623871 0.15395571291446686
0.08420330286026001 0.10825870931148529
0.08361726254224777 0.09808336198329926
0.08355802297592163 0.1104411855340004
0.08323968946933746 0.11779201030731201
0.08311085402965546 0.11845088750123978
0.08304724842309952 0.09954651445150375
0.08249910175800323 0.13912171125411987
0.08207240700721741 0.12240764498710632
0.08182962238788605 0.14090454578399658
0.08102548867464066 0.08815987408161163
0.0807243138551712 0.09312712401151657
0.08024711161851883 0.09110770374536514
0.08015678077936172 0.08112888783216476
0.07944890111684799 0.11046537756919861
0.07922673225402832 0.08523648977279663
0.07917627692222595 0.08559317886829376
0.07893504947423935 0.08310078084468842
0.07884140312671661 0.07996893674135208
0.07873238623142242 0.08034849911928177
0.07856400310993195 0.08979447185993195
0.07832569628953934 0.1008313000202179
0.0780966728925705 0.08780185133218765
0.07785389572381973 0.10754991322755814
0.07763467729091644 0.08221536129713058
0.07715615630149841 0.10825208574533463
0.07683665305376053 0.09570896625518799
0.07624918967485428 0.0818197950720787
0.07604259997606277 0.0795874074101448
0.07575342059135437 0.10534276068210602
0.07523535937070847 0.08285839110612869
0.07508736103773117 0.08725911378860474
0.07456324994564056 0.08539560437202454
0.07455498725175858 0.09272973239421844
0.07408978044986725 0.08559826016426086
0.07359528541564941 0.08429476618766785
0.07327272742986679 0.09378128498792648
0.07291893661022186 0.08054006844758987
0.07227684557437897 0.08289813995361328
0.07217448949813843 0.07923636585474014
0.07199186086654663 0.07833221554756165
0.07156750559806824 0.07299880683422089
0.07114080339670181 0.09577002376317978
0.07099100202322006 0.09287730604410172
0.07011927664279938 0.08407822251319885
0.06935200840234756 0.08854801952838898
0.0693410262465477 0.07747669517993927
0.06909660249948502 0.07287837564945221
0.06831014901399612 0.06888868659734726
0.06448926776647568 0.07174596190452576
0.06346413493156433 0.08958599716424942
0.06276625394821167 0.06369438767433167
0.062061432749032974 0.09056856483221054
0.06180907040834427 0.07363750785589218
0.06066916882991791 0.07021332532167435
0.05922096595168114 0.06649266183376312
0.05556397885084152 0.06258504092693329
