0.13378341495990753 0.14376111328601837
0.1304074227809906 0.13193227350711823
0.12346182018518448 0.13705383241176605
0.1222948506474495 0.12346222251653671
0.11156376451253891 0.13350006937980652
0.10967458039522171 0.11696115136146545
0.10823296010494232 0.10939037054777145
0.10575442016124725 0.10874480754137039
0.10569541901350021 0.12329796701669693
0.10498198121786118 0.10752308368682861
0.10192277282476425 0.1036398708820343
0.10134252160787582 0.10576282441616058
0.10064302384853363 0.11201393604278564
0.09834391623735428 0.10426924377679825
0.09679616242647171 0.11754164844751358
0.09651661664247513 0.10240041464567184
0.0964665487408638 0.09894871711730957
0.09643594920635223 0.11504177749156952
0.09582314640283585 0.09706071764230728
0.09568707644939423 0.11058790981769562
0.09443659335374832 0.11042770743370056
0.09392684698104858 0.10159604251384735
0.09343910217285156 0.09965706616640091
0.09339946508407593 0.09780752658843994
0.09306322783231735 0.10343165695667267
0.09289248287677765 0.0999603420495987
0.09255479276180267 0.0999603420495987
0.09253320097923279 0.09965706616640091
0.09225090593099594 0.10920165479183197
0.09199662506580353 0.0927826315164566
0.09154536575078964 0.12786723673343658
0.09091070294380188 0.10983865708112717
0.09067187458276749 0.09954888373613358
0.08968785405158997 0.09445414692163467
0.08961229026317596 0.12018027156591415
0.08946888148784637 0.09044478088617325
0.08896994590759277 0.11584796011447906
0.08808170258998871 0.09444541484117508
0.08767776936292648 0.08865904062986374
0.08746948093175888 0.09686040133237839
0.08724246919155121 0.10109474509954453
0.08715418726205826 0.1016337051987648
0.08714980632066727 0.08923562616109848
0.08697095513343811 0.12064546346664429
0.08668840676546097 0.10130435228347778
0.08658388257026672 0.09994084388017654
0.08640938997268677 0.10194387286901474
0.08617040514945984 0.1229315921664238
0.08614342659711838 0.09417105466127396
0.08593109995126724 0.09057945013046265
0.08580099046230316 0.1049371212720871
0.08545850217342377 0.10653944313526154
0.08224637806415558 0.10608787834644318
0.08211107552051544 0.11525198072195053
0.08193346858024597 0.0919819101691246
0.081633061170578 0.09064072370529175
0.0815267562866211 0.1195463091135025
0.08115486800670624 0.08124861866235733
0.0808071568608284 0.08529738336801529
0.08078376203775406 0.08392927795648575
0.08078138530254364 0.08108028769493103
0.08025909215211868 0.09649845212697983
0.08016882836818695 0.0943213626742363
0.08013388514518738 0.11494798213243484
0.0800526887178421 0.082729771733284
0.07974918931722641 0.10782792419195175
0.07960543781518936 0.10156270861625671
0.07960116118192673 0.08206679672002792
0.07929746806621552 0.11680222302675247
0.07922092825174332 0.13402585685253143
0.07836516946554184 0.10439534485340118
0.07831801474094391 0.0865761786699295
0.07824565470218658 0.129820317029953
0.07737011462450027 0.08358963578939438
0.07704201340675354 0.11056219786405563
0.07689434289932251 0.1016826331615448
0.0763217955827713 0.07892920821905136
0.07627792656421661 0.08663922548294067
0.07593108713626862 0.08762308955192566
0.07590328902006149 0.08786587417125702
0.07564796507358551 0.10847336053848267
0.07561042904853821 0.09090226888656616
0.07534930109977722 0.09004423767328262
0.07520612329244614 0.0840303897857666
0.07520497590303421 0.07957488298416138
0.07510334253311157 0.07947634905576706
0.07487903535366058 0.08691027015447617
0.07434441894292831 0.11295343935489655
0.07419561594724655 0.09391966462135315
0.07397148758172989 0.10688222199678421
0.0737934559583664 0.09470842033624649
0.07378575950860977 0.08061802387237549
0.07351870089769363 0.07566475868225098
0.07268411666154861 0.1308688372373581
0.0726776197552681 0.07914029806852341
0.07244718819856644 0.10416446626186371
0.07233541458845139 0.08281158655881882
0.07220876961946487 0.09086964279413223
0.07198157906532288 0.08926253765821457
0.07110437005758286 0.07385122776031494
0.07085707038640976 0.114646777510643
0.0707818940281868 0.0921550840139389
0.07057317346334457 0.07119745761156082
0.07047249376773834 0.08672141283750534
0.07039882987737656 0.07051485776901245
0.07028565555810928 0.08327765017747879
0.07022757083177567 0.07373892515897751
0.07020938396453857 0.08514082431793213
0.07018695026636124 0.07233820110559464
0.06977476924657822 0.10355650633573532
0.06974823772907257 0.07487215846776962
0.06974336504936218 0.07567132264375687
0.06944623589515686 0.08587611466646194
0.0694432258605957 0.07037783414125443
0.0692429170012474 0.10335779190063477
0.06902165710926056 0.10489057749509811
0.06895234435796738 0.08325447887182236
0.0688386783003807 0.12616708874702454
0.068483367562294 0.09369698166847229
0.06841456145048141 0.1263129860162735
0.06821608543395996 0.07053745537996292
0.06801631301641464 0.07636311650276184
0.06785992532968521 0.06940064579248428
0.0677495077252388 0.07281025499105453
0.06719520688056946 0.07685084640979767
0.067159503698349 0.10091664642095566
0.06697382032871246 0.10973072797060013
0.06648815423250198 0.07437308877706528
0.06648632138967514 0.08671368658542633
0.06614209711551666 0.07904554903507233
0.06612478941679001 0.0905076265335083
0.06566675752401352 0.09115462005138397
0.06562342494726181 0.1094081774353981
0.06554713100194931 0.0661180317401886
0.06551521271467209 0.09731875360012054
0.06468947976827621 0.0693482831120491
0.06462392956018448 0.09629780054092407
0.06403528153896332 0.06787261366844177
0.06366131454706192 0.0646735206246376
0.06360095739364624 0.06640001386404037
0.06352247297763824 0.1047494038939476
0.06299435347318649 0.07841923087835312
0.06290237605571747 0.07357540726661682
0.0627591535449028 0.07812345772981644
0.06273024529218674 0.07992818206548691
0.06271041184663773 0.06377051025629044
0.06185710057616234 0.08670226484537125
0.06177615746855736 0.06970660388469696
0.061295285820961 0.10823147743940353
0.060976751148700714 0.06194140017032623
0.06087534502148628 0.07017827779054642
0.0608578585088253 0.08853279054164886
0.0604674331843853 0.09008963406085968
0.05992506071925163 0.061526987701654434
0.05982012674212456 0.06038539856672287
0.059301942586898804 0.07934960722923279
0.05925369635224342 0.06890532374382019
0.05893285945057869 0.06125973165035248
0.05879655107855797 0.06468281894922256
0.058389656245708466 0.07326152920722961
0.05826975032687187 0.06185661256313324
0.05787472799420357 0.07424962520599365
0.05759977921843529 0.06419852375984192
0.057162094861269 0.07254648208618164
0.05714929848909378 0.06724490970373154
0.05693163350224495 0.06453533470630646
0.05690346285700798 0.06707840412855148
0.056800056248903275 0.06908871978521347
0.05666238069534302 0.05687336251139641
0.05662045627832413 0.0902971625328064
0.05660632997751236 0.07079694420099258
0.05641989782452583 0.0630137100815773
0.05609004944562912 0.09413442015647888
0.05588505417108536 0.06655650585889816
0.05580252408981323 0.05604749545454979
0.055681340396404266 0.06046438217163086
0.05565950646996498 0.06849877536296844
0.055322982370853424 0.0557614341378212
0.05425406992435455 0.059611786156892776
0.05322473496198654 0.05744341388344765
0.05307372286915779 0.06675877422094345
0.05087840557098389 0.05987541750073433
0.0498536080121994 0.058447301387786865
0.04980954900383949 0.05108983442187309
0.04961894452571869 0.058704543858766556
0.04777982458472252 0.061536483466625214
