0.2575961947441101 0.27306318283081055
0.24994637072086334 0.2593146562576294
0.21916747093200684 0.22058497369289398
0.20537921786308289 0.21219193935394287
0.2045358270406723 0.225896418094635
0.20271332561969757 0.20413902401924133
0.2010541409254074 0.298539400100708
0.19645574688911438 0.2016039788722992
0.1938958317041397 0.2108982503414154
0.18793271481990814 0.19713066518306732
0.18675655126571655 0.2079072892665863
0.18257983028888702 0.20635664463043213
0.18069827556610107 0.18775451183319092
0.17598757147789001 0.19234120845794678
0.17572753131389618 0.22023731470108032
0.1743548959493637 0.20311008393764496
0.17398583889007568 0.17882488667964935
0.17398375272750854 0.17505303025245667
0.172806516289711 0.1858883649110794
0.17257200181484222 0.22592438757419586
0.17235629260540009 0.1958610564470291
0.17228074371814728 0.17667065560817719
0.17200937867164612 0.18387921154499054
0.17197193205356598 0.21973031759262085
0.17101559042930603 0.2193536013364792
0.17082278430461884 0.24170707166194916
0.16961818933486938 0.25416621565818787
0.16949139535427094 0.1745685189962387
0.16866792738437653 0.24353334307670593
0.16710470616817474 0.21241901814937592
0.16674542427062988 0.19977697730064392
0.1667090356349945 0.17646461725234985
0.1659347265958786 0.22195397317409515
0.16544291377067566 0.19668102264404297
0.16525466740131378 0.1782500147819519
0.16468505561351776 0.1667851358652115
0.16465692222118378 0.17590279877185822
0.16379229724407196 0.17498120665550232
0.16323192417621613 0.17301326990127563
0.16320914030075073 0.2094763070344925
0.16317547857761383 0.17820294201374054
0.16147351264953613 0.22713766992092133
0.16121208667755127 0.17631039023399353
0.15976426005363464 0.18315495550632477
0.15855726599693298 0.15943260490894318
0.15786094963550568 0.16045938432216644
0.15750734508037567 0.20223841071128845
0.1563938409090042 0.2053343653678894
0.15635988116264343 0.15968604385852814
0.15517450869083405 0.1612677425146103
0.15472668409347534 0.15994982421398163
0.15442980825901031 0.21243098378181458
0.15264493227005005 0.15813101828098297
0.15115009248256683 0.1664711982011795
0.15059857070446014 0.1551021933555603
0.15059369802474976 0.25250884890556335
0.15053728222846985 0.17633429169654846
0.1499260812997818 0.168204203248024
0.14941586554050446 0.2303321659564972
0.14938116073608398 0.2004285752773285
0.14862509071826935 0.24651074409484863
0.1477634459733963 0.16329790651798248
0.14726848900318146 0.1548815667629242
0.14628472924232483 0.17844825983047485
0.14612028002738953 0.17891837656497955
0.145248681306839 0.15021923184394836
0.14426204562187195 0.15290117263793945
0.14394816756248474 0.1490725576877594
0.14337392151355743 0.24541839957237244
0.14295992255210876 0.15643762052059174
0.14246001839637756 0.14299733936786652
0.14219209551811218 0.15710890293121338
0.1419551521539688 0.17945381999015808
0.1416798233985901 0.19118571281433105
0.14149779081344604 0.15086185932159424
0.14132416248321533 0.17575664818286896
0.14090904593467712 0.14638006687164307
0.14085653424263 0.231673464179039
0.13967667520046234 0.23542529344558716
0.13965243101119995 0.14710292220115662
0.1392793357372284 0.2021641582250595
0.13820606470108032 0.17593929171562195
0.13814379274845123 0.15123538672924042
0.13776275515556335 0.1639668047428131
0.13736902177333832 0.1647295355796814
0.1372741013765335 0.2300156056880951
0.1372644305229187 0.15602418780326843
0.13719533383846283 0.2561998963356018
0.13702967762947083 0.16167165338993073
0.1370045393705368 0.13832587003707886
0.13631027936935425 0.1860717535018921
0.13622353971004486 0.2542242705821991
0.1358976662158966 0.1452537328004837
0.13579276204109192 0.264833927154541
0.13578376173973083 0.15536151826381683
0.1353405863046646 0.1593019664287567
0.13477525115013123 0.1612999439239502
0.13412220776081085 0.26457545161247253
0.13314363360404968 0.1913621574640274
0.13232076168060303 0.1362622231245041
0.13160929083824158 0.15783530473709106
0.1304716318845749 0.1615743488073349
0.1300322562456131 0.22270578145980835
0.12917885184288025 0.13070502877235413
0.1286640465259552 0.18967103958129883
0.1279592365026474 0.13310754299163818
0.1274351179599762 0.23866334557533264
0.12697909772396088 0.12724308669567108
0.1260729879140854 0.20893722772598267
0.12450822442770004 0.1924513429403305
0.12418396770954132 0.16592243313789368
0.12305150181055069 0.21179050207138062
0.12303820997476578 0.12452869117259979
0.12267743051052094 0.2671288847923279
0.12196372449398041 0.15424379706382751
0.12174761295318604 0.19036108255386353
0.1212276890873909 0.1736653447151184
0.11786302179098129 0.12580110132694244
0.11661623418331146 0.23058997094631195
0.11658167839050293 0.11961971968412399
0.11622150242328644 0.17023789882659912
0.11607223749160767 0.1163100153207779
0.11556140333414078 0.1352064460515976
0.11436827480792999 0.12131495773792267
0.1134747713804245 0.12537387013435364
0.11332794278860092 0.18448221683502197
0.1133115366101265 0.11371490359306335
0.11282359808683395 0.2628135085105896
0.11257656663656235 0.13426028192043304
0.1122841089963913 0.1191813051700592
0.11216285824775696 0.12950679659843445
0.11214900761842728 0.12478117644786835
0.11141125112771988 0.12519313395023346
0.11117976903915405 0.17403726279735565
0.11015982180833817 0.146908700466156
0.10984647274017334 0.12877997756004333
0.10952021181583405 0.14508268237113953
0.10934331268072128 0.13635170459747314
0.10892999172210693 0.2189168930053711
0.10846370458602905 0.21873228251934052
0.1077166274189949 0.15794381499290466
0.10663018375635147 0.11824511736631393
0.10656660050153732 0.11027628928422928
0.10602173954248428 0.11631663888692856
0.10601597279310226 0.14868669211864471
0.1058243066072464 0.13308769464492798
0.10473411530256271 0.10856376588344574
0.10389675199985504 0.1235898807644844
0.10340607911348343 0.1513792723417282
0.10333666950464249 0.1263580620288849
0.099822998046875 0.12012038379907608
0.09887087345123291 0.10423149913549423
0.09878656268119812 0.13945814967155457
0.09859459847211838 0.10987803339958191
0.0972817912697792 0.09919420629739761
0.09725096076726913 0.11178434640169144
0.09723876416683197 0.17195440828800201
0.09722331911325455 0.10839121788740158
0.09618101269006729 0.14197461307048798
0.09481613337993622 0.09584429860115051
0.0943370908498764 0.10451177507638931
0.09280631691217422 0.09724246710538864
0.09264535456895828 0.11412681639194489
0.09108159691095352 0.09140624850988388
0.09067372232675552 0.09401894360780716
0.09033507853746414 0.09532608091831207
0.08861241489648819 0.10131397098302841
0.0885949432849884 0.0949445515871048
0.0883798822760582 0.10116391628980637
0.08719321340322495 0.10514112561941147
0.0871143788099289 0.10647305101156235
0.08695065230131149 0.11101239174604416
0.08634552359580994 0.08976413309574127
0.08509533852338791 0.08630140870809555
0.08465917408466339 0.09656504541635513
0.08447880297899246 0.10041795670986176
0.08429621160030365 0.12096647173166275
0.08283130079507828 0.09940996766090393
0.08209246397018433 0.10804979503154755
0.08023820072412491 0.08200611919164658
0.07770826667547226 0.0895518958568573
0.07540025562047958 0.08448294550180435
0.07453492283821106 0.07553601264953613
0.07452505081892014 0.07455534487962723
0.07384499162435532 0.08856851607561111
0.073819100856781 0.07949976623058319
