0.18952809274196625 0.19584022462368011
0.1555989533662796 0.15867066383361816
0.1549350470304489 0.1745547205209732
0.1525736004114151 0.15507051348686218
0.14034371078014374 0.15260668098926544
0.13742877542972565 0.1381668895483017
0.1362452507019043 0.1492508351802826
0.136104553937912 0.1601986289024353
0.13193386793136597 0.13629940152168274
0.1307113915681839 0.1341560035943985
0.12895192205905914 0.13803914189338684
0.1267441064119339 0.13275638222694397
0.12671366333961487 0.1379384994506836
0.12460904568433762 0.14612245559692383
0.12430553138256073 0.12431750446557999
0.12410616129636765 0.1358630210161209
0.12371279299259186 0.1560412496328354
0.12282988429069519 0.12492308765649796
0.12002233415842056 0.13275638222694397
0.11971667408943176 0.19957998394966125
0.11886218935251236 0.1322687715291977
0.11865661293268204 0.16017299890518188
0.11849535256624222 0.14552491903305054
0.11829774081707001 0.1487879604101181
0.11805996298789978 0.13528059422969818
0.1176089197397232 0.14741797745227814
0.11698763817548752 0.12146878242492676
0.11661319434642792 0.1600363403558731
0.11656846106052399 0.12167929857969284
0.11582867801189423 0.121235691010952
0.11564385145902634 0.11783451586961746
0.11497718095779419 0.1268681138753891
0.11389342695474625 0.11791126430034637
0.11280936002731323 0.16316497325897217
0.1127406656742096 0.14404617249965668
0.1124652549624443 0.1176057830452919
0.11242704093456268 0.13948653638362885
0.11209100484848022 0.11705641448497772
0.11200371384620667 0.13768690824508667
0.11152760684490204 0.11329420655965805
0.11144179105758667 0.12220289558172226
0.11128468811511993 0.11364693939685822
0.11122474074363708 0.13617104291915894
0.10990890115499496 0.1358039677143097
0.10989049077033997 0.15780988335609436
0.10975304991006851 0.1200031265616417
0.10952064394950867 0.16125628352165222
0.10948429256677628 0.12165778875350952
0.10947650671005249 0.14266611635684967
0.1092289537191391 0.14071708917617798
0.10902364552021027 0.11179471760988235
0.10799617320299149 0.11514867097139359
0.10748064517974854 0.11979197710752487
0.10737207531929016 0.12715280055999756
0.10704998672008514 0.26947441697120667
0.1066587045788765 0.13872583210468292
0.10625322163105011 0.16345523297786713
0.10574078559875488 0.11594735085964203
0.1056906133890152 0.12855111062526703
0.10560841113328934 0.15161250531673431
0.10536026209592819 0.11602303385734558
0.10491590201854706 0.11097822338342667
0.10488714277744293 0.16459046304225922
0.10461632162332535 0.10676070302724838
0.10418441891670227 0.1364048570394516
0.10335814207792282 0.12614570558071136
0.10334917157888412 0.1215900331735611
0.10310431569814682 0.10560758411884308
0.1028427928686142 0.11126708984375
0.10283486545085907 0.11321016401052475
0.10273811221122742 0.10724937915802002
0.10243205726146698 0.1492614448070526
0.10240134596824646 0.10533758997917175
0.10229070484638214 0.10232074558734894
0.10226230323314667 0.10443976521492004
0.1020560935139656 0.11883598566055298
0.10128109157085419 0.10431136190891266
0.10126831382513046 0.11539925634860992
0.1006106585264206 0.11902207881212234
0.10059613734483719 0.1072295531630516
0.1005791500210762 0.12463937699794769
0.10031475871801376 0.10626742243766785
0.10027801990509033 0.10913287848234177
0.10002869367599487 0.10905130207538605
0.09931325167417526 0.10906973481178284
0.0992402732372284 0.12437141686677933
0.09910658746957779 0.11357388645410538
0.09880483895540237 0.11877838522195816
0.0987657755613327 0.27217528223991394
0.09872214496135712 0.10252109169960022
0.09869560599327087 0.1147502064704895
0.09836889803409576 0.12322850525379181
0.09823102504014969 0.11535856127738953
0.09802518039941788 0.13472725450992584
0.0979139655828476 0.11616453528404236
0.09775061905384064 0.11828888207674026
0.09768439084291458 0.14753912389278412
0.09767882525920868 0.11167383939027786
0.09734944999217987 0.11794305592775345
0.09714064002037048 0.09790235757827759
0.09707916527986526 0.1671735942363739
0.09689905494451523 0.12859706580638885
0.09684764593839645 0.12445875257253647
0.09672825038433075 0.10056117177009583
0.09672801196575165 0.12277277559041977
0.09645979106426239 0.09907180070877075
0.09637441486120224 0.10265590250492096
0.09632618725299835 0.11316028237342834
0.09629613906145096 0.10961350798606873
0.09567113220691681 0.10026472061872482
0.0955849289894104 0.1264103651046753
0.09549747407436371 0.10290788859128952
0.09535959362983704 0.11632847785949707
0.09532874077558517 0.12808352708816528
0.09524886310100555 0.10541370511054993
0.09504446387290955 0.09887178987264633
0.09495639055967331 0.1333593875169754
0.09448399394750595 0.11572074890136719
0.09439778327941895 0.1337515264749527
0.09418746083974838 0.16822679340839386
0.0941297709941864 0.0995115339756012
0.0937652513384819 0.0967714861035347
0.09375794231891632 0.11408217251300812
0.09345059841871262 0.1359218806028366
0.09318479150533676 0.13224385678768158
0.09308719635009766 0.14989271759986877
0.09274563193321228 0.1017809510231018
0.09256604313850403 0.09618061035871506
0.09251856803894043 0.10449951887130737
0.09206728637218475 0.09398864209651947
0.09188970178365707 0.09890111535787582
0.09187563508749008 0.168711856007576
0.09185605496168137 0.11882700026035309
0.09177819639444351 0.09846517443656921
0.0916367620229721 0.12365180999040604
0.09142787754535675 0.10524982959032059
0.0912436917424202 0.14335232973098755
0.09117934852838516 0.10392151027917862
0.09107169508934021 0.10195446759462357
0.09061390161514282 0.09939834475517273
0.09057050198316574 0.11588678508996964
0.09053172171115875 0.10502476990222931
0.09053006768226624 0.11423733085393906
0.09047187119722366 0.10893703252077103
0.09019291400909424 0.09195122867822647
0.09010818600654602 0.10945102572441101
0.09010432660579681 0.12155506014823914
0.08996298909187317 0.10365410894155502
0.08983819931745529 0.14774727821350098
0.08980651944875717 0.1716335415840149
0.08972613513469696 0.11430632323026657
0.08955016732215881 0.1229725107550621
0.08921950310468674 0.0957065299153328
0.08893077075481415 0.09887921065092087
0.08878196030855179 0.12451822310686111
0.08875498175621033 0.09819045662879944
0.0887088030576706 0.09036850184202194
0.0882759764790535 0.09563499689102173
0.08656337857246399 0.10249987244606018
0.08650556951761246 0.09084521234035492
0.08631761372089386 0.10395987331867218
0.08630325645208359 0.08881590515375137
0.08621377497911453 0.0898013487458229
0.08562549203634262 0.086191326379776
0.08557165414094925 0.1126549169421196
0.08520182967185974 0.0879831314086914
0.08470619469881058 0.12807270884513855
0.0846731886267662 0.0936945378780365
0.08401180803775787 0.12528778612613678
0.08383152633905411 0.10261031240224838
0.08327008783817291 0.08669796586036682
0.08144743740558624 0.09145791828632355
0.08116865158081055 0.0870954692363739
0.08099858462810516 0.08526662737131119
0.08076205849647522 0.09068961441516876
0.08022279292345047 0.08226512372493744
0.08015517145395279 0.10774479806423187
0.07970085740089417 0.0961894616484642
0.0787333995103836 0.0919744074344635
0.07855303585529327 0.08150310814380646
0.07774186879396439 0.08940209448337555
0.07711835205554962 0.08268336951732635
0.07683365046977997 0.10728631168603897
0.07678371667861938 0.08334691822528839
0.07665137946605682 0.08616235852241516
0.0765877440571785 0.09141669422388077
0.07655851542949677 0.08860388398170471
0.0760430321097374 0.10290021449327469
0.07581107318401337 0.08207426965236664
0.07388968765735626 0.09053400158882141
0.07165004312992096 0.08215375989675522
0.0713004320859909 0.07863692939281464
0.07123222947120667 0.11159608513116837
0.07085385173559189 0.0892963632941246
0.07081236690282822 0.09482552856206894
0.07080338895320892 0.09899608790874481
0.07001276314258575 0.09425032883882523
0.06954457610845566 0.07819900661706924
0.06924328207969666 0.09360182285308838
0.06245480477809906 0.06758195161819458
0.06212206929922104 0.07478981465101242
0.05986255779862404 0.06081258878111839
0.059619709849357605 0.06382663547992706
0.05925041437149048 0.06044761463999748
