0.33721715211868286 0.33756574988365173
0.3365122079849243 0.338453471660614
0.3363495171070099 0.3384678363800049
0.3363363742828369 0.3381032943725586
0.33608782291412354 0.33971288800239563
0.3355499505996704 0.3389786183834076
0.33531060814857483 0.3378690481185913
0.3349136710166931 0.3371369540691376
0.33488333225250244 0.34028360247612
0.33440452814102173 0.3412535786628723
0.18687772750854492 0.19309556484222412
0.1754908412694931 0.19810718297958374
0.1594809889793396 0.19232535362243652
0.15933078527450562 0.16124247014522552
0.15456616878509521 0.159390389919281
0.1439293473958969 0.1540023386478424
0.14333640038967133 0.1697903275489807
0.1425047069787979 0.15275642275810242
0.14116114377975464 0.1572459191083908
0.13964585959911346 0.14812113344669342
0.1374073475599289 0.1531917005777359
0.1374002993106842 0.17090705037117004
0.1365509331226349 0.1664295196533203
0.13560505211353302 0.14157576858997345
0.13386985659599304 0.16284774243831635
0.13295970857143402 0.1333344280719757
0.13222505152225494 0.145816370844841
0.1313246786594391 0.15809737145900726
0.12930980324745178 0.16802795231342316
0.12929634749889374 0.14621911942958832
0.1287439614534378 0.13013330101966858
0.1287429928779602 0.15135662257671356
0.12809553742408752 0.1606077253818512
0.12771184742450714 0.12790408730506897
0.12749826908111572 0.12847954034805298
0.12665700912475586 0.1320168673992157
0.12502136826515198 0.1345357894897461
0.1243620440363884 0.12637856602668762
0.1237429529428482 0.15284094214439392
0.12332123517990112 0.151371031999588
0.12170867621898651 0.13840413093566895
0.12086335569620132 0.14855149388313293
0.12055564671754837 0.1653241366147995
0.11988288909196854 0.12242391705513
0.11943715810775757 0.17138029634952545
0.11836487799882889 0.12379106134176254
0.11805851757526398 0.1221461221575737
0.11741681396961212 0.1320619434118271
0.11739804595708847 0.13926707208156586
0.11715368181467056 0.1504533737897873
0.11688055843114853 0.14615844190120697
0.11658749729394913 0.13285106420516968
0.11611587554216385 0.11978846043348312
0.11517572402954102 0.1378406435251236
0.11496413499116898 0.1363292783498764
0.11421673744916916 0.2031310498714447
0.11382921785116196 0.11987683922052383
0.11380664259195328 0.14608435332775116
0.11342453956604004 0.15529228746891022
0.11334958672523499 0.1389225274324417
0.11307916045188904 0.17581263184547424
0.11223060637712479 0.11787650734186172
0.1121397614479065 0.14155393838882446
0.11139119416475296 0.11843741685152054
0.11107267439365387 0.14609408378601074
0.11106620728969574 0.11811462044715881
0.11097139865159988 0.16055801510810852
0.11096080392599106 0.12889714539051056
0.11065904051065445 0.11915460228919983
0.11060472577810287 0.13669049739837646
0.1100166067481041 0.13002271950244904
0.10948073863983154 0.15463636815547943
0.10920657962560654 0.1960548460483551
0.10914447158575058 0.1370270550251007
0.10779467970132828 0.1260792315006256
0.10772369056940079 0.12142563611268997
0.10682222247123718 0.12056905031204224
0.10650920867919922 0.15921157598495483
0.10536424070596695 0.18421903252601624
0.10532420128583908 0.1247030720114708
0.10523856431245804 0.24725650250911713
0.10516190528869629 0.1197790578007698
0.10493830591440201 0.12820810079574585
0.10202638059854507 0.20683042705059052
0.10179514437913895 0.2233315110206604
0.10128729045391083 0.10955971479415894
0.10107869654893875 0.11457440257072449
0.10092353820800781 0.15202012658119202
0.10066152364015579 0.11289184540510178
0.10060562938451767 0.14935916662216187
0.09954126924276352 0.1779020130634308
0.09950146079063416 0.20415759086608887
0.09937060624361038 0.14140111207962036
0.09915649890899658 0.11085918545722961
0.0982847511768341 0.12680454552173615
0.09823732078075409 0.11627092957496643
0.09802504628896713 0.10845447331666946
0.09767285734415054 0.16155430674552917
0.09734348207712173 0.10049141943454742
0.09726621955633163 0.09746942669153214
0.09703938663005829 0.16296689212322235
0.09689803421497345 0.10578039288520813
0.09678426384925842 0.17357169091701508
0.09669364988803864 0.20875246822834015
0.09662911295890808 0.10317772626876831
0.09573102742433548 0.1212804764509201
0.09552657604217529 0.10114041715860367
0.0954812616109848 0.14886917173862457
0.09527187049388885 0.10504098236560822
0.09449663758277893 0.10134109109640121
0.09448353201150894 0.10132044553756714
0.0944347232580185 0.1072995737195015
0.09434375166893005 0.22203469276428223
0.09380726516246796 0.18626712262630463
0.09292542189359665 0.19244518876075745
0.09282750636339188 0.11395256221294403
0.09249087423086166 0.11077632009983063
0.09129230678081512 0.10697602480649948
0.0911230817437172 0.09354081004858017
0.09099435061216354 0.1278301477432251
0.0908716693520546 0.09315285086631775
0.08862195909023285 0.11126606911420822
0.08845707029104233 0.09008962661027908
0.08824751526117325 0.14601819217205048
0.08819377422332764 0.13380812108516693
0.08773729205131531 0.12636342644691467
0.08770035207271576 0.11323972791433334
0.08763318508863449 0.10494068264961243
0.08741261810064316 0.09012982994318008
0.08705750852823257 0.10659171640872955
0.08654948323965073 0.08703603595495224
0.08634594827890396 0.08834462612867355
0.08488956838846207 0.10114041715860367
0.08479977399110794 0.0917070135474205
0.08430767804384232 0.09404213726520538
0.08418059349060059 0.0993310809135437
0.0840175673365593 0.08725222945213318
0.08343663811683655 0.08555706590414047
0.08189300447702408 0.09662426263093948
0.08136161416769028 0.08564843982458115
0.08122033625841141 0.08537948876619339
0.08058564364910126 0.08214842528104782
0.07948821038007736 0.08884455263614655
0.07834514230489731 0.10092625766992569
0.07633203268051147 0.08720618486404419
0.07595060020685196 0.09022073447704315
0.07574135065078735 0.08742968738079071
0.07565779983997345 0.07826194167137146
0.07455415278673172 0.0804508849978447
0.07324899733066559 0.09334314614534378
0.0726863369345665 0.07629558444023132
0.0717797800898552 0.09476160258054733
0.07153964042663574 0.07189840823411942
0.07121390849351883 0.07936412841081619
0.07048813253641129 0.08268003165721893
0.07045551389455795 0.07338583469390869
0.06969616562128067 0.08363449573516846
0.0695948451757431 0.07798899710178375
0.0688028410077095 0.07497607916593552
0.06850001960992813 0.08939239382743835
0.06800389289855957 0.07406362146139145
0.06685072183609009 0.07024694234132767
0.06681372970342636 0.07868693023920059
0.06561071425676346 0.08432995527982712
0.06062227115035057 0.06616197526454926
0.058996573090553284 0.0715419128537178
0.05760297551751137 0.07463698834180832
0.05508312210440636 0.05945673957467079
0.05411779135465622 0.06150367856025696
