0.20628556609153748 0.20687709748744965
0.1912141889333725 0.21186666190624237
0.18621212244033813 0.19983361661434174
0.1856631636619568 0.19544169306755066
0.18471159040927887 0.1934271603822708
0.1821250021457672 0.18704499304294586
0.18142563104629517 0.19144535064697266
0.1804022639989853 0.1856832355260849
0.18015271425247192 0.1910119205713272
0.180098295211792 0.18483200669288635
0.17777374386787415 0.18894970417022705
0.17713817954063416 0.181741401553154
0.1770566701889038 0.1860988587141037
0.17610102891921997 0.17629437148571014
0.1752314418554306 0.192698135972023
0.17287349700927734 0.17800158262252808
0.17286458611488342 0.181115984916687
0.17283938825130463 0.1866045892238617
0.17252598702907562 0.18568789958953857
0.17197217047214508 0.1725517362356186
0.17140518128871918 0.19690124690532684
0.1697385162115097 0.17041531205177307
0.16950161755084991 0.17922525107860565
0.16926811635494232 0.17279785871505737
0.16807740926742554 0.16884276270866394
0.16761840879917145 0.17199158668518066
0.16662870347499847 0.16877683997154236
0.16623809933662415 0.17103804647922516
0.16619645059108734 0.17630751430988312
0.16597327589988708 0.18406741321086884
0.16584128141403198 0.1719382107257843
0.1656184047460556 0.1724560707807541
0.16500361263751984 0.1690603792667389
0.16496500372886658 0.16869503259658813
0.16421711444854736 0.17636585235595703
0.16372999548912048 0.16907048225402832
0.1630578190088272 0.18319939076900482
0.16211073100566864 0.17772680521011353
0.16204231977462769 0.17116016149520874
0.16197548806667328 0.1686825305223465
0.16188883781433105 0.16429860889911652
0.16163867712020874 0.16993413865566254
0.16159063577651978 0.17211870849132538
0.16154702007770538 0.17117153108119965
0.16136053204536438 0.19367682933807373
0.16076578199863434 0.16527065634727478
0.16055265069007874 0.17691989243030548
0.1603803187608719 0.16768811643123627
0.1603040099143982 0.17937615513801575
0.15994012355804443 0.17733711004257202
0.1599256992340088 0.17675010859966278
0.15980036556720734 0.17792809009552002
0.159319669008255 0.1708129644393921
0.15806908905506134 0.16164562106132507
0.1569610834121704 0.17412547767162323
0.15683279931545258 0.18853162229061127
0.15642094612121582 0.19122658669948578
0.15240685641765594 0.16277466714382172
0.1522790789604187 0.16668711602687836
0.15164466202259064 0.16264812648296356
0.15127699077129364 0.16754508018493652
0.15125620365142822 0.15362976491451263
0.15118040144443512 0.21787647902965546
0.150981605052948 0.1659858077764511
0.15073393285274506 0.1603768765926361
0.15006254613399506 0.16277466714382172
0.14939942955970764 0.15195395052433014
0.14857257902622223 0.14900662004947662
0.1484425961971283 0.19196920096874237
0.1479473114013672 0.1520174741744995
0.14694905281066895 0.15496094524860382
0.14566227793693542 0.14890536665916443
0.14490827918052673 0.17876222729682922
0.14434444904327393 0.15476322174072266
0.14346979558467865 0.1918053925037384
0.14325863122940063 0.15012341737747192
0.14278006553649902 0.1546596735715866
0.14267614483833313 0.15831202268600464
0.14236919581890106 0.16862492263317108
0.14155445992946625 0.15270112454891205
0.14138290286064148 0.15060020983219147
0.1413039118051529 0.14184240996837616
0.14114508032798767 0.1436491459608078
0.14029818773269653 0.21323761343955994
0.13974499702453613 0.17364031076431274
0.13957317173480988 0.14260315895080566
0.13921770453453064 0.1614583283662796
0.13907434046268463 0.15163609385490417
0.13905958831310272 0.15560844540596008
0.13828502595424652 0.16293296217918396
0.1374777853488922 0.15275049209594727
0.1372879445552826 0.1927027851343155
0.13678929209709167 0.14239855110645294
0.13614006340503693 0.20955891907215118
0.13597477972507477 0.14135441184043884
0.13589859008789062 0.1580478549003601
0.13531213998794556 0.1980292797088623
0.13513672351837158 0.156706303358078
0.13453899323940277 0.16629792749881744
0.13443325459957123 0.17086566984653473
0.13430406153202057 0.16009947657585144
0.13407188653945923 0.14696313440799713
0.13357120752334595 0.16842865943908691
0.1321546882390976 0.1826470047235489
0.13181695342063904 0.1421123892068863
0.1316699981689453 0.133077010512352
0.13117165863513947 0.14844080805778503
0.1305067539215088 0.1904032677412033
0.1300373673439026 0.13599607348442078
0.12916184961795807 0.1704026162624359
0.12890633940696716 0.15639103949069977
0.12800230085849762 0.17474742233753204
0.12649093568325043 0.12947054207324982
0.1264500766992569 0.12768962979316711
0.12606683373451233 0.12860533595085144
0.12573975324630737 0.13263489305973053
0.1252172440290451 0.17874203622341156
0.12516377866268158 0.14145249128341675
0.1250372976064682 0.20753537118434906
0.12486426532268524 0.13424645364284515
0.12440145760774612 0.14046171307563782
0.123911552131176 0.12673985958099365
0.12375541776418686 0.1238618716597557
0.12338506430387497 0.1309373676776886
0.12322571873664856 0.13276159763336182
0.12277650833129883 0.14902807772159576
0.12257995456457138 0.14335936307907104
0.12257055193185806 0.1856408715248108
0.12213048338890076 0.17585769295692444
0.12207598239183426 0.1234784722328186
0.12190195173025131 0.15341386198997498
0.12180175632238388 0.17725121974945068
0.12173597514629364 0.17249295115470886
0.121672622859478 0.17155063152313232
0.12093716859817505 0.14012333750724792
0.12076326459646225 0.12617459893226624
0.1207476407289505 0.13620257377624512
0.12061982601881027 0.15560844540596008
0.12057628482580185 0.12229753285646439
0.1202542632818222 0.1521216779947281
0.1196582093834877 0.1383075714111328
0.11914543807506561 0.17740190029144287
0.11891251802444458 0.1474095731973648
0.11889328062534332 0.1423974335193634
0.11881957948207855 0.1420735865831375
0.11829574406147003 0.12484152615070343
0.1181768998503685 0.13141316175460815
0.11776778101921082 0.1574617177248001
0.1173260435461998 0.15076452493667603
0.1172785758972168 0.16034169495105743
0.11699655652046204 0.12433136999607086
0.11683673411607742 0.1353488266468048
0.11606874316930771 0.197610542178154
0.11570821702480316 0.12577460706233978
0.11553755402565002 0.12433928996324539
0.11533839255571365 0.15579350292682648
0.11522136628627777 0.13172653317451477
0.11509451270103455 0.1172710433602333
0.11464457958936691 0.13777047395706177
0.11366275697946548 0.12323152273893356
0.11351446062326431 0.12923173606395721
0.11339139938354492 0.16277121007442474
0.11330829560756683 0.13034555315971375
0.11328867822885513 0.1406799554824829
0.11315061897039413 0.14453107118606567
0.11309940367937088 0.14003953337669373
0.11282311379909515 0.12109726667404175
0.11251667141914368 0.12005196511745453
0.11250157654285431 0.14751839637756348
0.11232685297727585 0.13755080103874207
0.11224045604467392 0.11676739156246185
0.11213701218366623 0.13936960697174072
0.11206945776939392 0.1258295327425003
0.11173827946186066 0.14650848507881165
0.1113634780049324 0.12810306251049042
0.11091411858797073 0.12842850387096405
0.11065877228975296 0.18327783048152924
0.11048495024442673 0.12063657492399216
0.11010336875915527 0.13843713700771332
0.11009931564331055 0.14109519124031067
0.1097128689289093 0.14723612368106842
0.10964280366897583 0.12552104890346527
0.1079886332154274 0.14992856979370117
0.1078890711069107 0.14060993492603302
0.10738272219896317 0.10941242426633835
0.10674279183149338 0.1336659938097
0.10673531144857407 0.1401006281375885
0.10666096210479736 0.11032440513372421
0.1058872640132904 0.12094195932149887
0.10574941337108612 0.15415623784065247
0.10483958572149277 0.16787005960941315
0.10435210168361664 0.11675946414470673
0.10399290919303894 0.14358742535114288
0.10349958389997482 0.11688373237848282
0.10293959826231003 0.10901083797216415
0.10188556462526321 0.17100945115089417
0.1018412858247757 0.14555102586746216
0.10161865502595901 0.10390050709247589
0.10141857713460922 0.10551430284976959
0.1013212725520134 0.12453469634056091
0.1009981781244278 0.12289346009492874
0.10073177516460419 0.1027357429265976
0.10027355700731277 0.10215052217245102
0.10016003251075745 0.1230345368385315
0.10005054622888565 0.14228278398513794
0.0996326431632042 0.1865307241678238
0.09870713204145432 0.11093761026859283
0.0982661023736 0.13537368178367615
0.09807245433330536 0.11783448606729507
0.097816102206707 0.13959366083145142
0.09778566658496857 0.15155959129333496
0.09775694459676743 0.11867021769285202
0.09740665555000305 0.17221267521381378
0.0972876250743866 0.1133280023932457
0.0972689613699913 0.12480879575014114
0.09685253351926804 0.11414294689893723
0.09683216363191605 0.12811130285263062
0.0967976525425911 0.10736261308193207
0.09652508795261383 0.1328771412372589
0.09621816128492355 0.1316591501235962
0.09598387032747269 0.1340448260307312
0.09560046344995499 0.09975758194923401
0.09526179730892181 0.0975109413266182
0.09511367231607437 0.11438804119825363
0.09503842890262604 0.12618297338485718
0.09448186308145523 0.1075202152132988
0.09417451173067093 0.09598252922296524
0.0941384807229042 0.1110045462846756
0.0940735712647438 0.13509823381900787
0.09394438564777374 0.1583293229341507
0.09389015287160873 0.15155959129333496
0.09376690536737442 0.10768531262874603
0.09373179823160172 0.11662991344928741
0.0932808518409729 0.09443753212690353
0.09263824671506882 0.1047818586230278
0.0924706906080246 0.10290011763572693
0.0923302173614502 0.10406892001628876
0.0922822579741478 0.09782274812459946
0.09202522039413452 0.0986628383398056
0.09165697544813156 0.10182709246873856
0.09152983129024506 0.10727832466363907
0.09117458760738373 0.1174948513507843
0.0908789411187172 0.10770446062088013
0.0906258299946785 0.1368807703256607
0.0905875638127327 0.09632200002670288
0.0904654711484909 0.09816926717758179
0.09030771255493164 0.11595723032951355
0.08990778028964996 0.14828011393547058
0.08828913420438766 0.14404787123203278
0.08782966434955597 0.12475660443305969
0.08746293932199478 0.103592149913311
0.08724422007799149 0.10499803721904755
0.08706756681203842 0.11259434372186661
0.0870523527264595 0.10209652036428452
0.08628043532371521 0.10472340136766434
0.08610223978757858 0.12249915301799774
0.08603821694850922 0.09114445000886917
0.0859663262963295 0.09591848403215408
0.08590538799762726 0.10258009284734726
0.08557087182998657 0.09853734821081161
0.08170025050640106 0.11479954421520233
0.08092954009771347 0.10355880111455917
0.07990531623363495 0.08619019389152527
0.07942663133144379 0.09437983483076096
0.07864163815975189 0.0886516124010086
0.07815660536289215 0.10219311714172363
0.07737740874290466 0.08164294809103012
0.0744781419634819 0.08505769819021225
0.07346080988645554 0.08430486917495728
0.0652792826294899 0.06878794729709625
