0.7701680064201355 0.7737745046615601
0.6471781730651855 0.666439950466156
0.6444772481918335 0.6484658718109131
0.2771149277687073 0.2789909541606903
0.2706407904624939 0.2778361439704895
0.09372080117464066 0.2793210446834564
0.08480259776115417 0.08825980126857758
0.07718072086572647 0.10747721046209335
0.07484519481658936 0.07962677627801895
0.0747387707233429 0.1356085240840912
0.07391795516014099 0.10451789200305939
0.07334612309932709 0.077975332736969
0.0728432759642601 0.09910942614078522
0.0723644495010376 0.07674474269151688
0.07220707833766937 0.07298953086137772
0.07209435105323792 0.07282949239015579
0.07168824970722198 0.08413655310869217
0.07167023420333862 0.07253140956163406
0.07147344946861267 0.08742384612560272
0.07142496109008789 0.07293783873319626
0.07014036178588867 0.08767566829919815
0.07007519900798798 0.1074766218662262
0.0700267031788826 0.07276421040296555
0.06951285153627396 0.08938445895910263
0.06850174069404602 0.06980659812688828
0.06846944987773895 0.07207933068275452
0.06813324987888336 0.09902366250753403
0.06709915399551392 0.07034466415643692
0.06706933677196503 0.08363311737775803
0.06578505784273148 0.10463306307792664
0.06498309224843979 0.0835893526673317
0.06429652124643326 0.0655180886387825
0.0633866935968399 0.07386123389005661
0.06324540078639984 0.06654755026102066
0.06293203681707382 0.0903630256652832
0.06252819299697876 0.102993905544281
0.06228630989789963 0.08751171827316284
0.06227017939090729 0.06413846462965012
0.06206876039505005 0.10831484198570251
0.06139776483178139 0.06748346239328384
0.060974836349487305 0.06623394042253494
0.0609494224190712 0.0715230405330658
0.06078498810529709 0.06302545219659805
0.06059367209672928 0.07563512027263641
0.06002344936132431 0.1021091639995575
0.059648603200912476 0.07732496410608292
0.05941063538193703 0.06616363674402237
0.05894504114985466 0.07742349803447723
0.05860518664121628 0.06595815718173981
0.05829976126551628 0.08943735063076019
0.05771922320127487 0.05943727493286133
0.057685766369104385 0.07414127886295319
0.05729648843407631 0.06390746682882309
0.0568406879901886 0.06310789287090302
0.056782592087984085 0.06459851562976837
0.056699689477682114 0.06537219882011414
0.05654306709766388 0.05869879946112633
0.0565173402428627 0.07223693281412125
0.056232843548059464 0.057308439165353775
0.05616132542490959 0.06136270612478256
0.05569828301668167 0.05774505063891411
0.05548041686415672 0.08109096437692642
0.05547066032886505 0.07042862474918365
0.05530843883752823 0.06549321115016937
0.05509333312511444 0.06460456550121307
0.05502237007021904 0.0636390671133995
0.05478448048233986 0.05569054186344147
0.05470710247755051 0.09081337600946426
0.05462707579135895 0.059136297553777695
0.05462479218840599 0.11697303503751755
0.054510097950696945 0.05628243833780289
0.054409343749284744 0.06346379965543747
0.05407654494047165 0.05685816705226898
0.053835101425647736 0.05761634558439255
0.05294470489025116 0.06294683367013931
0.05291252210736275 0.057235267013311386
0.052361682057380676 0.05901961028575897
0.05215761810541153 0.05460766330361366
0.0518958605825901 0.05717826262116432
0.05135418847203255 0.06195790320634842
0.05128293111920357 0.08530353009700775
0.05088365450501442 0.06988673657178879
0.05059760808944702 0.05648885294795036
0.050455816090106964 0.07153304666280746
0.049625102430582047 0.07542149722576141
0.04961913079023361 0.06047629937529564
0.049200352281332016 0.05816468968987465
0.04856683313846588 0.051049429923295975
0.04854414239525795 0.04909467324614525
0.048413462936878204 0.05912616848945618
0.04803108051419258 0.06865887343883514
0.04773044213652611 0.08673311769962311
0.04754122719168663 0.05177446827292442
0.046965308487415314 0.0474051833152771
0.04663397744297981 0.05395134538412094
0.04617207124829292 0.08847112953662872
0.046157658100128174 0.05046968162059784
0.04586644098162651 0.05058892443776131
0.045566003769636154 0.04786021634936333
0.04549909383058548 0.04784894362092018
0.045191485434770584 0.06266758590936661
0.04519008845090866 0.05393235757946968
0.04516155272722244 0.04610861465334892
0.04505466669797897 0.06093341112136841
0.045026421546936035 0.05574052035808563
0.04495365917682648 0.05084630101919174
0.04471307620406151 0.05066255107522011
0.044668760150671005 0.04531900957226753
0.0440901517868042 0.04426136985421181
0.043735988438129425 0.05450347810983658
0.043656591325998306 0.04591815918684006
0.04312961921095848 0.06165686994791031
0.043055761605501175 0.047500256448984146
0.042441319674253464 0.04373658075928688
0.041820090264081955 0.043641071766614914
0.04171386733651161 0.04298371821641922
0.04158574342727661 0.0485614538192749
0.04133462533354759 0.04809106886386871
0.04087860882282257 0.05085950717329979
0.04078973829746246 0.042260199785232544
0.040415674448013306 0.04122655838727951
0.04007153958082199 0.049766551703214645
0.0400465689599514 0.04495957866311073
0.038957901298999786 0.03923856094479561
0.03889553248882294 0.061291713267564774
0.03870217129588127 0.04090256989002228
0.03715403005480766 0.04686707258224487
0.03584548085927963 0.04754535108804703
0.03556729108095169 0.043401312083005905
0.03526211902499199 0.047130003571510315
0.034909687936306 0.04081687331199646
0.03489500656723976 0.03835013508796692
0.03436139598488808 0.04288048669695854
0.03417711332440376 0.03583669662475586
0.03368568420410156 0.04044284299015999
0.03295733034610748 0.05668792128562927
0.031674765050411224 0.03751033544540405
0.03158793970942497 0.032696858048439026
0.031029004603624344 0.03129897266626358
0.031022874638438225 0.034812405705451965
0.030336081981658936 0.03206432983279228
0.028804972767829895 0.03169798478484154
0.027036089450120926 0.027682440355420113
