0.22013390064239502 0.24199213087558746
0.21428515017032623 0.21994760632514954
0.17826926708221436 0.18989425897598267
0.17530840635299683 0.19213105738162994
0.161810040473938 0.18454809486865997
0.15737804770469666 0.15800753235816956
0.15648503601551056 0.17083342373371124
0.15514516830444336 0.16869811713695526
0.15382012724876404 0.15382473170757294
0.15119315683841705 0.19583351910114288
0.1510154753923416 0.15323098003864288
0.1493872106075287 0.23447494208812714
0.14798997342586517 0.14862948656082153
0.14624862372875214 0.14952915906906128
0.1455002725124359 0.15149462223052979
0.14430120587348938 0.1621730625629425
0.14353223145008087 0.16648831963539124
0.14330266416072845 0.15587788820266724
0.1432732343673706 0.1717282235622406
0.14322493970394135 0.14631739258766174
0.13773275911808014 0.15946900844573975
0.13562355935573578 0.16396094858646393
0.13534767925739288 0.14018701016902924
0.1349944770336151 0.13902616500854492
0.13494206964969635 0.13510996103286743
0.13493691384792328 0.1709105372428894
0.13452336192131042 0.1702558845281601
0.1342369019985199 0.17126967012882233
0.13391989469528198 0.16048750281333923
0.13356250524520874 0.14390982687473297
0.13180507719516754 0.20551292598247528
0.13161033391952515 0.13525882363319397
0.13148267567157745 0.1686742901802063
0.13046832382678986 0.1415146291255951
0.1302678883075714 0.1469317525625229
0.12974166870117188 0.149981290102005
0.1270216703414917 0.14685775339603424
0.12633638083934784 0.21670001745224
0.12615685164928436 0.14667969942092896
0.12567821145057678 0.14896059036254883
0.12562990188598633 0.1283801943063736
0.12550300359725952 0.12880194187164307
0.12542812526226044 0.12962575256824493
0.1250906139612198 0.12941668927669525
0.12334438413381577 0.13753502070903778
0.12311732023954391 0.12474758923053741
0.12303847074508667 0.13249464333057404
0.1228794977068901 0.13744065165519714
0.1224457249045372 0.1318599134683609
0.12110248953104019 0.1590411514043808
0.12073590606451035 0.12404696643352509
0.1207217276096344 0.12143342941999435
0.12035150080919266 0.12107261270284653
0.11988215148448944 0.12405278533697128
0.1191585436463356 0.22022122144699097
0.11771760135889053 0.1894407868385315
0.11619075387716293 0.11956072598695755
0.11599308997392654 0.12468688935041428
0.11492445319890976 0.11645899713039398
0.1148783266544342 0.17202413082122803
0.11475645005702972 0.15163496136665344
0.11418860405683517 0.1353047788143158
0.11416506767272949 0.11876163631677628
0.11372005194425583 0.11507891863584518
0.1131926029920578 0.11427559703588486
0.11294382065534592 0.1184881404042244
0.11253349483013153 0.11286599189043045
0.11250508576631546 0.12204700708389282
0.11177679896354675 0.11437728255987167
0.11145228147506714 0.12125848978757858
0.1107187494635582 0.17968995869159698
0.11037401109933853 0.12119129300117493
0.11000727862119675 0.11475272476673126
0.10939382016658783 0.12502382695674896
0.10807495564222336 0.1231769323348999
0.10763240605592728 0.11822876334190369
0.10693945735692978 0.11306184530258179
0.10660877823829651 0.11286599189043045
0.1053556352853775 0.13287486135959625
0.10515645146369934 0.13216601312160492
0.10512137413024902 0.15822722017765045
0.10474935919046402 0.10849595814943314
0.10451120138168335 0.14427639544010162
0.10401580482721329 0.18668988347053528
0.10387073457241058 0.1228531077504158
0.10373694449663162 0.10903988778591156
0.1036776751279831 0.14252358675003052
0.10364542156457901 0.1482919305562973
0.10362150520086288 0.11906900256872177
0.10350756347179413 0.177676722407341
0.10334304720163345 0.13572357594966888
0.10330376029014587 0.1286516636610031
0.10321330279111862 0.10634323209524155
0.10318433493375778 0.11946135759353638
0.10296028852462769 0.11940876394510269
0.10252594202756882 0.13052302598953247
0.10242582857608795 0.10519528388977051
0.10228165239095688 0.11308824270963669
0.10200721770524979 0.11728958785533905
0.1019614115357399 0.10518957674503326
0.10180307924747467 0.1079830452799797
0.10162153840065002 0.10171610116958618
0.10154702514410019 0.10457564145326614
0.10143451392650604 0.10848727822303772
0.10141204297542572 0.13734380900859833
0.10094712674617767 0.1935947835445404
0.10081852972507477 0.159714013338089
0.10007460415363312 0.10150941461324692
0.09921706467866898 0.10517432540655136
0.09889528155326843 0.1244519054889679
0.09882023930549622 0.10642822086811066
0.09856394678354263 0.18874280154705048
0.09853242337703705 0.15279674530029297
0.0981697365641594 0.15774372220039368
0.09792523831129074 0.10659739375114441
0.09774965792894363 0.17320120334625244
0.09750796109437943 0.09792985767126083
0.09708728641271591 0.10462049394845963
0.09649580717086792 0.12393314391374588
0.09606072306632996 0.09643213450908661
0.09592939913272858 0.10992395877838135
0.09571590274572372 0.11727294325828552
0.095683753490448 0.13807836174964905
0.09566178917884827 0.11416822671890259
0.09562275558710098 0.135544553399086
0.09539766609668732 0.11031313240528107
0.09536584466695786 0.10354305803775787
0.09530440717935562 0.10171696543693542
0.09529867768287659 0.11941161751747131
0.09479042887687683 0.09607961773872375
0.0941227525472641 0.09821091592311859
0.09398122876882553 0.1254773736000061
0.0938585177063942 0.09754867851734161
0.09375587105751038 0.09740112721920013
0.09368664026260376 0.0952034518122673
0.09347491711378098 0.11830266565084457
0.09311244636774063 0.1054345890879631
0.09285122901201248 0.11166451126337051
0.09218641370534897 0.10339865833520889
0.09215076267719269 0.09514148533344269
0.09209810197353363 0.09645307809114456
0.09174530953168869 0.11043474823236465
0.09152611345052719 0.1253441721200943
0.0913911759853363 0.13808397948741913
0.0910705029964447 0.14903581142425537
0.09105754643678665 0.10379597544670105
0.09102532267570496 0.09662330150604248
0.09090112149715424 0.1033184826374054
0.09079129248857498 0.09656395763158798
0.09057431668043137 0.09622659534215927
0.09046325087547302 0.10305772721767426
0.09044010192155838 0.1662309616804123
0.0903024896979332 0.09999524056911469
0.09008421748876572 0.11845497786998749
0.08999001979827881 0.0900803804397583
0.08986294269561768 0.11163204163312912
0.08980762213468552 0.11617855727672577
0.08977323770523071 0.095871701836586
0.08921083807945251 0.12108900398015976
0.08898219466209412 0.1015310063958168
0.08894260227680206 0.1282605528831482
0.08889693021774292 0.10884957760572433
0.08787788450717926 0.09477540105581284
0.0878584161400795 0.12388681620359421
0.08765491843223572 0.09070886671543121
0.08745649456977844 0.11533428728580475
0.08739755302667618 0.1001659482717514
0.08708065003156662 0.12485641241073608
0.08684836328029633 0.12092465162277222
0.08616966009140015 0.09979383647441864
0.08615348488092422 0.08834119141101837
0.08589094132184982 0.10396838188171387
0.08585099130868912 0.10533270984888077
0.08550915122032166 0.09957252442836761
0.08544542640447617 0.10649176687002182
0.08542431145906448 0.09217557311058044
0.08542429655790329 0.11842664331197739
0.08528508991003036 0.11340218782424927
0.08505507558584213 0.09529280662536621
0.08458959311246872 0.09888428449630737
0.08454002439975739 0.09360942989587784
0.08428721129894257 0.12557829916477203
0.08390890061855316 0.16034136712551117
0.08385051786899567 0.09534483402967453
0.08367151021957397 0.09818151593208313
0.08351511508226395 0.10215691477060318
0.08348813652992249 0.09818428009748459
0.08283940702676773 0.09600260108709335
0.08265354484319687 0.11797113716602325
0.08169202506542206 0.08169888705015182
0.08130205422639847 0.09307810664176941
0.08122675120830536 0.11033828556537628
0.08077685534954071 0.08564317971467972
0.08064167946577072 0.09312861412763596
0.0806046649813652 0.12755028903484344
0.08019528537988663 0.08566294610500336
0.07904943823814392 0.08356094360351562
0.07800297439098358 0.10038561373949051
0.07734442502260208 0.09911326318979263
0.07633864134550095 0.08598938584327698
0.07629905641078949 0.0833069384098053
0.07600793242454529 0.07718699425458908
0.07594440132379532 0.08217845857143402
0.07576272636651993 0.08045123517513275
0.07560507208108902 0.09451528638601303
0.07493121922016144 0.08408906310796738
0.07488836348056793 0.07499545812606812
0.07418986409902573 0.08139301091432571
0.07384462654590607 0.08438704162836075
0.07353004068136215 0.08674061298370361
0.06975746899843216 0.07871075719594955
0.06875133514404297 0.07943722605705261
0.06702450662851334 0.08915208280086517
0.06656589359045029 0.07290257513523102
0.06633225828409195 0.07664191722869873
0.0652303472161293 0.06646778434515
0.06498708575963974 0.07343507558107376
0.06496186554431915 0.08187339454889297
0.06358862668275833 0.07511292397975922
0.06358588486909866 0.0757032260298729
0.06194997951388359 0.07482781261205673
