0.24139530956745148 0.24165290594100952
0.22291448712348938 0.24056550860404968
0.19655466079711914 0.20022302865982056
0.18888460099697113 0.19109152257442474
0.18126313388347626 0.1899406760931015
0.17977380752563477 0.18251173198223114
0.17830990254878998 0.17890867590904236
0.17283931374549866 0.18446320295333862
0.1728222370147705 0.20288975536823273
0.16987158358097076 0.1895267367362976
0.16717752814292908 0.1784440577030182
0.16504721343517303 0.2051805555820465
0.16301888227462769 0.17250333726406097
0.16198092699050903 0.1634979397058487
0.1609898954629898 0.1750938445329666
0.16098304092884064 0.1631242334842682
0.15689121186733246 0.16636259853839874
0.15566205978393555 0.1682455986738205
0.15528970956802368 0.17458167672157288
0.15359088778495789 0.16387979686260223
0.15310880541801453 0.160560742020607
0.15263883769512177 0.1681201159954071
0.1522989720106125 0.1759328991174698
0.1520443558692932 0.19035016000270844
0.1509166657924652 0.1610981673002243
0.15024793148040771 0.16926375031471252
0.14970535039901733 0.15051552653312683
0.1496683806180954 0.1790916621685028
0.14965637028217316 0.1727607399225235
0.14902733266353607 0.1656835675239563
0.1490236520767212 0.16427578032016754
0.14861688017845154 0.1536273956298828
0.14859957993030548 0.195415198802948
0.14810606837272644 0.17157603800296783
0.14781193435192108 0.15233075618743896
0.14754754304885864 0.15043868124485016
0.1468554437160492 0.15126186609268188
0.14683425426483154 0.1551337093114853
0.1446601301431656 0.1450991928577423
0.1445295363664627 0.14577549695968628
0.14401447772979736 0.1610068380832672
0.14391140639781952 0.18888486921787262
0.143879234790802 0.15110023319721222
0.14372557401657104 0.16716323792934418
0.14351880550384521 0.1590859591960907
0.1427614390850067 0.16348381340503693
0.14156079292297363 0.20341944694519043
0.14136090874671936 0.14860890805721283
0.14114226400852203 0.18813258409500122
0.1409837305545807 0.14099575579166412
0.14057831466197968 0.16522061824798584
0.14034929871559143 0.16230715811252594
0.14034098386764526 0.14477673172950745
0.13958026468753815 0.19627714157104492
0.13932880759239197 0.15121278166770935
0.13931070268154144 0.15595728158950806
0.13916151225566864 0.19590499997138977
0.13894185423851013 0.1408228874206543
0.13872428238391876 0.16293062269687653
0.13871173560619354 0.16460034251213074
0.1384313851594925 0.17127729952335358
0.13800795376300812 0.16367922723293304
0.13753344118595123 0.16365279257297516
0.13589321076869965 0.1797068566083908
0.1350354254245758 0.16651052236557007
0.1348688006401062 0.1440257877111435
0.13474752008914948 0.16626016795635223
0.13472767174243927 0.16906602680683136
0.13470473885536194 0.15674611926078796
0.13451407849788666 0.14495308697223663
0.13448995351791382 0.14128457009792328
0.1344442367553711 0.13542161881923676
0.13425657153129578 0.1346050500869751
0.13290145993232727 0.16812001168727875
0.13280831277370453 0.17668966948986053
0.1327543705701828 0.16491639614105225
0.13257864117622375 0.14423714578151703
0.13255733251571655 0.1399858444929123
0.13198600709438324 0.16414247453212738
0.13198265433311462 0.15698276460170746
0.13182786107063293 0.14939181506633759
0.13150183856487274 0.14100143313407898
0.130669504404068 0.15717841684818268
0.13052527606487274 0.13975761830806732
0.13045448064804077 0.14475275576114655
0.1304486244916916 0.13234147429466248
0.13044042885303497 0.14742855727672577
0.13036110997200012 0.13922247290611267
0.1302485167980194 0.13030646741390228
0.13007880747318268 0.1360587626695633
0.12930123507976532 0.1761559247970581
0.1289980113506317 0.16691327095031738
0.12892957031726837 0.14112064242362976
0.12883205711841583 0.13922545313835144
0.1288042515516281 0.13379144668579102
0.12870703637599945 0.14847230911254883
0.12842464447021484 0.16404272615909576
0.1283346712589264 0.19149963557720184
0.1283319890499115 0.13791358470916748
0.127424418926239 0.13942882418632507
0.12710948288440704 0.13250553607940674
0.12681728601455688 0.15419602394104004
0.12655849754810333 0.12656894326210022
0.1259436458349228 0.13713255524635315
0.12574417889118195 0.1718476563692093
0.12573972344398499 0.12757475674152374
0.12469757348299026 0.12856125831604004
0.12438956648111343 0.14767195284366608
0.12364761531352997 0.12919582426548004
0.12348191440105438 0.19812002778053284
0.12328372150659561 0.16344241797924042
0.12309600412845612 0.13200312852859497
0.12258992344141006 0.13941198587417603
0.12230691313743591 0.13788709044456482
0.121644526720047 0.13132207095623016
0.12129916250705719 0.19912412762641907
0.12114919722080231 0.17382723093032837
0.12064617872238159 0.12688440084457397
0.12008748203516006 0.1663261502981186
0.11991793662309647 0.13797055184841156
0.11985912919044495 0.18174675107002258
0.11980293691158295 0.1564028263092041
0.11974604427814484 0.16392596065998077
0.1196664348244667 0.16870352625846863
0.11955146491527557 0.12419481575489044
0.11906895786523819 0.16187019646167755
0.1187845766544342 0.18931639194488525
0.11839776486158371 0.12751783430576324
0.11810804158449173 0.13724660873413086
0.11792124807834625 0.11830871552228928
0.11777359247207642 0.17685091495513916
0.11775442957878113 0.1627555787563324
0.11770699173212051 0.12100550532341003
0.11725830286741257 0.12504352629184723
0.11697106063365936 0.15089046955108643
0.1166457086801529 0.13267281651496887
0.11597838252782822 0.12748973071575165
0.11588065326213837 0.13821382820606232
0.11570823192596436 0.1434582769870758
0.11559468507766724 0.15131229162216187
0.1153770163655281 0.11857812106609344
0.11508095264434814 0.12064357101917267
0.1150662750005722 0.1603822559118271
0.1150408461689949 0.13646972179412842
0.11467466503381729 0.15623490512371063
0.11451112478971481 0.11866214871406555
0.11447407305240631 0.12543465197086334
0.11432208120822906 0.19894076883792877
0.11395836621522903 0.11534805595874786
0.11395061761140823 0.1303991973400116
0.1138809397816658 0.1244131550192833
0.11374678462743759 0.11724770069122314
0.11343187838792801 0.15704914927482605
0.11321236193180084 0.12533994019031525
0.11301614344120026 0.1502217948436737
0.11266016215085983 0.12546616792678833
0.11224222928285599 0.13866792619228363
0.11224211007356644 0.12282347679138184
0.11222275346517563 0.1632445603609085
0.11190397292375565 0.14904141426086426
0.11157005280256271 0.14775624871253967
0.11146718263626099 0.13947716355323792
0.1113685816526413 0.12115379422903061
0.11094601452350616 0.12304075807332993
0.11080800741910934 0.1449809968471527
0.11067115515470505 0.1358480304479599
0.1098305881023407 0.13326874375343323
0.10928291827440262 0.12420251220464706
0.10910593718290329 0.13005246222019196
0.10905702412128448 0.15436556935310364
0.10895441472530365 0.13953763246536255
0.10877637565135956 0.15929889678955078
0.10860975831747055 0.139644056558609
0.10840539634227753 0.11156654357910156
0.1083911806344986 0.16452114284038544
0.10821526497602463 0.14514051377773285
0.10819467902183533 0.14341528713703156
0.10805148631334305 0.12074360996484756
0.1074766293168068 0.11457657814025879
0.10735126584768295 0.14697769284248352
0.10674887150526047 0.11008855700492859
0.10656934976577759 0.11871221661567688
0.1065429151058197 0.12689274549484253
0.10648220032453537 0.11148516833782196
0.10617624223232269 0.14020906388759613
0.10595523566007614 0.1683986634016037
0.10512872785329819 0.10679259896278381
0.10501694679260254 0.1539822220802307
0.10496173053979874 0.15775147080421448
0.1048618033528328 0.11967398226261139
0.10474202781915665 0.12455371767282486
0.10456492751836777 0.1288292109966278
0.10456264764070511 0.11785075813531876
0.10381296277046204 0.11450648307800293
0.10335160791873932 0.10784619301557541
0.10318700969219208 0.1275216042995453
0.102964386343956 0.1497100591659546
0.10289192944765091 0.16277790069580078
0.10280591994524002 0.11221934854984283
0.10273901373147964 0.15775366127490997
0.10248192399740219 0.1454290747642517
0.10232440382242203 0.12449424713850021
0.1013418510556221 0.16842816770076752
0.10132043808698654 0.13582418859004974
0.10087116062641144 0.11380115896463394
0.10055101662874222 0.10765731334686279
0.10052895545959473 0.11411980539560318
0.10038869082927704 0.11978702247142792
0.10035601258277893 0.10279516130685806
0.1002248078584671 0.14381729066371918
0.10021498054265976 0.10859780758619308
0.0998837947845459 0.16740556061267853
0.098794125020504 0.11730386316776276
0.09822594374418259 0.17426876723766327
0.0979546308517456 0.13329464197158813
0.09764070063829422 0.1151479110121727
0.09737057983875275 0.11242684721946716
0.09710532426834106 0.1041506752371788
0.09700316190719604 0.1197432205080986
0.09680046141147614 0.10484706610441208
0.09674151986837387 0.15331944823265076
0.09641421586275101 0.10235776752233505
0.09599049389362335 0.1528303325176239
0.09553904086351395 0.15383441746234894
0.09523149579763412 0.10329901427030563
0.09450346231460571 0.10979361087083817
0.09406823664903641 0.10066444426774979
0.09379979968070984 0.15804946422576904
0.0934973806142807 0.09498680382966995
0.09311582893133163 0.11519406735897064
0.0929575115442276 0.09850603342056274
0.09279684722423553 0.1308550089597702
0.09261708706617355 0.10729269683361053
0.09012860059738159 0.09112396091222763
0.08835235238075256 0.11513780057430267
0.08824892342090607 0.1050882562994957
0.08819381147623062 0.11261267215013504
0.08736736327409744 0.10648836940526962
0.08698094636201859 0.1108928993344307
0.0865582525730133 0.10976851731538773
0.08444549888372421 0.0938820019364357
0.08350105583667755 0.10015899688005447
0.08294431120157242 0.08450820297002792
0.08262744545936584 0.10441704839468002
0.08060839027166367 0.09373924136161804
0.07993284612894058 0.09015872329473495
0.07990839332342148 0.08063922077417374
0.07806973159313202 0.08224742114543915
0.07468634098768234 0.07761837542057037
0.06842910498380661 0.07337687164545059
0.06600772589445114 0.07163567841053009
