0.4947962760925293 0.4956692159175873
0.49294161796569824 0.493411660194397
0.4855910539627075 0.49885228276252747
0.4853169023990631 0.487356960773468
0.48530638217926025 0.4939691424369812
0.4849123954772949 0.4908275604248047
0.48478245735168457 0.4880111813545227
0.4845946133136749 0.4849241077899933
0.4839981198310852 0.49148932099342346
0.4837324619293213 0.4905412197113037
0.48352620005607605 0.4856458306312561
0.48275256156921387 0.49331095814704895
0.2723400890827179 0.3132231831550598
0.23669303953647614 0.2558826506137848
0.2229076772928238 0.2762933373451233
0.20634712278842926 0.23535719513893127
0.20624424517154694 0.22586341202259064
0.20368696749210358 0.2059428095817566
0.20052699744701385 0.21055397391319275
0.19380813837051392 0.200453981757164
0.19358697533607483 0.2034185230731964
0.1929197758436203 0.2068393975496292
0.18712246417999268 0.22569628059864044
0.18505409359931946 0.1863710582256317
0.18365798890590668 0.21906207501888275
0.18148545920848846 0.1949900984764099
0.18105676770210266 0.20553499460220337
0.1797037422657013 0.1798149049282074
0.17781636118888855 0.219699889421463
0.1766335666179657 0.1896471232175827
0.17637838423252106 0.18229708075523376
0.17381837964057922 0.1785130798816681
0.17378534376621246 0.18581648170948029
0.1721121072769165 0.19020065665245056
0.17067044973373413 0.18777206540107727
0.16973024606704712 0.1770520955324173
0.16863183677196503 0.1938672810792923
0.16748656332492828 0.16862019896507263
0.16743431985378265 0.17554475367069244
0.16711124777793884 0.22293241322040558
0.166818767786026 0.1902044415473938
0.1662241518497467 0.20761613547801971
0.1655580699443817 0.17895548045635223
0.16536156833171844 0.19458086788654327
0.16457584500312805 0.17527808248996735
0.1640268713235855 0.16645711660385132
0.1624295562505722 0.1728433221578598
0.16160188615322113 0.18006755411624908
0.1611957550048828 0.2760368883609772
0.1611560881137848 0.19781631231307983
0.160452201962471 0.25383326411247253
0.16029907763004303 0.1812836229801178
0.1598113626241684 0.24855893850326538
0.1597996950149536 0.18913447856903076
0.15975342690944672 0.19336958229541779
0.15714752674102783 0.15840743482112885
0.15649868547916412 0.21652927994728088
0.15648670494556427 0.2757827043533325
0.1540355682373047 0.18138854205608368
0.1530538648366928 0.18294616043567657
0.15203224122524261 0.2353949099779129
0.15181072056293488 0.1616450399160385
0.15115931630134583 0.17008809745311737
0.15071143209934235 0.19576111435890198
0.15034271776676178 0.17895205318927765
0.15032896399497986 0.18684302270412445
0.15027731657028198 0.19461004436016083
0.14964695274829865 0.16765107214450836
0.1492140293121338 0.15076179802417755
0.14912669360637665 0.15948821604251862
0.14892573654651642 0.1704319268465042
0.14795424044132233 0.15015555918216705
0.14755147695541382 0.18528831005096436
0.14730022847652435 0.1933295577764511
0.14635586738586426 0.15735623240470886
0.14611446857452393 0.1975952386856079
0.14602848887443542 0.1678829938173294
0.14557337760925293 0.1655496209859848
0.14550839364528656 0.1991441547870636
0.1453808844089508 0.21465463936328888
0.1447402685880661 0.20365597307682037
0.14267268776893616 0.1442451775074005
0.14233066141605377 0.17268212139606476
0.142279714345932 0.16045711934566498
0.14158515632152557 0.14868348836898804
0.14148060977458954 0.1581057459115982
0.1413537561893463 0.2759878933429718
0.1406799703836441 0.1724553108215332
0.14040464162826538 0.14742973446846008
0.14022767543792725 0.14794191718101501
0.1392887532711029 0.19782158732414246
0.13887907564640045 0.1596294492483139
0.13852351903915405 0.17533178627490997
0.13842666149139404 0.1898057460784912
0.13711267709732056 0.16783283650875092
0.1365540474653244 0.22039377689361572
0.13580940663814545 0.1535467505455017
0.1357833594083786 0.17349418997764587
0.13556700944900513 0.1705034375190735
0.13552185893058777 0.14614292979240417
0.13389897346496582 0.21224355697631836
0.13290852308273315 0.14603166282176971
0.13204754889011383 0.16619832813739777
0.13103868067264557 0.1593014895915985
0.13067561388015747 0.13572527468204498
0.13062380254268646 0.13318118453025818
0.12992894649505615 0.20798678696155548
0.1293482780456543 0.19749821722507477
0.12914881110191345 0.16734705865383148
0.12893080711364746 0.1592734456062317
0.1288052350282669 0.12989215552806854
0.12843076884746552 0.1376924365758896
0.1283523440361023 0.2805476188659668
0.12833479046821594 0.14010557532310486
0.12833355367183685 0.13293474912643433
0.1282678097486496 0.24547719955444336
0.12823325395584106 0.12870633602142334
0.12694641947746277 0.1641848087310791
0.12672282755374908 0.14402088522911072
0.1266545206308365 0.13032446801662445
0.12642022967338562 0.15852469205856323
0.12635160982608795 0.3005284070968628
0.12554769217967987 0.16079960763454437
0.1253436654806137 0.17701372504234314
0.12494849413633347 0.29885873198509216
0.12399954348802567 0.13635525107383728
0.1232777014374733 0.13620783388614655
0.12276114523410797 0.20126360654830933
0.12218403071165085 0.16774941980838776
0.12071475386619568 0.23933379352092743
0.12063580751419067 0.13596411049365997
0.1194024384021759 0.12073368579149246
0.11885657161474228 0.19247876107692719
0.11833158880472183 0.17644715309143066
0.11708130687475204 0.1986909955739975
0.11703881621360779 0.14711393415927887
0.11629901826381683 0.1255318522453308
0.11622484028339386 0.1339636594057083
0.11591646075248718 0.13691961765289307
0.11586873978376389 0.1369600147008896
0.11424300074577332 0.18162117898464203
0.1130920946598053 0.12845772504806519
0.11255009472370148 0.15705277025699615
0.11252987384796143 0.13757602870464325
0.1124875545501709 0.13477548956871033
0.11204644292593002 0.1982271373271942
0.11084763705730438 0.15234850347042084
0.11069326847791672 0.13772615790367126
0.11036104708909988 0.11096756160259247
0.11004844307899475 0.14279118180274963
0.10936255007982254 0.111533023416996
0.10901129990816116 0.12640812993049622
0.10819261521100998 0.14179633557796478
0.1061822846531868 0.1599559336900711
0.10599706321954727 0.13224583864212036
0.10597389191389084 0.13627800345420837
0.10406211018562317 0.13493654131889343
0.10356114059686661 0.18089616298675537
0.10354519635438919 0.1084381714463234
0.10289467126131058 0.11352629959583282
0.10230342298746109 0.27986055612564087
0.10196037590503693 0.10897086560726166
0.10111985355615616 0.11602310836315155
0.10043887048959732 0.11804349720478058
0.10010857880115509 0.12038727104663849
0.09947279095649719 0.11636458337306976
0.09910744428634644 0.13282771408557892
0.0982489138841629 0.11252753436565399
0.09777427464723587 0.1744091808795929
0.09725697338581085 0.0998707041144371
0.09646868705749512 0.11062450706958771
0.0955471321940422 0.12005370110273361
0.09497081488370895 0.0986107662320137
0.09418483078479767 0.1027132123708725
0.09405720233917236 0.09945856034755707
0.09383060783147812 0.14590497314929962
0.09319052845239639 0.16479045152664185
0.09256970137357712 0.10370313376188278
0.09141741693019867 0.11093170195817947
0.09087525308132172 0.15610793232917786
0.09068621695041656 0.13281060755252838
0.0904637798666954 0.10709846019744873
0.08954937011003494 0.10026619583368301
0.08954107761383057 0.10161682218313217
0.08820027858018875 0.11904484778642654
0.08608806133270264 0.1075570359826088
0.08528414368629456 0.09733223170042038
0.08196378499269485 0.0826839730143547
0.08115461468696594 0.09273378551006317
0.08052127808332443 0.08805181831121445
0.07904323190450668 0.09430927783250809
0.0784628763794899 0.10908232629299164
0.07619558274745941 0.08734313398599625
0.07575469464063644 0.07607580721378326
0.07332643866539001 0.07692860066890717
