0.20590120553970337 0.20722898840904236
0.14778727293014526 0.15051235258579254
0.14682526886463165 0.14875991642475128
0.14619013667106628 0.14875991642475128
0.1357627958059311 0.13996320962905884
0.13114848732948303 0.13839516043663025
0.1255575567483902 0.13404971361160278
0.12087980657815933 0.12471617013216019
0.1164405420422554 0.12402252852916718
0.11367417126893997 0.12305698543787003
0.10930976271629333 0.11246480792760849
0.10699529200792313 0.13674093782901764
0.10561748594045639 0.12365851551294327
0.10534878075122833 0.12578029930591583
0.1047847643494606 0.12085631489753723
0.10300587117671967 0.11078721284866333
0.10172963887453079 0.1372957080602646
0.0998886302113533 0.13599900901317596
0.09899827092885971 0.10537677258253098
0.09786763042211533 0.10092051327228546
0.09615975618362427 0.09997562319040298
0.09601643681526184 0.11577220261096954
0.09547945857048035 0.09977027028799057
0.09511056542396545 0.09904896467924118
0.09499885141849518 0.1116257756948471
0.09476067125797272 0.09897035360336304
0.09357275813817978 0.1048964112997055
0.09348802268505096 0.10505367815494537
0.09337632358074188 0.09842031449079514
0.09243401885032654 0.10947168618440628
0.09146208316087723 0.09420037269592285
0.09092076867818832 0.11527115106582642
0.0905531644821167 0.15119394659996033
0.09026486426591873 0.09027305245399475
0.09010923653841019 0.0943935215473175
0.08971978724002838 0.11963802576065063
0.08964334428310394 0.09734421223402023
0.08940617740154266 0.09405018389225006
0.08939636498689651 0.09206730872392654
0.08907578140497208 0.11004750430583954
0.08878247439861298 0.09780530631542206
0.08828654885292053 0.10165483504533768
0.08799756318330765 0.09842435270547867
0.08786775171756744 0.0897895023226738
0.08721373230218887 0.08838879317045212
0.08715158700942993 0.09761442244052887
0.08654014766216278 0.09756280481815338
0.08653243631124496 0.09628148376941681
0.08635804057121277 0.09349967539310455
0.08563201129436493 0.10110125690698624
0.08523200452327728 0.08530665934085846
0.08519398421049118 0.14099065959453583
0.08470910042524338 0.09424826502799988
0.08460617810487747 0.11666106432676315
0.08458635956048965 0.0976700559258461
0.08401337265968323 0.08966976404190063
0.08396917581558228 0.08920435607433319
0.08396007865667343 0.14138680696487427
0.0836210772395134 0.09523320943117142
0.08354967832565308 0.09433461725711823
0.08350420743227005 0.08715444803237915
0.08347409218549728 0.10717237740755081
0.08334111422300339 0.1281907856464386
0.0832480937242508 0.09497366845607758
0.08276563137769699 0.15299858152866364
0.0819309651851654 0.08444615453481674
0.08164995163679123 0.10937385261058807
0.08142448216676712 0.11512350291013718
0.08085165172815323 0.08504441380500793
0.08071045577526093 0.09547943621873856
0.08009486645460129 0.1009502187371254
0.08001963794231415 0.09533277153968811
0.07977411150932312 0.08872373402118683
0.07968108355998993 0.09486917406320572
0.07963835448026657 0.10955201834440231
0.07960698008537292 0.1358197033405304
0.07937800884246826 0.08013631403446198
0.07900548726320267 0.10893241316080093
0.07843881845474243 0.08689963072538376
0.07832428067922592 0.0813114121556282
0.07782407850027084 0.1007506400346756
0.07781264185905457 0.150162935256958
0.07762941718101501 0.11833644658327103
0.07732058316469193 0.08694814145565033
0.07713725417852402 0.14110074937343597
0.07675415277481079 0.0772511437535286
0.07633550465106964 0.1403084397315979
0.07622644305229187 0.08037665486335754
0.07599569112062454 0.12196198105812073
0.07588982582092285 0.08679280430078506
0.07568643987178802 0.14493490755558014
0.07553935050964355 0.07889259606599808
0.0753578394651413 0.08771637827157974
0.07521483302116394 0.13042455911636353
0.07502062618732452 0.07554078847169876
0.07495184987783432 0.09796258062124252
0.07462479919195175 0.07978064566850662
0.07457961142063141 0.0965636596083641
0.0739162340760231 0.0789753869175911
0.07370282709598541 0.07370977103710175
0.07362392544746399 0.1249265968799591
0.07291373610496521 0.07820234447717667
0.07221073657274246 0.10429705679416656
0.07207981497049332 0.1040225550532341
0.07163466513156891 0.07284142076969147
0.07139311730861664 0.08132925629615784
0.07131080329418182 0.10640312731266022
0.07081873714923859 0.08887375146150589
0.07056239992380142 0.09438445419073105
0.07027911394834518 0.1082436591386795
0.07000503689050674 0.09846209734678268
0.06975765526294708 0.07318690419197083
0.06963977217674255 0.07494183629751205
0.06955328583717346 0.09733343124389648
0.0695335865020752 0.07266056537628174
0.06900464743375778 0.07273595035076141
0.06893528252840042 0.1283462792634964
0.06871452927589417 0.09312492609024048
0.06861387193202972 0.08158845454454422
0.06850694864988327 0.1426900327205658
0.06792048364877701 0.13488595187664032
0.06777692586183548 0.09703748673200607
0.06764805316925049 0.0868222638964653
0.06749602407217026 0.09061526507139206
0.06695565581321716 0.08570802211761475
0.0668635219335556 0.07023001462221146
0.06641707569360733 0.0746753141283989
0.06640731543302536 0.06937722861766815
0.06584799289703369 0.06897637248039246
0.06564226746559143 0.0658222883939743
0.06497060507535934 0.1272154599428177
0.06478944420814514 0.06485743820667267
0.06478540599346161 0.10842236876487732
0.06477747112512589 0.07118711620569229
0.0637018159031868 0.07625547796487808
0.06357166916131973 0.06497715413570404
0.06343082338571548 0.0806204155087471
0.0632714182138443 0.08220109343528748
0.06311821937561035 0.07441183179616928
0.06300827860832214 0.12800486385822296
0.06272383779287338 0.11769846826791763
0.06251735240221024 0.06829392164945602
0.06242258846759796 0.07944787293672562
0.061905160546302795 0.06859514862298965
0.06184034422039986 0.06185801699757576
0.06152692064642906 0.06370299309492111
0.061417415738105774 0.06243494153022766
0.06117141246795654 0.061871133744716644
0.061104658991098404 0.07526339590549469
0.061080947518348694 0.06534621119499207
0.06009608134627342 0.08239784091711044
0.059983812272548676 0.10038819164037704
0.05998152866959572 0.060544442385435104
0.059449248015880585 0.07156726717948914
0.05912896990776062 0.06852978467941284
0.058797188103199005 0.08074875921010971
0.05786691978573799 0.09072038531303406
0.057831063866615295 0.08599447458982468
0.05754951760172844 0.07081951200962067
0.057442836463451385 0.06618958711624146
0.057416800409555435 0.061048079282045364
0.05726076290011406 0.07506771385669708
0.05718062445521355 0.06243494153022766
0.056722965091466904 0.06734777241945267
0.05565539002418518 0.08313428610563278
0.055536363273859024 0.0637194812297821
0.05525365099310875 0.06133245304226875
0.05478230491280556 0.0714726448059082
0.0537663996219635 0.0555993989109993
0.052402377128601074 0.07399364560842514
0.05239354074001312 0.05617406591773033
0.05203946679830551 0.05912800133228302
0.05192596837878227 0.052224837243556976
0.05089407414197922 0.05265267565846443
0.04914730787277222 0.08309705555438995
0.04758180305361748 0.051032353192567825
0.04733526334166527 0.05816309154033661
0.04645121842622757 0.048060957342386246
0.04519904777407646 0.05264650285243988
0.04408419504761696 0.053369149565696716
