0.22324344515800476 0.2248217612504959
0.21942970156669617 0.22734709084033966
0.21612919867038727 0.22742514312267303
0.20713269710540771 0.21664664149284363
0.2029692679643631 0.2100997418165207
0.20109321177005768 0.20660945773124695
0.2009812444448471 0.21338413655757904
0.19352003931999207 0.194624125957489
0.1891981065273285 0.1932040899991989
0.17359891533851624 0.17981763184070587
0.1730114221572876 0.174401193857193
0.1717386543750763 0.17761777341365814
0.17098703980445862 0.18968065083026886
0.16239863634109497 0.1677473783493042
0.16015639901161194 0.19830115139484406
0.159768745303154 0.16846531629562378
0.1572502702474594 0.21406422555446625
0.15650135278701782 0.15859650075435638
0.15598993003368378 0.15772433578968048
0.1555580347776413 0.1673651486635208
0.1541651487350464 0.15666291117668152
0.15345421433448792 0.18238016963005066
0.15026555955410004 0.19852252304553986
0.14962609112262726 0.15483823418617249
0.1494567096233368 0.16721251606941223
0.14944510161876678 0.15273982286453247
0.1460220366716385 0.1579780876636505
0.14366117119789124 0.16952650249004364
0.14271405339241028 0.14731507003307343
0.14048214256763458 0.16090333461761475
0.13895978033542633 0.13971514999866486
0.13758651912212372 0.14939962327480316
0.13747940957546234 0.14160513877868652
0.13546577095985413 0.17081387341022491
0.13546329736709595 0.13847772777080536
0.13215821981430054 0.16158565878868103
0.13208581507205963 0.16050562262535095
0.1313825100660324 0.13607944548130035
0.12959887087345123 0.14560779929161072
0.12839695811271667 0.141219362616539
0.12697944045066833 0.129257932305336
0.12610724568367004 0.13996361196041107
0.12596717476844788 0.14063850045204163
0.12580206990242004 0.14037664234638214
0.12439288198947906 0.12786738574504852
0.12392929196357727 0.13997960090637207
0.12344442307949066 0.12993986904621124
0.12315843999385834 0.16050562262535095
0.12280530482530594 0.12449514865875244
0.12138130515813828 0.12504683434963226
0.1210167407989502 0.1351943165063858
0.12082088738679886 0.13368602097034454
0.11990639567375183 0.17467238008975983
0.11933931708335876 0.14296022057533264
0.11899330466985703 0.12616311013698578
0.11797512322664261 0.12947510182857513
0.11659256368875504 0.13731905817985535
0.11560922861099243 0.11746913194656372
0.1154371052980423 0.11561737954616547
0.11470457166433334 0.11849407106637955
0.11452147364616394 0.15728557109832764
0.11325850337743759 0.11819147318601608
0.11218972504138947 0.12475643306970596
0.11198624223470688 0.13815894722938538
0.1112048551440239 0.12022779881954193
0.10986606776714325 0.11151453107595444
0.10781431943178177 0.12639768421649933
0.10778771340847015 0.11547502875328064
0.10727319866418839 0.12102411687374115
0.10724277794361115 0.11514478176832199
0.10643316060304642 0.11129050701856613
0.10587907582521439 0.11329326778650284
0.1057043969631195 0.10869292914867401
0.10523994266986847 0.1248428151011467
0.10501094162464142 0.11968982219696045
0.10454706847667694 0.1319260448217392
0.10435150563716888 0.10816224664449692
0.10365117341279984 0.11572107672691345
0.10361520946025848 0.10738366842269897
0.10305839031934738 0.12992222607135773
0.10176034271717072 0.11656700819730759
0.0989903062582016 0.13944663107395172
0.09858754277229309 0.10094499588012695
0.09853977710008621 0.1302989274263382
0.09827212989330292 0.1282964050769806
0.09792573004961014 0.09880875796079636
0.09764670580625534 0.10315106064081192
0.0976322665810585 0.1150732934474945
0.09586788713932037 0.1103515774011612
0.09448260813951492 0.0948883667588234
0.09443105012178421 0.0948883667588234
0.0942748561501503 0.12265212088823318
0.09412115812301636 0.120512455701828
0.0931503102183342 0.11551478505134583
0.09274285286664963 0.11590572446584702
0.09268338233232498 0.09734605252742767
0.09221106767654419 0.1040162667632103
0.09171760082244873 0.0919480174779892
0.09156780689954758 0.0979219302535057
0.09154234081506729 0.09180900454521179
0.09121694415807724 0.10676337033510208
0.09082383662462234 0.10389786958694458
0.08991429209709167 0.09290254861116409
0.08960327506065369 0.09939857572317123
0.08888259530067444 0.1689056009054184
0.0884440615773201 0.10702942311763763
0.08815158158540726 0.09094986319541931
0.08718017488718033 0.10421937704086304
0.08685857802629471 0.08720739930868149
0.08677943050861359 0.1040341705083847
0.0863569900393486 0.09447896480560303
0.0851823017001152 0.08770062029361725
0.08323317766189575 0.11127413809299469
0.08240574598312378 0.10407034307718277
0.0814429447054863 0.11536458879709244
0.08122899383306503 0.08709526807069778
0.08112853020429611 0.0979413241147995
0.0810529962182045 0.1102742925286293
0.08097143471240997 0.10485029965639114
0.08088860660791397 0.09535305202007294
0.0806492492556572 0.09358928352594376
0.0803421288728714 0.11332108080387115
0.07987020164728165 0.09119565784931183
0.07917935401201248 0.13146398961544037
0.0785723328590393 0.10615266859531403
0.07851557433605194 0.09168227761983871
0.07818829268217087 0.08581405133008957
0.07813514024019241 0.08254987746477127
0.07793585956096649 0.13013553619384766
0.0768815204501152 0.07781992107629776
0.07636401802301407 0.09695816040039062
0.07626577466726303 0.08640888333320618
0.07605718076229095 0.07828047126531601
0.07593346387147903 0.0788428783416748
0.07562772184610367 0.08578894287347794
0.0748249888420105 0.07722891867160797
0.07464556396007538 0.08582808822393417
0.07455779612064362 0.12603260576725006
0.07446206361055374 0.1256876289844513
0.07410446554422379 0.08391726762056351
0.07375144213438034 0.09156574308872223
0.07372267544269562 0.10169395059347153
0.07351914048194885 0.08145134896039963
0.07342483848333359 0.09752848744392395
0.07262090593576431 0.11010245978832245
0.07198009639978409 0.08431509137153625
0.07002707570791245 0.09508316218852997
0.06860753148794174 0.07126173377037048
0.06809670478105545 0.07875524461269379
0.06788471341133118 0.08216439187526703
0.06776739656925201 0.08473113179206848
0.0676959753036499 0.07757526636123657
0.06748645007610321 0.07076125591993332
0.06743621081113815 0.08305656164884567
0.06684251874685287 0.09481651335954666
0.06678808480501175 0.07388509064912796
0.06613587588071823 0.07590027898550034
0.06604678928852081 0.07257692515850067
0.06559233367443085 0.06631598621606827
0.06545756757259369 0.09231492877006531
0.06532061845064163 0.07109487056732178
0.06478553265333176 0.07207515835762024
0.06477174162864685 0.07191267609596252
0.06379856914281845 0.06543461233377457
0.06357407569885254 0.06494010984897614
0.06348028779029846 0.10184936970472336
0.06343630701303482 0.08920536190271378
0.0634329691529274 0.07180657237768173
0.0626845732331276 0.11431952565908432
0.06264541298151016 0.08049231022596359
0.0617486834526062 0.06311723589897156
0.061477042734622955 0.0860166996717453
0.06141774728894234 0.06169095262885094
0.06097310036420822 0.09929874539375305
0.06072816997766495 0.07663016766309738
0.06054825708270073 0.08287235349416733
0.0595690980553627 0.06798415631055832
0.058993078768253326 0.06222456321120262
0.05891895666718483 0.059559665620326996
0.05850939080119133 0.07187937945127487
0.05761101469397545 0.07496307790279388
0.05754193291068077 0.05802639201283455
0.05712103098630905 0.07070163637399673
0.05626695975661278 0.05688333138823509
0.05545705184340477 0.055719971656799316
0.054941751062870026 0.05662781000137329
0.05440782010555267 0.05957837030291557
0.05423567071557045 0.05880442261695862
0.05383433401584625 0.05609827861189842
0.05237007886171341 0.0599919892847538
0.04899167641997337 0.06003434583544731
