0.20897242426872253 0.21805551648139954
0.2027147263288498 0.21957646310329437
0.16954442858695984 0.17280110716819763
0.1630365550518036 0.17088750004768372
0.15931643545627594 0.17764133214950562
0.1570744663476944 0.17734697461128235
0.1548565775156021 0.2226552516222
0.15254314243793488 0.16279077529907227
0.15216682851314545 0.15699471533298492
0.15020708739757538 0.15670113265514374
0.14821751415729523 0.15755398571491241
0.14795036613941193 0.1484045833349228
0.14764073491096497 0.15320436656475067
0.14571227133274078 0.16358479857444763
0.14494068920612335 0.15592370927333832
0.14423297345638275 0.14630228281021118
0.14253917336463928 0.1497437059879303
0.14215056598186493 0.16351589560508728
0.14155904948711395 0.15872210264205933
0.14133045077323914 0.1415783017873764
0.14077690243721008 0.14592981338500977
0.13975617289543152 0.16334667801856995
0.13972553610801697 0.24831345677375793
0.13928794860839844 0.139314204454422
0.1392000913619995 0.14052416384220123
0.1391514241695404 0.1452762633562088
0.1391296088695526 0.14080427587032318
0.13866180181503296 0.17498980462551117
0.13802704215049744 0.14227478206157684
0.13768409192562103 0.14649471640586853
0.1371782273054123 0.14333465695381165
0.13696736097335815 0.1447640359401703
0.13680507242679596 0.16631846129894257
0.13637377321720123 0.151948019862175
0.13598957657814026 0.15535800158977509
0.13594457507133484 0.13844896852970123
0.13565024733543396 0.1421189308166504
0.135280579328537 0.14183709025382996
0.13524265587329865 0.14332988858222961
0.1352386772632599 0.15123718976974487
0.13512380421161652 0.13885559141635895
0.13501563668251038 0.14612466096878052
0.13492348790168762 0.13881194591522217
0.13491421937942505 0.14012810587882996
0.13483966886997223 0.13585934042930603
0.13452954590320587 0.14560529589653015
0.13430356979370117 0.14490488171577454
0.13430094718933105 0.13639263808727264
0.13416382670402527 0.1377536803483963
0.13411879539489746 0.14277514815330505
0.13407298922538757 0.14605353772640228
0.133927121758461 0.14758296310901642
0.13374409079551697 0.1430758833885193
0.13369393348693848 0.15179753303527832
0.1336248815059662 0.14923663437366486
0.1332394927740097 0.1405257135629654
0.13310198485851288 0.19863037765026093
0.13295307755470276 0.15477298200130463
0.13285042345523834 0.13708342611789703
0.1328251212835312 0.15556535124778748
0.13276362419128418 0.14283551275730133
0.13261690735816956 0.1394490748643875
0.1326041966676712 0.14863957464694977
0.13247744739055634 0.13900303840637207
0.13223038613796234 0.149180606007576
0.13222946226596832 0.147297665476799
0.13219313323497772 0.14073526859283447
0.13217505812644958 0.14781589806079865
0.1321353018283844 0.13898621499538422
0.13203981518745422 0.13315878808498383
0.13199523091316223 0.14178064465522766
0.1319449096918106 0.14714422821998596
0.13188928365707397 0.14480268955230713
0.13165296614170074 0.14953400194644928
0.13160504400730133 0.14546556770801544
0.13159553706645966 0.1498386114835739
0.13152682781219482 0.14537391066551208
0.1315201371908188 0.1399432271718979
0.13150820136070251 0.153204083442688
0.13141153752803802 0.1449207067489624
0.13133275508880615 0.13992542028427124
0.1311172991991043 0.15090800821781158
0.13103479146957397 0.1503913849592209
0.13100652396678925 0.1463722437620163
0.13096565008163452 0.15047822892665863
0.13094854354858398 0.1381164789199829
0.13088589906692505 0.14985692501068115
0.1308600902557373 0.1408507525920868
0.13084496557712555 0.15062986314296722
0.13079231977462769 0.14492636919021606
0.13077302277088165 0.14446312189102173
0.13070330023765564 0.1467529535293579
0.13058117032051086 0.1544167846441269
0.130413219332695 0.13958264887332916
0.13030897080898285 0.15182209014892578
0.13027769327163696 0.13870976865291595
0.13026264309883118 0.1493513584136963
0.13015128672122955 0.14521673321723938
0.12998390197753906 0.14241856336593628
0.12994463741779327 0.14524056017398834
0.12974508106708527 0.14827938377857208
0.12922963500022888 0.13770455121994019
0.12803348898887634 0.16123999655246735
0.12721623480319977 0.15548789501190186
0.1259203404188156 0.15366601943969727
0.12585890293121338 0.1537737101316452
0.1253780722618103 0.13446766138076782
0.12464279681444168 0.13223767280578613
0.12437345832586288 0.14234483242034912
0.1241476908326149 0.13396112620830536
0.12406901270151138 0.15507955849170685
0.12368403375148773 0.15314455330371857
0.12242630869150162 0.16418783366680145
0.12241717427968979 0.1552291363477707
0.12197235226631165 0.13280178606510162
0.12131325155496597 0.1696021556854248
0.1211564838886261 0.12746083736419678
0.12099844217300415 0.15431450307369232
0.1204386055469513 0.12433723360300064
0.11952541768550873 0.14681877195835114
0.11840502917766571 0.1567237675189972
0.11806841939687729 0.17067784070968628
0.11792035400867462 0.15525922179222107
0.11719455569982529 0.1252518892288208
0.11655131727457047 0.17313627898693085
0.11643743515014648 0.15858571231365204
0.11597684025764465 0.13242676854133606
0.11576466262340546 0.16000665724277496
0.11575494706630707 0.13047324120998383
0.11570271104574203 0.1337553709745407
0.115634486079216 0.12806963920593262
0.1155218631029129 0.1351347714662552
0.11504852771759033 0.1320745348930359
0.11501677334308624 0.14206768572330475
0.11414681375026703 0.12968990206718445
0.11329324543476105 0.1332942545413971
0.11287917196750641 0.11470495909452438
0.1125742644071579 0.13099928200244904
0.11250003427267075 0.12070546299219131
0.1123468428850174 0.15897436439990997
0.11129772663116455 0.16138528287410736
0.11119040846824646 0.16262930631637573
0.10935885459184647 0.15460872650146484
0.10886818915605545 0.1922837495803833
0.10856149345636368 0.13080763816833496
0.10850255936384201 0.10958196967840195
0.10842838883399963 0.1321904957294464
0.10831291228532791 0.14412714540958405
0.10807745903730392 0.11147700250148773
0.10797321051359177 0.1408124715089798
0.10761295258998871 0.16005876660346985
0.10700354725122452 0.12167273461818695
0.10660695284605026 0.16468898952007294
0.10641933977603912 0.17610342800617218
0.10608352720737457 0.15246012806892395
0.10605680197477341 0.12144061177968979
0.10574459284543991 0.17812976241111755
0.10525964945554733 0.12279216200113297
0.10523360222578049 0.12548184394836426
0.10452501475811005 0.10933119803667068
0.1041976734995842 0.10880663245916367
0.10413707792758942 0.16293776035308838
0.10410133749246597 0.10520317405462265
0.10383210331201553 0.12036081403493881
0.10325346887111664 0.10574527084827423
0.10307782143354416 0.1057991087436676
0.10248065739870071 0.10387228429317474
0.1021411269903183 0.21627295017242432
0.1021154373884201 0.11141292005777359
0.10204578191041946 0.17213883996009827
0.10145731270313263 0.10493871569633484
0.10135239362716675 0.17922033369541168
0.10114403814077377 0.10901669412851334
0.10055921226739883 0.15901412069797516
0.10051491856575012 0.14049378037452698
0.09938495606184006 0.1182284951210022
0.09927648305892944 0.11333095282316208
0.09897369891405106 0.11836456507444382
0.09834519773721695 0.10238492488861084
0.09677333384752274 0.1370856612920761
0.09645149111747742 0.19090303778648376
0.09535954147577286 0.10523106902837753
0.09531641006469727 0.09969101846218109
0.09513956308364868 0.11874700337648392
0.09447100758552551 0.14303500950336456
0.0942816436290741 0.09931031614542007
0.0939507856965065 0.16260145604610443
0.09298745542764664 0.12115336209535599
0.09246533364057541 0.0937495008111
0.09202969074249268 0.09583047777414322
0.0919705182313919 0.0928243026137352
0.09178930521011353 0.09577443450689316
0.09097117185592651 0.12093611061573029
0.0908181294798851 0.09238361567258835
0.09029742330312729 0.09676425158977509
0.090187668800354 0.10299236327409744
0.0901109129190445 0.17884111404418945
0.0898023471236229 0.11817426979541779
0.0893247202038765 0.0957094058394432
0.08923283219337463 0.14420999586582184
0.08908026665449142 0.1258455365896225
0.08884598314762115 0.0971982553601265
0.08796380460262299 0.11076990514993668
0.08692241460084915 0.1480122208595276
0.08575867861509323 0.09916824102401733
0.08500520884990692 0.08550139516592026
0.0845576748251915 0.13707873225212097
0.08426067233085632 0.08835318684577942
0.08403101563453674 0.10255792737007141
0.08394738286733627 0.09432397037744522
0.08299541473388672 0.09979109466075897
0.08264796435832977 0.09607787430286407
0.08232468366622925 0.0838862806558609
0.08157142996788025 0.09511607885360718
0.08127221465110779 0.08658868074417114
0.0808572918176651 0.12852953374385834
0.08070571720600128 0.1024838387966156
0.07930156588554382 0.08385218679904938
0.07908083498477936 0.08688123524188995
0.07764163613319397 0.08268275856971741
0.07733456790447235 0.09817452728748322
0.07582367211580276 0.08594749867916107
0.07568204402923584 0.1047205775976181
0.07551148533821106 0.07739788293838501
0.07458539307117462 0.07762398570775986
0.07455170154571533 0.08004557341337204
0.07443670183420181 0.08531811833381653
0.0744001492857933 0.10275588184595108
0.07433909177780151 0.08492997288703918
0.07384619861841202 0.07986313849687576
0.07368121296167374 0.08795038610696793
0.07311540096998215 0.08107593655586243
0.07188980281352997 0.08553103357553482
0.0714276060461998 0.08156431466341019
0.07045680284500122 0.0929647907614708
0.06929764151573181 0.07046069949865341
0.06916964799165726 0.07233136147260666
0.06368124485015869 0.07484016567468643
0.061206649988889694 0.06873289495706558
0.05641498044133186 0.06117751821875572
