0.12765562534332275 0.13552477955818176
0.12473783642053604 0.13620860874652863
0.12322016060352325 0.12562406063079834
0.11472778022289276 0.18485097587108612
0.11189980059862137 0.11511464416980743
0.11006536334753036 0.16366097331047058
0.10922912508249283 0.11338167637586594
0.10870052874088287 0.11338888853788376
0.10466054081916809 0.10634935647249222
0.10442322492599487 0.1211102157831192
0.10166911035776138 0.1697058379650116
0.10021904855966568 0.10033824294805527
0.09969964623451233 0.10139761865139008
0.0996970608830452 0.10715876519680023
0.09914544969797134 0.12015713006258011
0.09905547648668289 0.10605999827384949
0.09905210137367249 0.09988924115896225
0.09499163180589676 0.09519326686859131
0.09427749365568161 0.12187201529741287
0.09395231306552887 0.11410221457481384
0.09316620975732803 0.10257373750209808
0.09184455126523972 0.10160468518733978
0.08949898183345795 0.09237376600503922
0.08920671045780182 0.09327004849910736
0.08878245204687119 0.1048882007598877
0.08845092356204987 0.09810110926628113
0.08837223798036575 0.12542200088500977
0.08830632269382477 0.09781546145677567
0.08739567548036575 0.10196074098348618
0.0873391404747963 0.1134433001279831
0.08634211122989655 0.12552838027477264
0.08583620190620422 0.0947728157043457
0.08582615852355957 0.09449873864650726
0.08572706580162048 0.09034024178981781
0.08460815250873566 0.12155842036008835
0.08428537845611572 0.08944446593523026
0.08389952778816223 0.14464056491851807
0.08331212401390076 0.09943240135908127
0.08281992375850677 0.10029378533363342
0.08162827044725418 0.09248887002468109
0.0815039649605751 0.10458589345216751
0.08134492486715317 0.09303896874189377
0.0810827761888504 0.08456107974052429
0.08075414597988129 0.09701476991176605
0.08073418587446213 0.09031992405653
0.08038215339183807 0.11420747637748718
0.07955515384674072 0.1296759843826294
0.07952195405960083 0.08341606706380844
0.0787978395819664 0.1155196875333786
0.07857517898082733 0.09472785890102386
0.0784386396408081 0.09956149011850357
0.07842160761356354 0.10561367869377136
0.07839255779981613 0.0853140726685524
0.07827553898096085 0.08649102598428726
0.07816280424594879 0.10962053388357162
0.0781225860118866 0.09207022935152054
0.07781982421875 0.10272863507270813
0.07776781171560287 0.07810046523809433
0.07752783596515656 0.09085647761821747
0.0774286687374115 0.08462442457675934
0.07727400213479996 0.0790926069021225
0.0756300687789917 0.11036499589681625
0.07560780644416809 0.08217533677816391
0.07550704479217529 0.11407901346683502
0.07535484433174133 0.1122966781258583
0.07476036250591278 0.08816754072904587
0.07456324994564056 0.07900536805391312
0.07437017560005188 0.08751905709505081
0.07434307038784027 0.1148180440068245
0.07396909594535828 0.07418718189001083
0.0737692192196846 0.07568921148777008
0.07363011687994003 0.10774730890989304
0.07360222935676575 0.07808031886816025
0.07329495251178741 0.09603948891162872
0.07320710271596909 0.09540195018053055
0.07286284863948822 0.08505655825138092
0.07256121933460236 0.07947435975074768
0.0725409984588623 0.07504040002822876
0.07249931246042252 0.08105418086051941
0.07236979901790619 0.07829990983009338
0.07192742824554443 0.1160675585269928
0.07177454978227615 0.07345128059387207
0.0717705562710762 0.0924166887998581
0.0715116485953331 0.07410183548927307
0.07142972201108932 0.07672680169343948
0.07135031372308731 0.09621138870716095
0.07133521139621735 0.07333306223154068
0.07112488895654678 0.0739201158285141
0.07094509899616241 0.10482151061296463
0.07082312554121017 0.09521473944187164
0.07081625610589981 0.1474403738975525
0.07026273012161255 0.07363995909690857
0.07001353800296783 0.09734950214624405
0.07000688463449478 0.08165344595909119
0.06980280578136444 0.076008640229702
0.06938549131155014 0.1536742001771927
0.06915609538555145 0.07380558550357819
0.06908761709928513 0.07513393461704254
0.0688716471195221 0.11686676740646362
0.06886904686689377 0.07635175436735153
0.06866084784269333 0.07459346950054169
0.06862341612577438 0.090888611972332
0.06846063584089279 0.0740150436758995
0.06838669627904892 0.11219124495983124
0.06806899607181549 0.08504171669483185
0.06789231300354004 0.08146458864212036
0.06787631660699844 0.07165944576263428
0.06776484847068787 0.08569235354661942
0.06767741590738297 0.07863354682922363
0.0671677365899086 0.0691719725728035
0.06713369488716125 0.11721576750278473
0.06708646565675735 0.10960414260625839
0.06698676943778992 0.1255757063627243
0.06669305264949799 0.06693314015865326
0.06625701487064362 0.1273701936006546
0.06623692810535431 0.06709285080432892
0.0658838301897049 0.07891624420881271
0.06560049206018448 0.09423881769180298
0.06522178649902344 0.08543653786182404
0.06443966180086136 0.0750831887125969
0.06434828042984009 0.07278983294963837
0.06368544697761536 0.07135673612356186
0.06334047764539719 0.06512337923049927
0.06323166191577911 0.09366418421268463
0.06312856078147888 0.07300099730491638
0.06292103230953217 0.07183567434549332
0.062212493270635605 0.09019822627305984
0.062131334096193314 0.10720288008451462
0.06136671453714371 0.10769670456647873
0.060477063059806824 0.10073509067296982
0.059303998947143555 0.06501801311969757
0.05783548206090927 0.09573142975568771
0.057760726660490036 0.06793206185102463
0.05775943025946617 0.0670347660779953
0.05691900476813316 0.0574951246380806
0.056585606187582016 0.06095481291413307
0.05627327412366867 0.06046000123023987
0.05603617802262306 0.061536189168691635
0.05596577003598213 0.06579243391752243
0.05516031011939049 0.06736017763614655
0.05506477877497673 0.05666583403944969
0.054573848843574524 0.061006225645542145
0.05445517227053642 0.0566733181476593
0.05406646430492401 0.05839383229613304
0.05401776358485222 0.10110507905483246
0.05285191163420677 0.05898400396108627
0.05278687924146652 0.056222639977931976
0.052703358232975006 0.05957253277301788
0.052316296845674515 0.08873379975557327
0.05182407796382904 0.07376570254564285
0.05153781548142433 0.06455574184656143
0.05100814253091812 0.056613627821207047
0.050406742841005325 0.05827658250927925
0.0501774325966835 0.0565890371799469
0.05002125725150108 0.061092596501111984
0.049776844680309296 0.058063361793756485
0.04949719458818436 0.05644432455301285
0.04943208023905754 0.05567456781864166
0.048298344016075134 0.04900312423706055
0.04517756402492523 0.05867860093712807
0.044994547963142395 0.05348892882466316
