0.6913701295852661 0.706148624420166
0.6894834041595459 0.7114055156707764
0.559298574924469 0.5687075257301331
0.5385084748268127 0.5476750731468201
0.5271937251091003 0.5283273458480835
0.5210141539573669 0.5295764207839966
0.18779602646827698 0.1927684247493744
0.16341547667980194 0.1666172593832016
0.12028199434280396 0.12673227488994598
0.1047290787100792 0.12361127138137817
0.10121329128742218 0.10491977632045746
0.09506966173648834 0.09828367829322815
0.09446052461862564 0.10611206293106079
0.0919819250702858 0.11401011049747467
0.09140758216381073 0.10423657298088074
0.09126576781272888 0.11027925461530685
0.09095264226198196 0.10715517401695251
0.0909447893500328 0.09459096193313599
0.09041696786880493 0.09626134485006332
0.0882563367486 0.0977325439453125
0.08796034008264542 0.09351813793182373
0.08761095255613327 0.09008043259382248
0.08709288388490677 0.09735188633203506
0.08622786402702332 0.08994761109352112
0.08569613099098206 0.1359245926141739
0.0855882540345192 0.08582811057567596
0.08482129126787186 0.1509690135717392
0.08456497639417648 0.12721100449562073
0.08311755955219269 0.09508923441171646
0.0829627588391304 0.08998990803956985
0.08249971270561218 0.10636800527572632
0.08226969093084335 0.08909401297569275
0.08215419948101044 0.0961180180311203
0.0820443406701088 0.08209291845560074
0.08138687163591385 0.08714596927165985
0.08114868402481079 0.08365330845117569
0.08020154386758804 0.08885538578033447
0.0797523558139801 0.08065128326416016
0.07973907142877579 0.08157379925251007
0.07962436974048615 0.10862498730421066
0.07933986932039261 0.10779295861721039
0.07852660119533539 0.09034168720245361
0.07829152792692184 0.07829362899065018
0.07825259119272232 0.15789134800434113
0.07795675843954086 0.08667971193790436
0.07755222916603088 0.08909974992275238
0.07722566276788712 0.07881731539964676
0.07712745666503906 0.11303848773241043
0.07709129899740219 0.08381722122430801
0.07609337568283081 0.09054339677095413
0.0757991224527359 0.09623400866985321
0.07574276626110077 0.14384083449840546
0.07547831535339355 0.09430421143770218
0.07501276582479477 0.08469149470329285
0.07398348301649094 0.07488222420215607
0.07359500229358673 0.07572052627801895
0.07333541661500931 0.07496284693479538
0.07316571474075317 0.07526189833879471
0.072918601334095 0.07735241204500198
0.07279525697231293 0.09627951681613922
0.07199084758758545 0.07370433956384659
0.07181573659181595 0.0762895792722702
0.07176472991704941 0.07698536664247513
0.07103509455919266 0.07417061179876328
0.07079422473907471 0.07830667495727539
0.07064561545848846 0.12002012133598328
0.07049228996038437 0.08082707971334457
0.07041355222463608 0.13641971349716187
0.07030143588781357 0.07809225469827652
0.06934371590614319 0.10123040527105331
0.0691865086555481 0.07786132395267487
0.0686822459101677 0.08165942132472992
0.06860878318548203 0.09280886501073837
0.06811158359050751 0.11081471294164658
0.06809689849615097 0.07696978747844696
0.06799416244029999 0.07866150885820389
0.06787800043821335 0.0718810111284256
0.06784754991531372 0.0867302268743515
0.0673842802643776 0.07479332387447357
0.06719768047332764 0.0841766968369484
0.06710214167833328 0.06817792356014252
0.06682688742876053 0.15495550632476807
0.06656008213758469 0.07884715497493744
0.06521892547607422 0.08878647536039352
0.0652092695236206 0.07287156581878662
0.06518886238336563 0.07830733060836792
0.06483040004968643 0.08113803714513779
0.0648127943277359 0.0767480656504631
0.06465642899274826 0.06827960908412933
0.06450832635164261 0.07919943332672119
0.06442952901124954 0.06775293499231339
0.06430615484714508 0.12703384459018707
0.0643019899725914 0.06836763769388199
0.06355049461126328 0.0746254026889801
0.06339959055185318 0.07145756483078003
0.06317102164030075 0.07467931509017944
0.06294550001621246 0.08413112908601761
0.06283672899007797 0.07905304431915283
0.06280146539211273 0.08792344480752945
0.06272827833890915 0.07071754336357117
0.0626843124628067 0.06890896707773209
0.06253331154584885 0.10330796986818314
0.062405120581388474 0.08303739130496979
0.06226002052426338 0.06769289076328278
0.06223751977086067 0.06255514919757843
0.06212294101715088 0.06594906002283096
0.06147368624806404 0.06325449049472809
0.061417073011398315 0.07320395857095718
0.06119208037853241 0.07773832976818085
0.061091478914022446 0.07620848715305328
0.061086222529411316 0.06354109942913055
0.060401905328035355 0.06404484808444977
0.06036718934774399 0.06143079325556755
0.05948510766029358 0.06429243087768555
0.059121694415807724 0.06594821065664291
0.059099938720464706 0.061917997896671295
0.05907469242811203 0.09185599535703659
0.05884288623929024 0.07649929076433182
0.058347076177597046 0.07773679494857788
0.0576760433614254 0.05776318907737732
0.05759982764720917 0.07153328508138657
0.057310815900564194 0.06190188601613045
0.05698299780488014 0.06477052718400955
0.056803300976753235 0.06224660575389862
0.05665484443306923 0.061302658170461655
0.05643485486507416 0.08736081421375275
0.05627823621034622 0.06092260405421257
0.05625814199447632 0.061702851206064224
0.0562082938849926 0.06019628420472145
0.05617193132638931 0.05700342357158661
0.05611995607614517 0.06499774754047394
0.055866219103336334 0.0558951199054718
0.055822160094976425 0.07216490805149078
0.05522000789642334 0.060744885355234146
0.055108338594436646 0.062021393328905106
0.055034197866916656 0.05791567638516426
0.05477935075759888 0.09251754730939865
0.05404478311538696 0.06566416472196579
0.05389433354139328 0.10418722778558731
0.05383526533842087 0.11021792143583298
0.05302928760647774 0.07385756820440292
0.05295661464333534 0.05817345157265663
0.05291370302438736 0.08510557562112808
0.052773572504520416 0.05858340859413147
0.052768878638744354 0.07284554839134216
0.05263550207018852 0.05833236128091812
0.052632976323366165 0.05968310311436653
0.052562545984983444 0.09562914818525314
0.05231819674372673 0.06836694478988647
0.05230361223220825 0.07422562688589096
0.05194183811545372 0.05972731113433838
0.05123476684093475 0.07311616837978363
0.05120924115180969 0.058393340557813644
0.05099278688430786 0.05530781298875809
0.050724126398563385 0.05184665694832802
0.05031341686844826 0.060862261801958084
0.04988665133714676 0.05201664939522743
0.04977511987090111 0.05657149478793144
0.04966335743665695 0.05119890347123146
0.04963221028447151 0.06424330174922943
0.0493868812918663 0.054650306701660156
0.049316853284835815 0.057774364948272705
0.049134261906147 0.05567488819360733
0.04908040538430214 0.05119890347123146
0.04881022498011589 0.06099807843565941
0.048749931156635284 0.0661667138338089
0.048690930008888245 0.05439288914203644
0.04846416041254997 0.04880758002400398
0.0483054481446743 0.05830947682261467
0.04818057268857956 0.057849686592817307
0.04817299544811249 0.07290787994861603
0.047764550894498825 0.06101401522755623
0.04746561124920845 0.049035053700208664
0.04721880331635475 0.05965983122587204
0.04708954691886902 0.04807757958769798
0.0468047596514225 0.05602055788040161
0.046777933835983276 0.048832666128873825
0.046380504965782166 0.05749957263469696
0.04605276137590408 0.05450394004583359
0.045851122587919235 0.0658273845911026
0.04559946432709694 0.06201154738664627
0.04484826698899269 0.0456237718462944
0.04376300424337387 0.04902214556932449
0.043053604662418365 0.06996958702802658
0.04300361126661301 0.046649787575006485
0.0426216796040535 0.07073056697845459
0.04224843531847 0.05123323202133179
0.041460584849119186 0.048637982457876205
0.04128319397568703 0.04506339877843857
