0.6229499578475952 0.6313633918762207
0.4445688724517822 0.4536701738834381
0.44379112124443054 0.4515298902988434
0.4405839145183563 0.44152650237083435
0.43758097290992737 0.47314515709877014
0.43573883175849915 0.45828142762184143
0.43500304222106934 0.46223923563957214
0.43233153223991394 0.46475154161453247
0.4316437542438507 0.43621745705604553
0.3067023456096649 0.30703482031822205
0.2581523060798645 0.2632768452167511
0.24587766826152802 0.27071282267570496
0.23373623192310333 0.2634758949279785
0.22005514800548553 0.22543905675411224
0.21959276497364044 0.2347859889268875
0.21068507432937622 0.24779930710792542
0.21007971465587616 0.241336390376091
0.20105081796646118 0.20711402595043182
0.19229799509048462 0.20099471509456635
0.19000276923179626 0.20037943124771118
0.18780642747879028 0.29538512229919434
0.1822466105222702 0.2007627785205841
0.18168245255947113 0.20565228164196014
0.1778298169374466 0.18353402614593506
0.17769192159175873 0.22479400038719177
0.17641548812389374 0.2001742273569107
0.17603448033332825 0.17659729719161987
0.16972944140434265 0.17876528203487396
0.1645723581314087 0.2138494998216629
0.16431918740272522 0.17113202810287476
0.16356346011161804 0.1713777333498001
0.1627122014760971 0.17769485712051392
0.1619960367679596 0.23247037827968597
0.1585797220468521 0.1610371172428131
0.1579142063856125 0.16490700840950012
0.15785162150859833 0.16045719385147095
0.1572551727294922 0.26377129554748535
0.15545453131198883 0.15548136830329895
0.15543092787265778 0.18237197399139404
0.15520858764648438 0.281384140253067
0.15368424355983734 0.15622690320014954
0.15290528535842896 0.15400438010692596
0.1527305543422699 0.20969872176647186
0.15115264058113098 0.17368987202644348
0.14985260367393494 0.16393250226974487
0.14980082213878632 0.18139131367206573
0.14915058016777039 0.15036727488040924
0.1484752744436264 0.15274940431118011
0.14837585389614105 0.15249350666999817
0.14822439849376678 0.1505117416381836
0.1480972319841385 0.1560988873243332
0.14705823361873627 0.20026804506778717
0.14703653752803802 0.16650092601776123
0.146581768989563 0.16905540227890015
0.1463988870382309 0.16033655405044556
0.14551323652267456 0.17596983909606934
0.14491495490074158 0.1505117416381836
0.14422965049743652 0.20458322763442993
0.14391858875751495 0.1537170559167862
0.14340732991695404 0.16967448592185974
0.14275656640529633 0.14725719392299652
0.1420169621706009 0.1447797417640686
0.14053143560886383 0.15754853188991547
0.14006014168262482 0.2023608237504959
0.13939057290554047 0.14228084683418274
0.13931120932102203 0.15658241510391235
0.13913901150226593 0.15166132152080536
0.1382632851600647 0.19395385682582855
0.13786986470222473 0.140827938914299
0.13771255314350128 0.18917977809906006
0.13768291473388672 0.15739063918590546
0.13707593083381653 0.1691513955593109
0.13631951808929443 0.1751902550458908
0.13624155521392822 0.18608783185482025
0.13617298007011414 0.15714162588119507
0.13569554686546326 0.2060432732105255
0.13535186648368835 0.15587851405143738
0.1351383924484253 0.1756853610277176
0.13433460891246796 0.1418457180261612
0.1336933821439743 0.1614021360874176
0.13277125358581543 0.18304818868637085
0.13264115154743195 0.140697181224823
0.13235624134540558 0.1829892247915268
0.13215011358261108 0.14529767632484436
0.13165445625782013 0.15005965530872345
0.1310417354106903 0.1367644965648651
0.13090352714061737 0.13700200617313385
0.13049130141735077 0.16534927487373352
0.12965194880962372 0.13481198251247406
0.12796740233898163 0.1496916264295578
0.1279091089963913 0.13027003407478333
0.12727217376232147 0.13560011982917786
0.12655043601989746 0.18452033400535583
0.12642905116081238 0.22097577154636383
0.12619081139564514 0.12765581905841827
0.12515570223331451 0.23777064681053162
0.12493891268968582 0.14560341835021973
0.12487190216779709 0.15950416028499603
0.12470357120037079 0.12882208824157715
0.12468802183866501 0.17976874113082886
0.12457262724637985 0.2856732904911041
0.12361980229616165 0.130395770072937
0.1221991553902626 0.1885329931974411
0.1218469962477684 0.125108003616333
0.12144292891025543 0.19013042747974396
0.12136586010456085 0.17153619229793549
0.12052895128726959 0.1647081822156906
0.12017489969730377 0.14293691515922546
0.12005580961704254 0.1353835165500641
0.11970891803503036 0.15995755791664124
0.11965826898813248 0.13166464865207672
0.11886776983737946 0.1453174650669098
0.11880043148994446 0.14178790152072906
0.11878678947687149 0.12894456088542938
0.11792730540037155 0.18935562670230865
0.11787910759449005 0.16187980771064758
0.11748957633972168 0.20134229958057404
0.11741816997528076 0.16862651705741882
0.11724550276994705 0.12379586696624756
0.11714548617601395 0.1312231868505478
0.11611833423376083 0.21074791252613068
0.1158730685710907 0.15477748215198517
0.11529169976711273 0.19519338011741638
0.11521133035421371 0.20026741921901703
0.11505787819623947 0.11799070984125137
0.11492421478033066 0.12107336521148682
0.1147536113858223 0.17777027189731598
0.11468958109617233 0.1738373041152954
0.1144951730966568 0.22082282602787018
0.11269494146108627 0.1303626149892807
0.11267443001270294 0.17552252113819122
0.1125493273139 0.11832922697067261
0.11027254909276962 0.14610424637794495
0.10999415069818497 0.13351884484291077
0.10936403274536133 0.19746153056621552
0.1083759143948555 0.13083665072917938
0.10834135115146637 0.1306608021259308
0.107967309653759 0.21531645953655243
0.10709062218666077 0.10906099528074265
0.10683133453130722 0.16164183616638184
0.10657362639904022 0.11521134525537491
0.10549275577068329 0.1351952701807022
0.10480425506830215 0.1228928342461586
0.10408264398574829 0.16274906694889069
0.1034122109413147 0.10863132774829865
0.102833591401577 0.10595677047967911
0.1028214693069458 0.1074790507555008
0.10230739414691925 0.13765832781791687
0.10213855654001236 0.16366535425186157
0.10163841396570206 0.13500122725963593
0.10156859457492828 0.15515056252479553
0.10142777860164642 0.11272185295820236
0.10036349296569824 0.15648603439331055
0.09933482855558395 0.10964171588420868
0.099289171397686 0.12629951536655426
0.09897682815790176 0.11045797914266586
0.09888242185115814 0.10596003383398056
0.09815602004528046 0.10425470024347305
0.09621790051460266 0.10309800505638123
0.09380553662776947 0.10525186359882355
0.09368424862623215 0.1101469099521637
0.09263931214809418 0.1449800580739975
0.09166716039180756 0.09996145218610764
0.09082124382257462 0.09926685690879822
0.08208778500556946 0.09465161710977554
0.08174709230661392 0.08644818514585495
0.0814313217997551 0.08392232656478882
0.08052033185958862 0.10338937491178513
0.08031383901834488 0.08602087199687958
0.0787053182721138 0.07992209494113922
0.07746851444244385 0.07768900692462921
0.07702712714672089 0.07879813015460968
0.0736767053604126 0.09669117629528046
0.0699516013264656 0.07156432420015335
0.0668577179312706 0.0697077289223671
0.06637156009674072 0.085538849234581
0.06470968574285507 0.08140743523836136
