0.2386113852262497 0.23935605585575104
0.2098056972026825 0.22026872634887695
0.19872380793094635 0.20559416711330414
0.19673460721969604 0.2056027352809906
0.19521136581897736 0.20781315863132477
0.194289892911911 0.20919762551784515
0.19367384910583496 0.2030610740184784
0.19144022464752197 0.21116559207439423
0.18945643305778503 0.20173750817775726
0.18899543583393097 0.1965455263853073
0.18216410279273987 0.19518813490867615
0.18194767832756042 0.2059994786977768
0.1814710646867752 0.1895880252122879
0.18102559447288513 0.20568212866783142
0.1791832596063614 0.18279719352722168
0.17066912353038788 0.17238672077655792
0.16831088066101074 0.1755412369966507
0.16660356521606445 0.16710804402828217
0.15311786532402039 0.1544206440448761
0.1481092870235443 0.1594075709581375
0.14671334624290466 0.15420210361480713
0.1467127501964569 0.17912033200263977
0.14647822082042694 0.15003103017807007
0.14418557286262512 0.17366285622119904
0.14374886453151703 0.1524752676486969
0.14170455932617188 0.17693673074245453
0.1416124850511551 0.14449799060821533
0.14036794006824493 0.14994506537914276
0.14011487364768982 0.1514980047941208
0.13897229731082916 0.15440313518047333
0.13675105571746826 0.1399608552455902
0.13543634116649628 0.15382802486419678
0.13318364322185516 0.14986760914325714
0.13311797380447388 0.1382969468832016
0.13293425738811493 0.15695993602275848
0.13261541724205017 0.14274699985980988
0.13227155804634094 0.14301888644695282
0.1315750777721405 0.13488911092281342
0.1301884800195694 0.13031470775604248
0.12940095365047455 0.1649332195520401
0.1281455010175705 0.14105257391929626
0.12731583416461945 0.14523859322071075
0.12708501517772675 0.13212154805660248
0.12690064311027527 0.1349850296974182
0.1262837052345276 0.12644420564174652
0.12610965967178345 0.14743202924728394
0.12572145462036133 0.13346537947654724
0.12567368149757385 0.16972418129444122
0.12477736920118332 0.14298740029335022
0.12465684860944748 0.12906497716903687
0.12409748136997223 0.13814561069011688
0.1235533356666565 0.1805407553911209
0.12290452420711517 0.13054953515529633
0.12210674583911896 0.15542417764663696
0.12207189947366714 0.18320909142494202
0.1214846521615982 0.12340773642063141
0.12145576626062393 0.1414460986852646
0.12105266749858856 0.2117304652929306
0.11979527771472931 0.12570425868034363
0.11955584585666656 0.15377399325370789
0.11895646154880524 0.1606571227312088
0.11865609884262085 0.12510284781455994
0.11853550374507904 0.17300307750701904
0.11830796301364899 0.15016043186187744
0.11671149730682373 0.11939329653978348
0.11607024073600769 0.2005588412284851
0.11586569994688034 0.22429198026657104
0.11541285365819931 0.1884668618440628
0.11527103930711746 0.1368943303823471
0.11464083939790726 0.16089026629924774
0.11423695087432861 0.13458409905433655
0.11362015455961227 0.11517356336116791
0.11258293688297272 0.1342882364988327
0.11224989593029022 0.12036711722612381
0.11196925491094589 0.14850866794586182
0.11168644577264786 0.15870577096939087
0.11149294674396515 0.18222089111804962
0.11146020889282227 0.19171974062919617
0.11135529726743698 0.14768479764461517
0.11082582175731659 0.14454713463783264
0.1107955053448677 0.1144002228975296
0.1101582869887352 0.14941464364528656
0.10997779667377472 0.15060323476791382
0.10988961160182953 0.12162771075963974
0.10950374603271484 0.23429620265960693
0.10930542647838593 0.11455955356359482
0.10875506699085236 0.11275909096002579
0.10870864987373352 0.14047101140022278
0.10850348323583603 0.11539864540100098
0.10818696767091751 0.11082515865564346
0.10809234529733658 0.12435247749090195
0.10795172303915024 0.15694385766983032
0.10627792775630951 0.15572795271873474
0.10615801811218262 0.11335010081529617
0.10600157082080841 0.11925950646400452
0.10557753592729568 0.16100051999092102
0.10538602620363235 0.10794391483068466
0.10492532700300217 0.12137729674577713
0.10443791002035141 0.13362930715084076
0.10413259267807007 0.18584111332893372
0.10404794663190842 0.10483923554420471
0.10379628837108612 0.13545361161231995
0.10370682179927826 0.11310707777738571
0.10369428247213364 0.16197510063648224
0.1035422533750534 0.12870922684669495
0.10328041017055511 0.12320911139249802
0.10293140262365341 0.17472459375858307
0.10243840515613556 0.1605587899684906
0.10182112455368042 0.1084587499499321
0.10151644051074982 0.10386388748884201
0.10131716728210449 0.14988243579864502
0.1010327860713005 0.12568052113056183
0.10088742524385452 0.10940852761268616
0.0999547466635704 0.12327860295772552
0.09973254054784775 0.11267684400081635
0.09932871162891388 0.1379157304763794
0.09911692887544632 0.11744038760662079
0.09890967607498169 0.15290102362632751
0.09849078208208084 0.11338282376527786
0.09847277402877808 0.11110468953847885
0.09820905327796936 0.16626478731632233
0.09804506599903107 0.1035451889038086
0.09792093932628632 0.09810853749513626
0.09784545004367828 0.13586123287677765
0.09743206202983856 0.1006213054060936
0.09682328999042511 0.09729033708572388
0.09642425179481506 0.10638783127069473
0.09594552218914032 0.2134586125612259
0.09558017551898956 0.11822481453418732
0.09512834250926971 0.10143725574016571
0.09472285211086273 0.11129877716302872
0.09440621733665466 0.09891162067651749
0.0939745306968689 0.10425393283367157
0.09389147907495499 0.09509723633527756
0.09347646683454514 0.10371740907430649
0.09313847124576569 0.11599001288414001
0.09273863583803177 0.13525357842445374
0.0925542339682579 0.13512291014194489
0.09231669455766678 0.11191956698894501
0.09190357476472855 0.09947989135980606
0.09167773276567459 0.10691491514444351
0.09065394848585129 0.10231702029705048
0.09015674889087677 0.10537746548652649
0.08990848064422607 0.11041640490293503
0.08978661894798279 0.09801764041185379
0.08955643326044083 0.1157362163066864
0.08934228867292404 0.15903718769550323
0.08809726685285568 0.10016443580389023
0.08745890855789185 0.1184757724404335
0.0868760272860527 0.10286980867385864
0.0868615061044693 0.09365285933017731
0.08676373213529587 0.11676537245512009
0.08669736236333847 0.11280691623687744
0.08622225373983383 0.0865277647972107
0.08614788949489594 0.09509298950433731
0.08539309352636337 0.09375383704900742
0.08506812900304794 0.09511889517307281
0.08500855416059494 0.09828957170248032
0.08492569625377655 0.09729036688804626
0.08466937392950058 0.10076209902763367
0.084366574883461 0.15661433339118958
0.0843527764081955 0.08743241429328918
0.0843157097697258 0.09663897007703781
0.08410978317260742 0.10067097842693329
0.08397914469242096 0.11306550353765488
0.08365431427955627 0.11282841861248016
0.08304998278617859 0.12690550088882446
0.08291077613830566 0.0979706197977066
0.08223805576562881 0.10331723839044571
0.08194632083177567 0.09141900390386581
0.0816645473241806 0.09220001846551895
0.08142034709453583 0.10694443434476852
0.08138156682252884 0.0928703024983406
0.0808810144662857 0.08442554622888565
0.08085433393716812 0.12761829793453217
0.08073030412197113 0.08485638350248337
0.07852084189653397 0.09019481390714645
0.076686330139637 0.09024624526500702
0.07628927379846573 0.07814446836709976
0.0743783712387085 0.08431731164455414
0.07263264805078506 0.0991465374827385
0.07235627621412277 0.07572181522846222
0.07151811569929123 0.0758487656712532
0.06988442689180374 0.09440386295318604
0.06889919191598892 0.08361973613500595
0.06814027577638626 0.07404085993766785
0.06786099076271057 0.07632214576005936
0.06784872710704803 0.07639233767986298
0.06753142178058624 0.07667254656553268
0.06662334501743317 0.07211629301309586
0.06648135185241699 0.07493580132722855
0.0660954937338829 0.07501526921987534
0.06589522212743759 0.08011841773986816
0.06510620564222336 0.07105033844709396
0.061272818595170975 0.09326662868261337
0.05448782816529274 0.06630653142929077
0.05433071404695511 0.06027069687843323
