0.214716836810112 0.24163396656513214
0.20887506008148193 0.22044363617897034
0.20004092156887054 0.20079004764556885
0.19441425800323486 0.20214250683784485
0.1938469409942627 0.2037617564201355
0.1930544227361679 0.1993498057126999
0.18876759707927704 0.20883917808532715
0.1847056895494461 0.19030289351940155
0.18313482403755188 0.19052532315254211
0.1821141541004181 0.19436797499656677
0.1755141168832779 0.207865908741951
0.17453107237815857 0.17551599442958832
0.17358018457889557 0.18796472251415253
0.17267802357673645 0.18423856794834137
0.1712493896484375 0.17265382409095764
0.16903497278690338 0.1762305349111557
0.166563019156456 0.17893658578395844
0.16594307124614716 0.16745878756046295
0.16552101075649261 0.18089576065540314
0.16480615735054016 0.19352731108665466
0.16332215070724487 0.167192742228508
0.1629967987537384 0.17049889266490936
0.16225075721740723 0.17415368556976318
0.16197286546230316 0.16391991078853607
0.1570850908756256 0.22757431864738464
0.15625937283039093 0.19731901586055756
0.15460260212421417 0.16365794837474823
0.15397915244102478 0.15574805438518524
0.15331031382083893 0.20900115370750427
0.15226230025291443 0.1540832370519638
0.15105606615543365 0.15986426174640656
0.1508151888847351 0.16841882467269897
0.15074095129966736 0.15160825848579407
0.1492784172296524 0.16269248723983765
0.14786754548549652 0.16298513114452362
0.14781032502651215 0.153342142701149
0.14689701795578003 0.15295498073101044
0.14684318006038666 0.1562751829624176
0.14672452211380005 0.16015692055225372
0.14633499085903168 0.16251882910728455
0.14620451629161835 0.15981140732765198
0.14620031416416168 0.16043180227279663
0.1460757553577423 0.18389229476451874
0.14576920866966248 0.16574861109256744
0.1455048769712448 0.16105173528194427
0.14489610493183136 0.16313713788986206
0.144663006067276 0.15196144580841064
0.14448058605194092 0.15882143378257751
0.1432887315750122 0.15969178080558777
0.14272397756576538 0.14943048357963562
0.1423979550600052 0.15035244822502136
0.14204147458076477 0.14693966507911682
0.141962468624115 0.15539079904556274
0.14119750261306763 0.1637009084224701
0.14015386998653412 0.14400812983512878
0.14013539254665375 0.14283788204193115
0.13911931216716766 0.1495044231414795
0.13907930254936218 0.14109040796756744
0.1386314332485199 0.20875896513462067
0.1375226378440857 0.1715787649154663
0.1374717354774475 0.14473530650138855
0.13672830164432526 0.16493156552314758
0.13654160499572754 0.14012962579727173
0.1364428848028183 0.13852204382419586
0.13586023449897766 0.13615891337394714
0.13540281355381012 0.1504507213830948
0.13535362482070923 0.15782277286052704
0.13525933027267456 0.13588808476924896
0.13479073345661163 0.21079787611961365
0.13461127877235413 0.15367181599140167
0.13444289565086365 0.14174112677574158
0.13435685634613037 0.15995825827121735
0.13422128558158875 0.21421854197978973
0.13400444388389587 0.1441422700881958
0.1339055746793747 0.15523302555084229
0.1328584998846054 0.1593894511461258
0.13266144692897797 0.1430855393409729
0.13250407576560974 0.14660511910915375
0.13241028785705566 0.15250319242477417
0.13228701055049896 0.14103546738624573
0.1317499428987503 0.1428452581167221
0.13113489747047424 0.13290588557720184
0.1305065155029297 0.1313588172197342
0.13018974661827087 0.13579435646533966
0.12991918623447418 0.14476774632930756
0.12982243299484253 0.13358695805072784
0.12944503128528595 0.1383032202720642
0.1294141262769699 0.1350623369216919
0.1293877512216568 0.16910961270332336
0.12935273349285126 0.13170450925827026
0.129344642162323 0.14169202744960785
0.12918172776699066 0.15396878123283386
0.12890644371509552 0.15085469186306
0.128092423081398 0.16433307528495789
0.12735065817832947 0.1344987452030182
0.12636874616146088 0.16210608184337616
0.12628105282783508 0.14410005509853363
0.12616068124771118 0.16522659361362457
0.1258726567029953 0.13951264321804047
0.12532851099967957 0.1378251612186432
0.12510859966278076 0.13707029819488525
0.12509126961231232 0.16473209857940674
0.1245429590344429 0.1436513215303421
0.12417872995138168 0.1276388317346573
0.1239955723285675 0.14831702411174774
0.12356453388929367 0.12668459117412567
0.1233682930469513 0.15498286485671997
0.12327933311462402 0.1550283432006836
0.12281422317028046 0.13216562569141388
0.12275945395231247 0.14432404935359955
0.12181763350963593 0.1225738674402237
0.1216827929019928 0.1784709393978119
0.12144026160240173 0.13408778607845306
0.12138526141643524 0.1455395519733429
0.120919369161129 0.16551116108894348
0.12081312388181686 0.1589863896369934
0.12034827470779419 0.13099096715450287
0.12031133472919464 0.1465500444173813
0.11987058073282242 0.12993934750556946
0.11986389756202698 0.12371482700109482
0.11961952596902847 0.20775273442268372
0.11916391551494598 0.14840765297412872
0.1188359186053276 0.16685433685779572
0.11871650815010071 0.12217359244823456
0.11776475608348846 0.14101774990558624
0.1177598088979721 0.13075239956378937
0.1176842525601387 0.1347671002149582
0.11754006147384644 0.11949706077575684
0.11662168055772781 0.14239530265331268
0.11646442115306854 0.13760940730571747
0.11624060571193695 0.11922577768564224
0.1159362643957138 0.1717500239610672
0.11590491980314255 0.16585086286067963
0.11561975628137589 0.12967970967292786
0.11551292985677719 0.1434072107076645
0.11517740041017532 0.1664629429578781
0.11502056568861008 0.12110774219036102
0.11463429033756256 0.11482610553503036
0.11456559598445892 0.13764648139476776
0.11432342231273651 0.16043180227279663
0.11415077745914459 0.1882474273443222
0.11388617008924484 0.14681708812713623
0.1134820356965065 0.17056451737880707
0.11342760175466537 0.14929808676242828
0.11341388523578644 0.16132239997386932
0.11310397833585739 0.12653334438800812
0.11306826770305634 0.15638965368270874
0.1129780113697052 0.1349133998155594
0.11260426789522171 0.14259448647499084
0.11250876635313034 0.13019748032093048
0.11223345249891281 0.1237298771739006
0.11106140166521072 0.11341674625873566
0.11089029163122177 0.1661096066236496
0.11046814173460007 0.1383274644613266
0.11012823134660721 0.11600552499294281
0.11011838167905807 0.11204632371664047
0.11003311723470688 0.13554063439369202
0.10963011533021927 0.17574343085289001
0.10925892740488052 0.1723455786705017
0.10912638902664185 0.17501379549503326
0.109088234603405 0.11595050245523453
0.10886910557746887 0.1099538579583168
0.10877690464258194 0.12088924646377563
0.1083117201924324 0.1216820776462555
0.10794263333082199 0.1612505465745926
0.1077774241566658 0.14775431156158447
0.10760948061943054 0.1565055400133133
0.10727372020483017 0.1506263017654419
0.10725956410169601 0.14274415373802185
0.10686186701059341 0.11341674625873566
0.10682636499404907 0.14563672244548798
0.10680831223726273 0.10739767551422119
0.10669925063848495 0.14911013841629028
0.10639733076095581 0.11196208000183105
0.10608412325382233 0.1106535866856575
0.10607193410396576 0.10698045045137405
0.10591717809438705 0.11211325973272324
0.10561714321374893 0.16717587411403656
0.10478246212005615 0.12454187870025635
0.10478154569864273 0.13308273255825043
0.10379387438297272 0.1158706322312355
0.10342951118946075 0.1099538579583168
0.10341691970825195 0.10519730299711227
0.10320423543453217 0.16399826109409332
0.1028907299041748 0.14536632597446442
0.10252712666988373 0.14912450313568115
0.10248076170682907 0.11493705958127975
0.10243450850248337 0.11333280801773071
0.10238674283027649 0.17192880809307098
0.1023487001657486 0.1242157444357872
0.10205283761024475 0.16796740889549255
0.1017339900135994 0.1662924736738205
0.101565420627594 0.19248923659324646
0.10106542706489563 0.19582362473011017
0.10098704695701599 0.1094277873635292
0.10062023997306824 0.10837983340024948
0.10060744732618332 0.11781160533428192
0.09932775050401688 0.10261683911085129
0.09921203553676605 0.11225956678390503
0.09901366382837296 0.10545562952756882
0.09892074018716812 0.16614961624145508
0.09881824254989624 0.10455241799354553
0.09824927896261215 0.1012805625796318
0.09817615896463394 0.11310179531574249
0.0976853296160698 0.11077087372541428
0.09741125255823135 0.11935783177614212
0.09739059209823608 0.1069524958729744
0.09700940549373627 0.10621844232082367
0.09655553847551346 0.1015259176492691
0.09622003138065338 0.16749249398708344
0.09620273858308792 0.1240365207195282
0.09617729485034943 0.12440551072359085
0.09559302031993866 0.09608878195285797
0.09552393853664398 0.12295176833868027
0.09533614665269852 0.124460868537426
0.09478913992643356 0.10059883445501328
0.09478159993886948 0.10941385477781296
0.09399481117725372 0.10261683911085129
0.09378772974014282 0.12702150642871857
0.09369667619466782 0.13980352878570557
0.09307462722063065 0.11601687222719193
0.0928613543510437 0.14511460065841675
0.09228358417749405 0.11518058180809021
0.092134490609169 0.10614388436079025
0.09127530455589294 0.09279832988977432
0.09042515605688095 0.10598984360694885
0.0903463363647461 0.12460492551326752
0.08912535011768341 0.10046756267547607
0.08894393593072891 0.10698245465755463
0.0887504369020462 0.10436169803142548
0.08786851167678833 0.0983993411064148
0.08785349875688553 0.09846839308738708
0.08763489127159119 0.09277605265378952
0.08749227225780487 0.10166464745998383
0.08658288419246674 0.09215673804283142
0.08633648604154587 0.08672608435153961
0.08609823137521744 0.08639209717512131
0.08589186519384384 0.08897488564252853
0.08565729111433029 0.09228148311376572
0.08462894707918167 0.09921944886445999
0.08287394791841507 0.09373091906309128
0.08287367969751358 0.09367197006940842
0.0824134573340416 0.10494023561477661
0.08184613287448883 0.10257383435964584
0.08173336833715439 0.09210755676031113
0.08126388490200043 0.11914665251970291
0.080576591193676 0.08090557157993317
0.08056311309337616 0.10905366390943527
0.07767040282487869 0.09300816804170609
0.07712101191282272 0.08330634236335754
0.07622707635164261 0.08420099318027496
0.0760418027639389 0.07661482691764832
0.07522934675216675 0.07890349626541138
0.0745353251695633 0.09085813164710999
0.07426422834396362 0.0846087709069252
0.0735708624124527 0.08729223906993866
0.07000939548015594 0.09386862069368362
0.0697212740778923 0.0845404639840126
