0.16516554355621338 0.16614790260791779
0.1414376199245453 0.15259839594364166
0.13974830508232117 0.14669345319271088
0.13912881910800934 0.1427600085735321
0.13700838387012482 0.13811178505420685
0.13651159405708313 0.14190778136253357
0.13527220487594604 0.1462082713842392
0.1339070200920105 0.14938534796237946
0.13372856378555298 0.13766375184059143
0.1325923353433609 0.13558001816272736
0.13233250379562378 0.14229151606559753
0.13187307119369507 0.13531263172626495
0.131341814994812 0.13742028176784515
0.13113456964492798 0.1377800554037094
0.13025659322738647 0.14274999499320984
0.12967853248119354 0.1356126219034195
0.1295291930437088 0.13380253314971924
0.1289921998977661 0.144120454788208
0.12880653142929077 0.12914401292800903
0.12863852083683014 0.15205064415931702
0.12858664989471436 0.12934203445911407
0.12802395224571228 0.12992990016937256
0.12735535204410553 0.13890941441059113
0.12720413506031036 0.1309201568365097
0.12615327537059784 0.1428641974925995
0.12589773535728455 0.13108935952186584
0.12555526196956635 0.1303054541349411
0.12436003983020782 0.12605081498622894
0.12415775656700134 0.1335442066192627
0.12414111196994781 0.1309712827205658
0.12375813722610474 0.1272358000278473
0.12328078597784042 0.1258881390094757
0.1231129989027977 0.1494511514902115
0.12291417270898819 0.15564469993114471
0.12286240607500076 0.13633261620998383
0.12215021997690201 0.12311073392629623
0.12203110754489899 0.13707521557807922
0.12158799171447754 0.12234102934598923
0.12143081426620483 0.12914401292800903
0.12138804793357849 0.12147057801485062
0.1213272362947464 0.13336002826690674
0.12101881206035614 0.14147214591503143
0.12097509205341339 0.12627092003822327
0.12095930427312851 0.13193902373313904
0.12092863768339157 0.13160334527492523
0.12029466778039932 0.12342561036348343
0.1193394660949707 0.13772699236869812
0.1190061867237091 0.1266299933195114
0.1188906878232956 0.12689431011676788
0.11867719888687134 0.13749104738235474
0.11834117770195007 0.12458917498588562
0.1180768758058548 0.12677380442619324
0.11803432554006577 0.12428481131792068
0.11791397631168365 0.1241389811038971
0.1177392527461052 0.12409606575965881
0.11752288043498993 0.13987021148204803
0.1174035370349884 0.13833633065223694
0.11738624423742294 0.14767272770404816
0.11731882393360138 0.14925505220890045
0.11715950071811676 0.12520407140254974
0.11684209853410721 0.13054335117340088
0.11680398881435394 0.12155336141586304
0.11648683249950409 0.15068809688091278
0.11629869043827057 0.11947566270828247
0.11587558686733246 0.12197540700435638
0.11577820777893066 0.1193476989865303
0.11540056765079498 0.13543790578842163
0.11539770662784576 0.13786494731903076
0.11535268276929855 0.150724858045578
0.11492310464382172 0.1387169361114502
0.11460233479738235 0.123564712703228
0.11457054316997528 0.14127223193645477
0.11410555243492126 0.14435532689094543
0.11405807733535767 0.144703209400177
0.11389948427677155 0.11638174951076508
0.11356305330991745 0.12109947949647903
0.11307121813297272 0.11800982803106308
0.11265992373228073 0.14578472077846527
0.11264383047819138 0.12640778720378876
0.11262667179107666 0.14734511077404022
0.11255835741758347 0.12468671798706055
0.11243613064289093 0.11869876831769943
0.11242686957120895 0.1394006907939911
0.11225218325853348 0.14598152041435242
0.11198670417070389 0.11266747862100601
0.11150296777486801 0.11492375284433365
0.1109062135219574 0.14464439451694489
0.11087806522846222 0.11679820716381073
0.11058118939399719 0.13287736475467682
0.11047200113534927 0.11207714676856995
0.11005476117134094 0.15825055539608002
0.10994566977024078 0.12438546121120453
0.10955137014389038 0.12212203443050385
0.10942517220973969 0.1195496991276741
0.10908582806587219 0.11781491339206696
0.1088569238781929 0.11881867796182632
0.10825913399457932 0.1244112178683281
0.10791026800870895 0.12417388707399368
0.10755790024995804 0.1085747629404068
0.10751368850469589 0.12447402626276016
0.10745397955179214 0.1171933189034462
0.10710644721984863 0.11458571255207062
0.1069750040769577 0.12471243739128113
0.10594732314348221 0.1296117901802063
0.10586253553628922 0.13490767776966095
0.10564342886209488 0.1092873141169548
0.10413960367441177 0.10610391199588776
0.10397171229124069 0.10562701523303986
0.10344231128692627 0.10821346193552017
0.1033068522810936 0.1266540288925171
0.10325973480939865 0.1042938157916069
0.10317112505435944 0.14304953813552856
0.10286850482225418 0.12050596624612808
0.10274849832057953 0.12172122299671173
0.10273288935422897 0.12472928315401077
0.10259991884231567 0.1251276433467865
0.1022026464343071 0.10967571288347244
0.10199476033449173 0.11186004430055618
0.10137546807527542 0.10250242054462433
0.10119122266769409 0.13690827786922455
0.1010788306593895 0.11657411605119705
0.10105778276920319 0.10174014419317245
0.10101678222417831 0.13827593624591827
0.1008521020412445 0.1373201608657837
0.10068855434656143 0.11054449528455734
0.10019206255674362 0.15153731405735016
0.10012234002351761 0.1552065759897232
0.09999294579029083 0.10023863613605499
0.09994794428348541 0.11501331627368927
0.09966661036014557 0.11481201648712158
0.09933461248874664 0.11782360821962357
0.09924716502428055 0.13484326004981995
0.09874866902828217 0.12952816486358643
0.09851670265197754 0.15144376456737518
0.0983978807926178 0.11161147803068161
0.09785640984773636 0.10363103449344635
0.09776438027620316 0.11641825735569
0.09762933105230331 0.11297047138214111
0.09734592586755753 0.129253551363945
0.0972001925110817 0.13497182726860046
0.0971233919262886 0.12510740756988525
0.09704945981502533 0.10572737455368042
0.09687178581953049 0.17602777481079102
0.09642743319272995 0.10500294715166092
0.09589739143848419 0.1403259038925171
0.09569485485553741 0.14826637506484985
0.09549243748188019 0.12506860494613647
0.09529726207256317 0.15640094876289368
0.09527422487735748 0.11436097323894501
0.09518390148878098 0.11315400898456573
0.09497841447591782 0.1285465657711029
0.09497605264186859 0.15020973980426788
0.09495508670806885 0.11936703324317932
0.09493574500083923 0.12035856395959854
0.09457039833068848 0.10789443552494049
0.09424648433923721 0.09448836743831635
0.09413962811231613 0.15996554493904114
0.09406287223100662 0.11722847819328308
0.09399352222681046 0.11478061974048615
0.09376182407140732 0.09857957810163498
0.09370656311511993 0.09764048457145691
0.09369554370641708 0.160569965839386
0.09299042075872421 0.09445375949144363
0.09236116707324982 0.11818121373653412
0.09235110878944397 0.10467523336410522
0.09227896481752396 0.09392895549535751
0.09193891286849976 0.11468182504177094
0.09178528934717178 0.09467557072639465
0.09171980619430542 0.14338012039661407
0.09133955836296082 0.1685323566198349
0.0906311571598053 0.09628666192293167
0.0900471955537796 0.13606539368629456
0.09000742435455322 0.10904961824417114
0.08979359269142151 0.11653716117143631
0.08973044157028198 0.10406626015901566
0.08955654501914978 0.12500891089439392
0.08924437314271927 0.09315475821495056
0.08900585025548935 0.12870195508003235
0.08899258077144623 0.12563791871070862
0.08772317320108414 0.1294700801372528
0.08750343322753906 0.11124123632907867
0.08732226490974426 0.08744378387928009
0.08682214468717575 0.09729454666376114
0.08662949502468109 0.09695293009281158
0.08653082698583603 0.08992303162813187
0.08645416051149368 0.11339405179023743
0.08628521859645844 0.08674172312021255
0.08619142323732376 0.09557266533374786
0.08582688122987747 0.09002728760242462
0.08581466227769852 0.08866044133901596
0.0853653997182846 0.10748419910669327
0.08431601524353027 0.12544052302837372
0.08426576852798462 0.09256047755479813
0.08411799371242523 0.15294800698757172
0.08350376039743423 0.08764864504337311
0.0833708643913269 0.0922127217054367
0.08330672234296799 0.11473049223423004
0.08328255265951157 0.08413621038198471
0.08324076235294342 0.12007982283830643
0.08287757635116577 0.1254919320344925
0.08264081180095673 0.09397117793560028
0.08193174749612808 0.09876647591590881
0.08192504942417145 0.11417599022388458
0.08058001101016998 0.1269511580467224
0.08024534583091736 0.10534551739692688
0.08017548173666 0.08094415813684464
0.08002715557813644 0.10232371836900711
0.07982192188501358 0.10396382957696915
0.07977451384067535 0.09339195489883423
0.07934919744729996 0.09898809343576431
0.07922518998384476 0.08245290815830231
0.07913938164710999 0.14542530477046967
0.07880870252847672 0.08074060082435608
0.07858019322156906 0.0785984992980957
0.07748010009527206 0.0869370698928833
0.07729732990264893 0.09857731312513351
0.0769127830862999 0.11465306580066681
0.07589832693338394 0.08856575936079025
0.0754021480679512 0.07922782003879547
0.0751769170165062 0.10728422552347183
0.07462070882320404 0.08257341384887695
0.07453452795743942 0.08488398790359497
0.07375247031450272 0.08329970389604568
0.07343189418315887 0.10603543370962143
0.07324493676424026 0.07706525176763535
0.0729125440120697 0.10104566067457199
0.07291007786989212 0.07859542965888977
0.07161100208759308 0.09521659463644028
0.0708060935139656 0.0915662944316864
0.06956373155117035 0.0875486209988594
0.06949716061353683 0.07898512482643127
0.06924452632665634 0.07885345816612244
0.06852518022060394 0.09528888761997223
0.06845148652791977 0.07873602211475372
0.06653159111738205 0.07475452870130539
0.06628616154193878 0.08013367652893066
0.065790094435215 0.07143575698137283
0.06455249339342117 0.06664105504751205
0.06381267309188843 0.0683453157544136
0.06353773921728134 0.06970638036727905
0.062032848596572876 0.0800415426492691
0.0620109885931015 0.07612955570220947
