0.42867910861968994 0.43678075075149536
0.4286646544933319 0.4398967921733856
0.42740386724472046 0.43070363998413086
0.425776869058609 0.4273340702056885
0.4243924915790558 0.4274842143058777
0.42400842905044556 0.428183913230896
0.4240078628063202 0.4245336055755615
0.4238550662994385 0.42750614881515503
0.42371895909309387 0.4271078407764435
0.4235759973526001 0.43215659260749817
0.42348453402519226 0.4329003095626831
0.42347419261932373 0.4259175956249237
0.4233154058456421 0.43104904890060425
0.40818285942077637 0.4101141393184662
0.4079367220401764 0.41478386521339417
0.40542319416999817 0.4111303389072418
0.4045258164405823 0.4115019142627716
0.2127578854560852 0.22070017457008362
0.21117904782295227 0.22919905185699463
0.20660839974880219 0.20905080437660217
0.20539747178554535 0.22177289426326752
0.20186932384967804 0.2062598466873169
0.19960051774978638 0.22593924403190613
0.19783833622932434 0.20720921456813812
0.19566288590431213 0.20196053385734558
0.1913771778345108 0.20376093685626984
0.1871296912431717 0.22650860249996185
0.18711157143115997 0.19767840206623077
0.18227361142635345 0.2076442837715149
0.1737651377916336 0.22001907229423523
0.1726301610469818 0.20786570012569427
0.17216983437538147 0.1905350238084793
0.16834396123886108 0.21162672340869904
0.1662854105234146 0.1750234067440033
0.16543768346309662 0.23641575872898102
0.1620810180902481 0.1639842391014099
0.16126635670661926 0.16605858504772186
0.15990406274795532 0.1828097105026245
0.1591082513332367 0.16099967062473297
0.15906934440135956 0.1749538779258728
0.15707433223724365 0.15969915688037872
0.1568055897951126 0.19629286229610443
0.15602180361747742 0.15791931748390198
0.1556807905435562 0.1589728146791458
0.1553688943386078 0.24476146697998047
0.15522128343582153 0.18617543578147888
0.15487045049667358 0.18197724223136902
0.15467780828475952 0.24892304837703705
0.1543496996164322 0.1789930909872055
0.1540524810552597 0.17243242263793945
0.1532476842403412 0.2299947440624237
0.15223650634288788 0.2194512039422989
0.15185321867465973 0.17694434523582458
0.15171024203300476 0.16274607181549072
0.1512812227010727 0.19696596264839172
0.15021134912967682 0.1713263839483261
0.1501150280237198 0.1661214679479599
0.14890465140342712 0.19181762635707855
0.14810539782047272 0.16649501025676727
0.14793197810649872 0.18040049076080322
0.14770612120628357 0.264532208442688
0.14756301045417786 0.16883710026741028
0.14663076400756836 0.21303501725196838
0.14534620940685272 0.24513572454452515
0.14434871077537537 0.20887142419815063
0.14425963163375854 0.1554022878408432
0.14357668161392212 0.19588805735111237
0.14342588186264038 0.14445871114730835
0.14216771721839905 0.1632179468870163
0.1420149803161621 0.15751053392887115
0.14193344116210938 0.16848285496234894
0.140701025724411 0.1823016107082367
0.14054010808467865 0.20774750411510468
0.14035843312740326 0.14332138001918793
0.14035464823246002 0.1466434895992279
0.1397189497947693 0.19645896553993225
0.13970538973808289 0.16149288415908813
0.1392441689968109 0.1646113246679306
0.13917240500450134 0.16594968736171722
0.13892200589179993 0.2597816586494446
0.13805271685123444 0.14098955690860748
0.13793574273586273 0.23656043410301208
0.13735179603099823 0.2584537863731384
0.1373264491558075 0.15036576986312866
0.1356227695941925 0.15654341876506805
0.13532373309135437 0.17666390538215637
0.13513295352458954 0.1382635086774826
0.13510407507419586 0.18996508419513702
0.1349901258945465 0.16334651410579681
0.13491305708885193 0.1407487988471985
0.13486319780349731 0.13945195078849792
0.13470177352428436 0.2502445578575134
0.13299517333507538 0.2874208390712738
0.13271081447601318 0.21026964485645294
0.13247746229171753 0.19824224710464478
0.13177458941936493 0.134436696767807
0.1314748227596283 0.14063817262649536
0.1314360499382019 0.15507476031780243
0.13128548860549927 0.1839582324028015
0.12947236001491547 0.1501675546169281
0.12935276329517365 0.14508093893527985
0.128693625330925 0.20881585776805878
0.12866151332855225 0.1336790770292282
0.12831461429595947 0.1726285219192505
0.12823927402496338 0.16812331974506378
0.12795919179916382 0.16434155404567719
0.12732400000095367 0.20412886142730713
0.12727971374988556 0.19851529598236084
0.12688688933849335 0.22772297263145447
0.12646622955799103 0.13891412317752838
0.1254361867904663 0.16739030182361603
0.1250666081905365 0.12771554291248322
0.12501509487628937 0.12849748134613037
0.12417463213205338 0.18677212297916412
0.12370803207159042 0.14667727053165436
0.12284791469573975 0.12352875620126724
0.12282612919807434 0.18339094519615173
0.12205200642347336 0.16533076763153076
0.12131872028112411 0.13033068180084229
0.12103473395109177 0.13344983756542206
0.12044478952884674 0.1784825474023819
0.12028385698795319 0.13483555614948273
0.11979509145021439 0.17939932644367218
0.11973077058792114 0.13530588150024414
0.11955855786800385 0.1327471286058426
0.1192627027630806 0.13043761253356934
0.11910465359687805 0.14262931048870087
0.11865843832492828 0.1252853125333786
0.1185673177242279 0.20508494973182678
0.11852176487445831 0.12322783470153809
0.11827557533979416 0.14741571247577667
0.11737387627363205 0.14395654201507568
0.1171751543879509 0.14485761523246765
0.11692355573177338 0.1927875280380249
0.11684071272611618 0.15116728842258453
0.11591171473264694 0.157200887799263
0.11431073397397995 0.21712037920951843
0.11419304460287094 0.26234376430511475
0.11416389793157578 0.1471811681985855
0.11396178603172302 0.11873400956392288
0.11328937113285065 0.12238147109746933
0.11292865127325058 0.22602488100528717
0.11233390122652054 0.11307729035615921
0.1119547188282013 0.12027877569198608
0.11161324381828308 0.11617927998304367
0.11026858538389206 0.1490103304386139
0.10993115603923798 0.16877321898937225
0.10971212387084961 0.1309410035610199
0.10968530178070068 0.12179995328187943
0.1094411090016365 0.13143080472946167
0.10823586583137512 0.2347777634859085
0.10791703313589096 0.2016160935163498
0.10777488350868225 0.13325555622577667
0.10755636543035507 0.11511508375406265
0.10633565485477448 0.11599185317754745
0.1049065962433815 0.1461501121520996
0.10399594157934189 0.10983142256736755
0.1038035899400711 0.2207266390323639
0.10372432321310043 0.22595927119255066
0.10252770036458969 0.11420267075300217
0.1012686938047409 0.1118314117193222
0.10054580867290497 0.10257265716791153
0.09975425153970718 0.17307418584823608
0.09807369858026505 0.10397744178771973
0.09721998125314713 0.09761198610067368
0.09664411097764969 0.13036921620368958
0.09554269909858704 0.12317972630262375
0.09462684392929077 0.11136630177497864
0.09460030496120453 0.10352316498756409
0.09312943369150162 0.09733562171459198
0.09280674904584885 0.13340725004673004
0.0925004631280899 0.09744914621114731
0.09234023839235306 0.10360308736562729
0.09166350960731506 0.12123799324035645
0.09157582372426987 0.1451694667339325
0.09139158576726913 0.10351802408695221
0.09008215367794037 0.12437408417463303
0.0895678699016571 0.12187068909406662
0.08897121250629425 0.09169653803110123
0.0867624506354332 0.10046011954545975
0.08674386143684387 0.10344745218753815
0.08673405647277832 0.09380452334880829
0.08568345755338669 0.09940578788518906
0.08563899248838425 0.10520371049642563
0.08409296721220016 0.09537050873041153
0.07750558853149414 0.09258914738893509
0.07721661031246185 0.08806104958057404
0.07711409032344818 0.08604662865400314
0.0768771842122078 0.09499657154083252
0.0759662389755249 0.09222140163183212
0.07514554262161255 0.08631692826747894
0.07377780973911285 0.0863538384437561
0.07340267300605774 0.07808206230401993
0.07221546769142151 0.08886989206075668
0.06799035519361496 0.07791917771100998
