0.2752232551574707 0.28130659461021423
0.2587660551071167 0.28801482915878296
0.2513808310031891 0.27252358198165894
0.24284638464450836 0.29107052087783813
0.24072980880737305 0.2525675296783447
0.23221053183078766 0.2634647488594055
0.2270963042974472 0.23377470672130585
0.22530846297740936 0.25141143798828125
0.211002379655838 0.2175503969192505
0.21028508245944977 0.21204625070095062
0.2096942663192749 0.22585120797157288
0.20920330286026 0.22212085127830505
0.20787981152534485 0.2176256775856018
0.20748744904994965 0.21279162168502808
0.20671962201595306 0.20977674424648285
0.2056265026330948 0.21911226212978363
0.2053452879190445 0.21216490864753723
0.20208431780338287 0.25735363364219666
0.20202235877513885 0.2129235863685608
0.19938042759895325 0.2084871232509613
0.19922254979610443 0.20632953941822052
0.19667133688926697 0.19912472367286682
0.19620893895626068 0.28474900126457214
0.1949339061975479 0.19843971729278564
0.1920495480298996 0.19590485095977783
0.19149206578731537 0.1948716789484024
0.19027283787727356 0.19859236478805542
0.18914039433002472 0.20316380262374878
0.18865559995174408 0.210948184132576
0.18711358308792114 0.18756061792373657
0.18636953830718994 0.2198765128850937
0.1827501654624939 0.21307118237018585
0.18214523792266846 0.19221031665802002
0.18096333742141724 0.19261659681797028
0.1747654527425766 0.17618916928768158
0.17457617819309235 0.18296492099761963
0.17382577061653137 0.183378204703331
0.1717936098575592 0.17375949025154114
0.16935713589191437 0.21666273474693298
0.16908840835094452 0.1766434758901596
0.16869686543941498 0.16870035231113434
0.16713197529315948 0.18959484994411469
0.16694611310958862 0.16768862307071686
0.16640424728393555 0.18016767501831055
0.16344188153743744 0.16498060524463654
0.1628129482269287 0.1701621264219284
0.16261345148086548 0.1945425420999527
0.16242454946041107 0.18905200064182281
0.1620589643716812 0.18327873945236206
0.1616647094488144 0.16921430826187134
0.1614910215139389 0.16498060524463654
0.15976038575172424 0.17105288803577423
0.1596239060163498 0.17949575185775757
0.15921367704868317 0.18959484994411469
0.15758241713047028 0.20154039561748505
0.1573619544506073 0.15895803272724152
0.15709415078163147 0.1851380169391632
0.15551027655601501 0.15646471083164215
0.15445460379123688 0.17582540214061737
0.15377177298069 0.19221143424510956
0.15352854132652283 0.17128945887088776
0.15316668152809143 0.15599460899829865
0.15243615210056305 0.1790480762720108
0.15200431644916534 0.17028827965259552
0.15197482705116272 0.18861472606658936
0.15161685645580292 0.15316951274871826
0.15125064551830292 0.18751953542232513
0.15097138285636902 0.15239787101745605
0.15021635591983795 0.15121670067310333
0.15007808804512024 0.16062383353710175
0.1492622196674347 0.16600492596626282
0.1491331160068512 0.15069255232810974
0.1483202874660492 0.16709527373313904
0.14822611212730408 0.15376946330070496
0.14747844636440277 0.17703552544116974
0.14474175870418549 0.16619764268398285
0.14352259039878845 0.16998305916786194
0.1427868753671646 0.16613192856311798
0.14248216152191162 0.14777611196041107
0.1419031172990799 0.15437212586402893
0.1414831131696701 0.14456245303153992
0.1413775086402893 0.14313800632953644
0.14069192111492157 0.18251530826091766
0.14035125076770782 0.145014226436615
0.13998085260391235 0.15500269830226898
0.1387937217950821 0.14664782583713531
0.13868872821331024 0.2045072317123413
0.13801376521587372 0.15359802544116974
0.13735902309417725 0.15880337357521057
0.1373145580291748 0.14556065201759338
0.13707749545574188 0.15559886395931244
0.13684190809726715 0.1485750675201416
0.13678136467933655 0.15193220973014832
0.13672946393489838 0.14660580456256866
0.13626886904239655 0.1401340365409851
0.13624565303325653 0.13814207911491394
0.13614395260810852 0.17865639925003052
0.13612613081932068 0.1486443430185318
0.13579249382019043 0.1522381603717804
0.1357329785823822 0.1558448225259781
0.13520994782447815 0.18892569839954376
0.13503862917423248 0.1702657788991928
0.13474076986312866 0.15078693628311157
0.13468843698501587 0.1574561446905136
0.1345866173505783 0.1944526880979538
0.13442707061767578 0.13980111479759216
0.13433541357517242 0.15901491045951843
0.13381457328796387 0.15875786542892456
0.13374707102775574 0.18453361093997955
0.1335533857345581 0.14243604242801666
0.13311952352523804 0.14053334295749664
0.13257168233394623 0.1764679104089737
0.13231921195983887 0.14502133429050446
0.13224060833454132 0.16745959222316742
0.13197122514247894 0.14153772592544556
0.13143886625766754 0.13393749296665192
0.1311156302690506 0.144980788230896
0.13028158247470856 0.15774567425251007
0.1298283189535141 0.1340806931257248
0.1295502483844757 0.1535823792219162
0.12930595874786377 0.13945412635803223
0.12896859645843506 0.15868286788463593
0.12890519201755524 0.15650881826877594
0.12872004508972168 0.19257977604866028
0.12867005169391632 0.15847638249397278
0.12748900055885315 0.1556975096464157
0.12744514644145966 0.16758455336093903
0.1261860579252243 0.16250206530094147
0.12611791491508484 0.14908108115196228
0.12603890895843506 0.1399146020412445
0.12537075579166412 0.1830233782529831
0.12454009056091309 0.167440265417099
0.12416360527276993 0.17826612293720245
0.12366385757923126 0.1534399688243866
0.12362630665302277 0.17028206586837769
0.1235763356089592 0.13659833371639252
0.12317734211683273 0.12356363236904144
0.12263330817222595 0.12606461346149445
0.1222827136516571 0.21286767721176147
0.12206006050109863 0.16849331557750702
0.12117372453212738 0.15589335560798645
0.12110653519630432 0.1288308948278427
0.12106642127037048 0.173292338848114
0.12105141580104828 0.21343447268009186
0.12092453241348267 0.12953360378742218
0.12072790414094925 0.16438308358192444
0.12035849690437317 0.13092412054538727
0.12029252201318741 0.1307937055826187
0.12013807892799377 0.1669227033853531
0.11993346363306046 0.16857071220874786
0.11982599645853043 0.16209962964057922
0.11963111907243729 0.13514389097690582
0.11963055282831192 0.13376951217651367
0.11934556066989899 0.17210499942302704
0.11895816028118134 0.14765366911888123
0.11891712993383408 0.1592118889093399
0.1184411346912384 0.12173990160226822
0.11805129796266556 0.1692114621400833
0.11761648207902908 0.12237238883972168
0.11694160103797913 0.14696097373962402
0.11660520732402802 0.13665741682052612
0.11625521630048752 0.1528996080160141
0.11606389284133911 0.1416361778974533
0.1151830181479454 0.1366511732339859
0.11516769230365753 0.1206129714846611
0.11472221463918686 0.12814977765083313
0.11461380869150162 0.1537746638059616
0.1145014837384224 0.1370646208524704
0.11438772082328796 0.12946167588233948
0.1143336370587349 0.138905867934227
0.11424162238836288 0.1796605885028839
0.11420494318008423 0.18322566151618958
0.11419879645109177 0.14187616109848022
0.11412186175584793 0.14194880425930023
0.11395029723644257 0.1250118613243103
0.11390174180269241 0.1151498556137085
0.11373225599527359 0.11623303592205048
0.1136779934167862 0.13401859998703003
0.11312708258628845 0.12355607748031616
0.11306028813123703 0.15852458775043488
0.11173549294471741 0.13202336430549622
0.1115511879324913 0.11675582081079483
0.11148447543382645 0.17889565229415894
0.11110949516296387 0.1121494397521019
0.11108054965734482 0.11429087072610855
0.11096860468387604 0.11694775521755219
0.11096569895744324 0.11521376669406891
0.11091705411672592 0.12405005097389221
0.11082253605127335 0.1233830600976944
0.11053010076284409 0.11829298734664917
0.11036787927150726 0.13889236748218536
0.11006548255681992 0.11203909665346146
0.10988643765449524 0.16869008541107178
0.10978914052248001 0.15552222728729248
0.10893420875072479 0.13063739240169525
0.10891048610210419 0.12133214622735977
0.10850116610527039 0.11032991856336594
0.10831796377897263 0.14523746073246002
0.1082267314195633 0.1561969369649887
0.10821419209241867 0.1285395473241806
0.10805396735668182 0.14407935738563538
0.10782187432050705 0.13302840292453766
0.1077800914645195 0.11222770065069199
0.10732346028089523 0.11874543130397797
0.10731715708971024 0.13293428719043732
0.10724746435880661 0.1632400006055832
0.10717274248600006 0.133484348654747
0.10688218474388123 0.1825730800628662
0.1067400574684143 0.11176308989524841
0.1065073311328888 0.10791470110416412
0.10619001090526581 0.15181958675384521
0.10567079484462738 0.13002920150756836
0.1054583191871643 0.12381381541490555
0.10532791167497635 0.1450226604938507
0.10497557371854782 0.13469037413597107
0.10494711250066757 0.14763012528419495
0.10487600415945053 0.12079751491546631
0.10486786812543869 0.15456418693065643
0.1047108918428421 0.12630672752857208
0.10344633460044861 0.11511633545160294
0.10257705301046371 0.13975274562835693
0.10222084820270538 0.13531813025474548
0.10155351459980011 0.1259966790676117
0.10131493955850601 0.10662409663200378
0.10053904354572296 0.11193690448999405
0.10009089857339859 0.1120602935552597
0.09922611713409424 0.1237160861492157
0.09899198263883591 0.10134711861610413
0.09879769384860992 0.12782715260982513
0.09871921688318253 0.10265424102544785
0.09836967289447784 0.13840816915035248
0.09804287552833557 0.10488324612379074
0.09779408574104309 0.14778468012809753
0.09703737497329712 0.1463252156972885
0.09695804864168167 0.11068911850452423
0.09672380238771439 0.09710536897182465
0.095646433532238 0.180183544754982
0.09501703828573227 0.1126498207449913
0.0949079841375351 0.10489758849143982
0.09456011652946472 0.11226914077997208
0.09430558234453201 0.1224784106016159
0.09425365179777145 0.09847325831651688
0.09407347440719604 0.16717156767845154
0.09367299824953079 0.10635409504175186
0.09335003048181534 0.12361931055784225
0.09299778938293457 0.09579814225435257
0.09296341985464096 0.10766024887561798
0.09245683997869492 0.10812979936599731
0.09096535295248032 0.09867709875106812
0.0899144858121872 0.12490760535001755
0.08944008499383926 0.10907100141048431
0.08867364376783371 0.0946776270866394
0.08863373845815659 0.10785869508981705
0.08860243856906891 0.15783070027828217
0.08834539353847504 0.10411945730447769
0.08825026452541351 0.12090742588043213
0.08794380724430084 0.12503239512443542
0.08667569607496262 0.11534576117992401
0.08651325851678848 0.09461697936058044
0.08448852598667145 0.09335552901029587
0.0842808187007904 0.121827132999897
0.07887837290763855 0.07937181740999222
