0.15268738567829132 0.15397781133651733
0.13700629770755768 0.13905462622642517
0.1262982338666916 0.13047954440116882
0.12445186078548431 0.136199489235878
0.11900896579027176 0.1241111308336258
0.11883623898029327 0.12670043110847473
0.11439894139766693 0.13122788071632385
0.10983582586050034 0.1123572587966919
0.10960118472576141 0.11609480530023575
0.10872122645378113 0.12515665590763092
0.10864048451185226 0.11673752963542938
0.10858272016048431 0.10971715301275253
0.10836930572986603 0.11810266971588135
0.10798882693052292 0.11080578714609146
0.10744469612836838 0.12844258546829224
0.10694313049316406 0.1095225065946579
0.10521362721920013 0.13082903623580933
0.10488221794366837 0.11378005146980286
0.1037900447845459 0.15527427196502686
0.10354165732860565 0.13103128969669342
0.10251855105161667 0.11742682754993439
0.10218026489019394 0.12606871128082275
0.09978506714105606 0.10203002393245697
0.09905744343996048 0.1148761510848999
0.09816454350948334 0.11256279796361923
0.09767207503318787 0.0989251658320427
0.09667839109897614 0.14430157840251923
0.09637633711099625 0.0987209603190422
0.09606074541807175 0.10850054025650024
0.09570280462503433 0.09675609320402145
0.09530655294656754 0.13065502047538757
0.09489486366510391 0.10990224778652191
0.0947510376572609 0.11130007356405258
0.09470425546169281 0.11390706151723862
0.0945311039686203 0.10947344452142715
0.0943550392985344 0.09479121118783951
0.09355700016021729 0.1357010453939438
0.09350728243589401 0.09472383558750153
0.09345575422048569 0.10437962412834167
0.09321784228086472 0.09586465358734131
0.09295247495174408 0.11912781000137329
0.09290959686040878 0.1028030514717102
0.09243466705083847 0.09669099748134613
0.09235658496618271 0.11506208777427673
0.09153236448764801 0.1081177145242691
0.09097543358802795 0.11144168674945831
0.0905783399939537 0.0992460772395134
0.09041803330183029 0.12716488540172577
0.0903148353099823 0.14460469782352448
0.09020446240901947 0.09079408645629883
0.08984941244125366 0.11791028827428818
0.08982249349355698 0.1485251784324646
0.08981214463710785 0.117429219186306
0.08963541686534882 0.11603366583585739
0.08919033408164978 0.09374970942735672
0.08889716863632202 0.09268416464328766
0.08853600919246674 0.12539318203926086
0.08799717575311661 0.1105562373995781
0.08789002150297165 0.14672443270683289
0.08779086917638779 0.139311745762825
0.0877857506275177 0.1358421891927719
0.08759034425020218 0.13574343919754028
0.08720254898071289 0.15151740610599518
0.08714810013771057 0.09187000244855881
0.08686990290880203 0.11364828050136566
0.08678454160690308 0.09543019533157349
0.086702361702919 0.09832774102687836
0.08666234463453293 0.13568927347660065
0.08657727390527725 0.09188459068536758
0.08629307895898819 0.14251939952373505
0.08621647208929062 0.13365836441516876
0.08614568412303925 0.11191894859075546
0.08614177256822586 0.12126360088586807
0.08613059669733047 0.15815956890583038
0.08601938933134079 0.09983403235673904
0.08557569980621338 0.08574473112821579
0.08552248030900955 0.08816838264465332
0.08527947962284088 0.0872429758310318
0.0840119868516922 0.09765738248825073
0.08394157886505127 0.08975430577993393
0.08373314142227173 0.09368880838155746
0.08369381725788116 0.09769460558891296
0.08366800844669342 0.09121307730674744
0.0831950306892395 0.0977923721075058
0.08269830048084259 0.15651506185531616
0.08257608860731125 0.10506421327590942
0.0822487622499466 0.09749571979045868
0.08191150426864624 0.09750733524560928
0.08191097527742386 0.0821574255824089
0.08175539970397949 0.09244947880506516
0.08142054826021194 0.08396680653095245
0.08055663853883743 0.09273409843444824
0.08037125319242477 0.13517263531684875
0.08037106692790985 0.13760830461978912
0.08024787157773972 0.08749300986528397
0.08019072562456131 0.08426772058010101
0.0801655501127243 0.1217992827296257
0.07981571555137634 0.13655231893062592
0.07972460240125656 0.09126140922307968
0.07971944659948349 0.11737500876188278
0.07962483912706375 0.07975610345602036
0.0793597623705864 0.12237226963043213
0.07934294641017914 0.13782532513141632
0.07926688343286514 0.13524936139583588
0.07881225645542145 0.13692709803581238
0.078737773001194 0.08544594794511795
0.07831092923879623 0.10109418630599976
0.07828376442193985 0.08321115374565125
0.07768416404724121 0.09530310332775116
0.07761219888925552 0.08849069476127625
0.07738342881202698 0.09075838327407837
0.07727348804473877 0.14811809360980988
0.07723601162433624 0.0861876904964447
0.07659155130386353 0.07876350730657578
0.07640984654426575 0.1303604394197464
0.07638994604349136 0.08074218779802322
0.07632327824831009 0.12593989074230194
0.07626650482416153 0.10404708236455917
0.07582493126392365 0.09454385936260223
0.0756068155169487 0.11619428545236588
0.07518383115530014 0.08812514692544937
0.07503962516784668 0.10186440497636795
0.07487936317920685 0.1257064789533615
0.07469049841165543 0.08477405458688736
0.07331261783838272 0.10397298634052277
0.07282517105340958 0.07353147119283676
0.07248569279909134 0.07503985613584518
0.07200794667005539 0.07811611145734787
0.07166881114244461 0.07884864509105682
0.07149945944547653 0.09345389157533646
0.0710689127445221 0.1221790537238121
0.07092103362083435 0.10954101383686066
0.07081831991672516 0.1103227511048317
0.07045958191156387 0.1181734949350357
0.06992851942777634 0.07509925216436386
0.06936869770288467 0.08182588964700699
0.06922780722379684 0.07594798505306244
0.06880784779787064 0.08244997262954712
0.06846696138381958 0.0796666219830513
0.06770454347133636 0.12972722947597504
0.0675477385520935 0.12552866339683533
0.067326620221138 0.07160080224275589
0.06723889708518982 0.0719655230641365
0.06723126769065857 0.09583517163991928
0.06713531911373138 0.08049441128969193
0.06703811883926392 0.06722580641508102
0.06697884947061539 0.06787628680467606
0.06678532063961029 0.06813542544841766
0.06677074730396271 0.1014123409986496
0.06564918160438538 0.07565592229366302
0.06501545757055283 0.07864957302808762
0.06493992358446121 0.07423632591962814
0.06483849883079529 0.09785991162061691
0.06467566639184952 0.08024033904075623
0.06385881453752518 0.07512076199054718
0.0637722983956337 0.09229830652475357
0.06341931223869324 0.08033862709999084
0.06318243592977524 0.08812643587589264
0.06286142766475677 0.09266624599695206
0.06268992274999619 0.07095982879400253
0.06258275359869003 0.0842786505818367
0.062215760350227356 0.09175645560026169
0.06201944127678871 0.08356865495443344
0.061944909393787384 0.06269122660160065
0.061683375388383865 0.072593554854393
0.06164912134408951 0.07593300193548203
0.061600878834724426 0.07044856250286102
0.06148283928632736 0.09195248037576675
0.060913775116205215 0.06930720061063766
0.059491340070962906 0.08301806449890137
0.05894952639937401 0.07310711592435837
0.058713510632514954 0.06210526451468468
0.05510777235031128 0.05557512119412422
0.05435117706656456 0.06987223029136658
0.054282523691654205 0.058055318892002106
0.05423398315906525 0.06240040436387062
0.05272941663861275 0.08068117499351501
0.05150796100497246 0.05806157737970352
0.05098956823348999 0.06642936915159225
0.05002685636281967 0.0610470287501812
0.04537734016776085 0.05215384066104889
0.04288288578391075 0.04432811960577965
0.0418873056769371 0.04200677201151848
