0.1226097047328949 0.12904460728168488
0.11545620858669281 0.1212143674492836
0.11492232978343964 0.11931231617927551
0.11466608941555023 0.1311100721359253
0.11448132246732712 0.14808252453804016
0.11362821608781815 0.12654966115951538
0.10982239246368408 0.1105973869562149
0.10794994980096817 0.11589749157428741
0.10767214745283127 0.12117967009544373
0.10737250000238419 0.11626820266246796
0.10398054122924805 0.10567723959684372
0.1036224290728569 0.12019927054643631
0.10353885591030121 0.10969702154397964
0.10200069844722748 0.11217264831066132
0.10141017287969589 0.10782783478498459
0.09999258071184158 0.1082310900092125
0.09986697137355804 0.13006475567817688
0.09956638514995575 0.11936973035335541
0.09955542534589767 0.10854342579841614
0.09820893406867981 0.10988491773605347
0.09711579233407974 0.10795758664608002
0.09519899636507034 0.09802187979221344
0.09485091269016266 0.1200975775718689
0.09473581612110138 0.10597628355026245
0.09393168240785599 0.10031843930482864
0.0938202515244484 0.13404612243175507
0.09296875447034836 0.12358085066080093
0.09285502880811691 0.09879948198795319
0.09243137389421463 0.09618160128593445
0.09121426194906235 0.09730945527553558
0.09096311032772064 0.10492924600839615
0.09035521000623703 0.0940999910235405
0.09034495055675507 0.1282726228237152
0.09031789004802704 0.10625450313091278
0.09019038826227188 0.1109035462141037
0.08973564952611923 0.10691380500793457
0.08965320885181427 0.09452922642230988
0.08910197764635086 0.0908123329281807
0.08836401998996735 0.11902358382940292
0.08792484551668167 0.08925317972898483
0.08658188581466675 0.09463609755039215
0.08605539798736572 0.13384851813316345
0.08581697195768356 0.0999574363231659
0.08575844019651413 0.087823785841465
0.08520043641328812 0.11881987750530243
0.08475355803966522 0.1020418331027031
0.08429140597581863 0.1547349989414215
0.0839047059416771 0.11274009943008423
0.08337634056806564 0.08631667494773865
0.08323706686496735 0.09827709197998047
0.08271051943302155 0.10833045840263367
0.08268456161022186 0.09572376310825348
0.08203978836536407 0.13561341166496277
0.08195557445287704 0.08926253765821457
0.08128505945205688 0.10618864744901657
0.08110024034976959 0.13071008026599884
0.08106360584497452 0.08584000915288925
0.08080942183732986 0.09626161307096481
0.08013062924146652 0.08057419210672379
0.0798393040895462 0.08462768793106079
0.07978072017431259 0.0805748775601387
0.07920172810554504 0.08910556137561798
0.0789036974310875 0.08970238268375397
0.0782567486166954 0.09223330765962601
0.07821968197822571 0.09508206695318222
0.07802561670541763 0.09380681812763214
0.07794870436191559 0.11760944873094559
0.07791327685117722 0.09235750138759613
0.07778424769639969 0.08194656670093536
0.07766088098287582 0.08137291669845581
0.07752536982297897 0.12174104154109955
0.07736470550298691 0.1609203815460205
0.07616385817527771 0.07688380032777786
0.07601515203714371 0.08230622112751007
0.07599116861820221 0.1046568900346756
0.07598789036273956 0.09866011887788773
0.07539058476686478 0.09905389696359634
0.07536940276622772 0.08097460120916367
0.07515459507703781 0.10685218125581741
0.0748211145401001 0.08504431694746017
0.07474077492952347 0.07575390487909317
0.07459655404090881 0.07669708877801895
0.0745587944984436 0.07669439911842346
0.07439230382442474 0.081328384578228
0.07427699118852615 0.07749642431735992
0.0740567147731781 0.10200650244951248
0.07392070442438126 0.07469764351844788
0.07357762008905411 0.08206642419099808
0.073288694024086 0.08084535598754883
0.07269181311130524 0.16748133301734924
0.0726754441857338 0.10657567530870438
0.07259377837181091 0.09208553284406662
0.07242602109909058 0.14539167284965515
0.07217583060264587 0.08277484774589539
0.07211436331272125 0.11509788781404495
0.07190681248903275 0.07212722301483154
0.07137546688318253 0.0912972018122673
0.07092904299497604 0.0745222270488739
0.07088746875524521 0.11460952460765839
0.06994877755641937 0.12953561544418335
0.06981950253248215 0.07074768841266632
0.06976273655891418 0.0733722522854805
0.06953994184732437 0.07539481669664383
0.06942478567361832 0.13965833187103271
0.06939542293548584 0.12821945548057556
0.06928680837154388 0.08676870912313461
0.06911251693964005 0.0799749344587326
0.068881556391716 0.08436718583106995
0.06870462745428085 0.12237434834241867
0.06859084218740463 0.07612773030996323
0.06856771558523178 0.07277070730924606
0.06852977722883224 0.0727812871336937
0.06848129630088806 0.07618434727191925
0.0681404173374176 0.09549054503440857
0.06799011677503586 0.08668708056211472
0.06773515790700912 0.12884113192558289
0.06754044443368912 0.0705723762512207
0.06710366904735565 0.08371219784021378
0.06687165051698685 0.06953651458024979
0.0664462298154831 0.07871286571025848
0.06636767089366913 0.08130685985088348
0.06628122925758362 0.15944774448871613
0.06621118634939194 0.07076477259397507
0.06620530039072037 0.0702451765537262
0.06597256660461426 0.11106529086828232
0.06596282869577408 0.06908630579710007
0.06587714701890945 0.10485907644033432
0.06584042310714722 0.07007786631584167
0.06563543528318405 0.09160137176513672
0.06543266028165817 0.09490758925676346
0.06529214233160019 0.13336433470249176
0.06331590563058853 0.06464338302612305
0.06330227851867676 0.07934249937534332
0.06328113377094269 0.07964422553777695
0.06249865144491196 0.06719794869422913
0.06242719665169716 0.06800741702318192
0.06233670935034752 0.07963526248931885
0.06214059516787529 0.06987400352954865
0.0614924430847168 0.09207537025213242
0.061378639191389084 0.08872266858816147
0.06071896851062775 0.06404267996549606
0.06059517338871956 0.07778346538543701
0.060550130903720856 0.10578358173370361
0.060514479875564575 0.08232717216014862
0.06050928682088852 0.08015048503875732
0.06037978082895279 0.06554900854825974
0.05929988995194435 0.07394623756408691
0.05918746441602707 0.05980773642659187
0.059077247977256775 0.0768030434846878
0.05897806957364082 0.06263172626495361
0.05827866867184639 0.06266867369413376
0.058267321437597275 0.07403534650802612
0.05800843983888626 0.05822840332984924
0.05779159814119339 0.07084143906831741
0.05716424807906151 0.09831228107213974
0.056869037449359894 0.0676855593919754
0.05649624392390251 0.06434054672718048
0.056333836168050766 0.06315303593873978
0.05596192181110382 0.05728856474161148
0.055868055671453476 0.07193561643362045
0.05568842962384224 0.057783566415309906
0.055423054844141006 0.05668789893388748
0.05492488667368889 0.05498913675546646
0.05480640009045601 0.057138558477163315
0.05419624224305153 0.05854589864611626
0.05397583544254303 0.05568234622478485
0.05301199108362198 0.05392204970121384
0.05289633572101593 0.06314187496900558
0.05264025181531906 0.057138558477163315
0.05221565067768097 0.06457235664129257
0.05144302546977997 0.05469374358654022
0.05124961584806442 0.054958365857601166
0.05052544176578522 0.05930544063448906
0.047306377440690994 0.05301368236541748
0.045473862439394 0.05479204282164574
0.04317902773618698 0.05067354440689087
