0.2557821273803711 0.26429787278175354
0.25284910202026367 0.2542645037174225
0.2477920800447464 0.2533305585384369
0.2463591992855072 0.24785590171813965
0.2431420087814331 0.2508440315723419
0.23944734036922455 0.24829290807247162
0.23929651081562042 0.26838672161102295
0.23896564543247223 0.2458324134349823
0.23838673532009125 0.2605057954788208
0.2374841421842575 0.24574898183345795
0.23710134625434875 0.24401810765266418
0.23636630177497864 0.2406132072210312
0.23596270382404327 0.2436191886663437
0.23574230074882507 0.24514789879322052
0.2339058816432953 0.2476268708705902
0.23043887317180634 0.23156794905662537
0.22706681489944458 0.2830282151699066
0.22501489520072937 0.2474801391363144
0.224238321185112 0.23238064348697662
0.2233138382434845 0.2382032871246338
0.22278687357902527 0.24074684083461761
0.22171640396118164 0.22792573273181915
0.22140495479106903 0.2432313859462738
0.2209925800561905 0.23451484739780426
0.22098387777805328 0.24231936037540436
0.21975483000278473 0.22849324345588684
0.21900634467601776 0.23816919326782227
0.21872477233409882 0.2238534390926361
0.21854457259178162 0.22023192048072815
0.2170545905828476 0.24252767860889435
0.21689355373382568 0.22899964451789856
0.21680086851119995 0.23275479674339294
0.2163105607032776 0.21647420525550842
0.21601660549640656 0.22314202785491943
0.21590664982795715 0.22478269040584564
0.2154209464788437 0.22224578261375427
0.21439813077449799 0.23452839255332947
0.21428132057189941 0.2503679096698761
0.21324411034584045 0.22913599014282227
0.21209923923015594 0.21788997948169708
0.21058300137519836 0.21586188673973083
0.2105775773525238 0.22823110222816467
0.20971477031707764 0.20978620648384094
0.2095545381307602 0.2184588760137558
0.20951087772846222 0.21764492988586426
0.20903436839580536 0.2097030133008957
0.20900703966617584 0.2325921505689621
0.2083672434091568 0.2213805615901947
0.20807680487632751 0.22810271382331848
0.20790302753448486 0.22502250969409943
0.20780237019062042 0.24311088025569916
0.20656856894493103 0.21402665972709656
0.2062302827835083 0.2361392229795456
0.20548242330551147 0.2301778346300125
0.20506584644317627 0.22492854297161102
0.20503835380077362 0.20826318860054016
0.20490843057632446 0.23138880729675293
0.2038397341966629 0.2423916459083557
0.20380723476409912 0.2288840264081955
0.20346541702747345 0.21839648485183716
0.20321448147296906 0.2255164235830307
0.20296527445316315 0.23379093408584595
0.20260585844516754 0.23614971339702606
0.20233924686908722 0.25638219714164734
0.1968376785516739 0.20187458395957947
0.19645234942436218 0.2261236310005188
0.1955968141555786 0.19900114834308624
0.1946357637643814 0.21622109413146973
0.19376695156097412 0.2191154956817627
0.19139070808887482 0.2628144323825836
0.19126369059085846 0.20176376402378082
0.19122427701950073 0.19537225365638733
0.19063949584960938 0.20082974433898926
0.18987314403057098 0.21229593455791473
0.18815848231315613 0.20288889110088348
0.18724627792835236 0.2001197636127472
0.18388575315475464 0.24560827016830444
0.18324583768844604 0.1923666149377823
0.18301786482334137 0.23220232129096985
0.18290111422538757 0.20694807171821594
0.1824064999818802 0.21116586029529572
0.17998036742210388 0.1998613178730011
0.17785201966762543 0.2080959975719452
0.17657092213630676 0.18112842738628387
0.17237256467342377 0.24968577921390533
0.17194129526615143 0.18829114735126495
0.17143672704696655 0.17490756511688232
0.1712845265865326 0.18435415625572205
0.17082762718200684 0.17651423811912537
0.17063704133033752 0.24571742117404938
0.17019294202327728 0.21580317616462708
0.16960406303405762 0.21027448773384094
0.16845420002937317 0.18052324652671814
0.16805092990398407 0.18823905289173126
0.16776974499225616 0.24301612377166748
0.16725298762321472 0.24825510382652283
0.1669405996799469 0.23301994800567627
0.16602550446987152 0.19496537744998932
0.1647908091545105 0.16616635024547577
0.16407319903373718 0.23134107887744904
0.16402629017829895 0.1820286512374878
0.16345693171024323 0.2011604756116867
0.16231811046600342 0.1920984983444214
0.16163627803325653 0.1776566207408905
0.16145725548267365 0.1955615133047104
0.15963926911354065 0.22427836060523987
0.15957048535346985 0.25807899236679077
0.1591023951768875 0.1947607547044754
0.15863174200057983 0.19088244438171387
0.15787892043590546 0.1842363327741623
0.15715713798999786 0.2377803921699524
0.15639670193195343 0.16978774964809418
0.15615881979465485 0.2073235660791397
0.15494057536125183 0.15945610404014587
0.154109388589859 0.1553410440683365
0.15387701988220215 0.19115915894508362
0.1537502408027649 0.23317596316337585
0.1532580554485321 0.16431178152561188
0.15249846875667572 0.291716992855072
0.15216121077537537 0.16200613975524902
0.15167221426963806 0.24231332540512085
0.15153111517429352 0.1574358195066452
0.15113075077533722 0.17739702761173248
0.15073831379413605 0.24176077544689178
0.15013399720191956 0.15940868854522705
0.15000811219215393 0.22950893640518188
0.1495133489370346 0.15211154520511627
0.14827188849449158 0.1870361864566803
0.14805655181407928 0.224593386054039
0.1480545997619629 0.17653805017471313
0.14785291254520416 0.28673794865608215
0.1477365493774414 0.21091696619987488
0.14753128588199615 0.1654416024684906
0.14726535975933075 0.17446132004261017
0.14706990122795105 0.20070204138755798
0.146005779504776 0.1508035659790039
0.14476019144058228 0.17650936543941498
0.14451614022254944 0.1599707305431366
0.14370566606521606 0.18411412835121155
0.14340262115001678 0.2507586181163788
0.14322060346603394 0.1664740890264511
0.1432039886713028 0.14605389535427094
0.142966166138649 0.19567124545574188
0.14215010404586792 0.22109587490558624
0.1416211724281311 0.2750643789768219
0.14134326577186584 0.19278275966644287
0.14114360511302948 0.14226233959197998
0.14111246168613434 0.28802624344825745
0.1410043090581894 0.20455466210842133
0.14082297682762146 0.16558553278446198
0.1406848430633545 0.17461560666561127
0.14016440510749817 0.2245575487613678
0.13931627571582794 0.17922697961330414
0.138559490442276 0.2122250348329544
0.13830146193504333 0.1529446244239807
0.1382569670677185 0.15965183079242706
0.1371992528438568 0.14652946591377258
0.1367490440607071 0.15309332311153412
0.13661709427833557 0.13676416873931885
0.1363241970539093 0.2993747591972351
0.13603994250297546 0.21264423429965973
0.13562898337841034 0.18644757568836212
0.13499493896961212 0.1763753741979599
0.13478513062000275 0.20826029777526855
0.13472120463848114 0.15433341264724731
0.13408568501472473 0.1533052623271942
0.13400278985500336 0.18934209644794464
0.1339721828699112 0.13751527667045593
0.13362812995910645 0.1963953822851181
0.1335398554801941 0.14078420400619507
0.13326136767864227 0.15030287206172943
0.1327473372220993 0.2038709968328476
0.13232557475566864 0.1497957408428192
0.13170532882213593 0.2681313157081604
0.13116620481014252 0.16744288802146912
0.1308203935623169 0.14107275009155273
0.13046734035015106 0.1374279409646988
0.13016961514949799 0.16162824630737305
0.13012634217739105 0.2368563413619995
0.12986381351947784 0.14232681691646576
0.12967701256275177 0.15062567591667175
0.12878137826919556 0.13275927305221558
0.1286487877368927 0.15272238850593567
0.12796184420585632 0.13791263103485107
0.12620389461517334 0.1606587916612625
0.12614379823207855 0.1637272983789444
0.12573938071727753 0.13212022185325623
0.12526853382587433 0.12961754202842712
0.12447395920753479 0.1562339812517166
0.1235777884721756 0.13178978860378265
0.12350193411111832 0.1243400052189827
0.12333192676305771 0.15452593564987183
0.12266231328248978 0.17000913619995117
0.122446209192276 0.12945771217346191
0.12135418504476547 0.19441860914230347
0.12117896974086761 0.17824028432369232
0.12062367796897888 0.12116988748311996
0.12017342448234558 0.149068221449852
0.11991793662309647 0.1499551385641098
0.1196906641125679 0.17994850873947144
0.11969029158353806 0.1431545466184616
0.119661845266819 0.1199672594666481
0.11901100724935532 0.12167172878980637
0.1188955157995224 0.12299717962741852
0.11775847524404526 0.12151697278022766
0.11667663604021072 0.127749502658844
0.11618005484342575 0.16701211035251617
0.11555666476488113 0.13340602815151215
0.11526547372341156 0.1427447348833084
0.11467708647251129 0.13053859770298004
0.11417797952890396 0.12258330732584
0.11399906873703003 0.12426421791315079
0.11356141418218613 0.1719714254140854
0.11349612474441528 0.14055117964744568
0.11348360776901245 0.14577415585517883
0.11334823071956635 0.11679565906524658
0.11306881904602051 0.12030383199453354
0.11093968152999878 0.11211533099412918
0.11075514554977417 0.11514850705862045
0.10974101722240448 0.11909140646457672
0.1075233593583107 0.15772248804569244
0.1061110720038414 0.11935390532016754
0.10435204207897186 0.1333223134279251
0.10400395840406418 0.18985536694526672
0.10371175408363342 0.12454521656036377
0.10289845615625381 0.20996664464473724
0.10189639031887054 0.1211879551410675
0.09902118891477585 0.11328943073749542
0.09837255626916885 0.10271734744310379
0.09801442176103592 0.10928080976009369
0.09758158773183823 0.11597377806901932
0.09722043573856354 0.12492486089468002
0.09498848021030426 0.10852467268705368
0.09196241199970245 0.09578040987253189
0.09134986996650696 0.13796117901802063
0.08760668337345123 0.09774554520845413
0.08594714850187302 0.10207459330558777
0.08462197333574295 0.09984814375638962
0.07298540323972702 0.07915002107620239
