0.5010014772415161 0.5019408464431763
0.5006663799285889 0.5039994120597839
0.5004079341888428 0.5015335083007812
0.5003396272659302 0.5017299652099609
0.5001373887062073 0.5037053823471069
0.49597135186195374 0.4964018762111664
0.49488261342048645 0.4987981915473938
0.4946366846561432 0.50025874376297
0.4942449629306793 0.49442222714424133
0.4936484098434448 0.4963007867336273
0.4933384656906128 0.4994063079357147
0.4932263195514679 0.4937841296195984
0.49295321106910706 0.49703720211982727
0.492266446352005 0.4939589202404022
0.49171632528305054 0.49557289481163025
0.4917132556438446 0.4971778690814972
0.49125897884368896 0.4967634975910187
0.4910889267921448 0.4935581088066101
0.49095961451530457 0.4986710548400879
0.490820050239563 0.5006751418113708
0.4907930791378021 0.5001468658447266
0.4740605652332306 0.47503289580345154
0.4712199568748474 0.47598573565483093
0.47060152888298035 0.48549866676330566
0.46925461292266846 0.49678754806518555
0.4685666561126709 0.4856463074684143
0.4670138955116272 0.47585511207580566
0.46277621388435364 0.4644421339035034
0.15246084332466125 0.1638367474079132
0.15220984816551208 0.15234923362731934
0.15174204111099243 0.1543460637331009
0.14941151440143585 0.1570127159357071
0.1465301215648651 0.15384536981582642
0.14616090059280396 0.16107144951820374
0.14085014164447784 0.47727736830711365
0.13712327182292938 0.1414964646100998
0.1364000141620636 0.1378120630979538
0.13569550216197968 0.1432291865348816
0.1353582739830017 0.15781480073928833
0.13428467512130737 0.13461710512638092
0.132363423705101 0.15718215703964233
0.13149018585681915 0.14134910702705383
0.13136330246925354 0.13299725949764252
0.1309637725353241 0.13288123905658722
0.13041873276233673 0.13441243767738342
0.1299484372138977 0.1729787439107895
0.12994170188903809 0.1600492298603058
0.1289389729499817 0.499825119972229
0.12805350124835968 0.13847827911376953
0.12628038227558136 0.1412033587694168
0.12425687164068222 0.1419583559036255
0.124200239777565 0.13951338827610016
0.1233353316783905 0.12384248524904251
0.12323319911956787 0.12546223402023315
0.12220168858766556 0.13865405321121216
0.12179785221815109 0.1462946981191635
0.12177591770887375 0.14595982432365417
0.12148001044988632 0.4904065728187561
0.1209128126502037 0.16823361814022064
0.1202898845076561 0.14644977450370789
0.11991395056247711 0.16456113755702972
0.11959513276815414 0.1745215356349945
0.11952122300863266 0.12150080502033234
0.1194443479180336 0.1267726719379425
0.11913803219795227 0.13038595020771027
0.11899234354496002 0.12785592675209045
0.11804646253585815 0.1440180540084839
0.11732938885688782 0.11908864229917526
0.11673756688833237 0.1682746857404709
0.11538898944854736 0.12599539756774902
0.11501388251781464 0.1698378622531891
0.1145741194486618 0.11794793605804443
0.11357176303863525 0.11656760424375534
0.11337827891111374 0.13296613097190857
0.1130698099732399 0.16670061647891998
0.11259061843156815 0.12700554728507996
0.11252615600824356 0.11994950473308563
0.11223030835390091 0.21031928062438965
0.11190121620893478 0.1181814968585968
0.11168830841779709 0.1307704895734787
0.11166821420192719 0.19105742871761322
0.1110316812992096 0.13437779247760773
0.1108347624540329 0.1745724380016327
0.11067438125610352 0.17676962912082672
0.10915239155292511 0.11756999045610428
0.109049491584301 0.11661342531442642
0.10876842588186264 0.22644302248954773
0.10859661549329758 0.1231612041592598
0.10841879993677139 0.12283830344676971
0.10824579000473022 0.11028729379177094
0.1080036610364914 0.1967877596616745
0.10774760693311691 0.11826277524232864
0.10724937915802002 0.12942461669445038
0.1072116419672966 0.11980592459440231
0.10684309154748917 0.1687072217464447
0.10670117288827896 0.14300228655338287
0.10659848153591156 0.11110465228557587
0.1059195026755333 0.11777698248624802
0.10560556501150131 0.14875103533267975
0.1055930107831955 0.10718996077775955
0.10552746057510376 0.12669643759727478
0.1049116998910904 0.1358955353498459
0.10468776524066925 0.1278325915336609
0.10437057912349701 0.11569333076477051
0.1043061837553978 0.1780603677034378
0.10361464321613312 0.12070941179990768
0.10342386364936829 0.10670068860054016
0.10318202525377274 0.11336305737495422
0.10263338685035706 0.11576048284769058
0.10234012454748154 0.20415642857551575
0.10189755260944366 0.15558269619941711
0.10086049884557724 0.11454056203365326
0.1004771962761879 0.12176588922739029
0.0997108668088913 0.1842631846666336
0.09947238117456436 0.15109631419181824
0.09927095472812653 0.1078493520617485
0.09917683899402618 0.10226832330226898
0.0986652746796608 0.12128851562738419
0.09861276298761368 0.13951008021831512
0.09850354492664337 0.15799066424369812
0.09848056733608246 0.10293202847242355
0.09792108088731766 0.1305755376815796
0.0967806950211525 0.10031744837760925
0.09573587030172348 0.09737488627433777
0.09565366059541702 0.15852729976177216
0.09340853244066238 0.10188760608434677
0.0929698571562767 0.11263468861579895
0.09203290194272995 0.14947792887687683
0.09199336171150208 0.15390408039093018
0.09158739447593689 0.11710263043642044
0.09145433455705643 0.11853937059640884
0.09127139300107956 0.13426683843135834
0.09118726849555969 0.09869251400232315
0.09012272953987122 0.0960623025894165
0.08953708410263062 0.09195534884929657
0.08872269093990326 0.10623853653669357
0.08869054168462753 0.11817637830972672
0.0878107026219368 0.09133119136095047
0.08778993785381317 0.1073494479060173
0.0858158990740776 0.10075042396783829
0.08503036201000214 0.0914849117398262
0.08468881994485855 0.09938961267471313
0.08331135660409927 0.08575350046157837
0.08228703588247299 0.08849820494651794
0.08180077373981476 0.1096239909529686
0.0803217738866806 0.09046201407909393
0.07939242571592331 0.10143502056598663
0.07909954339265823 0.10405509918928146
0.07738535851240158 0.09062361717224121
0.07720182090997696 0.07963420450687408
0.07715509086847305 0.08884687721729279
0.07704944163560867 0.14299575984477997
0.0764644667506218 0.08177819848060608
0.07645203918218613 0.11382144689559937
0.07569330930709839 0.0773625373840332
0.07483239471912384 0.09743741899728775
0.0722820833325386 0.07802466303110123
0.07004983723163605 0.07531344145536423
0.06861463189125061 0.09552021324634552
0.06697984039783478 0.07166288793087006
0.06532187759876251 0.09650913625955582
0.06496112793684006 0.06632262468338013
0.06328918039798737 0.08583997189998627
0.06316331773996353 0.06422118842601776
0.06292673945426941 0.0702296793460846
0.06076015159487724 0.06942608952522278
0.0601821132004261 0.07082401216030121
0.060146164149045944 0.06801621615886688
0.05782611295580864 0.06768222153186798
0.056855808943510056 0.05856812745332718
0.0565941147506237 0.06603945791721344
0.05518835410475731 0.06797726452350616
0.05394274741411209 0.06083070486783981
0.05324859544634819 0.07194319367408752
0.051969386637210846 0.05382765829563141
0.05193040519952774 0.055895235389471054
0.04772067442536354 0.05577487125992775
