0.14760465919971466 0.14888140559196472
0.14034730195999146 0.14731118083000183
0.1379126012325287 0.13845577836036682
0.133201003074646 0.21758250892162323
0.1319129765033722 0.13218232989311218
0.1265503168106079 0.13653655350208282
0.12253575772047043 0.12290110439062119
0.12217029184103012 0.13829410076141357
0.12175270169973373 0.1431358903646469
0.11595238000154495 0.11713528633117676
0.11512002348899841 0.11876852810382843
0.11407695710659027 0.11665032804012299
0.11288823932409286 0.12116682529449463
0.11172034591436386 0.13211745023727417
0.10888194292783737 0.12135904282331467
0.10843569785356522 0.11592795699834824
0.10751646012067795 0.1125628873705864
0.10717122256755829 0.15312328934669495
0.10620997101068497 0.10660357773303986
0.10612120479345322 0.1457347869873047
0.10558583587408066 0.11748309433460236
0.10554947704076767 0.14742809534072876
0.10513684898614883 0.16011561453342438
0.10460855811834335 0.13942380249500275
0.10382156074047089 0.11320493370294571
0.10182139277458191 0.11816626042127609
0.10163703560829163 0.10252223908901215
0.1015692800283432 0.10632344335317612
0.10144113004207611 0.11608674377202988
0.10136404633522034 0.12110158056020737
0.1013379916548729 0.11058634519577026
0.10066647827625275 0.10408572852611542
0.10057579725980759 0.11883369088172913
0.10020355880260468 0.10265949368476868
0.10000599920749664 0.10954941064119339
0.09978149086236954 0.10851752758026123
0.09907101839780807 0.12140325456857681
0.09906428307294846 0.10392534732818604
0.09903708845376968 0.10234534740447998
0.09887432307004929 0.10899488627910614
0.09872434288263321 0.10633944720029831
0.09861088544130325 0.1570163518190384
0.09772694110870361 0.1227736547589302
0.09741996228694916 0.10655838996171951
0.09720966219902039 0.14946867525577545
0.09704545885324478 0.11389682441949844
0.09614335000514984 0.15092608332633972
0.0960875079035759 0.10012056678533554
0.0957164391875267 0.0999462753534317
0.09540574252605438 0.09573907405138016
0.09484036266803741 0.10117971152067184
0.09448616951704025 0.09968459606170654
0.09422428905963898 0.09988680481910706
0.09301481395959854 0.09918055683374405
0.09231162071228027 0.11427773535251617
0.09228475391864777 0.09528510272502899
0.09228435903787613 0.1037716194987297
0.09213832020759583 0.11746308952569962
0.09207557886838913 0.11982971429824829
0.09200835227966309 0.14739517867565155
0.09161672741174698 0.13540524244308472
0.09128311276435852 0.14351052045822144
0.09127935767173767 0.10430467873811722
0.09126611799001694 0.14617136120796204
0.09102331846952438 0.13257643580436707
0.08992078900337219 0.09275978803634644
0.08971496671438217 0.08972641080617905
0.08897300064563751 0.11839421093463898
0.08882122486829758 0.10688466578722
0.08771063387393951 0.09949569404125214
0.0877058282494545 0.1287982314825058
0.0874120220541954 0.10332361608743668
0.08739744126796722 0.09522508829832077
0.08721558749675751 0.08921852707862854
0.08647719770669937 0.08858048170804977
0.08637561649084091 0.11431475728750229
0.08621025830507278 0.11830254644155502
0.0861896276473999 0.12048666179180145
0.0861271470785141 0.10793013125658035
0.08603965491056442 0.09174371510744095
0.08601047843694687 0.10092289000749588
0.08566752076148987 0.11870107054710388
0.08540883660316467 0.08639031648635864
0.08537129312753677 0.13642211258411407
0.08512800931930542 0.11355412751436234
0.08500843495130539 0.09905039519071579
0.08489276468753815 0.088717021048069
0.08483333885669708 0.1401805430650711
0.08483262360095978 0.0892966017127037
0.0846378356218338 0.08540429174900055
0.08456059545278549 0.12060088664293289
0.08436066657304764 0.11143706738948822
0.0842762291431427 0.08693742752075195
0.08380529284477234 0.10289258509874344
0.0837569609284401 0.09007436037063599
0.08361981809139252 0.09679346531629562
0.08351007848978043 0.12792040407657623
0.08343822509050369 0.0889957919716835
0.08343473821878433 0.10300010442733765
0.08339514583349228 0.10388907790184021
0.08328736573457718 0.09668313711881638
0.08317704498767853 0.09655089676380157
0.08294928073883057 0.10160970687866211
0.08286277204751968 0.10791720449924469
0.08268015831708908 0.08972641080617905
0.08265778422355652 0.08616732805967331
0.08259258419275284 0.09297937154769897
0.08252069354057312 0.08949870616197586
0.08237443119287491 0.09390115737915039
0.08186392486095428 0.13313865661621094
0.081604965031147 0.08690248429775238
0.08138365298509598 0.10276716947555542
0.0812891349196434 0.09250569343566895
0.08108076453208923 0.12734392285346985
0.08073730021715164 0.12354202568531036
0.0807337537407875 0.10121754556894302
0.08066795021295547 0.08968473970890045
0.08064115047454834 0.16748566925525665
0.0805223360657692 0.09516310691833496
0.07960633188486099 0.09101255238056183
0.07947173714637756 0.08260948956012726
0.07937391102313995 0.08648331463336945
0.07929021865129471 0.09644017368555069
0.078702911734581 0.0924084261059761
0.07850562036037445 0.0910428911447525
0.07836895436048508 0.0903664156794548
0.07824685424566269 0.08478251099586487
0.07806595414876938 0.11344144493341446
0.07736732810735703 0.11418867111206055
0.07720059156417847 0.11604131013154984
0.07715857028961182 0.10283461213111877
0.07711644470691681 0.09573722630739212
0.0767558366060257 0.10143779963254929
0.07666167616844177 0.08016064018011093
0.0762910544872284 0.12086515873670578
0.07626879960298538 0.11285515129566193
0.07624160498380661 0.09679346531629562
0.0760323628783226 0.09168217331171036
0.07601695507764816 0.07819201052188873
0.0759962722659111 0.0837983563542366
0.07593005150556564 0.07899352163076401
0.07584720104932785 0.09748563915491104
0.07565856724977493 0.08096474409103394
0.07560090720653534 0.11613805592060089
0.07553680986166 0.09419302642345428
0.07542110979557037 0.09734268486499786
0.07527680695056915 0.08161092549562454
0.07520649582147598 0.08283834904432297
0.0751163586974144 0.117078498005867
0.07496554404497147 0.07510687410831451
0.07494190335273743 0.09230513870716095
0.07493218779563904 0.07612330466508865
0.0747772827744484 0.07536851614713669
0.07444962859153748 0.07501517981290817
0.07428623735904694 0.08618959784507751
0.07428393512964249 0.08315912634134293
0.07414624840021133 0.07444311678409576
0.07412826269865036 0.074636310338974
0.0738276019692421 0.08992955833673477
0.07379404455423355 0.08405596762895584
0.07364349067211151 0.16821235418319702
0.07360784709453583 0.12276565283536911
0.07330911606550217 0.07781191915273666
0.07300521433353424 0.07581748068332672
0.07294654846191406 0.07986137270927429
0.07229936867952347 0.07629913091659546
0.07226063311100006 0.08248034864664078
0.07219535112380981 0.08551805466413498
0.07202252000570297 0.08884446322917938
0.07197237759828568 0.07563217729330063
0.07158514857292175 0.07589739561080933
0.07153091579675674 0.08371200412511826
0.07125542312860489 0.08887860178947449
0.07067703455686569 0.09185898303985596
0.07047053426504135 0.07769401371479034
0.07028614729642868 0.0823163092136383
0.07027848064899445 0.0814441442489624
0.06998933106660843 0.07636500895023346
0.06965320557355881 0.13502871990203857
0.06932396441698074 0.08061307668685913
0.0692070871591568 0.08275532722473145
0.06909515708684921 0.11329904943704605
0.06891033053398132 0.072457455098629
0.06889818608760834 0.09713737666606903
0.06862035393714905 0.08137667924165726
0.06819075345993042 0.1188250184059143
0.06729457527399063 0.0737074464559555
0.06686805188655853 0.07579846680164337
0.0667799785733223 0.08402436971664429
0.06673609465360641 0.07751800864934921
0.06670926511287689 0.07258597761392593
0.06667342036962509 0.10987643152475357
0.0665602907538414 0.09532029926776886
0.06580855697393417 0.08208353072404861
0.06528079509735107 0.0829363688826561
0.06519507616758347 0.07249835878610611
0.06504696607589722 0.07946766167879105
0.06485934555530548 0.08740568161010742
0.06475710868835449 0.08231469243764877
0.06470323354005814 0.0669880136847496
0.06449760496616364 0.070772685110569
0.0643501877784729 0.07049338519573212
0.06416669487953186 0.0659361407160759
0.06409018486738205 0.0745496153831482
0.06397265195846558 0.0781516507267952
0.06345784664154053 0.06570678949356079
0.06322881579399109 0.06891799718141556
0.06302627176046371 0.06501079350709915
0.06263462454080582 0.07236532121896744
0.06243763491511345 0.06935450434684753
0.06203087419271469 0.07579929381608963
0.061846476048231125 0.06493549793958664
0.06152694672346115 0.07247088849544525
0.05994044244289398 0.06937901675701141
0.05877457931637764 0.06762546300888062
0.058522723615169525 0.06130434200167656
0.05821281298995018 0.06310364603996277
0.05663152039051056 0.07194307446479797
0.05615433678030968 0.07494916021823883
0.055742718279361725 0.05964512750506401
0.05547149106860161 0.06718766689300537
0.054593998938798904 0.06236487627029419
0.05318216606974602 0.07089382410049438
0.05282241106033325 0.061953287571668625
0.050601791590452194 0.05069323629140854
