0.26607581973075867 0.26679426431655884
0.25715506076812744 0.26308438181877136
0.22926080226898193 0.25717243552207947
0.2217756062746048 0.26342666149139404
0.21640920639038086 0.21779105067253113
0.21320107579231262 0.22322803735733032
0.21148376166820526 0.2793932855129242
0.21125036478042603 0.2146734893321991
0.21094347536563873 0.22024737298488617
0.20736993849277496 0.21354125440120697
0.20077504217624664 0.2249699980020523
0.1955009251832962 0.20060338079929352
0.19140610098838806 0.19710473716259003
0.1892511397600174 0.20427079498767853
0.18918658792972565 0.23363493382930756
0.18733082711696625 0.2226005345582962
0.18600615859031677 0.24072368443012238
0.18508784472942352 0.18872150778770447
0.18498912453651428 0.27621209621429443
0.18311579525470734 0.1922132819890976
0.18165023624897003 0.1821596622467041
0.18118612468242645 0.18442310392856598
0.17933380603790283 0.23462890088558197
0.17912660539150238 0.19517825543880463
0.17715688049793243 0.25933003425598145
0.1767323911190033 0.2157672494649887
0.17559489607810974 0.1963413655757904
0.17395739257335663 0.17572540044784546
0.17296405136585236 0.18208403885364532
0.17238473892211914 0.19674848020076752
0.1718115508556366 0.18820521235466003
0.1701136976480484 0.19759072363376617
0.16927143931388855 0.23780418932437897
0.16754937171936035 0.24195174872875214
0.16580268740653992 0.177232027053833
0.16530442237854004 0.17274469137191772
0.16518652439117432 0.20139726996421814
0.16426944732666016 0.16595280170440674
0.16356144845485687 0.2020491510629654
0.16288156807422638 0.1862611174583435
0.16185973584651947 0.18148069083690643
0.16145743429660797 0.17604990303516388
0.16065575182437897 0.19445757567882538
0.1597893387079239 0.20110782980918884
0.15920603275299072 0.28059619665145874
0.15829718112945557 0.28213807940483093
0.15551400184631348 0.2308795303106308
0.15479181706905365 0.16912373900413513
0.15404066443443298 0.21090148389339447
0.15151242911815643 0.263412207365036
0.1511189341545105 0.2702847719192505
0.15033334493637085 0.19286908209323883
0.14977197349071503 0.24479393661022186
0.14923900365829468 0.15139111876487732
0.14884771406650543 0.17063023149967194
0.14820027351379395 0.15001684427261353
0.14782893657684326 0.14804039895534515
0.14739301800727844 0.1659717559814453
0.14677779376506805 0.14963798224925995
0.14628848433494568 0.1973344385623932
0.1452120840549469 0.1455363780260086
0.14456380903720856 0.29257404804229736
0.14306719601154327 0.2817933261394501
0.14256611466407776 0.19488082826137543
0.14085760712623596 0.15591496229171753
0.1402813196182251 0.14402100443840027
0.1398247629404068 0.14447139203548431
0.13944432139396667 0.1517760157585144
0.13927032053470612 0.15228956937789917
0.13918718695640564 0.17952629923820496
0.1387917399406433 0.28151455521583557
0.1383560448884964 0.2855271100997925
0.13803939521312714 0.16395187377929688
0.13746845722198486 0.23627513647079468
0.1370728313922882 0.18615983426570892
0.13682574033737183 0.24421246349811554
0.1365322768688202 0.15109966695308685
0.13630925118923187 0.13942141830921173
0.1362365484237671 0.17938224971294403
0.1359216272830963 0.18888509273529053
0.13556617498397827 0.17016707360744476
0.13503515720367432 0.15152202546596527
0.13449054956436157 0.15278857946395874
0.1343141496181488 0.15277566015720367
0.13409045338630676 0.24435032904148102
0.13315120339393616 0.23874205350875854
0.13303066790103912 0.17434319853782654
0.13299095630645752 0.1467818319797516
0.13201108574867249 0.19725939631462097
0.1316809207201004 0.2008664906024933
0.13146497309207916 0.16136859357357025
0.13145527243614197 0.256074994802475
0.1307380348443985 0.1402779221534729
0.13066324591636658 0.14006635546684265
0.13062737882137299 0.1574755162000656
0.12961670756340027 0.13239727914333344
0.12959423661231995 0.3290387988090515
0.12938393652439117 0.1669003814458847
0.1292702853679657 0.16733337938785553
0.12914210557937622 0.13294650614261627
0.12898024916648865 0.13763085007667542
0.12860828638076782 0.13456827402114868
0.12840479612350464 0.15280891954898834
0.12829625606536865 0.15349946916103363
0.1278710514307022 0.13346566259860992
0.12769705057144165 0.14425748586654663
0.12708215415477753 0.28221938014030457
0.12656830251216888 0.13696204125881195
0.1260695904493332 0.17709052562713623
0.1257908046245575 0.13133098185062408
0.12573516368865967 0.178770512342453
0.1254362165927887 0.2986663281917572
0.12532934546470642 0.13189464807510376
0.12500976026058197 0.1718006283044815
0.12369934469461441 0.19610191881656647
0.12336352467536926 0.13668306171894073
0.12314169108867645 0.22300532460212708
0.12267984449863434 0.12850147485733032
0.12018878757953644 0.12435288727283478
0.11954570561647415 0.12857982516288757
0.11929871886968613 0.12900930643081665
0.11921347677707672 0.1347118765115738
0.11852560192346573 0.1795734465122223
0.11799459904432297 0.1415279060602188
0.11749856919050217 0.15717783570289612
0.11742153763771057 0.17608362436294556
0.1171494722366333 0.15060332417488098
0.11710219830274582 0.22400204837322235
0.11681261658668518 0.14913345873355865
0.11636541783809662 0.20732824504375458
0.11569201201200485 0.11695146560668945
0.1155293881893158 0.17142948508262634
0.11550126224756241 0.21586430072784424
0.11546128988265991 0.15001997351646423
0.11531046777963638 0.18021012842655182
0.11520692706108093 0.12486743181943893
0.11479365825653076 0.12439395487308502
0.11469803750514984 0.1565408855676651
0.11459200084209442 0.11892685294151306
0.11344857513904572 0.18879938125610352
0.11295490711927414 0.1351262927055359
0.11203345656394958 0.11456462740898132
0.1115095242857933 0.15629668533802032
0.1113385334610939 0.11875812709331512
0.11016792058944702 0.19114482402801514
0.10968967527151108 0.1198938861489296
0.10956613719463348 0.12046554684638977
0.10944738984107971 0.12853223085403442
0.10927947610616684 0.12572810053825378
0.10740373283624649 0.12294137477874756
0.10693255066871643 0.1192818209528923
0.10688245296478271 0.10752987116575241
0.10667525231838226 0.1279187947511673
0.10439924150705338 0.11839541792869568
0.10399507731199265 0.11213873326778412
0.10315269231796265 0.12256559729576111
0.10306155681610107 0.17891931533813477
0.10251107066869736 0.11129867285490036
0.10211010277271271 0.11847519129514694
0.1006375402212143 0.10349331796169281
0.10017605870962143 0.10026063024997711
0.1000392809510231 0.1089642196893692
0.09997238963842392 0.10235310345888138
0.09981463104486465 0.1008496880531311
0.09925149381160736 0.10422244668006897
0.09918880462646484 0.10360521078109741
0.09886934608221054 0.11541677266359329
0.09802310913801193 0.10066989809274673
0.09778276830911636 0.11040173470973969
0.09402338415384293 0.10763921588659286
0.09302743524312973 0.1196121796965599
0.08632753044366837 0.10613719373941422
0.0861203745007515 0.08930494636297226
0.08444869518280029 0.0854623094201088
0.08411116153001785 0.09863655269145966
0.08295252174139023 0.09952037036418915
0.07968669384717941 0.08881138265132904
