0.2573568522930145 0.2642579674720764
0.2558324933052063 0.2594546675682068
0.25467848777770996 0.2574768662452698
0.2530955374240875 0.27471795678138733
0.2519969046115875 0.254690557718277
0.16786305606365204 0.1728382110595703
0.1649186909198761 0.17256808280944824
0.16221922636032104 0.16636596620082855
0.16172824800014496 0.17746464908123016
0.16140760481357574 0.16595306992530823
0.1593516319990158 0.16514645516872406
0.15822379291057587 0.19546692073345184
0.1571761667728424 0.16382698714733124
0.15485846996307373 0.159150168299675
0.1545209139585495 0.16772741079330444
0.15445397794246674 0.15710864961147308
0.1517498642206192 0.15205641090869904
0.15063735842704773 0.15391848981380463
0.1506020724773407 0.15604712069034576
0.14689426124095917 0.15820135176181793
0.14688201248645782 0.15084445476531982
0.1452929675579071 0.15360330045223236
0.14492419362068176 0.15427593886852264
0.1443123072385788 0.15431737899780273
0.14415688812732697 0.1480138599872589
0.14389286935329437 0.16559049487113953
0.14325623214244843 0.1896679550409317
0.14165924489498138 0.1552353799343109
0.14109480381011963 0.14199180901050568
0.1406150609254837 0.1437719762325287
0.14039801061153412 0.15140457451343536
0.13989143073558807 0.16515642404556274
0.13864776492118835 0.16618096828460693
0.13856947422027588 0.14275602996349335
0.13836102187633514 0.1539141833782196
0.13823381066322327 0.1466136872768402
0.13788935542106628 0.15817084908485413
0.1373749077320099 0.14988958835601807
0.13731905817985535 0.171529158949852
0.1373058259487152 0.16565163433551788
0.13624688982963562 0.17544278502464294
0.13574577867984772 0.14463593065738678
0.13523836433887482 0.14499765634536743
0.13519436120986938 0.14876358211040497
0.13453461229801178 0.14278262853622437
0.13396111130714417 0.14013515412807465
0.13386031985282898 0.1616959124803543
0.13369886577129364 0.1694578379392624
0.1334015280008316 0.14851166307926178
0.1331178843975067 0.163273423910141
0.13293787837028503 0.1521548628807068
0.13255718350410461 0.14348262548446655
0.13236188888549805 0.13832157850265503
0.13225670158863068 0.15967126190662384
0.13220477104187012 0.1549346148967743
0.132066547870636 0.1404116153717041
0.13171051442623138 0.18330447375774384
0.13162125647068024 0.1573394536972046
0.1313101053237915 0.13742730021476746
0.13127480447292328 0.1399509459733963
0.13119389116764069 0.13666822016239166
0.1308095008134842 0.14751407504081726
0.1305951029062271 0.1351059377193451
0.13031570613384247 0.15700915455818176
0.13006334006786346 0.13476891815662384
0.12990626692771912 0.14560005068778992
0.12989197671413422 0.1583121418952942
0.12988267838954926 0.14811986684799194
0.12950097024440765 0.16564740240573883
0.1293288916349411 0.15819993615150452
0.1290324181318283 0.15177996456623077
0.12832297384738922 0.1533283293247223
0.12809689342975616 0.13999709486961365
0.12784576416015625 0.15385758876800537
0.12774664163589478 0.15160275995731354
0.1277049034833908 0.16986703872680664
0.12734892964363098 0.1746395230293274
0.12731845676898956 0.15867505967617035
0.12719690799713135 0.17129482328891754
0.12712261080741882 0.16387903690338135
0.12693631649017334 0.12742513418197632
0.1267658770084381 0.1573248952627182
0.1266469955444336 0.14913241565227509
0.12664027512073517 0.15971063077449799
0.12509769201278687 0.13686852157115936
0.12452723830938339 0.12906114757061005
0.12405416369438171 0.14451581239700317
0.12378773838281631 0.13992547988891602
0.12335750460624695 0.1303400993347168
0.12331799417734146 0.1255480796098709
0.12271434813737869 0.16715209186077118
0.12238927185535431 0.13832157850265503
0.12175413221120834 0.13248476386070251
0.12148074060678482 0.16202114522457123
0.12146828323602676 0.12820179760456085
0.1211838498711586 0.13720551133155823
0.12108886241912842 0.1549346148967743
0.12065915763378143 0.13250550627708435
0.12022630870342255 0.14471517503261566
0.12019557505846024 0.15802480280399323
0.11969488859176636 0.12850257754325867
0.11908898502588272 0.17927011847496033
0.11891906708478928 0.11944850534200668
0.11806391179561615 0.1305042952299118
0.11777045577764511 0.12099809944629669
0.1175164133310318 0.12105947732925415
0.11602532863616943 0.11694196611642838
0.11586110293865204 0.1801327019929886
0.11531689018011093 0.11684294044971466
0.11484934389591217 0.1382761299610138
0.11430840194225311 0.1622324436903
0.11420617997646332 0.1375161111354828
0.11401519179344177 0.11745381355285645
0.11163688451051712 0.126821830868721
0.11154532432556152 0.12873885035514832
0.11151664704084396 0.1736745983362198
0.1114405021071434 0.15271198749542236
0.1113383024930954 0.11988633126020432
0.11129264533519745 0.11490560322999954
0.11103659868240356 0.1270851045846939
0.11102639138698578 0.14934299886226654
0.11100051552057266 0.11233802139759064
0.11077442765235901 0.11490560322999954
0.11035925894975662 0.19442132115364075
0.11029469966888428 0.11485989391803741
0.11013387143611908 0.11510040611028671
0.10993825644254684 0.1154874786734581
0.10992830991744995 0.1473436802625656
0.1097327172756195 0.1230923980474472
0.10968568921089172 0.11274422705173492
0.10966839641332626 0.16981826722621918
0.10966456681489944 0.11591538041830063
0.10959800332784653 0.1374942809343338
0.10914391279220581 0.12562957406044006
0.10897824913263321 0.11103752255439758
0.10896320641040802 0.11504722386598587
0.10882765054702759 0.12170156836509705
0.10870564728975296 0.19543881714344025
0.10843737423419952 0.175165593624115
0.10832137614488602 0.12024684250354767
0.10811976343393326 0.13143101334571838
0.10727572441101074 0.1391320377588272
0.10721772909164429 0.10765432566404343
0.10714803636074066 0.11799751967191696
0.10660596936941147 0.1180965006351471
0.10654844343662262 0.11224163323640823
0.10644205659627914 0.11655884981155396
0.1062568873167038 0.10808588564395905
0.10614015907049179 0.1509835124015808
0.10588645190000534 0.11982332170009613
0.10557759553194046 0.14586672186851501
0.10556017607450485 0.13751286268234253
0.10524243116378784 0.12622685730457306
0.10514222830533981 0.12052441388368607
0.10438497364521027 0.1277148425579071
0.10432589054107666 0.20007634162902832
0.10401985794305801 0.1512705683708191
0.10393059253692627 0.10628963261842728
0.10357458889484406 0.11074095219373703
0.10352276265621185 0.13840757310390472
0.10333286970853806 0.10671848803758621
0.10323551297187805 0.17457520961761475
0.1031784936785698 0.10475794970989227
0.10307882726192474 0.13514132797718048
0.10275989770889282 0.11857349425554276
0.10256429761648178 0.11196182668209076
0.10246481746435165 0.10524801164865494
0.10194364190101624 0.10737020522356033
0.10187084227800369 0.1063099130988121
0.1018708124756813 0.11079121381044388
0.10176235437393188 0.10628963261842728
0.10137873142957687 0.11420217901468277
0.10074140876531601 0.10737020522356033
0.1006433516740799 0.2052658498287201
0.10050881654024124 0.1932552605867386
0.10047497600317001 0.11166882514953613
0.10034067183732986 0.11025223135948181
0.10026099532842636 0.11586523056030273
0.10010737925767899 0.11366289854049683
0.09978871047496796 0.10826773196458817
0.09959544986486435 0.12550246715545654
0.09959358721971512 0.1092141643166542
0.09921795129776001 0.1039089560508728
0.09916985780000687 0.1095518246293068
0.09903620928525925 0.12221815437078476
0.09902030229568481 0.1292048990726471
0.09893382340669632 0.12929491698741913
0.09885414689779282 0.12349734455347061
0.0988331139087677 0.12604586780071259
0.0986848697066307 0.10592447966337204
0.09846514463424683 0.10891037434339523
0.09801802039146423 0.09992706775665283
0.09775910526514053 0.13347387313842773
0.09696602821350098 0.11147770285606384
0.09686916321516037 0.11258487403392792
0.09662630409002304 0.11071041226387024
0.09657832980155945 0.11467499285936356
0.09655812382698059 0.1162426546216011
0.09625882655382156 0.09774567931890488
0.09619899094104767 0.10324829816818237
0.09609226137399673 0.13262705504894257
0.09561067819595337 0.09764079004526138
0.09541445225477219 0.12006208300590515
0.09532724320888519 0.10406163334846497
0.09531266987323761 0.12959155440330505
0.09507519006729126 0.1087002232670784
0.09469839930534363 0.11039654165506363
0.09469546377658844 0.10364314913749695
0.09460189193487167 0.11825375258922577
0.09447555989027023 0.09991239011287689
0.09430048614740372 0.15521615743637085
0.09421403706073761 0.10908686369657516
0.09400312602519989 0.0940726101398468
0.09376826137304306 0.09583064168691635
0.09310850501060486 0.11195647716522217
0.09280136972665787 0.10145312547683716
0.09243415296077728 0.10127782076597214
0.09238769114017487 0.10106304287910461
0.09223330020904541 0.11488458514213562
0.09196582436561584 0.11445534229278564
0.09165077656507492 0.11941705644130707
0.09128040820360184 0.09805681556463242
0.09127125889062881 0.10976086556911469
0.09123723208904266 0.10977914184331894
0.09115888178348541 0.11831427365541458
0.09112707525491714 0.1331896185874939
0.09090516716241837 0.11453082412481308
0.0908345952630043 0.11791352927684784
0.09006059169769287 0.11026598513126373
0.08996783941984177 0.14287348091602325
0.08954828232526779 0.1151994913816452
0.08913147449493408 0.0959283784031868
0.08851014077663422 0.10553008317947388
0.0883815661072731 0.10847436636686325
0.08723701536655426 0.10575038939714432
0.08711090683937073 0.16481445729732513
0.08709823340177536 0.11756836622953415
0.0867495983839035 0.11030226200819016
0.08610958606004715 0.08856092393398285
0.08557809889316559 0.11225926876068115
0.08508321642875671 0.10928871482610703
0.08465741574764252 0.09614409506320953
0.08459433168172836 0.10348088294267654
0.08414395153522491 0.08838604390621185
0.08301189541816711 0.1045963391661644
0.08292556554079056 0.10704319179058075
0.08143982291221619 0.08931561559438705
0.08121949434280396 0.09457937628030777
0.08086148649454117 0.11491928994655609
0.07791165262460709 0.09060356765985489
0.07739141583442688 0.0899917408823967
0.07681838423013687 0.07836727052927017
0.07678643614053726 0.09008453786373138
0.07582471519708633 0.08405368030071259
0.07464684545993805 0.11405441910028458
0.07445698231458664 0.0823960080742836
0.07386331260204315 0.0877886712551117
0.07175201177597046 0.07774045318365097
0.07165063917636871 0.09130217134952545
0.06532230973243713 0.07093749195337296
0.06509746611118317 0.07519900053739548
