0.2178221344947815 0.22604350745677948
0.16908442974090576 0.20901811122894287
0.16291217505931854 0.20427431166172028
0.16256871819496155 0.16965742409229279
0.16174888610839844 0.1649850308895111
0.15917280316352844 0.16444437205791473
0.15380579233169556 0.162563756108284
0.14936862885951996 0.15068839490413666
0.14815476536750793 0.18422801792621613
0.14812913537025452 0.1529102325439453
0.13898512721061707 0.15352559089660645
0.137898251414299 0.14272357523441315
0.13747228682041168 0.16779664158821106
0.13688373565673828 0.1544855684041977
0.13633860647678375 0.1480698436498642
0.1353158801794052 0.15542902052402496
0.1346416175365448 0.144744873046875
0.1343059241771698 0.14254958927631378
0.1334189474582672 0.14158771932125092
0.131311297416687 0.15271848440170288
0.13023443520069122 0.18352070450782776
0.1298886239528656 0.13641022145748138
0.12955033779144287 0.16079239547252655
0.12942470610141754 0.13866333663463593
0.1292719542980194 0.15540339052677155
0.1279643028974533 0.14661934971809387
0.1279432773590088 0.13611426949501038
0.1274758279323578 0.14828459918498993
0.12689851224422455 0.1415930688381195
0.12678468227386475 0.14933528006076813
0.12643247842788696 0.1372509002685547
0.1257132738828659 0.13423219323158264
0.12510648369789124 0.1581176221370697
0.1246856227517128 0.17099036276340485
0.12414511293172836 0.13935303688049316
0.12387363612651825 0.14856384694576263
0.12351006269454956 0.13076885044574738
0.12343264371156693 0.13586275279521942
0.12310551851987839 0.12351184338331223
0.12199109047651291 0.2008485347032547
0.12197958678007126 0.16017094254493713
0.12128738313913345 0.12494955211877823
0.12096309661865234 0.14845798909664154
0.12045622617006302 0.12675504386425018
0.12026555836200714 0.12526409327983856
0.12013513594865799 0.16759838163852692
0.12009795755147934 0.13935117423534393
0.11995701491832733 0.12502014636993408
0.11991994082927704 0.14064215123653412
0.11934392899274826 0.13060437142848969
0.11906477063894272 0.13236868381500244
0.11806215345859528 0.24739710986614227
0.11774732917547226 0.1749742180109024
0.11729667335748672 0.15270695090293884
0.11726080626249313 0.12515705823898315
0.11713717132806778 0.14279480278491974
0.11488087475299835 0.1605111062526703
0.11479609459638596 0.1168656125664711
0.11474210023880005 0.11893091350793839
0.11397270858287811 0.14127324521541595
0.11393198370933533 0.14154796302318573
0.1124679446220398 0.13344113528728485
0.11242295801639557 0.12361611425876617
0.11142908781766891 0.13636751472949982
0.1100163459777832 0.11464948952198029
0.10959237068891525 0.12741918861865997
0.1094055026769638 0.16061317920684814
0.1093951091170311 0.13202327489852905
0.1091836541891098 0.12131531536579132
0.10830375552177429 0.12414226680994034
0.10824470967054367 0.14323529601097107
0.10814038664102554 0.12808144092559814
0.10810606181621552 0.11309918761253357
0.10780784487724304 0.1668998897075653
0.10734684020280838 0.14157631993293762
0.10706139355897903 0.10889065265655518
0.10673660039901733 0.18588416278362274
0.10624021291732788 0.1329357922077179
0.10529777407646179 0.10659762471914291
0.10491998493671417 0.1354595422744751
0.10477583855390549 0.11023905873298645
0.1047370508313179 0.10757716745138168
0.10465134680271149 0.19137771427631378
0.10452920943498611 0.19460806250572205
0.10419410467147827 0.11637388169765472
0.10391849279403687 0.11316834390163422
0.10372275114059448 0.19052815437316895
0.10361237823963165 0.17288129031658173
0.10263662040233612 0.1802898496389389
0.10131148248910904 0.10529790073633194
0.1011505275964737 0.19781985878944397
0.1010565385222435 0.11502902954816818
0.10023608058691025 0.135337233543396
0.10005033016204834 0.11580932885408401
0.0996374562382698 0.13071760535240173
0.09942144900560379 0.11920291185379028
0.09941138327121735 0.10257012397050858
0.09916996210813522 0.21421858668327332
0.09890119731426239 0.10824063420295715
0.09856065362691879 0.11321383714675903
0.09852639585733414 0.12255915254354477
0.09828828275203705 0.13306067883968353
0.09793547540903091 0.1704714298248291
0.09771331399679184 0.12100586295127869
0.09759309142827988 0.1626884937286377
0.0975409522652626 0.13257195055484772
0.09627334028482437 0.22997477650642395
0.09571875631809235 0.1039709597826004
0.09550166130065918 0.09767792373895645
0.09514731913805008 0.12952180206775665
0.09504199773073196 0.10798324644565582
0.09449218213558197 0.10455966740846634
0.09379545599222183 0.1252201348543167
0.09359146654605865 0.1188197210431099
0.09311963617801666 0.09654455631971359
0.09290941059589386 0.10295303910970688
0.092875637114048 0.1430230587720871
0.0923820436000824 0.09880112111568451
0.09233669936656952 0.2214484065771103
0.09163805842399597 0.11070409417152405
0.09150620549917221 0.14756715297698975
0.09119302034378052 0.09483982622623444
0.09112639725208282 0.15411131083965302
0.0906868577003479 0.15147069096565247
0.09051988273859024 0.1066150888800621
0.0897645652294159 0.17632515728473663
0.08952076733112335 0.09178263694047928
0.08909311145544052 0.09333452582359314
0.08860872685909271 0.12239716947078705
0.08812250196933746 0.12070556730031967
0.0881224274635315 0.09394392371177673
0.08790804445743561 0.1703495979309082
0.08758186548948288 0.15274952352046967
0.08750734478235245 0.13001929223537445
0.08727608621120453 0.09327271580696106
0.08725930750370026 0.1574678272008896
0.08654222637414932 0.09201574325561523
0.0859762579202652 0.09941282123327255
0.0827975943684578 0.17471928894519806
0.08250277489423752 0.14566440880298615
0.08231290429830551 0.0832161158323288
0.08172188699245453 0.11274833977222443
0.08120137453079224 0.14619110524654388
0.07937023788690567 0.08841915428638458
0.07887342572212219 0.08111255615949631
0.07746965438127518 0.09835903346538544
0.07730109989643097 0.08872957527637482
0.07628923654556274 0.10889893770217896
0.0761808454990387 0.10592631995677948
0.0754656195640564 0.08845432847738266
0.07527708262205124 0.08214772492647171
0.07420340925455093 0.09007526934146881
0.07401735335588455 0.09587740153074265
0.07311814278364182 0.09008949995040894
0.07295013964176178 0.07528539001941681
0.07156358659267426 0.11056045442819595
0.070468470454216 0.07152513414621353
0.06988897919654846 0.08027570694684982
0.06833170354366302 0.07149655371904373
0.0661710649728775 0.07366853207349777
0.06300011277198792 0.0826302021741867
0.06297172605991364 0.06702876091003418
0.06269418448209763 0.09169891476631165
0.06049667298793793 0.08715126663446426
0.05880472809076309 0.07134997844696045
0.05873405188322067 0.0619376040995121
0.05803583189845085 0.0779896080493927
0.05394057556986809 0.054869260638952255
