0.5400689840316772 0.5411525368690491
0.13104310631752014 0.13314896821975708
0.12746399641036987 0.14528357982635498
0.12015858292579651 0.12393222749233246
0.11498923599720001 0.12127486616373062
0.10748277604579926 0.11338526010513306
0.09537819027900696 0.09735704958438873
0.09500643610954285 0.09906048327684402
0.09360413253307343 0.09704199433326721
0.09169425070285797 0.09204928576946259
0.09122920781373978 0.10401003062725067
0.09053902328014374 0.092353954911232
0.08999151736497879 0.1022200658917427
0.0888420045375824 0.09058371186256409
0.08876688778400421 0.12845762073993683
0.08854253590106964 0.10464709997177124
0.08796384930610657 0.11942598968744278
0.08702132105827332 0.08778180181980133
0.08650483936071396 0.08792044967412949
0.08594117313623428 0.1403168886899948
0.08584482222795486 0.08776620775461197
0.08564846962690353 0.15320737659931183
0.08548664301633835 0.10082421451807022
0.08519792556762695 0.08617152273654938
0.08486942946910858 0.09550401568412781
0.08437107503414154 0.08769983798265457
0.08427119255065918 0.08522201329469681
0.0836143046617508 0.08488357067108154
0.08225420117378235 0.10362367331981659
0.0813613086938858 0.0885903462767601
0.08132242411375046 0.11061493307352066
0.08075998723506927 0.09523040056228638
0.07990024983882904 0.0899820625782013
0.07976933568716049 0.08947286754846573
0.07846744358539581 0.08503852784633636
0.0783546194434166 0.12132824957370758
0.07819347083568573 0.12518057227134705
0.07815750688314438 0.09100423008203506
0.07708731293678284 0.07861468195915222
0.07661833614110947 0.10856299847364426
0.07591024041175842 0.0966436117887497
0.07456061244010925 0.08523687720298767
0.0739285871386528 0.07723800092935562
0.0736972987651825 0.0979764387011528
0.07361146062612534 0.08151766657829285
0.0735318586230278 0.07823337614536285
0.07341430336236954 0.08065371215343475
0.07274413108825684 0.13628824055194855
0.07219025492668152 0.12081646174192429
0.0721525177359581 0.08359783887863159
0.0718257948756218 0.07389576733112335
0.07181305438280106 0.07626097649335861
0.07169875502586365 0.07211676239967346
0.07029404491186142 0.15697933733463287
0.07019350677728653 0.07051443308591843
0.07016413658857346 0.08490236848592758
0.06959771364927292 0.09167835861444473
0.06952206790447235 0.08515387028455734
0.06909149140119553 0.10512424260377884
0.06894116848707199 0.08802227675914764
0.06837984919548035 0.08267144113779068
0.0682397112250328 0.09070819616317749
0.06717494875192642 0.10285748541355133
0.06703562289476395 0.09017162024974823
0.0669536367058754 0.09010475873947144
0.0659637302160263 0.06892716139554977
0.06588321924209595 0.10236833989620209
0.0654488354921341 0.137826070189476
0.06531018763780594 0.10582847893238068
0.06508346647024155 0.07103177160024643
0.06492885947227478 0.08387605100870132
0.06476551294326782 0.11574164032936096
0.06408809125423431 0.08563699573278427
0.06403359770774841 0.07903869450092316
0.06341435760259628 0.06855767965316772
0.06331509351730347 0.10898841917514801
0.06298080086708069 0.08438365906476974
0.06271236389875412 0.07647030800580978
0.06258221715688705 0.1056504175066948
0.062386106699705124 0.07479110360145569
0.06106148660182953 0.07677601277828217
0.060982443392276764 0.06924956291913986
0.060946930199861526 0.07361417263746262
0.060856692492961884 0.0662153884768486
0.06064530462026596 0.06139238178730011
0.059950090944767 0.06044153869152069
0.05965747311711311 0.0757874995470047
0.05934431403875351 0.06401435285806656
0.059286847710609436 0.07981119304895401
0.05902064964175224 0.06305645406246185
0.05876632779836655 0.08044464886188507
0.0587126761674881 0.08297191560268402
0.05858336761593819 0.10773502290248871
0.058295294642448425 0.06510652601718903
0.058085743337869644 0.06581240147352219
0.05802604928612709 0.062072981148958206
0.05752355605363846 0.06745871156454086
0.05741484463214874 0.06750085949897766
0.05739029869437218 0.05846202373504639
0.05733954906463623 0.06251631677150726
0.05732683464884758 0.06366204470396042
0.05732663720846176 0.0673309862613678
0.056541528552770615 0.06353947520256042
0.056539081037044525 0.057840485125780106
0.05574261397123337 0.06734305620193481
0.05530888959765434 0.06840524822473526
0.05466729402542114 0.05476440116763115
0.05464327335357666 0.1183043122291565
0.05455152317881584 0.06045295670628548
0.0545131154358387 0.07646863907575607
0.05446979030966759 0.06380315124988556
0.05414919927716255 0.0616445317864418
0.05405820161104202 0.060377102345228195
0.053929124027490616 0.07578805088996887
0.053648706525564194 0.06546987593173981
0.05356983840465546 0.05932638421654701
0.05342460796236992 0.05572066083550453
0.05306015908718109 0.06154085695743561
0.05281323939561844 0.052870288491249084
0.05279845371842384 0.05871707201004028
0.0525246188044548 0.05675867199897766
0.05201007053256035 0.05572066083550453
0.051678963005542755 0.06980932503938675
0.051658764481544495 0.05520821735262871
0.05165041238069534 0.06906381249427795
0.05134470760822296 0.05624077096581459
0.05119236931204796 0.06329703330993652
0.050701748579740524 0.050995584577322006
0.05066230893135071 0.06182684004306793
0.050638310611248016 0.06778143346309662
0.050348810851573944 0.058802228420972824
0.04992629587650299 0.05317702516913414
0.049523841589689255 0.06758686155080795
0.049390681087970734 0.0521712563931942
0.049165643751621246 0.0552973598241806
0.048598647117614746 0.0509682260453701
0.048409368842840195 0.051105987280607224
0.047494076192379 0.05624077096581459
0.04743349179625511 0.056589264422655106
0.04731148108839989 0.058023374527692795
0.047209594398736954 0.04785960167646408
0.047067392617464066 0.049954578280448914
0.04705366492271423 0.04962578043341637
0.04697856307029724 0.049535222351551056
0.04676081985235214 0.05417215824127197
0.04638075456023216 0.0607784129679203
0.042642585933208466 0.042972393333911896
0.04243544116616249 0.048113517463207245
0.04012058302760124 0.041462987661361694
0.038507260382175446 0.03960074484348297
