0.21696625649929047 0.22037287056446075
0.19696810841560364 0.19947509467601776
0.18108488619327545 0.19510045647621155
0.17885233461856842 0.19061949849128723
0.1728481650352478 0.17810623347759247
0.1702059805393219 0.17629148066043854
0.17012722790241241 0.17187774181365967
0.1698475480079651 0.1836293637752533
0.16796082258224487 0.17726649343967438
0.16757997870445251 0.18540725111961365
0.16736453771591187 0.17391517758369446
0.16576550900936127 0.1730179637670517
0.1652829945087433 0.1744573712348938
0.16510452330112457 0.17613424360752106
0.16498702764511108 0.17939318716526031
0.16423752903938293 0.18141359090805054
0.16408328711986542 0.16797730326652527
0.16380509734153748 0.18892493844032288
0.16374635696411133 0.16427771747112274
0.16358885169029236 0.1765572428703308
0.16348683834075928 0.1818038523197174
0.1634017676115036 0.17459389567375183
0.16306965053081512 0.18504098057746887
0.16258101165294647 0.1690739095211029
0.16235022246837616 0.17943927645683289
0.1621619164943695 0.16614961624145508
0.16191081702709198 0.1723141074180603
0.161831334233284 0.17073401808738708
0.15802396833896637 0.17527024447917938
0.15527713298797607 0.16829383373260498
0.15301261842250824 0.15718865394592285
0.1474609225988388 0.15103726089000702
0.14648355543613434 0.1746090054512024
0.14641667902469635 0.15391620993614197
0.14483876526355743 0.15118631720542908
0.14243647456169128 0.16761894524097443
0.13987787067890167 0.14491967856884003
0.13822445273399353 0.14563484489917755
0.1362604945898056 0.16416820883750916
0.13489408791065216 0.18363486230373383
0.13277758657932281 0.14448554813861847
0.13219459354877472 0.13574370741844177
0.12907254695892334 0.1513562798500061
0.1288428157567978 0.20398291945457458
0.12588897347450256 0.18217547237873077
0.12570630013942719 0.14313602447509766
0.12506143748760223 0.13063006103038788
0.12192095816135406 0.18232186138629913
0.12131094187498093 0.13078323006629944
0.12119049578905106 0.14528818428516388
0.12090742588043213 0.16635224223136902
0.11886592954397202 0.121365986764431
0.1187797412276268 0.13372716307640076
0.1186424121260643 0.166851207613945
0.11836688965559006 0.17752662301063538
0.11820418387651443 0.130331352353096
0.11776795238256454 0.11832384020090103
0.11770016700029373 0.14722958207130432
0.11763598769903183 0.12229679524898529
0.11488007009029388 0.121328204870224
0.11447355151176453 0.11624413728713989
0.1144353449344635 0.13687972724437714
0.11354450136423111 0.11699213832616806
0.11350919306278229 0.17729203402996063
0.11309224367141724 0.13206593692302704
0.11186712980270386 0.11931705474853516
0.11184180527925491 0.12812721729278564
0.11039505898952484 0.18190941214561462
0.10974369943141937 0.11814002692699432
0.10973698645830154 0.1165376827120781
0.10924030095338821 0.11485490947961807
0.10919249802827835 0.18141359090805054
0.10873618721961975 0.12910206615924835
0.10845993459224701 0.16797730326652527
0.10828889161348343 0.13566303253173828
0.10828343778848648 0.11643878370523453
0.10783078521490097 0.11750893294811249
0.10768523067235947 0.12412356585264206
0.10747653245925903 0.12271583825349808
0.10740743577480316 0.12092061340808868
0.1073760837316513 0.14938417077064514
0.10723736137151718 0.18691255152225494
0.10720805823802948 0.14168822765350342
0.10670171678066254 0.10800768435001373
0.10650967806577682 0.12352707982063293
0.10593228042125702 0.20112119615077972
0.10523553937673569 0.10964503884315491
0.10520736128091812 0.12451481819152832
0.1049724817276001 0.12012321501970291
0.10486284643411636 0.1903178095817566
0.10457509011030197 0.11840517073869705
0.10447576642036438 0.1399145871400833
0.10437750071287155 0.10511410981416702
0.10432469844818115 0.10826636105775833
0.10414718091487885 0.17215411365032196
0.10360637307167053 0.13282740116119385
0.10344548523426056 0.1253354251384735
0.10281496495008469 0.11724424362182617
0.10212577879428864 0.1370553821325302
0.10201414674520493 0.12423863261938095
0.10121281445026398 0.10276995599269867
0.1010974571108818 0.17377613484859467
0.10094588249921799 0.10628834366798401
0.10090183466672897 0.102640300989151
0.10086141526699066 0.12221669405698776
0.1003023311495781 0.1159503385424614
0.10022450983524323 0.1494758427143097
0.09960713982582092 0.10432940721511841
0.09929101914167404 0.09978403896093369
0.09879865497350693 0.10352778434753418
0.09831961989402771 0.11657793074846268
0.09829472750425339 0.10007847845554352
0.09752067923545837 0.10639797151088715
0.09683618694543839 0.11365017294883728
0.09665790945291519 0.12026399374008179
0.09660422801971436 0.10223095864057541
0.09603522717952728 0.10276995599269867
0.09473873674869537 0.12963882088661194
0.09459029138088226 0.17104481160640717
0.09416793286800385 0.12165282666683197
0.09360180050134659 0.11912845075130463
0.09349609911441803 0.17841622233390808
0.09339244663715363 0.12820249795913696
0.093260757625103 0.09405529499053955
0.09278236329555511 0.10582461208105087
0.09256551414728165 0.11134986579418182
0.0922851711511612 0.10148432105779648
0.09210455417633057 0.10575877875089645
0.09203214198350906 0.14819712936878204
0.0914677157998085 0.10095202922821045
0.0913921371102333 0.1336708813905716
0.09087025374174118 0.11441376060247421
0.09076792746782303 0.1340598315000534
0.09065867960453033 0.12147347629070282
0.08929838985204697 0.09043774008750916
0.08926571160554886 0.14801286160945892
0.08921292424201965 0.13968360424041748
0.0888877883553505 0.09719773381948471
0.08880926668643951 0.13047534227371216
0.08875035494565964 0.08877697587013245
0.08869492262601852 0.1467680186033249
0.08793554455041885 0.1190497875213623
0.08789552748203278 0.09488062560558319
0.08755172789096832 0.09817241877317429
0.08726323395967484 0.09018826484680176
0.08672156929969788 0.17024138569831848
0.08666351437568665 0.08829052746295929
0.08642516285181046 0.11528465151786804
0.08629272878170013 0.09510800987482071
0.08606404066085815 0.12289246916770935
0.08541271835565567 0.15008333325386047
0.08493132889270782 0.10320325195789337
0.08492094278335571 0.10780853033065796
0.08447249978780746 0.09233512729406357
0.08441125601530075 0.11535518616437912
0.0842554122209549 0.09745219349861145
0.08362889289855957 0.10198266059160233
0.08350271731615067 0.08414198458194733
0.0831492468714714 0.08510641753673553
0.08298791944980621 0.10570985078811646
0.08240398019552231 0.1388683021068573
0.08180344104766846 0.1054135262966156
0.0814596489071846 0.0916614904999733
0.08108839392662048 0.10258237272500992
0.08079660683870316 0.08800915628671646
0.08060991764068604 0.0855826884508133
0.08059985190629959 0.1451086848974228
0.08033420890569687 0.08116428554058075
0.07952729612588882 0.08888444304466248
0.07939758896827698 0.08126755803823471
0.0784073919057846 0.1626284271478653
0.07797950506210327 0.08512788265943527
0.07769116759300232 0.09670168161392212
0.07716085016727448 0.07912884652614594
0.07610160112380981 0.098543182015419
0.07545851171016693 0.08586813509464264
0.07542192190885544 0.13704653084278107
0.07476948946714401 0.0814797580242157
0.07469094544649124 0.07841439545154572
0.07469023019075394 0.09399810433387756
0.07405129075050354 0.08479174971580505
0.07381784915924072 0.0926780104637146
0.07359323650598526 0.11409933865070343
0.0728803500533104 0.07852830737829208
0.07219486683607101 0.08107340335845947
0.07173357158899307 0.09411520510911942
0.07158906757831573 0.0787714496254921
0.07145828753709793 0.12700700759887695
0.07142502069473267 0.09358877688646317
0.07131922245025635 0.07136257737874985
0.07071614265441895 0.10981786251068115
0.07068908959627151 0.08871394395828247
0.07006047666072845 0.07289043068885803
0.06978556513786316 0.0723424106836319
0.06940238922834396 0.07903076708316803
0.0690758228302002 0.07646406441926956
0.0689290463924408 0.06962992250919342
0.06875194609165192 0.08041328936815262
0.06865084171295166 0.0713425949215889
0.06780026108026505 0.07541660964488983
0.06726249307394028 0.08087421208620071
0.0652281641960144 0.07336972653865814
0.061576154083013535 0.08398810774087906
0.06138968840241432 0.07129495590925217
0.06107892096042633 0.06274618208408356
0.05911024659872055 0.0601390078663826
0.058526892215013504 0.0702144056558609
0.0570639967918396 0.07440657168626785
0.05630967393517494 0.07246782630681992
0.05623519420623779 0.057665787637233734
0.05508154258131981 0.07057654112577438
0.053859908133745193 0.0601390078663826
0.04793274402618408 0.05456170067191124
