0.258029580116272 0.2602558732032776
0.2569049596786499 0.27926069498062134
0.2424919754266739 0.25024154782295227
0.2401065081357956 0.2951701581478119
0.23724497854709625 0.2475241720676422
0.22451993823051453 0.24089454114437103
0.22396954894065857 0.25321826338768005
0.22161050140857697 0.22287550568580627
0.22156137228012085 0.22576361894607544
0.2208128422498703 0.35986223816871643
0.21814373135566711 0.37364858388900757
0.21688729524612427 0.24044764041900635
0.21612872183322906 0.22848111391067505
0.2132667601108551 0.2260873168706894
0.2114126980304718 0.2784888446331024
0.2101570963859558 0.21919704973697662
0.20992319285869598 0.21458680927753448
0.20951764285564423 0.22147628664970398
0.20863108336925507 0.22815772891044617
0.20717547833919525 0.2526519298553467
0.20649127662181854 0.2247738093137741
0.20376691222190857 0.27325934171676636
0.20332296192646027 0.2316894382238388
0.20189712941646576 0.23388811945915222
0.20158939063549042 0.30193081498146057
0.201369509100914 0.27010995149612427
0.19969847798347473 0.3177986443042755
0.19926351308822632 0.2082376331090927
0.19767318665981293 0.2188549041748047
0.195051372051239 0.19566428661346436
0.19497351348400116 0.20052781701087952
0.19396494328975677 0.19792182743549347
0.19381991028785706 0.24182404577732086
0.19341009855270386 0.20013399422168732
0.19272059202194214 0.20672956109046936
0.19120749831199646 0.22446490824222565
0.19091276824474335 0.20587942004203796
0.19084136188030243 0.19832547008991241
0.19030554592609406 0.3030067980289459
0.18984225392341614 0.21371717751026154
0.18938517570495605 0.19506973028182983
0.18755526840686798 0.21737037599086761
0.18702279031276703 0.2138708531856537
0.1867397427558899 0.2810409665107727
0.1857713758945465 0.2020256668329239
0.18556581437587738 0.22013364732265472
0.18493705987930298 0.2759658396244049
0.1848708987236023 0.23648971319198608
0.1847420036792755 0.18894228339195251
0.1846655160188675 0.24840371310710907
0.18366868793964386 0.19209307432174683
0.18360795080661774 0.23119387030601501
0.1834813803434372 0.19888152182102203
0.18198731541633606 0.20357491075992584
0.1815144419670105 0.19355954229831696
0.18047448992729187 0.1990695744752884
0.18044929206371307 0.2003236562013626
0.17925040423870087 0.2198057919740677
0.1779780238866806 0.27353113889694214
0.1774592399597168 0.18601219356060028
0.17492423951625824 0.18937020003795624
0.17440298199653625 0.23095464706420898
0.17372708022594452 0.23588137328624725
0.17350345849990845 0.17354366183280945
0.1734720766544342 0.24047143757343292
0.17333121597766876 0.2166723757982254
0.17325201630592346 0.24657443165779114
0.17302721738815308 0.2664759159088135
0.17281773686408997 0.17964790761470795
0.17224028706550598 0.18925778567790985
0.17166873812675476 0.20694440603256226
0.1714688092470169 0.18236121535301208
0.17106759548187256 0.20121259987354279
0.1708146035671234 0.293599009513855
0.1702757030725479 0.17700393497943878
0.16922757029533386 0.2545517385005951
0.1690291315317154 0.1977645754814148
0.1681462675333023 0.20472469925880432
0.1681116819381714 0.1692129522562027
0.16673797369003296 0.2667381167411804
0.16659420728683472 0.18035531044006348
0.16659103333950043 0.2478765994310379
0.16645608842372894 0.1741437166929245
0.16599607467651367 0.18721865117549896
0.1652909517288208 0.1715463548898697
0.16441036760807037 0.1956513375043869
0.16397704184055328 0.23033370077610016
0.16384485363960266 0.2126530259847641
0.16356214880943298 0.18372584879398346
0.1632763296365738 0.30269110202789307
0.16309024393558502 0.28519973158836365
0.16287879645824432 0.2214049994945526
0.16230906546115875 0.1813185214996338
0.16186898946762085 0.2097143530845642
0.1598089337348938 0.2063489705324173
0.1585782915353775 0.1724768579006195
0.15799450874328613 0.3532647490501404
0.15785211324691772 0.16231350600719452
0.15648971498012543 0.19107714295387268
0.1558550000190735 0.2206859290599823
0.1558413803577423 0.20841644704341888
0.15557068586349487 0.15633200109004974
0.15538384020328522 0.24880653619766235
0.15518704056739807 0.22324129939079285
0.15494267642498016 0.16321365535259247
0.15465350449085236 0.16090956330299377
0.15432283282279968 0.2357693463563919
0.1541367918252945 0.24434173107147217
0.15385037660598755 0.34295085072517395
0.15384063124656677 0.16829445958137512
0.15380482375621796 0.1763104945421219
0.1528068333864212 0.1719144731760025
0.15258736908435822 0.18917424976825714
0.1518913060426712 0.16027621924877167
0.15155690908432007 0.16756804287433624
0.15142890810966492 0.2732274830341339
0.15119145810604095 0.16409069299697876
0.15022914111614227 0.46488434076309204
0.14985205233097076 0.2567209005355835
0.14948993921279907 0.23941144347190857
0.14887993037700653 0.33883658051490784
0.14766104519367218 0.15351392328739166
0.14713069796562195 0.15755921602249146
0.14652441442012787 0.14668525755405426
0.14621637761592865 0.25526222586631775
0.14587923884391785 0.15244612097740173
0.14486046135425568 0.1502215713262558
0.1434936374425888 0.18232987821102142
0.14264455437660217 0.14803406596183777
0.14217591285705566 0.14995744824409485
0.14215247333049774 0.16094182431697845
0.14118675887584686 0.2037525773048401
0.1400296688079834 0.15530872344970703
0.1392355114221573 0.1633005142211914
0.1389114111661911 0.14012835919857025
0.1385490894317627 0.14679132401943207
0.13852354884147644 0.2376350611448288
0.13740229606628418 0.16046948730945587
0.13688741624355316 0.14294473826885223
0.13575994968414307 0.21703897416591644
0.13556602597236633 0.1685187965631485
0.13494352996349335 0.2114921361207962
0.13453926146030426 0.14262598752975464
0.13446174561977386 0.14755678176879883
0.13366137444972992 0.1670435220003128
0.13340044021606445 0.24526016414165497
0.13206519186496735 0.16195867955684662
0.13069278001785278 0.13252940773963928
0.13020312786102295 0.15355941653251648
0.1299891322851181 0.14434455335140228
0.12972943484783173 0.1627611517906189
0.12948301434516907 0.15986232459545135
0.12908118963241577 0.15985889732837677
0.1284354031085968 0.16223101317882538
0.1279633790254593 0.15206104516983032
0.12602783739566803 0.14819610118865967
0.12578032910823822 0.2089845836162567
0.1252046376466751 0.125205397605896
0.1246829479932785 0.2456434965133667
0.12459030002355576 0.13466398417949677
0.12450647354125977 0.14471371471881866
0.12404783815145493 0.18351298570632935
0.12346844375133514 0.21410003304481506
0.12277750670909882 0.129863440990448
0.12119710445404053 0.12369883060455322
0.1208910122513771 0.1550929695367813
0.12069373577833176 0.14503340423107147
0.11979272216558456 0.16829903423786163
0.11891038715839386 0.1278221756219864
0.11825744807720184 0.13376988470554352
0.1181831806898117 0.1552460789680481
0.11774595826864243 0.11862001568078995
0.11744891852140427 0.13761945068836212
0.11741934716701508 0.15407802164554596
0.11593697220087051 0.16090655326843262
0.11317131668329239 0.12981899082660675
0.11276897042989731 0.11761432141065598
0.11186277866363525 0.13782577216625214
0.11133787781000137 0.1740456223487854
0.11133337765932083 0.13840119540691376
0.11115521937608719 0.11141352355480194
0.10872577875852585 0.1357307881116867
0.10736916959285736 0.11723791807889938
0.10672752559185028 0.12090127170085907
0.10664557665586472 0.10854470729827881
0.10648295283317566 0.1073082685470581
0.1060306653380394 0.12922582030296326
0.1038430780172348 0.14731943607330322
0.10336165130138397 0.10967055708169937
0.10290546715259552 0.10881145298480988
0.10208381712436676 0.1375107765197754
0.1017872616648674 0.11663353443145752
0.1011391207575798 0.10533981025218964
0.10083319991827011 0.1187804788351059
0.1005776897072792 0.10660301148891449
0.09898258000612259 0.10567602515220642
0.09702922403812408 0.09910573810338974
0.09565475583076477 0.10799915343523026
0.09562256187200546 0.1373624950647354
0.09332604706287384 0.11045259982347488
0.0915374606847763 0.09682409465312958
0.09008659422397614 0.10377319902181625
0.08599207550287247 0.12472426146268845
