0.16162997484207153 0.1630842387676239
0.15025711059570312 0.15177251398563385
0.1499251127243042 0.15169940888881683
0.14866216480731964 0.1613915115594864
0.14008356630802155 0.1478956639766693
0.13339003920555115 0.13899244368076324
0.13081009685993195 0.1373925507068634
0.1302555799484253 0.13972099125385284
0.1293947696685791 0.13487441837787628
0.12740488350391388 0.1317870020866394
0.12605568766593933 0.16147403419017792
0.12579607963562012 0.13422590494155884
0.12573981285095215 0.1332019418478012
0.12567339837551117 0.12577039003372192
0.12521623075008392 0.13112777471542358
0.12434113770723343 0.132975235581398
0.12324794381856918 0.12736473977565765
0.12260676175355911 0.14199289679527283
0.12065050005912781 0.1298474669456482
0.12061936408281326 0.16954220831394196
0.11992286890745163 0.1318741738796234
0.11989032477140427 0.1439637690782547
0.11937590688467026 0.12253451347351074
0.1179187074303627 0.1193271353840828
0.11773581057786942 0.1306641548871994
0.1171887218952179 0.13240830600261688
0.11715066432952881 0.13133862614631653
0.11699499934911728 0.12068427354097366
0.11635076254606247 0.11655253916978836
0.11598328500986099 0.12301401048898697
0.11574330925941467 0.11903595924377441
0.11457902938127518 0.12109798192977905
0.11421222984790802 0.12196561694145203
0.11334209144115448 0.13170067965984344
0.11240306496620178 0.11319614946842194
0.11163122206926346 0.11398626863956451
0.11154387891292572 0.1178629994392395
0.11144541203975677 0.13186174631118774
0.11113090068101883 0.12025384604930878
0.11075426638126373 0.1456253081560135
0.1104903444647789 0.1105915978550911
0.11044112592935562 0.11378362029790878
0.11041300743818283 0.14087185263633728
0.11006546020507812 0.11300346255302429
0.10994306951761246 0.11287690699100494
0.10977524518966675 0.12111266702413559
0.10965316742658615 0.12686315178871155
0.1095695048570633 0.11169654130935669
0.10949258506298065 0.11765652894973755
0.10900646448135376 0.10951622575521469
0.10887213051319122 0.11458443105220795
0.10825053602457047 0.132491335272789
0.10755115002393723 0.11860557645559311
0.10711046308279037 0.11682558059692383
0.10704673081636429 0.11439810693264008
0.10650873184204102 0.10733209550380707
0.10622625052928925 0.1341680884361267
0.10606948286294937 0.107439324259758
0.1059768870472908 0.15416845679283142
0.10592202842235565 0.13909387588500977
0.10572898387908936 0.11137616634368896
0.10568346828222275 0.1131526380777359
0.10548456758260727 0.12361972779035568
0.10537051409482956 0.141185462474823
0.1050553023815155 0.1122671514749527
0.10411404073238373 0.11954677104949951
0.10384474694728851 0.12185455858707428
0.10382026433944702 0.10683804750442505
0.10380326211452484 0.11936193704605103
0.10372941941022873 0.10452689230442047
0.10333291441202164 0.14035718142986298
0.10329224914312363 0.11028728634119034
0.10328913480043411 0.12464185059070587
0.10296528041362762 0.10987161844968796
0.10285018384456635 0.11051610857248306
0.10284747183322906 0.1136244460940361
0.1027696430683136 0.10332829505205154
0.10267939418554306 0.10807473957538605
0.10267230868339539 0.12124495208263397
0.10261379927396774 0.1328410506248474
0.10250928997993469 0.11003245413303375
0.10228923708200455 0.1277255266904831
0.10210081189870834 0.11273619532585144
0.10209716856479645 0.10942162573337555
0.10149229317903519 0.10977305471897125
0.10118218511343002 0.11844045668840408
0.10097821801900864 0.10349787771701813
0.10085772722959518 0.10940925031900406
0.10077659040689468 0.11360559612512589
0.10077214986085892 0.10561705380678177
0.10070214420557022 0.14080758392810822
0.1006382629275322 0.15911957621574402
0.10046499967575073 0.1147962138056755
0.10043148696422577 0.11105818301439285
0.1004309356212616 0.13693580031394958
0.10035987198352814 0.12163916230201721
0.1002805307507515 0.16245371103286743
0.10027175396680832 0.1169397309422493
0.10017407685518265 0.11794396489858627
0.10007008910179138 0.12265637516975403
0.10004037618637085 0.11609461903572083
0.09986550360918045 0.135386124253273
0.09973858296871185 0.10943464189767838
0.099521704018116 0.10079006105661392
0.09943246841430664 0.11181944608688354
0.09938362240791321 0.11835164576768875
0.09919583797454834 0.1128903180360794
0.09915041923522949 0.10309567302465439
0.09894271194934845 0.11292102187871933
0.0988958403468132 0.11683523654937744
0.0988662913441658 0.11412692070007324
0.09879626333713531 0.10964351892471313
0.09876114875078201 0.12699924409389496
0.09854706376791 0.11325233429670334
0.09846193343400955 0.1176641434431076
0.09838760644197464 0.11778181791305542
0.0981258749961853 0.12707805633544922
0.0979093462228775 0.1120283231139183
0.09755679219961166 0.13104064762592316
0.09727898240089417 0.14040249586105347
0.09678936749696732 0.15571562945842743
0.09608577191829681 0.10269494354724884
0.09600257873535156 0.09881246834993362
0.09581700712442398 0.16709113121032715
0.09523653239011765 0.11402474343776703
0.09452810138463974 0.13805879652500153
0.09420116245746613 0.11989355087280273
0.0937882512807846 0.10686827450990677
0.09371629357337952 0.14033465087413788
0.09358766674995422 0.11703474819660187
0.09354553371667862 0.1349511593580246
0.09351015090942383 0.13170067965984344
0.09309396147727966 0.09492696076631546
0.09301657974720001 0.13374818861484528
0.0927300825715065 0.13506920635700226
0.09263332188129425 0.09494100511074066
0.09234420955181122 0.10352334380149841
0.09192242473363876 0.10457123070955276
0.09162427484989166 0.14959335327148438
0.09131411463022232 0.09494354575872421
0.09129165858030319 0.1142544373869896
0.09111187607049942 0.10977305471897125
0.09094274044036865 0.10832345485687256
0.09092643111944199 0.11090242862701416
0.09022097289562225 0.09887135028839111
0.0901181772351265 0.11579146981239319
0.0891248881816864 0.11084260791540146
0.08908690512180328 0.10146535933017731
0.08901187032461166 0.13546478748321533
0.08880331367254257 0.13444164395332336
0.08880040049552917 0.09779681265354156
0.08799423277378082 0.13005951046943665
0.08793006092309952 0.17203935980796814
0.08761775493621826 0.11171377450227737
0.08733293414115906 0.1275157779455185
0.08719291538000107 0.14380094408988953
0.08708861470222473 0.10170178860425949
0.08690118044614792 0.0882553830742836
0.08665856719017029 0.09486113488674164
0.08630701154470444 0.10559339076280594
0.08626580983400345 0.1290198266506195
0.0861244723200798 0.08650857955217361
0.0861111432313919 0.08659690618515015
0.08605288714170456 0.08675778657197952
0.08578449487686157 0.13318853080272675
0.08573772013187408 0.10157375782728195
0.0857144445180893 0.11866644769906998
0.08561770617961884 0.11528678983449936
0.08491135388612747 0.09405350685119629
0.08482207357883453 0.085527703166008
0.084714375436306 0.08965804427862167
0.08399688452482224 0.09931109100580215
0.08361370116472244 0.09324626624584198
0.08319278806447983 0.08670002222061157
0.08306017518043518 0.08716652542352676
0.08250898122787476 0.08840187638998032
0.08230642229318619 0.08356697857379913
0.0821024551987648 0.08623981475830078
0.08168309926986694 0.13254740834236145
0.08163190633058548 0.11004786938428879
0.08149246871471405 0.14656004309654236
0.08133476227521896 0.08940303325653076
0.08124049752950668 0.09391295909881592
0.08070069551467896 0.09816548973321915
0.0799025446176529 0.08321099728345871
0.07961435616016388 0.08834560215473175
0.07940837740898132 0.10323479771614075
0.07928407192230225 0.08221627026796341
0.07910341024398804 0.08675778657197952
0.07878100126981735 0.09028211981058121
0.07871191203594208 0.0840998962521553
0.07855191826820374 0.08978909254074097
0.07852134853601456 0.08741075545549393
0.07841566205024719 0.11500385403633118
0.07834102213382721 0.0830468162894249
0.07814249396324158 0.1211409866809845
0.07810093462467194 0.11494956165552139
0.07782558351755142 0.1074112057685852
0.07767905294895172 0.08623810112476349
0.0765177384018898 0.07874015718698502
0.07649785280227661 0.08826863765716553
0.07564730942249298 0.07648076117038727
0.07532467693090439 0.07810258865356445
0.07504257559776306 0.08965938538312912
0.07491658627986908 0.08854857087135315
0.07445430010557175 0.08874719589948654
0.07430712133646011 0.0934685468673706
0.0736432746052742 0.08492527157068253
0.07301021367311478 0.08045393973588943
0.07247675955295563 0.07812853902578354
0.07242981344461441 0.10430480539798737
0.0723414197564125 0.08311830461025238
0.07161687314510345 0.08067506551742554
0.07133225351572037 0.07457273453474045
0.07126663625240326 0.08006134629249573
0.07118286192417145 0.0912160575389862
0.07087386399507523 0.07176753133535385
0.07019531726837158 0.0738958865404129
0.07010974735021591 0.08885054290294647
0.07007540017366409 0.07264748960733414
0.06982851028442383 0.07531686127185822
0.06975062191486359 0.0757674127817154
0.06943263113498688 0.07661687582731247
0.06933972984552383 0.07884562015533447
0.06933501362800598 0.08751039952039719
0.06927024573087692 0.07790740579366684
0.06919533759355545 0.09045594185590744
0.06903832405805588 0.08883453905582428
0.06898772716522217 0.07182633876800537
0.06851725280284882 0.07751280069351196
0.06849321722984314 0.07816478610038757
0.06827831268310547 0.07792586833238602
0.06823353469371796 0.08051101118326187
0.06761404126882553 0.07184431701898575
0.0672885924577713 0.07505543529987335
0.06708947569131851 0.08103452622890472
0.06699104607105255 0.07776495814323425
0.066727414727211 0.08544348925352097
0.06640316545963287 0.07871738821268082
0.06638075411319733 0.07896225154399872
0.06599392741918564 0.07878749072551727
0.06564776599407196 0.06788431107997894
0.06513980031013489 0.07101109623908997
0.06465072184801102 0.07593702524900436
0.06453020125627518 0.07673541456460953
0.0643499493598938 0.0868338793516159
0.06242500990629196 0.07736506313085556
0.0593993104994297 0.06509872525930405
0.05812886729836464 0.07306937128305435
0.057884905487298965 0.06234734505414963
0.057782258838415146 0.07899795472621918
0.05510330945253372 0.06696498394012451
0.054289571940898895 0.056269336491823196
0.05421159043908119 0.06643073260784149
