0.14680558443069458 0.14766068756580353
0.12792184948921204 0.15113671123981476
0.11054195463657379 0.11106438934803009
0.10869969427585602 0.11154009401798248
0.10773159563541412 0.1171485185623169
0.09129626303911209 0.1100439727306366
0.08971299976110458 0.09935850650072098
0.08955933898687363 0.1016787439584732
0.08947974443435669 0.11003176122903824
0.08859871327877045 0.08860911428928375
0.08841827511787415 0.09598635137081146
0.08801673352718353 0.09763967990875244
0.08798584342002869 0.10040972381830215
0.08768078684806824 0.09178923070430756
0.08761242032051086 0.095535047352314
0.08716395497322083 0.0909375324845314
0.08714000135660172 0.11315418034791946
0.08659222722053528 0.09728540480136871
0.08540334552526474 0.08718615025281906
0.0841948464512825 0.10044608265161514
0.08358332514762878 0.10462167859077454
0.08337152749300003 0.08496387302875519
0.08324462175369263 0.11707654595375061
0.08293172717094421 0.11731172353029251
0.08155980706214905 0.08223816752433777
0.08142358064651489 0.09015495330095291
0.08101846277713776 0.11738869547843933
0.08083964884281158 0.09282223135232925
0.08080209046602249 0.08539257943630219
0.08061949908733368 0.09647244215011597
0.08027426153421402 0.0885065421462059
0.07967143505811691 0.08113793283700943
0.07952959090471268 0.08527308702468872
0.07925225794315338 0.09123106300830841
0.07785965502262115 0.08586026728153229
0.07734081149101257 0.08307598531246185
0.07728970050811768 0.11198952049016953
0.07698268443346024 0.08137639611959457
0.0753374770283699 0.1250806301832199
0.07530628144741058 0.10394309461116791
0.07374981790781021 0.07885821908712387
0.07374948263168335 0.07802704721689224
0.07195193320512772 0.0733024924993515
0.07120122015476227 0.09953515976667404
0.0710272267460823 0.07650177925825119
0.06974010914564133 0.1053968146443367
0.06812198460102081 0.06963308900594711
0.06788557767868042 0.07301241904497147
0.06683027744293213 0.10132892429828644
0.06663089990615845 0.07297507673501968
0.066472128033638 0.07975347340106964
0.06645353138446808 0.06992553919553757
0.06586770713329315 0.1162383109331131
0.06535345315933228 0.09876148402690887
0.06521454453468323 0.0685494989156723
0.06508336961269379 0.06759276986122131
0.06487759202718735 0.10826227068901062
0.06427425146102905 0.07453672587871552
0.06376434117555618 0.10410836338996887
0.06304760277271271 0.06459817290306091
0.06294423341751099 0.07201705127954483
0.06278525292873383 0.134269118309021
0.06241104006767273 0.10368058830499649
0.061815354973077774 0.06591764092445374
0.061692893505096436 0.06893155723810196
0.061498820781707764 0.07530466467142105
0.0612994022667408 0.11589492857456207
0.06101762503385544 0.0884314551949501
0.06006631255149841 0.0646803081035614
0.05984845384955406 0.06589486449956894
0.05878246948122978 0.07867558300495148
0.05868091061711311 0.06179185211658478
0.05845557153224945 0.06318087130784988
0.057816386222839355 0.058714672923088074
0.057812001556158066 0.06353843212127686
0.05742296576499939 0.08314385265111923
0.05740730091929436 0.092280313372612
0.056981928646564484 0.06718432158231735
0.056892476975917816 0.09009341895580292
0.056773677468299866 0.06254956126213074
0.05614624172449112 0.06551791727542877
0.055962562561035156 0.07664839178323746
0.05582081526517868 0.0802050232887268
0.05562813580036163 0.059842634946107864
0.0553164929151535 0.08307719975709915
0.055250898003578186 0.07489202916622162
0.05522969737648964 0.06412608921527863
0.05505787953734398 0.08344705402851105
0.054753176867961884 0.06266079097986221
0.05469362065196037 0.05501093342900276
0.05465879291296005 0.07856422662734985
0.054516054689884186 0.06019414961338043
0.05436031147837639 0.0689360722899437
0.05431681126356125 0.05843368172645569
0.05427099019289017 0.09438633918762207
0.054168518632650375 0.12871813774108887
0.05407528951764107 0.05588224530220032
0.05397925153374672 0.07763893157243729
0.053914930671453476 0.07214637845754623
0.05354718863964081 0.08345142006874084
0.05336463078856468 0.06685187667608261
0.052814263850450516 0.061021044850349426
0.052466172724962234 0.05621633306145668
0.05242479592561722 0.07770586013793945
0.05241170525550842 0.0780487135052681
0.05232369154691696 0.07469743490219116
0.05208764225244522 0.0893125981092453
0.051949892193078995 0.06857504695653915
0.05194221809506416 0.05835532024502754
0.05179082602262497 0.08611702919006348
0.05172964185476303 0.07295014709234238
0.0515180304646492 0.08068760484457016
0.0514812171459198 0.07815738767385483
0.051298197358846664 0.055257830768823624
0.05114351212978363 0.051547981798648834
0.05110305920243263 0.0630568191409111
0.05100664868950844 0.053466323763132095
0.05094161257147789 0.07520022988319397
0.050757840275764465 0.054573435336351395
0.050526391714811325 0.08006531745195389
0.05048207566142082 0.05333263427019119
0.05009547993540764 0.05379124730825424
0.04916715994477272 0.07472174614667892
0.049152176827192307 0.05855681002140045
0.04855040833353996 0.057012517005205154
0.048409830778837204 0.14610740542411804
0.047833483666181564 0.051209211349487305
0.04779532551765442 0.050234466791152954
0.04711581766605377 0.05241262912750244
0.046794503927230835 0.04954912140965462
0.04627835750579834 0.04765820875763893
0.04591637849807739 0.050524722784757614
0.04574621468782425 0.07118920236825943
0.04561224207282066 0.056694693863391876
0.0444759763777256 0.04943124204874039
0.04430904611945152 0.05029544606804848
0.04393414035439491 0.04433934763073921
0.043632905930280685 0.044202614575624466
0.04359111562371254 0.04751857370138168
0.04353587329387665 0.05389055237174034
0.04342122748494148 0.04633577540516853
0.04336879029870033 0.05198662355542183
0.04302675649523735 0.04800260439515114
0.04253752902150154 0.04961755499243736
0.04215024784207344 0.056337468326091766
0.04212280735373497 0.05426777899265289
0.041875842958688736 0.05990544334053993
0.041515450924634933 0.057129137217998505
0.03999866545200348 0.04050493612885475
0.0399022176861763 0.0483243390917778
0.03977828100323677 0.04898890480399132
0.039493389427661896 0.04465097188949585
0.039333466440439224 0.04795979708433151
0.039168402552604675 0.04528399556875229
0.03830698877573013 0.04820675402879715
0.038255833089351654 0.042898572981357574
0.036814816296100616 0.03812866657972336
0.03336472436785698 0.03534071892499924
0.03240478038787842 0.052512750029563904
