0.13557657599449158 0.13660858571529388
0.12707124650478363 0.12837854027748108
0.1220385879278183 0.13092225790023804
0.11735478043556213 0.12889526784420013
0.11671566963195801 0.12520843744277954
0.11617083102464676 0.11634105443954468
0.11474394053220749 0.12574997544288635
0.11371301859617233 0.11490673571825027
0.11251940578222275 0.13176196813583374
0.10989857465028763 0.11259277164936066
0.10888099670410156 0.11823102831840515
0.10872679948806763 0.12091607600450516
0.10770107060670853 0.11184391379356384
0.10576985031366348 0.12430545687675476
0.10553613305091858 0.10969192534685135
0.10504043847322464 0.10662829130887985
0.10447891056537628 0.11805209517478943
0.10410330444574356 0.10912150889635086
0.1034042164683342 0.10692980885505676
0.10306482762098312 0.11307770013809204
0.1028505340218544 0.1055314838886261
0.10264988988637924 0.11030857264995575
0.10256727784872055 0.10729848593473434
0.10198172926902771 0.11281026154756546
0.10179387778043747 0.10186822712421417
0.10123372077941895 0.10953298956155777
0.10120805352926254 0.10355061292648315
0.10119231045246124 0.10745705664157867
0.10114889591932297 0.10451974719762802
0.10082996636629105 0.10614461451768875
0.09995196759700775 0.10677116364240646
0.09982997179031372 0.11230837553739548
0.09944461286067963 0.1058170348405838
0.09929434955120087 0.10688237845897675
0.09926944226026535 0.09953371435403824
0.09871412813663483 0.10037976503372192
0.09853571653366089 0.10936491191387177
0.09847232699394226 0.10619698464870453
0.09834766387939453 0.10347694903612137
0.09820123761892319 0.11385884881019592
0.09785881638526917 0.09842871129512787
0.09772595763206482 0.10964803397655487
0.09681335091590881 0.1026976928114891
0.09669527411460876 0.09809870272874832
0.0965777263045311 0.11144225299358368
0.09644977003335953 0.09812507033348083
0.09621646255254745 0.09725432097911835
0.09594744443893433 0.1054546982049942
0.09592804312705994 0.11404486745595932
0.09562167525291443 0.1054546982049942
0.09525163471698761 0.10769867151975632
0.09520171582698822 0.10156603902578354
0.09490276873111725 0.09490439295768738
0.09485726803541183 0.12857383489608765
0.09467305988073349 0.1022673100233078
0.09452279657125473 0.10444860905408859
0.09446819871664047 0.10330547392368317
0.09423375129699707 0.11520250141620636
0.09420116245746613 0.09778939187526703
0.09393665939569473 0.10920462757349014
0.09363716095685959 0.10689327865839005
0.09335227310657501 0.10493595153093338
0.09310830384492874 0.09450016170740128
0.0929970070719719 0.12491191178560257
0.09291522949934006 0.11941700428724289
0.09233922511339188 0.09460476040840149
0.09217365831136703 0.09337414056062698
0.09173809736967087 0.12106239050626755
0.09162679314613342 0.09201804548501968
0.09142497926950455 0.0930945873260498
0.09103655815124512 0.09970459342002869
0.09086491167545319 0.096126988530159
0.09060169756412506 0.0961625799536705
0.09037457406520844 0.09200916439294815
0.08984366804361343 0.12497090548276901
0.08973494172096252 0.09041617810726166
0.08967182040214539 0.09320846945047379
0.08964597433805466 0.11005781590938568
0.08947736769914627 0.09103298932313919
0.08915010839700699 0.1053156927227974
0.08911487460136414 0.104294054210186
0.08904625475406647 0.09311819821596146
0.0883982852101326 0.09212522208690643
0.0881737545132637 0.11587486416101456
0.08797512948513031 0.0945672020316124
0.08789040893316269 0.09536312520503998
0.0877307876944542 0.10316973179578781
0.08768294751644135 0.09377507120370865
0.08768188953399658 0.09080583602190018
0.08728532493114471 0.09018319100141525
0.08689073473215103 0.0959010049700737
0.08683539181947708 0.0883847251534462
0.08681121468544006 0.09865864366292953
0.08640085160732269 0.09888281673192978
0.08614839613437653 0.09655582904815674
0.08603790402412415 0.08821409940719604
0.08591073751449585 0.09006840735673904
0.08569832146167755 0.09839213639497757
0.08557003736495972 0.09012707322835922
0.08554738014936447 0.12123245000839233
0.08545872569084167 0.11620580404996872
0.08535757660865784 0.09339163452386856
0.085016630589962 0.09630822390317917
0.08495279401540756 0.11012271046638489
0.08465369790792465 0.08528918027877808
0.08429686725139618 0.09095728397369385
0.08423346281051636 0.08985047787427902
0.08422762900590897 0.10936491191387177
0.0840153843164444 0.08841633796691895
0.08371338993310928 0.08944011479616165
0.08370471000671387 0.10953973978757858
0.08368773758411407 0.10005918890237808
0.08358358591794968 0.08817940205335617
0.08339685946702957 0.09872602671384811
0.08339417725801468 0.10772737115621567
0.08313067257404327 0.10087757557630539
0.08296988904476166 0.10442071408033371
0.08293688297271729 0.09128302335739136
0.08289996534585953 0.08295505493879318
0.08283659815788269 0.09819439798593521
0.08256371319293976 0.08328908681869507
0.08242865651845932 0.10752949863672256
0.08229952305555344 0.08808498829603195
0.08210325241088867 0.08839743584394455
0.08160456269979477 0.1287621110677719
0.08149296790361404 0.0909966379404068
0.08147281408309937 0.09107647836208344
0.08137913793325424 0.08445600420236588
0.08115920424461365 0.08474089950323105
0.08097486197948456 0.09346794337034225
0.08084239065647125 0.10124228894710541
0.08069364726543427 0.09984157979488373
0.08035485446453094 0.11180342733860016
0.08024125546216965 0.0936615839600563
0.08023089915513992 0.10890001058578491
0.0802115797996521 0.08472402393817902
0.08016593009233475 0.12673373520374298
0.08013611286878586 0.08651470392942429
0.07992033660411835 0.0832272320985794
0.07975457608699799 0.08035536110401154
0.0794658213853836 0.10473574697971344
0.07939498126506805 0.08558447659015656
0.0787649154663086 0.08930645138025284
0.0787515714764595 0.08274442702531815
0.0787443146109581 0.08196869492530823
0.07873619347810745 0.08108339458703995
0.07866425067186356 0.08794917166233063
0.07866137474775314 0.12065117061138153
0.07860186696052551 0.07897169888019562
0.07837574928998947 0.10197249054908752
0.07836896926164627 0.07873353362083435
0.0783616453409195 0.09339914470911026
0.07835202664136887 0.11894708126783371
0.07827646285295486 0.08616113662719727
0.07808389514684677 0.0912686437368393
0.07797900587320328 0.08614504337310791
0.07774090766906738 0.0943835899233818
0.07773709297180176 0.10568924993276596
0.0770985335111618 0.0839831605553627
0.07696095108985901 0.1130886822938919
0.07685013860464096 0.10117397457361221
0.07680550217628479 0.11459328234195709
0.07663707435131073 0.09683918952941895
0.07657256722450256 0.08657074719667435
0.07654911279678345 0.08661989122629166
0.07642024010419846 0.10444463044404984
0.07638386636972427 0.11833400279283524
0.07615870982408524 0.12668225169181824
0.07612375169992447 0.11004917323589325
0.07600782811641693 0.10623813420534134
0.07594435662031174 0.08883564919233322
0.07591704279184341 0.08839743584394455
0.07587849348783493 0.09559416770935059
0.07573811709880829 0.10056523233652115
0.07572287321090698 0.08161862939596176
0.0756119042634964 0.08501437306404114
0.07544747740030289 0.08320523798465729
0.07544614374637604 0.09013327211141586
0.07543293386697769 0.09397035092115402
0.07542350888252258 0.07923442870378494
0.07533947378396988 0.09843729436397552
0.07514792680740356 0.08997293561697006
0.07508672028779984 0.08158982545137405
0.07506445050239563 0.0977553054690361
0.0749942883849144 0.10135455429553986
0.07463513314723969 0.07995548099279404
0.0745447427034378 0.10586176812648773
0.07446166127920151 0.08709697425365448
0.07435653358697891 0.12557801604270935
0.0743146613240242 0.08172688633203506
0.07391588389873505 0.1072736531496048
0.07380324602127075 0.08831673860549927
0.07369793206453323 0.07670395821332932
0.0733015239238739 0.12674663960933685
0.07308343052864075 0.11084015667438507
0.0730452835559845 0.08467350155115128
0.07300026714801788 0.1095539927482605
0.07296665757894516 0.09778530895709991
0.07285074889659882 0.10053037852048874
0.07279577106237411 0.11423550546169281
0.07260838896036148 0.0775633156299591
0.07224901765584946 0.09423448145389557
0.0722363218665123 0.07754672318696976
0.07195917516946793 0.08328908681869507
0.07194791734218597 0.09876960515975952
0.07172369956970215 0.07865490019321442
0.07166852056980133 0.09064667671918869
0.07148195058107376 0.1007251963019371
0.07129035145044327 0.12420125305652618
0.0709187388420105 0.10507357120513916
0.07091357558965683 0.10806431621313095
0.07052391767501831 0.08484072238206863
0.07044433802366257 0.07802048325538635
0.06971035152673721 0.10746996104717255
0.069073386490345 0.08473308384418488
0.06890252232551575 0.13388404250144958
0.06887133419513702 0.06903202831745148
0.06846527010202408 0.09803140163421631
0.0682409405708313 0.09901387989521027
0.06757280975580215 0.07004788517951965
0.06755490601062775 0.09643474966287613
0.06746253371238708 0.07477933168411255
0.06716673821210861 0.07381127774715424
0.06715302169322968 0.07970558851957321
0.06646168231964111 0.08483141660690308
0.06591394543647766 0.0867779552936554
0.06538105010986328 0.09338652342557907
0.06535232812166214 0.08435525000095367
0.06530439853668213 0.10937322676181793
0.06521588563919067 0.08572293072938919
0.06498362869024277 0.06634271889925003
0.06484657526016235 0.08408194035291672
0.0647541731595993 0.0846906378865242
0.0646650642156601 0.07173770666122437
0.064286008477211 0.09466418623924255
0.06425280123949051 0.08806861937046051
0.0642443597316742 0.06710623949766159
0.0642319992184639 0.12018950283527374
0.06401777267456055 0.12372145056724548
0.06373627483844757 0.08269947022199631
0.06370186805725098 0.07729197293519974
0.06311463564634323 0.07622191309928894
0.06274135410785675 0.06823346763849258
0.06232767552137375 0.08004359900951385
0.06230120733380318 0.06578774005174637
0.06227681785821915 0.06416415423154831
0.062074948102235794 0.06519909203052521
0.0619422048330307 0.0630875676870346
0.06186159327626228 0.06435489654541016
0.06159258261322975 0.08511020243167877
0.061536192893981934 0.09400022774934769
0.061186835169792175 0.07100757211446762
0.06003691628575325 0.06547137349843979
0.05819249153137207 0.06330326944589615
0.05625784397125244 0.05763861909508705
