0.20935779809951782 0.21223048865795135
0.2060839980840683 0.21145310997962952
0.2018427550792694 0.22951927781105042
0.20120887458324432 0.21270251274108887
0.19671955704689026 0.2236485332250595
0.18579453229904175 0.19629792869091034
0.18256284296512604 0.21825425326824188
0.18089601397514343 0.18418841063976288
0.17964375019073486 0.18578790128231049
0.1776898056268692 0.1829742044210434
0.17741641402244568 0.18157102167606354
0.17681659758090973 0.1889660805463791
0.17609013617038727 0.23091506958007812
0.17389866709709167 0.18482698500156403
0.173060804605484 0.18594002723693848
0.17266641557216644 0.18145005404949188
0.17149657011032104 0.20289815962314606
0.1706211268901825 0.19421270489692688
0.1701136976480484 0.17374347150325775
0.16859257221221924 0.20065513253211975
0.16625167429447174 0.1735835075378418
0.16562806069850922 0.2012505978345871
0.16532127559185028 0.1714620441198349
0.16335350275039673 0.1682273894548416
0.1607314646244049 0.18714025616645813
0.160278782248497 0.17106376588344574
0.1600414663553238 0.18480761349201202
0.15924930572509766 0.16484926640987396
0.158880352973938 0.17223341763019562
0.15857148170471191 0.19990873336791992
0.1580195277929306 0.17636644840240479
0.15717121958732605 0.1982824057340622
0.15635031461715698 0.164005309343338
0.15503321588039398 0.20554642379283905
0.15464258193969727 0.17360293865203857
0.153964102268219 0.1819777488708496
0.15310515463352203 0.18337222933769226
0.15247471630573273 0.1623837649822235
0.15244345366954803 0.1873600333929062
0.1523994505405426 0.17169858515262604
0.15222635865211487 0.16141657531261444
0.15141883492469788 0.15908806025981903
0.14941687881946564 0.15707719326019287
0.14907892048358917 0.2200629860162735
0.1489933580160141 0.17615213990211487
0.1482948213815689 0.1849251091480255
0.1480400115251541 0.1699649691581726
0.1469433456659317 0.15353171527385712
0.14691419899463654 0.16703307628631592
0.1464514583349228 0.15778303146362305
0.14641179144382477 0.1644614040851593
0.14596323668956757 0.14841346442699432
0.14595630764961243 0.14850647747516632
0.1457192301750183 0.21356670558452606
0.14546357095241547 0.15357741713523865
0.1449936330318451 0.15075397491455078
0.14497175812721252 0.1592484414577484
0.14484469592571259 0.17666061222553253
0.14431023597717285 0.1807442158460617
0.14399278163909912 0.22267477214336395
0.14339560270309448 0.14979757368564606
0.14332713186740875 0.14831317961215973
0.14317378401756287 0.17528942227363586
0.14296755194664001 0.15612521767616272
0.14286689460277557 0.14663031697273254
0.14282433688640594 0.25794902443885803
0.14209884405136108 0.17614494264125824
0.141250878572464 0.17697802186012268
0.1392940729856491 0.20518170297145844
0.13912607729434967 0.19615642726421356
0.13885833323001862 0.13981375098228455
0.1384568214416504 0.16287803649902344
0.13841739296913147 0.2162698358297348
0.13802780210971832 0.15922661125659943
0.13781996071338654 0.19491402804851532
0.13657397031784058 0.13792048394680023
0.1358499974012375 0.1502877175807953
0.13579705357551575 0.1775253713130951
0.13571716845035553 0.24884282052516937
0.1357097625732422 0.163324236869812
0.13470931351184845 0.14499156177043915
0.13448035717010498 0.14011795818805695
0.1341971755027771 0.1613813191652298
0.13352948427200317 0.15983454883098602
0.13315831124782562 0.19532591104507446
0.13296768069267273 0.13671058416366577
0.13285769522190094 0.15208077430725098
0.1327953040599823 0.16220638155937195
0.13237734138965607 0.13930074870586395
0.13211223483085632 0.13894684612751007
0.13061608374118805 0.13376256823539734
0.1291111707687378 0.16280725598335266
0.12905150651931763 0.1742662787437439
0.1288089007139206 0.21891683340072632
0.12862059473991394 0.21389834582805634
0.12834729254245758 0.14469878375530243
0.12819504737854004 0.24557249248027802
0.12807774543762207 0.18783685564994812
0.12779060006141663 0.1367679238319397
0.12774167954921722 0.20917686820030212
0.1275176852941513 0.15351028740406036
0.12739109992980957 0.16776813566684723
0.1264866441488266 0.14635291695594788
0.12537318468093872 0.15087589621543884
0.12528538703918457 0.2159964144229889
0.1241324320435524 0.1685623675584793
0.12408018857240677 0.164918914437294
0.12380858510732651 0.1755937784910202
0.1236608698964119 0.2304348349571228
0.12343940138816833 0.12744760513305664
0.1231604591012001 0.21454282104969025
0.12310264259576797 0.15001429617404938
0.12211856245994568 0.13908064365386963
0.12186464667320251 0.22196561098098755
0.12156860530376434 0.17086707055568695
0.12121506035327911 0.19872567057609558
0.12116268277168274 0.22717711329460144
0.12112938612699509 0.2597019076347351
0.12096083164215088 0.12098121643066406
0.12034667283296585 0.25852757692337036
0.12030944973230362 0.1683996021747589
0.11917421966791153 0.2124025821685791
0.11903508007526398 0.12682020664215088
0.11864838004112244 0.20847706496715546
0.11850231140851974 0.12199635058641434
0.11808878183364868 0.2627621591091156
0.11803814768791199 0.15718869864940643
0.11791563034057617 0.1300688534975052
0.11735018342733383 0.12516430020332336
0.11726836115121841 0.12112504243850708
0.11692586541175842 0.17177578806877136
0.11691947281360626 0.17046932876110077
0.1166156753897667 0.1272045373916626
0.11648780852556229 0.13506032526493073
0.11618291586637497 0.19109629094600677
0.11615516245365143 0.17486779391765594
0.11491924524307251 0.17093564569950104
0.1145583838224411 0.12316758185625076
0.11290533095598221 0.134673610329628
0.11284834891557693 0.15433073043823242
0.11270144581794739 0.11805050820112228
0.11249648034572601 0.13033226132392883
0.11205986887216568 0.1538369059562683
0.11106133460998535 0.1128670796751976
0.10928579419851303 0.14023049175739288
0.10853695124387741 0.14616481959819794
0.10838965326547623 0.17062771320343018
0.10813102126121521 0.16352280974388123
0.10776454210281372 0.24222594499588013
0.10756924748420715 0.1110987737774849
0.10669764876365662 0.1580909639596939
0.10656068474054337 0.11944102495908737
0.10636894404888153 0.12938646972179413
0.10576027631759644 0.13161325454711914
0.10559216886758804 0.15686698257923126
0.10530520230531693 0.16778048872947693
0.10497205704450607 0.17864635586738586
0.10434553772211075 0.11040978133678436
0.1040978878736496 0.18545594811439514
0.10381027311086655 0.10556256026029587
0.1022106483578682 0.11116530001163483
0.10164088755846024 0.11807407438755035
0.10140544921159744 0.1211467757821083
0.09964491426944733 0.12230405956506729
0.09961448609828949 0.10218621045351028
0.09846198558807373 0.11192552000284195
0.09815721213817596 0.12489483505487442
0.09730186313390732 0.1069975420832634
0.09624230861663818 0.13389429450035095
0.09559566527605057 0.11946965754032135
0.0933663621544838 0.09483835846185684
0.0919150710105896 0.09724120050668716
0.08963847160339355 0.10277514159679413
0.08951673656702042 0.1228354424238205
0.08949221670627594 0.10250478982925415
0.08838687837123871 0.1153276115655899
0.08835522830486298 0.09164376556873322
0.086971715092659 0.10187595337629318
0.08677573502063751 0.1218242272734642
0.08656629920005798 0.08958755433559418
0.08653594553470612 0.09043309837579727
0.08629042655229568 0.0892944410443306
0.08077751100063324 0.08981896191835403
0.07468415796756744 0.09216243773698807
0.07195524871349335 0.08501061797142029
0.06719639897346497 0.0774460881948471
