0.2304198294878006 0.23850224912166595
0.22087280452251434 0.22330336272716522
0.19866235554218292 0.21518884599208832
0.19646117091178894 0.20034410059452057
0.19535256922245026 0.2056858241558075
0.19404026865959167 0.23910191655158997
0.19034123420715332 0.21591046452522278
0.1824876219034195 0.21330967545509338
0.18021778762340546 0.18182440102100372
0.17680341005325317 0.19401228427886963
0.1744716316461563 0.1794510781764984
0.17409895360469818 0.18138310313224792
0.17409048974514008 0.20806418359279633
0.17289721965789795 0.19637355208396912
0.17081376910209656 0.2095320224761963
0.16679313778877258 0.1951201856136322
0.16665898263454437 0.1983526200056076
0.1638895869255066 0.18348908424377441
0.16351544857025146 0.16471074521541595
0.16119159758090973 0.17442664504051208
0.16035126149654388 0.22158373892307281
0.16017328202724457 0.18840962648391724
0.15941129624843597 0.16633431613445282
0.15831655263900757 0.15968525409698486
0.15814845263957977 0.15943759679794312
0.1563235968351364 0.1697036772966385
0.15482370555400848 0.20067664980888367
0.15449775755405426 0.21346618235111237
0.15430352091789246 0.15697859227657318
0.15418291091918945 0.18093648552894592
0.1512737274169922 0.15180271863937378
0.14990507066249847 0.18317577242851257
0.14596667885780334 0.15243998169898987
0.1433386653661728 0.23855389654636383
0.1429244577884674 0.16024155914783478
0.14251604676246643 0.2290315479040146
0.14120569825172424 0.1477520912885666
0.14008325338363647 0.18452027440071106
0.13910920917987823 0.21467861533164978
0.1380496472120285 0.1907866895198822
0.13661770522594452 0.17029158771038055
0.13636408746242523 0.24883516132831573
0.1359475553035736 0.18679392337799072
0.13569897413253784 0.1944490671157837
0.13549941778182983 0.13628187775611877
0.13537684082984924 0.15126201510429382
0.13393698632717133 0.18086320161819458
0.13248799741268158 0.14401529729366302
0.13233409821987152 0.25550174713134766
0.13232794404029846 0.13900263607501984
0.13229873776435852 0.1826404333114624
0.13187569379806519 0.1410950869321823
0.13178475201129913 0.15082776546478271
0.1308506280183792 0.1420346349477768
0.13040034472942352 0.1588408201932907
0.13001161813735962 0.16413874924182892
0.12993621826171875 0.16068166494369507
0.12957808375358582 0.13289576768875122
0.1282496303319931 0.13406014442443848
0.12699522078037262 0.13760864734649658
0.12629015743732452 0.22335872054100037
0.12564140558242798 0.14676068723201752
0.12511011958122253 0.13798974454402924
0.12311987578868866 0.1532944291830063
0.12219468504190445 0.12891323864459991
0.1221688911318779 0.13474798202514648
0.1216120794415474 0.1620098501443863
0.1212894394993782 0.123247429728508
0.12091872096061707 0.13887126743793488
0.12074986100196838 0.18284972012043
0.12050747126340866 0.12085916846990585
0.11965195089578629 0.1572372168302536
0.11948767304420471 0.14184576272964478
0.11926564574241638 0.13478980958461761
0.11867818981409073 0.14271174371242523
0.11849000304937363 0.14665667712688446
0.11839871108531952 0.1894025355577469
0.11775503307580948 0.12347710132598877
0.11713598668575287 0.20742040872573853
0.11646528542041779 0.24408575892448425
0.11635939031839371 0.12694033980369568
0.11626183241605759 0.1265716552734375
0.11562484502792358 0.14454515278339386
0.11447986215353012 0.15996849536895752
0.11436151713132858 0.13919293880462646
0.11327022314071655 0.13667140901088715
0.11281054466962814 0.13040176033973694
0.11217942833900452 0.13412588834762573
0.111597940325737 0.16451770067214966
0.11135757714509964 0.13767500221729279
0.11128167808055878 0.12585687637329102
0.11124549061059952 0.13166898488998413
0.10999079793691635 0.11753802001476288
0.10988396406173706 0.1384579837322235
0.10987184196710587 0.13526397943496704
0.1098329946398735 0.14883862435817719
0.10951933264732361 0.11201602220535278
0.10934260487556458 0.12810619175434113
0.10868820548057556 0.11526543647050858
0.10861063748598099 0.13582299649715424
0.10807649791240692 0.14923541247844696
0.1071925014257431 0.10864067822694778
0.10657014697790146 0.11411616951227188
0.10650832206010818 0.1846073567867279
0.1059357151389122 0.11898467689752579
0.10580337047576904 0.24970431625843048
0.1046433225274086 0.14235742390155792
0.10441853106021881 0.20094417035579681
0.10411154478788376 0.1317446231842041
0.10374671220779419 0.11481181532144547
0.10283509641885757 0.1938481330871582
0.10221085697412491 0.20255674421787262
0.10211652517318726 0.10967200249433517
0.1020897775888443 0.15630848705768585
0.10130201280117035 0.10973646491765976
0.10111693292856216 0.1779649406671524
0.1008218377828598 0.18678750097751617
0.10045963525772095 0.14076653122901917
0.10001129657030106 0.1036236435174942
0.09931568801403046 0.11231505870819092
0.09885863214731216 0.10837911069393158
0.09876415133476257 0.12455281615257263
0.09849853813648224 0.18563978374004364
0.09686621278524399 0.11016180366277695
0.09678007662296295 0.1152646616101265
0.09517981112003326 0.13908934593200684
0.0948052927851677 0.10678200423717499
0.0947411060333252 0.20663540065288544
0.09431764483451843 0.15153835713863373
0.09422817081212997 0.11201628297567368
0.09377234429121017 0.11375974118709564
0.09374211728572845 0.10035836696624756
0.09333784878253937 0.09556117653846741
0.09311367571353912 0.12225011736154556
0.09121786057949066 0.11032435297966003
0.09070736169815063 0.10072073340415955
0.09069215506315231 0.09119077771902084
0.09068766236305237 0.16303181648254395
0.0906057357788086 0.10930022597312927
0.08899585157632828 0.08923551440238953
0.08878033608198166 0.09999968111515045
0.08808822184801102 0.08964631706476212
0.08798485994338989 0.0898759663105011
0.08785393089056015 0.0898759663105011
0.08716943860054016 0.10506269335746765
0.08716624975204468 0.09700027108192444
0.08668095618486404 0.10095400363206863
0.08562631905078888 0.13335789740085602
0.08496780693531036 0.09037984162569046
0.08463111519813538 0.0875643715262413
0.0846049040555954 0.08905521780252457
0.0845869779586792 0.10809670388698578
0.08441030234098434 0.13367019593715668
0.0841560810804367 0.08858656883239746
0.08365290611982346 0.08938135206699371
0.08332595229148865 0.11195706576108932
0.08220402151346207 0.09283161908388138
0.08218158781528473 0.11527665704488754
0.08202937990427017 0.0977257490158081
0.08165867626667023 0.11939536035060883
0.08130413293838501 0.1218455359339714
0.08127444982528687 0.08135665208101273
0.08110280334949493 0.10242806375026703
0.08069844543933868 0.0881001204252243
0.08043906837701797 0.0874425545334816
0.0802992656826973 0.08370780199766159
0.08014338463544846 0.08505864441394806
0.08001327514648438 0.09141303598880768
0.07894541323184967 0.07966499030590057
0.07878460735082626 0.09606559574604034
0.07837420701980591 0.0886869803071022
0.07783149927854538 0.08615292608737946
0.07776893675327301 0.09331655502319336
0.07740957289934158 0.10217668861150742
0.07726393640041351 0.09067258983850479
0.07706499099731445 0.08592921495437622
0.07660941779613495 0.07917747646570206
0.07606875151395798 0.10447926074266434
0.07566182315349579 0.08080892264842987
0.07529127597808838 0.07889404147863388
0.07458003610372543 0.07813499867916107
0.0740538164973259 0.10773778706789017
0.07381047308444977 0.09180574864149094
0.07350131124258041 0.07847365736961365
0.07208017259836197 0.07821070402860641
0.07132316380739212 0.07858338952064514
0.06942912936210632 0.07562699168920517
0.0690552294254303 0.07713384181261063
0.06819363683462143 0.06859999895095825
0.06789471209049225 0.06980781257152557
0.0642848089337349 0.06903771311044693
0.06351467967033386 0.0742892324924469
0.06335008889436722 0.06685023754835129
