0.665300726890564 0.6725243330001831
0.6037692427635193 0.6189914345741272
0.10673234611749649 0.11438354104757309
0.09486506134271622 0.1040264293551445
0.09448251128196716 0.10017432272434235
0.09117281436920166 0.0963725820183754
0.09038185328245163 0.0915222242474556
0.09012078493833542 0.09341442584991455
0.08876257389783859 0.08927428722381592
0.08851494640111923 0.09489766508340836
0.0865473747253418 0.09896678477525711
0.08528073132038116 0.10079260170459747
0.08463728427886963 0.09801561385393143
0.08383809030056 0.09816986322402954
0.08234979957342148 0.09753115475177765
0.08217938244342804 0.08468054234981537
0.07892865687608719 0.08601897209882736
0.07885942608118057 0.10141818225383759
0.07879431545734406 0.09052307158708572
0.07724829763174057 0.07841744273900986
0.07695429027080536 0.09404820948839188
0.07673956453800201 0.08510231971740723
0.076703280210495 0.07942020893096924
0.07639839500188828 0.07692965120077133
0.07525457441806793 0.08331575244665146
0.07492519170045853 0.09861786663532257
0.07481900602579117 0.10688796639442444
0.07474815845489502 0.08100294321775436
0.07457967102527618 0.07686160504817963
0.07422620058059692 0.08215723186731339
0.07415713369846344 0.07682721316814423
0.07358486205339432 0.11557821184396744
0.07309692353010178 0.11755292862653732
0.07303676009178162 0.10759053379297256
0.07295594364404678 0.11565342545509338
0.0722690224647522 0.08415642380714417
0.07208584994077682 0.08531153947114944
0.07202733308076859 0.08240851014852524
0.07144685089588165 0.08104822039604187
0.07138650119304657 0.07305467873811722
0.07081817090511322 0.08078989386558533
0.0703706368803978 0.08670780807733536
0.07036449760198593 0.07343675196170807
0.06931944191455841 0.08458833396434784
0.06925096362829208 0.10025439411401749
0.06917838752269745 0.08318155258893967
0.06916743516921997 0.07941392809152603
0.06911537051200867 0.07192650437355042
0.0687967911362648 0.0826117992401123
0.06877045333385468 0.07371415942907333
0.06797804683446884 0.10980430990457535
0.06702755391597748 0.12428688257932663
0.06676174700260162 0.10303834825754166
0.06580471247434616 0.07525553554296494
0.0655202642083168 0.08513098955154419
0.06547527015209198 0.12322386354207993
0.06516191363334656 0.07150278985500336
0.06502620130777359 0.09968961030244827
0.06502309441566467 0.08000268787145615
0.06499788165092468 0.09142713248729706
0.0649595707654953 0.08050017058849335
0.06494556367397308 0.06721289455890656
0.06457382440567017 0.10108077526092529
0.06342756748199463 0.10442749410867691
0.06303427368402481 0.06887117773294449
0.06291946023702621 0.09519100189208984
0.0629071295261383 0.10289385914802551
0.061504263430833817 0.07234660536050797
0.06030922010540962 0.06104142963886261
0.059837788343429565 0.06980082392692566
0.05969960615038872 0.07105587422847748
0.05966956540942192 0.08789574354887009
0.05922487750649452 0.13021090626716614
0.058505840599536896 0.07311652600765228
0.05849733203649521 0.085624560713768
0.05805344507098198 0.0743182972073555
0.05784168094396591 0.06751864403486252
0.057213541120290756 0.12038535624742508
0.056865986436605453 0.06996592879295349
0.05679607763886452 0.08520016819238663
0.05646982416510582 0.06509578227996826
0.056322306394577026 0.0869889110326767
0.056159909814596176 0.1288478523492813
0.05565537139773369 0.06496747583150864
0.0555989071726799 0.0976700633764267
0.05390829220414162 0.09250380843877792
0.05385414510965347 0.06003841385245323
0.05378721281886101 0.13035768270492554
0.05325756222009659 0.09242076426744461
0.052749425172805786 0.054998114705085754
0.052707355469465256 0.08854635804891586
0.05243993550539017 0.07801836729049683
0.05237510800361633 0.08057471364736557
0.05217553302645683 0.0734020471572876
0.05162378400564194 0.06371056288480759
0.05085626244544983 0.05252303183078766
0.05042677000164986 0.09468209743499756
0.050211288034915924 0.06780154258012772
0.04983985424041748 0.05611424148082733
0.049773603677749634 0.050837308168411255
0.04949970915913582 0.05978874862194061
0.04936549440026283 0.06243012100458145
0.048676736652851105 0.05682724341750145
0.04856724292039871 0.06188201531767845
0.04822700843214989 0.06133228540420532
0.04804133623838425 0.050250712782144547
0.04764412343502045 0.056305330246686935
0.0476255901157856 0.049198392778635025
0.04706333950161934 0.07941783219575882
0.046498652547597885 0.06408871710300446
0.04549124091863632 0.04551170393824577
0.0452268086373806 0.04957505688071251
0.045187808573246 0.057352207601070404
0.04500178247690201 0.05318140238523483
0.044364772737026215 0.046222276985645294
0.044098805636167526 0.04789385199546814
0.04394680634140968 0.050419487059116364
0.04358910396695137 0.0530073419213295
0.043430179357528687 0.05265938118100166
0.042095813900232315 0.044178180396556854
0.042054370045661926 0.04289693385362625
0.041405439376831055 0.04315629228949547
0.041401784867048264 0.04703967645764351
0.04129470884799957 0.05145135894417763
0.04120015725493431 0.04443196579813957
0.04061471298336983 0.04687118157744408
0.040311940014362335 0.04690369963645935
0.03988494724035263 0.04554016888141632
0.03941598907113075 0.042986609041690826
0.03815165162086487 0.04514453560113907
0.03751981630921364 0.04643880948424339
0.034188464283943176 0.03760450705885887
0.03415447846055031 0.03864837810397148
