0.45336970686912537 0.4555824398994446
0.4450543522834778 0.44627645611763
0.4435712993144989 0.4444538354873657
0.4432038962841034 0.44911155104637146
0.44198980927467346 0.4430018663406372
0.4416565001010895 0.44708752632141113
0.11704874038696289 0.12595412135124207
0.11562418937683105 0.4566380977630615
0.11136899143457413 0.12304676324129105
0.10987284779548645 0.12122491002082825
0.1029580682516098 0.11412523686885834
0.10216597467660904 0.10507050156593323
0.10208059102296829 0.13380348682403564
0.10185382515192032 0.1204703077673912
0.10118985921144485 0.45298317074775696
0.10098031163215637 0.12936997413635254
0.09579939395189285 0.10998174548149109
0.09576315432786942 0.11307410150766373
0.09473612904548645 0.1107071191072464
0.09373129904270172 0.45578423142433167
0.09080256521701813 0.09659931808710098
0.08856624364852905 0.0926130935549736
0.08826542645692825 0.10019174218177795
0.08812273293733597 0.10629008710384369
0.08668491989374161 0.09430938959121704
0.08665382117033005 0.09049186110496521
0.08598807454109192 0.12217799574136734
0.08571859449148178 0.08977346867322922
0.0852336660027504 0.0855879932641983
0.08497728407382965 0.08576543629169464
0.08478759974241257 0.08712388575077057
0.08470125496387482 0.08518613129854202
0.08430063724517822 0.09083561599254608
0.08350257575511932 0.09394441545009613
0.08279269933700562 0.10363847762346268
0.08205372840166092 0.10078117251396179
0.08147497475147247 0.1177072823047638
0.08111155033111572 0.08422140032052994
0.08100957423448563 0.08520038425922394
0.07959111779928207 0.09078255295753479
0.0794965997338295 0.08162234723567963
0.07921113818883896 0.13308236002922058
0.07895183563232422 0.08874307572841644
0.07847453653812408 0.10034965723752975
0.07831239700317383 0.09653909504413605
0.07691410183906555 0.08566722273826599
0.07645975798368454 0.09126149863004684
0.07640822231769562 0.07695752382278442
0.07576652616262436 0.07937826961278915
0.07553718239068985 0.11710720509290695
0.07455568760633469 0.08705198019742966
0.07398463785648346 0.08749811351299286
0.07356814295053482 0.08374834060668945
0.07328985631465912 0.07398359477519989
0.07324004173278809 0.11778546124696732
0.07320842891931534 0.07835646718740463
0.07247765362262726 0.08996541798114777
0.07242788374423981 0.07946372032165527
0.07193397730588913 0.07914113253355026
0.07187433540821075 0.07247506827116013
0.07177293300628662 0.07881070673465729
0.0714268684387207 0.0771041139960289
0.0711839497089386 0.1310485154390335
0.07112406939268112 0.08602625131607056
0.07107948511838913 0.07204009592533112
0.07101691514253616 0.08453004062175751
0.07089617848396301 0.07204009592533112
0.07045050710439682 0.10314194858074188
0.07025669515132904 0.08090824633836746
0.07008864730596542 0.08030278980731964
0.06988261640071869 0.0840902253985405
0.06950554996728897 0.07232194393873215
0.06932563334703445 0.07047531008720398
0.06906887888908386 0.07281138747930527
0.06890061497688293 0.0848320946097374
0.06883592158555984 0.09685768187046051
0.06860067695379257 0.08878596872091293
0.06825703382492065 0.07413069158792496
0.0681539997458458 0.06851541996002197
0.06802550703287125 0.0970793068408966
0.06757263839244843 0.07120157778263092
0.0673748031258583 0.07315830886363983
0.06731274724006653 0.07590833306312561
0.06684879213571548 0.07230410724878311
0.06679025292396545 0.07617556303739548
0.06669766455888748 0.08032634854316711
0.06668908894062042 0.0686965361237526
0.06597226858139038 0.14085128903388977
0.06552812457084656 0.06911341100931168
0.06530606746673584 0.1085038036108017
0.06530039757490158 0.07881105691194534
0.06480826437473297 0.06988838315010071
0.06473144888877869 0.06495878100395203
0.06447150558233261 0.0804906114935875
0.06436765193939209 0.0677204430103302
0.06428280472755432 0.06727337837219238
0.06393672525882721 0.06732682883739471
0.06391295045614243 0.06536556035280228
0.06338128447532654 0.06396307051181793
0.0633319616317749 0.09048587083816528
0.0631617084145546 0.11683381348848343
0.06303723156452179 0.10820761322975159
0.06283538043498993 0.09360027313232422
0.062209177762269974 0.0676700547337532
0.062047380954027176 0.06749706715345383
0.06201609596610069 0.06383239477872849
0.06162702664732933 0.062499940395355225
0.061511505395174026 0.07391123473644257
0.06148335710167885 0.10103394091129303
0.061161212623119354 0.06303900480270386
0.06092096492648125 0.09745408594608307
0.06085100769996643 0.06418833136558533
0.060772854834795 0.06580035388469696
0.06069593504071236 0.06987012177705765
0.060597505420446396 0.07031650841236115
0.0603717640042305 0.0713469609618187
0.060338206589221954 0.0695713460445404
0.060237325727939606 0.06538920104503632
0.06011982262134552 0.06339079886674881
0.05992310494184494 0.061771564185619354
0.059896863996982574 0.06538920104503632
0.059780482202768326 0.0674174502491951
0.05964626371860504 0.0648629367351532
0.059394434094429016 0.07514318823814392
0.05903192609548569 0.062011487782001495
0.05881999805569649 0.07605259865522385
0.058805253356695175 0.07227282226085663
0.058699075132608414 0.06615561246871948
0.05858251079916954 0.06950090080499649
0.058277472853660583 0.06293755769729614
0.058260709047317505 0.07191905379295349
0.05814194679260254 0.094886913895607
0.058078765869140625 0.06328117847442627
0.058026403188705444 0.06275632977485657
0.0578240230679512 0.05895819142460823
0.05762828141450882 0.05970899015665054
0.05699845775961876 0.0728011280298233
0.0568917840719223 0.061274003237485886
0.05674813315272331 0.06897688657045364
0.05650460347533226 0.06124734878540039
0.05650077760219574 0.07470458000898361
0.05608039349317551 0.06348200142383575
0.0548936203122139 0.06969527155160904
0.05484427511692047 0.07440982013940811
0.0544244758784771 0.06933285295963287
0.05418526008725166 0.06058671697974205
0.052962686866521835 0.06315657496452332
0.05289813131093979 0.058201197534799576
0.05269758030772209 0.06613770872354507
0.052021559327840805 0.05836992338299751
0.05143143609166145 0.06006496399641037
0.05101306736469269 0.05488254502415657
0.05027761682868004 0.05093832314014435
0.049852751195430756 0.05809161439538002
0.04982927441596985 0.05118818208575249
0.04901028051972389 0.05922861769795418
0.04895464703440666 0.05873984470963478
0.048730358481407166 0.06563746929168701
0.046270083636045456 0.06185338646173477
0.0460122749209404 0.05045587942004204
0.042411331087350845 0.05057188495993614
0.040118180215358734 0.04160546138882637
