0.37438514828681946 0.3752262592315674
0.37226274609565735 0.3759005069732666
0.37057802081108093 0.3747228980064392
0.36890432238578796 0.37028470635414124
0.3688785135746002 0.36927491426467896
0.36640027165412903 0.3717415928840637
0.36590778827667236 0.3661421239376068
0.3650899827480316 0.36550408601760864
0.36438286304473877 0.370509535074234
0.3643295168876648 0.3699593245983124
0.3642512261867523 0.36632394790649414
0.36409804224967957 0.36766430735588074
0.36363714933395386 0.3688138425350189
0.3625461757183075 0.37272578477859497
0.36177921295166016 0.37030115723609924
0.3614448308944702 0.3688966631889343
0.18840615451335907 0.19850477576255798
0.18152004480361938 0.18163910508155823
0.17648692429065704 0.22496268153190613
0.1690119057893753 0.17176485061645508
0.1680755615234375 0.18126285076141357
0.1650237739086151 0.1950599104166031
0.1615482121706009 0.17554856836795807
0.16102196276187897 0.17821680009365082
0.1593172550201416 0.16915184259414673
0.15928980708122253 0.16480116546154022
0.15542075037956238 0.16819864511489868
0.15252633392810822 0.16924408078193665
0.15190140902996063 0.22228311002254486
0.15168531239032745 0.1529192328453064
0.1506095975637436 0.18259701132774353
0.15035541355609894 0.18618300557136536
0.14943043887615204 0.16144686937332153
0.14938046038150787 0.16719265282154083
0.1491275429725647 0.19135303795337677
0.1485893279314041 0.15578502416610718
0.14840605854988098 0.17369623482227325
0.14686894416809082 0.17420129477977753
0.14620496332645416 0.19057965278625488
0.14532187581062317 0.23054619133472443
0.14407455921173096 0.1464078724384308
0.1434992104768753 0.1639590710401535
0.14306078851222992 0.16957421600818634
0.14210671186447144 0.14585602283477783
0.1412801295518875 0.16941705346107483
0.1404743492603302 0.1517118215560913
0.14012081921100616 0.17808102071285248
0.1395575851202011 0.15127438306808472
0.13949456810951233 0.1496979296207428
0.1389467865228653 0.14182399213314056
0.13785450160503387 0.16926974058151245
0.13629469275474548 0.14795899391174316
0.13573706150054932 0.150213822722435
0.1347825676202774 0.14414675533771515
0.1346762478351593 0.18062427639961243
0.13364548981189728 0.1378740817308426
0.13264717161655426 0.13837534189224243
0.13254769146442413 0.1380557417869568
0.1318448930978775 0.14182956516742706
0.1311054527759552 0.1559513807296753
0.13058260083198547 0.13406263291835785
0.12999337911605835 0.13566812872886658
0.1296691745519638 0.170872762799263
0.12949815392494202 0.21093209087848663
0.129317045211792 0.17410579323768616
0.12810420989990234 0.16464732587337494
0.127324178814888 0.14167165756225586
0.1264732927083969 0.176502987742424
0.12642988562583923 0.1764449179172516
0.12598799169063568 0.13323628902435303
0.12517839670181274 0.13835139572620392
0.12410707026720047 0.2083449512720108
0.12380996346473694 0.1377551108598709
0.12007638067007065 0.19136038422584534
0.11990606784820557 0.17857296764850616
0.11938447505235672 0.14831013977527618
0.11924562603235245 0.12282785773277283
0.11922308802604675 0.12190131843090057
0.11911676079034805 0.15703891217708588
0.11760113388299942 0.14444677531719208
0.11759430170059204 0.11958764493465424
0.11745142191648483 0.12646721303462982
0.1171569749712944 0.15282543003559113
0.11694573611021042 0.1818007528781891
0.1166897639632225 0.19681771099567413
0.11653853952884674 0.140704944729805
0.11525005102157593 0.1300448179244995
0.11494157463312149 0.13077391684055328
0.11491052061319351 0.1539025902748108
0.11434762924909592 0.1754848062992096
0.11428463459014893 0.12175846844911575
0.11422572284936905 0.12641452252864838
0.11415430903434753 0.12125149369239807
0.11405960470438004 0.17674900591373444
0.11392726749181747 0.12375704199075699
0.11378957331180573 0.1571652591228485
0.11331953853368759 0.13683363795280457
0.11277030408382416 0.11610493063926697
0.11225548386573792 0.1152026504278183
0.11164634674787521 0.11404486000537872
0.1112675815820694 0.18218544125556946
0.11117595434188843 0.12526412308216095
0.11098509281873703 0.22740864753723145
0.1107482835650444 0.20336386561393738
0.1107344701886177 0.12461509555578232
0.11021561920642853 0.15397845208644867
0.10874433070421219 0.11648575216531754
0.10825041681528091 0.1333473175764084
0.10814009606838226 0.11741453409194946
0.10802682489156723 0.16004617512226105
0.10746731609106064 0.14123333990573883
0.10715305060148239 0.1101698949933052
0.10694918781518936 0.1094561517238617
0.10683857649564743 0.19408628344535828
0.10610218346118927 0.20599468052387238
0.10558324307203293 0.10927055776119232
0.10480418056249619 0.11028213053941727
0.10464712232351303 0.10851743072271347
0.10421497374773026 0.1255587339401245
0.10417672991752625 0.10814270377159119
0.10410263389348984 0.10823220759630203
0.10318142175674438 0.1426251381635666
0.10298993438482285 0.12498680502176285
0.1026865541934967 0.18825751543045044
0.10238112509250641 0.1339728683233261
0.10222828388214111 0.11056908220052719
0.10206596553325653 0.10839273035526276
0.10194352269172668 0.23211415112018585
0.10171625018119812 0.18668285012245178
0.1016998216509819 0.12796930968761444
0.10121080279350281 0.10222864896059036
0.10120182484388351 0.13987639546394348
0.09933703392744064 0.21280299127101898
0.09917864203453064 0.09969768673181534
0.09908871352672577 0.12550924718379974
0.09887196868658066 0.1472187489271164
0.09872628003358841 0.11221842467784882
0.09843377768993378 0.11481190472841263
0.09820272028446198 0.17132307589054108
0.09754922240972519 0.12482869625091553
0.09642469882965088 0.09802145510911942
0.09627896547317505 0.13360729813575745
0.09620245546102524 0.16359539330005646
0.09595248103141785 0.1386045664548874
0.0956762507557869 0.16906915605068207
0.0955474004149437 0.15031030774116516
0.0950038880109787 0.16498303413391113
0.0949297621846199 0.11210764199495316
0.09432938694953918 0.10418041795492172
0.09381385892629623 0.11325011402368546
0.09368240833282471 0.09800250083208084
0.09354051202535629 0.1167684942483902
0.09353756159543991 0.18301597237586975
0.09348919987678528 0.0952988937497139
0.09266349673271179 0.10220659524202347
0.0926254391670227 0.11371127516031265
0.0926220715045929 0.13140039145946503
0.09212974458932877 0.09707298874855042
0.09205020219087601 0.1193452998995781
0.091131292283535 0.10311536490917206
0.0908786952495575 0.09133520722389221
0.09084930270910263 0.09716231375932693
0.09073396772146225 0.1191696971654892
0.09039861708879471 0.09775324165821075
0.08996918797492981 0.09760599583387375
0.08914642035961151 0.12693743407726288
0.08871816098690033 0.10937201231718063
0.08856573700904846 0.09650933742523193
0.08827733993530273 0.15477973222732544
0.08788709342479706 0.1244235634803772
0.08674541860818863 0.0983172357082367
0.08622793108224869 0.08832555264234543
0.08616305142641068 0.12988954782485962
0.08598844707012177 0.10226383805274963
0.0857609435915947 0.10965201258659363
0.08424215763807297 0.09500681608915329
0.08302687853574753 0.13683311641216278
0.08227258920669556 0.09547103196382523
0.08211427181959152 0.08257624506950378
0.0820491835474968 0.09757725149393082
0.0819878876209259 0.08851689100265503
0.08180945366621017 0.10888946801424026
0.08117014169692993 0.08185941725969315
0.0807052031159401 0.1054733619093895
0.08016002178192139 0.14668448269367218
0.07938604056835175 0.09182903170585632
0.0791708305478096 0.09430026262998581
0.07871448993682861 0.10291831940412521
0.0783359557390213 0.07996703684329987
0.07782801985740662 0.08814142644405365
0.0774412602186203 0.078436940908432
0.07723114639520645 0.09000494331121445
0.07706327736377716 0.10128612816333771
0.07705997675657272 0.10094219446182251
0.07687763124704361 0.09126624464988708
0.07653803378343582 0.08543762564659119
0.07631117850542068 0.08214383572340012
0.07498613744974136 0.07965214550495148
0.0747341513633728 0.09174894541501999
0.07430621236562729 0.07641321420669556
0.07389237731695175 0.09010983258485794
0.07358325272798538 0.08875991404056549
0.07235904037952423 0.07776136696338654
0.07166221737861633 0.07367275655269623
0.07149159908294678 0.09355039894580841
0.07124146819114685 0.0759352296590805
0.070619136095047 0.07646873593330383
0.07044446468353271 0.08637376129627228
0.06567954272031784 0.06573248654603958
0.0646333321928978 0.07476801425218582
0.06053061783313751 0.08033435046672821
