0.1694347858428955 0.18503376841545105
0.16343539953231812 0.1982945203781128
0.1530347466468811 0.15718553960323334
0.14948974549770355 0.15805286169052124
0.14752276241779327 0.15265454351902008
0.14376267790794373 0.16242344677448273
0.14014387130737305 0.14704330265522003
0.13949458301067352 0.15366901457309723
0.13920815289020538 0.15244871377944946
0.13718627393245697 0.1543336659669876
0.135075181722641 0.13774257898330688
0.13403438031673431 0.15090660750865936
0.13319748640060425 0.15693604946136475
0.13314016163349152 0.1483476608991623
0.1325930804014206 0.1546570509672165
0.13253629207611084 0.1689077615737915
0.13177907466888428 0.16225461661815643
0.13127683103084564 0.1358042061328888
0.12910163402557373 0.15063543617725372
0.12774354219436646 0.1337292641401291
0.12615738809108734 0.12950202822685242
0.12573407590389252 0.1341685950756073
0.12345914542675018 0.15774774551391602
0.12210021913051605 0.12399148941040039
0.12085571885108948 0.15749607980251312
0.11874844133853912 0.12606170773506165
0.11835084110498428 0.12780606746673584
0.1166175901889801 0.11719997227191925
0.11572088301181793 0.13715772330760956
0.11494053900241852 0.12285614013671875
0.11467942595481873 0.1335482895374298
0.11370047181844711 0.12443935126066208
0.11344151943922043 0.15152303874492645
0.11230120062828064 0.1354031264781952
0.11088303476572037 0.1690518856048584
0.10998725146055222 0.11892148852348328
0.10891501605510712 0.11414998024702072
0.10888701677322388 0.11641647666692734
0.10880438983440399 0.14360783994197845
0.1083725094795227 0.1252567619085312
0.10828550159931183 0.12325645238161087
0.10816808044910431 0.12261899560689926
0.10733705013990402 0.15939009189605713
0.10731402784585953 0.1193084567785263
0.10726447403430939 0.17462541162967682
0.10652721673250198 0.10696282237768173
0.10621338337659836 0.108038529753685
0.10522010177373886 0.11411014199256897
0.10491349548101425 0.111732117831707
0.10438569635152817 0.11732382327318192
0.10419800132513046 0.11815512180328369
0.10359297692775726 0.13146495819091797
0.10349537432193756 0.11545927077531815
0.10340636223554611 0.10440434515476227
0.10331335663795471 0.13817091286182404
0.10202237963676453 0.11318683624267578
0.10150354355573654 0.10624281316995621
0.10090035945177078 0.11997976899147034
0.10054255276918411 0.10258442163467407
0.09986352175474167 0.17139682173728943
0.09969832748174667 0.10287162661552429
0.09914304316043854 0.09962531179189682
0.09895163029432297 0.10144355893135071
0.09755366295576096 0.11957357078790665
0.09743837267160416 0.10840965807437897
0.09739413112401962 0.10603714734315872
0.09738334268331528 0.10577322542667389
0.09716730564832687 0.14672741293907166
0.09621928632259369 0.10472620278596878
0.09488096088171005 0.1021159291267395
0.094511978328228 0.1016274243593216
0.09415104240179062 0.1348535716533661
0.09392084181308746 0.10537005215883255
0.09387033432722092 0.09719981998205185
0.09357810020446777 0.10818492621183395
0.09341616928577423 0.1007857546210289
0.09326251596212387 0.0970776230096817
0.0931043028831482 0.10590575635433197
0.09308864176273346 0.10157431662082672
0.09307021647691727 0.1046115979552269
0.09296179562807083 0.09713689982891083
0.09287630766630173 0.11646609753370285
0.09248591214418411 0.0947163924574852
0.09214466065168381 0.1423010528087616
0.0921245664358139 0.13039933145046234
0.09202883392572403 0.12122863531112671
0.09180239588022232 0.12547104060649872
0.09066972136497498 0.10293960571289062
0.0905425101518631 0.09664445370435715
0.0904826670885086 0.13425955176353455
0.0904470831155777 0.09935618937015533
0.09025301784276962 0.10648024827241898
0.08970031142234802 0.12083008140325546
0.08963105082511902 0.09523729979991913
0.08953776210546494 0.10282458364963531
0.08948516100645065 0.11998632550239563
0.08940132707357407 0.08958688378334045
0.08920594304800034 0.09469767659902573
0.08907071501016617 0.1414414942264557
0.08905407041311264 0.09643421322107315
0.08888755738735199 0.11328431963920593
0.08844537287950516 0.09751620888710022
0.08781991899013519 0.09478205442428589
0.08763054013252258 0.11043636500835419
0.08746019750833511 0.0886058360338211
0.08735024183988571 0.09195169806480408
0.08706125617027283 0.08715847879648209
0.08640393614768982 0.08975450694561005
0.08627773821353912 0.09610908478498459
0.08624805510044098 0.09490397572517395
0.08603603392839432 0.11610376089811325
0.08548642694950104 0.14975252747535706
0.08533669263124466 0.10542146116495132
0.0846499651670456 0.09243661165237427
0.08454910665750504 0.12552274763584137
0.08448520302772522 0.0898444801568985
0.08438009023666382 0.08548387885093689
0.08429469913244247 0.09123065322637558
0.08422568440437317 0.10287096351385117
0.08415766060352325 0.09449127316474915
0.0841304212808609 0.09743330627679825
0.08397465199232101 0.08760492503643036
0.08365074545145035 0.088273786008358
0.08349214494228363 0.09602608531713486
0.08319985866546631 0.08851319551467896
0.08303926140069962 0.08776284009218216
0.08281734585762024 0.08531036227941513
0.08264799416065216 0.11897588521242142
0.08259109407663345 0.09441301226615906
0.08234109729528427 0.0882151648402214
0.08212962746620178 0.0970611497759819
0.08194304257631302 0.08919844031333923
0.08184496313333511 0.08246906846761703
0.08182710409164429 0.08510148525238037
0.08172845095396042 0.10558274388313293
0.0816350057721138 0.09157425165176392
0.0813915953040123 0.09265121072530746
0.0813194066286087 0.08254276216030121
0.08112258464097977 0.20493382215499878
0.08100951462984085 0.09364823997020721
0.08098055422306061 0.1597602814435959
0.0807543620467186 0.088273786008358
0.08053573220968246 0.16675572097301483
0.08018114417791367 0.09469401091337204
0.08007395267486572 0.08214875310659409
0.07969208061695099 0.10280255973339081
0.07967790216207504 0.09411174803972244
0.07965846359729767 0.09763212502002716
0.07921954244375229 0.07994689047336578
0.07901252806186676 0.0880894586443901
0.07901035249233246 0.1025814488530159
0.07899992913007736 0.09248875081539154
0.07894816249608994 0.08888020366430283
0.07881338149309158 0.08296816051006317
0.07881095260381699 0.0961715504527092
0.07826875150203705 0.08199004083871841
0.07804640382528305 0.0817953497171402
0.07791599631309509 0.08951306343078613
0.07777012884616852 0.09853629022836685
0.0774424746632576 0.09291795641183853
0.07743589580059052 0.07804499566555023
0.077203169465065 0.09061496704816818
0.07683081179857254 0.09421716630458832
0.07678644359111786 0.07814731448888779
0.07673411816358566 0.08061671257019043
0.07671274989843369 0.10198552161455154
0.07659031450748444 0.09146208316087723
0.07618597894906998 0.09018086642026901
0.07598044723272324 0.09139692783355713
0.07525254040956497 0.07767795026302338
0.07457136362791061 0.08110111206769943
0.07445459067821503 0.08248183876276016
0.07423567026853561 0.09139793366193771
0.07416684180498123 0.08647135645151138
0.07406226545572281 0.12435315549373627
0.07405044883489609 0.08677992224693298
0.07379274815320969 0.10462025552988052
0.07327049970626831 0.07981536537408829
0.07322215288877487 0.08414191752672195
0.07282846421003342 0.08086629956960678
0.07270326465368271 0.07663755118846893
0.07262587547302246 0.07716472446918488
0.07242993265390396 0.09565389156341553
0.07232896983623505 0.09777567535638809
0.07189920544624329 0.07949136942625046
0.07187406718730927 0.09185810387134552
0.07185118645429611 0.08660122007131577
0.0718432068824768 0.08841738104820251
0.07182877510786057 0.08492516726255417
0.07181064039468765 0.0756201520562172
0.07175426185131073 0.12259671092033386
0.071454256772995 0.0882507786154747
0.07041678577661514 0.10162385553121567
0.07037539035081863 0.07370530813932419
0.07035873085260391 0.10674262046813965
0.0702836662530899 0.07216332852840424
0.07003828138113022 0.0831984207034111
0.06995390355587006 0.08502926677465439
0.06985455751419067 0.09546151757240295
0.06979575753211975 0.09227143973112106
0.06868135184049606 0.07251102477312088
0.06704913079738617 0.0703224167227745
0.06630708277225494 0.08584204316139221
0.06568475067615509 0.07013455778360367
0.06565912812948227 0.09265939891338348
0.06552867591381073 0.08497080206871033
0.06526345014572144 0.07702513784170151
0.06525041162967682 0.07711530476808548
0.06499911099672318 0.09086303412914276
0.06379617750644684 0.06848639249801636
0.06359192728996277 0.0793631300330162
0.0620073564350605 0.07633967697620392
0.06164271757006645 0.09286060929298401
0.06159031018614769 0.07211768627166748
0.06026410683989525 0.06376591324806213
0.060186680406332016 0.06349007785320282
0.058109913021326065 0.07603070884943008
0.05653751268982887 0.07810691744089127
0.05609597638249397 0.07460984587669373
0.05536608025431633 0.06690529733896255
0.05311679467558861 0.0561523400247097
