0.22564683854579926 0.24041999876499176
0.22048044204711914 0.2439262568950653
0.21968162059783936 0.23286105692386627
0.20172245800495148 0.2082328498363495
0.1841108500957489 0.20349016785621643
0.17886169254779816 0.19434411823749542
0.17374448478221893 0.1766473352909088
0.17021305859088898 0.17360100150108337
0.17015765607357025 0.17706869542598724
0.17013855278491974 0.18342649936676025
0.16921548545360565 0.1851239651441574
0.16919434070587158 0.1796770691871643
0.16909871995449066 0.2189156413078308
0.16737189888954163 0.19870302081108093
0.16693644225597382 0.18562272191047668
0.16682711243629456 0.1733931452035904
0.16617338359355927 0.17229513823986053
0.16518770158290863 0.21185505390167236
0.16484305262565613 0.18021999299526215
0.16415183246135712 0.17713022232055664
0.1633986085653305 0.20065520703792572
0.16336126625537872 0.1871359944343567
0.16189123690128326 0.20216411352157593
0.1608608067035675 0.20099569857120514
0.15984271466732025 0.17858953773975372
0.15904991328716278 0.2056516855955124
0.15880060195922852 0.17097462713718414
0.15808728337287903 0.19837051630020142
0.15786223113536835 0.19631695747375488
0.15571390092372894 0.15724579989910126
0.1544843167066574 0.15596185624599457
0.1529088020324707 0.1993069052696228
0.15265820920467377 0.1704440414905548
0.15202930569648743 0.19602283835411072
0.15120847523212433 0.16534891724586487
0.1506224125623703 0.20418217778205872
0.15051919221878052 0.1723831295967102
0.14879301190376282 0.15445026755332947
0.14856256544589996 0.18404501676559448
0.14825691282749176 0.17254601418972015
0.1470290869474411 0.14992937445640564
0.14535216987133026 0.20624281466007233
0.14483796060085297 0.15767531096935272
0.1441677063703537 0.15431472659111023
0.14398528635501862 0.14608782529830933
0.1435561627149582 0.1437576711177826
0.14224694669246674 0.15405383706092834
0.14213642477989197 0.14719370007514954
0.14211711287498474 0.20876161754131317
0.14072607457637787 0.1941373348236084
0.14037145674228668 0.1481378823518753
0.14026014506816864 0.2039215862751007
0.1399250626564026 0.15064768493175507
0.13942310214042664 0.20925594866275787
0.13878679275512695 0.20474635064601898
0.13822002708911896 0.2066788673400879
0.1363850235939026 0.1392696648836136
0.13566815853118896 0.21151965856552124
0.13536041975021362 0.1570080667734146
0.13486580550670624 0.1441679447889328
0.13426730036735535 0.1790274977684021
0.1341519057750702 0.23694446682929993
0.13344727456569672 0.1353490948677063
0.13209928572177887 0.14755885303020477
0.13055922091007233 0.21738408505916595
0.13053183257579803 0.18831239640712738
0.12952649593353271 0.13445386290550232
0.12950947880744934 0.14132343232631683
0.12949809432029724 0.13006745278835297
0.1292324960231781 0.16419242322444916
0.1288660168647766 0.16608670353889465
0.12858113646507263 0.14866788685321808
0.12842458486557007 0.1575784832239151
0.12825700640678406 0.12939399480819702
0.12744860351085663 0.13284048438072205
0.12710799276828766 0.2006349265575409
0.12626543641090393 0.1542176902294159
0.12611541152000427 0.13702714443206787
0.12541167438030243 0.14085820317268372
0.1251520961523056 0.14702726900577545
0.12500929832458496 0.20425359904766083
0.12453189492225647 0.12864412367343903
0.12433158606290817 0.1381501406431198
0.12411538511514664 0.2152164727449417
0.1236376240849495 0.13345962762832642
0.12348492443561554 0.21754668653011322
0.12312401086091995 0.13443642854690552
0.12310650944709778 0.2158750295639038
0.12250891327857971 0.22845035791397095
0.1224832758307457 0.2080271691083908
0.12243005633354187 0.12876980006694794
0.12225112318992615 0.1225121021270752
0.12187270820140839 0.22320711612701416
0.1217254176735878 0.1436493694782257
0.12108282744884491 0.2235115021467209
0.12041202932596207 0.15752427279949188
0.12006105482578278 0.13755570352077484
0.12000895291566849 0.153561532497406
0.11934996396303177 0.17200598120689392
0.1186186894774437 0.14790695905685425
0.11850450932979584 0.13434374332427979
0.11762478202581406 0.12572932243347168
0.11702099442481995 0.11786003410816193
0.11676917970180511 0.14356394112110138
0.11668430268764496 0.13113343715667725
0.1164088025689125 0.16063877940177917
0.11582963913679123 0.1420312225818634
0.11568411439657211 0.23801791667938232
0.11556442081928253 0.1425510197877884
0.1151147186756134 0.17300355434417725
0.11426045000553131 0.22609473764896393
0.11401338875293732 0.24718041718006134
0.11394575983285904 0.1304847151041031
0.11342598497867584 0.20933082699775696
0.11165064573287964 0.12656259536743164
0.1108526736497879 0.19031597673892975
0.11083562672138214 0.11241286247968674
0.11078599840402603 0.14686629176139832
0.11054282635450363 0.11573383212089539
0.11045791208744049 0.12813273072242737
0.11037593334913254 0.11746517568826675
0.11032912880182266 0.11818262934684753
0.10993911325931549 0.11612151563167572
0.10970501601696014 0.1483512818813324
0.10965295135974884 0.16799236834049225
0.10936053842306137 0.12393512576818466
0.10864978283643723 0.12521743774414062
0.10801427811384201 0.12127849459648132
0.10745584964752197 0.13509680330753326
0.10722948610782623 0.148753821849823
0.10716980695724487 0.1683453619480133
0.10612212121486664 0.14407315850257874
0.10526853054761887 0.2169489711523056
0.10388761013746262 0.12905673682689667
0.10371083766222 0.1449376791715622
0.10278040915727615 0.17648737132549286
0.1027330607175827 0.16969498991966248
0.10253845900297165 0.11589126288890839
0.1024945080280304 0.11666541546583176
0.1023387610912323 0.1212516725063324
0.10026229918003082 0.12858621776103973
0.09945996105670929 0.13127382099628448
0.09801768511533737 0.17144280672073364
0.09746118634939194 0.11818263679742813
0.09684054553508759 0.1635710746049881
0.0964631587266922 0.16860729455947876
0.09590090811252594 0.11339250206947327
0.09468022733926773 0.09861413389444351
0.09389026463031769 0.0972619354724884
0.09372767060995102 0.0952463373541832
0.09306808561086655 0.10357455909252167
0.09256235510110855 0.09954874962568283
0.09169211983680725 0.09737619012594223
0.09167352318763733 0.1270913928747177
0.09109454602003098 0.09543044865131378
0.09072848409414291 0.12219739705324173
0.08865056186914444 0.11161676049232483
0.08833093196153641 0.10947752743959427
0.08822769671678543 0.09037160128355026
0.08719946444034576 0.0910896435379982
0.08718198537826538 0.09640946239233017
0.08708366751670837 0.1254163682460785
0.08600123226642609 0.10147502273321152
0.08474773168563843 0.1044159084558487
0.08454202115535736 0.08634736388921738
0.08419641852378845 0.09190927445888519
0.08364319801330566 0.08669348806142807
0.0835041031241417 0.09007727354764938
0.08193808048963547 0.0839022547006607
0.08185958862304688 0.09806159883737564
0.08139261603355408 0.10615118592977524
0.08138193190097809 0.10787655413150787
0.08105899393558502 0.10253393650054932
0.08020851761102676 0.08162631839513779
0.07752060890197754 0.08756791800260544
0.07701808214187622 0.11151695251464844
0.07077285647392273 0.08587779849767685
