0.3465219736099243 0.35002464056015015
0.3446057140827179 0.3485633134841919
0.3428322970867157 0.3480847179889679
0.34169524908065796 0.3478975296020508
0.3416675925254822 0.34584611654281616
0.34150126576423645 0.3416782319545746
0.34145915508270264 0.34615013003349304
0.3411860764026642 0.3419894278049469
0.34105926752090454 0.34525319933891296
0.34087589383125305 0.34581780433654785
0.3407890498638153 0.34290018677711487
0.3407772183418274 0.3480946123600006
0.3405170142650604 0.34830743074417114
0.34041285514831543 0.34677666425704956
0.3404029309749603 0.3490726351737976
0.3403370678424835 0.34425824880599976
0.3401513397693634 0.3454451560974121
0.3398747742176056 0.3454879820346832
0.33978381752967834 0.3493804633617401
0.3397699296474457 0.3436603248119354
0.3397672772407532 0.34087005257606506
0.33966612815856934 0.3477321267127991
0.33813220262527466 0.34135404229164124
0.3371318280696869 0.3436969518661499
0.33018362522125244 0.351694256067276
0.32442766427993774 0.3449442684650421
0.3211575448513031 0.32446974515914917
0.3195549547672272 0.3471930921077728
0.314583957195282 0.34226512908935547
0.3135153353214264 0.3195789158344269
0.1953776329755783 0.19825927913188934
0.1928422600030899 0.2096814066171646
0.18826185166835785 0.1964324712753296
0.176853209733963 0.21641366183757782
0.17313462495803833 0.20888492465019226
0.1635981649160385 0.18670809268951416
0.1607479751110077 0.18099288642406464
0.1595856100320816 0.17649641633033752
0.15781624615192413 0.17423489689826965
0.1559247076511383 0.1648416370153427
0.15507477521896362 0.18679921329021454
0.15447701513767242 0.17877011001110077
0.15428823232650757 0.1781466007232666
0.15382422506809235 0.2200017273426056
0.15315869450569153 0.1916680485010147
0.1521887630224228 0.15775872766971588
0.15200187265872955 0.16440531611442566
0.15174600481987 0.1654990315437317
0.15052451193332672 0.2037515491247177
0.15022780001163483 0.16896982491016388
0.14849916100502014 0.14858393371105194
0.14773279428482056 0.209269180893898
0.14674150943756104 0.16300566494464874
0.14656896889209747 0.20173704624176025
0.14640671014785767 0.1494026631116867
0.14598113298416138 0.16167683899402618
0.1458345502614975 0.15449093282222748
0.14558786153793335 0.1471133977174759
0.14503680169582367 0.16011841595172882
0.14490531384944916 0.22479122877120972
0.14394675195217133 0.1763256937265396
0.1438717097043991 0.16966067254543304
0.14382347464561462 0.16383032500743866
0.14348265528678894 0.1472739428281784
0.14172573387622833 0.15433670580387115
0.14163656532764435 0.17194326221942902
0.14028455317020416 0.1641577035188675
0.13958203792572021 0.14736320078372955
0.1393643468618393 0.1619982123374939
0.13923126459121704 0.19149184226989746
0.13918417692184448 0.15018069744110107
0.13883760571479797 0.14505647122859955
0.13844293355941772 0.19384180009365082
0.13800619542598724 0.14878226816654205
0.13754171133041382 0.15912073850631714
0.13725470006465912 0.16647392511367798
0.1362161636352539 0.1450839638710022
0.135947585105896 0.21391640603542328
0.1355767697095871 0.1436571329832077
0.13551625609397888 0.1376006305217743
0.13532964885234833 0.14251384139060974
0.13528308272361755 0.17845605313777924
0.13487805426120758 0.17695796489715576
0.13471853733062744 0.14594891667366028
0.13440896570682526 0.2213391810655594
0.1337331235408783 0.14183025062084198
0.13281236588954926 0.15692177414894104
0.13237348198890686 0.20068825781345367
0.13218533992767334 0.2164645791053772
0.13167694211006165 0.15800119936466217
0.13122114539146423 0.1467440128326416
0.1294226050376892 0.1615513265132904
0.12911570072174072 0.1415257751941681
0.1289743036031723 0.13811518251895905
0.12755443155765533 0.14030976593494415
0.12725508213043213 0.16283385455608368
0.12714101374149323 0.18859338760375977
0.1270110309123993 0.14432814717292786
0.1262439787387848 0.16158895194530487
0.1260041892528534 0.13457992672920227
0.12533512711524963 0.21441125869750977
0.12494571506977081 0.23591336607933044
0.12476122379302979 0.21348798274993896
0.12462744116783142 0.13086020946502686
0.12450840324163437 0.157962366938591
0.12365272641181946 0.14020808041095734
0.12352841347455978 0.1600189507007599
0.12351718544960022 0.12878231704235077
0.1231461837887764 0.1451629251241684
0.12281042337417603 0.13301225006580353
0.12255804985761642 0.13562433421611786
0.12235305458307266 0.1351340413093567
0.1221829205751419 0.14972427487373352
0.1218840628862381 0.15205959975719452
0.1213919147849083 0.13573403656482697
0.12139000743627548 0.14064283668994904
0.1209438219666481 0.1254245936870575
0.12061303853988647 0.1428041011095047
0.1205940917134285 0.12390800565481186
0.12030907720327377 0.21669238805770874
0.12025407701730728 0.15016885101795197
0.12017112970352173 0.16379542648792267
0.11984091997146606 0.2544715702533722
0.11956751346588135 0.1570458710193634
0.11927065998315811 0.1372089982032776
0.11864428222179413 0.12116964906454086
0.11841811239719391 0.22594493627548218
0.1176566630601883 0.1277380734682083
0.1165984645485878 0.16794535517692566
0.11526402086019516 0.14351534843444824
0.11449567973613739 0.21288874745368958
0.11424989253282547 0.17148901522159576
0.11421696096658707 0.11557334661483765
0.11366093903779984 0.156391441822052
0.11335109174251556 0.12780730426311493
0.11322703212499619 0.22728212177753448
0.11234177649021149 0.15652874112129211
0.11208763718605042 0.13197386264801025
0.11193953454494476 0.12470971047878265
0.11138764023780823 0.1160021647810936
0.11087246239185333 0.12027168273925781
0.1107761561870575 0.24868977069854736
0.1101132482290268 0.22399203479290009
0.10986537486314774 0.2124796211719513
0.10932470858097076 0.24332007765769958
0.1082904115319252 0.11115335673093796
0.10803739726543427 0.11171495914459229
0.10741777718067169 0.18441995978355408
0.10736768692731857 0.1572495400905609
0.10715502500534058 0.1292400360107422
0.10671930760145187 0.1141224354505539
0.10609419643878937 0.2312980741262436
0.10580041259527206 0.14095772802829742
0.10519498586654663 0.1175648644566536
0.10417212545871735 0.1787375807762146
0.10370059311389923 0.13022762537002563
0.10313860327005386 0.15491965413093567
0.10266240686178207 0.13425926864147186
0.1021592766046524 0.16599084436893463
0.10166984796524048 0.26093077659606934
0.09858331084251404 0.12810486555099487
0.09730304777622223 0.14409729838371277
0.09719135612249374 0.0991201177239418
0.09717351943254471 0.10828041285276413
0.09665727615356445 0.10716217011213303
0.09521595388650894 0.21643801033496857
0.09444686025381088 0.10185447335243225
0.09426043927669525 0.15314675867557526
0.09401226043701172 0.13801385462284088
0.09307968616485596 0.11351560056209564
0.09287704527378082 0.22799156606197357
0.09121543169021606 0.14767029881477356
0.09111673384904861 0.1647014319896698
0.0905105248093605 0.09327592700719833
0.09047088772058487 0.09441006183624268
0.08959885686635971 0.09514643996953964
0.08892561495304108 0.09302367269992828
0.08698573708534241 0.1363513171672821
0.0869462713599205 0.09301365166902542
0.0864531546831131 0.11329613626003265
0.08575513958930969 0.10512490570545197
0.08574289083480835 0.09561102837324142
0.08512995392084122 0.09458719938993454
0.08454066514968872 0.09253767132759094
0.08211161196231842 0.09853535145521164
0.08136250823736191 0.10025231540203094
0.07948165386915207 0.10254133492708206
0.0783921554684639 0.10111616551876068
0.07635893672704697 0.11085948348045349
0.07626461237668991 0.10185642540454865
0.07615918666124344 0.08918652683496475
0.07597165554761887 0.08982473611831665
0.07543107122182846 0.09542371332645416
0.07527101039886475 0.09704878181219101
0.07450170069932938 0.08891451358795166
0.07430645823478699 0.08361652493476868
0.07400016486644745 0.08869492262601852
0.0719158947467804 0.07877013087272644
0.07154731452465057 0.0804600790143013
0.0698620080947876 0.0754103735089302
0.06871701776981354 0.07420957088470459
