0.17122714221477509 0.17529389262199402
0.15512673556804657 0.15613573789596558
0.1492798626422882 0.14979003369808197
0.14835134148597717 0.15261796116828918
0.13727520406246185 0.13894163072109222
0.13686245679855347 0.16155339777469635
0.13526320457458496 0.1901104748249054
0.13515935838222504 0.14491434395313263
0.13351911306381226 0.13452906906604767
0.13306625187397003 0.14699329435825348
0.1321464329957962 0.15447008609771729
0.12899677455425262 0.13822343945503235
0.1278640478849411 0.13628211617469788
0.1263965666294098 0.12957844138145447
0.12561358511447906 0.14797578752040863
0.12251994758844376 0.1767164021730423
0.12039724737405777 0.1428821086883545
0.11938754469156265 0.12534397840499878
0.11937546730041504 0.13050198554992676
0.11579286307096481 0.18953204154968262
0.11558655649423599 0.14172577857971191
0.11472916603088379 0.12248188257217407
0.11463253945112228 0.13268938660621643
0.11381493508815765 0.1216370090842247
0.11302042752504349 0.11421022564172745
0.11223799735307693 0.1186896488070488
0.11198746412992477 0.12038843333721161
0.11198432743549347 0.11322394758462906
0.11150772124528885 0.14863692224025726
0.11066240817308426 0.12247639894485474
0.11031728982925415 0.1261157989501953
0.11024050414562225 0.15951064229011536
0.11002584546804428 0.1179477870464325
0.10945597290992737 0.13912852108478546
0.10910771787166595 0.1296662837266922
0.10764767229557037 0.11130142956972122
0.10726700723171234 0.12662678956985474
0.10722517222166061 0.2216050773859024
0.10643279552459717 0.12629501521587372
0.10477017611265182 0.10674722492694855
0.10404129326343536 0.10519037395715714
0.1038661077618599 0.11673692613840103
0.10385936498641968 0.10479643195867538
0.10239887237548828 0.10252463072538376
0.1021561473608017 0.159297376871109
0.10193626582622528 0.13458682596683502
0.10188586264848709 0.10323288291692734
0.10137204080820084 0.11612038314342499
0.10122573375701904 0.10512051731348038
0.10115320235490799 0.15369392931461334
0.10108944773674011 0.1311674267053604
0.1009925976395607 0.11058832705020905
0.1006706953048706 0.20520858466625214
0.10060209035873413 0.11606481671333313
0.10050785541534424 0.11504517495632172
0.10025438666343689 0.10361418128013611
0.09999188035726547 0.10947764664888382
0.09955830127000809 0.11162617057561874
0.09893806278705597 0.15065862238407135
0.09776612371206284 0.10256925225257874
0.0974406823515892 0.10858595371246338
0.0972067192196846 0.10828536003828049
0.09716985374689102 0.09964099526405334
0.09703419357538223 0.1034916415810585
0.09625744074583054 0.1022072359919548
0.09606856107711792 0.12895339727401733
0.09601540118455887 0.13069391250610352
0.09489166736602783 0.11279721558094025
0.09484653174877167 0.1061345636844635
0.09456569701433182 0.11777178198099136
0.09378140419721603 0.10677824914455414
0.09314797073602676 0.10758207738399506
0.0927690863609314 0.11583450436592102
0.09275487810373306 0.13814888894557953
0.09253060817718506 0.15220294892787933
0.09252496063709259 0.09643997251987457
0.09204418957233429 0.1061558648943901
0.09185048937797546 0.09224578738212585
0.09171689301729202 0.12995944917201996
0.09168805927038193 0.15547113120555878
0.09128935635089874 0.09859377890825272
0.09103159606456757 0.09556189924478531
0.09079483151435852 0.09369822591543198
0.0896851122379303 0.09159372001886368
0.08966927230358124 0.0897631049156189
0.08957371860742569 0.10170188546180725
0.08947917819023132 0.09574639797210693
0.08920978754758835 0.11118962615728378
0.08905768394470215 0.11039578169584274
0.08900406211614609 0.143087238073349
0.08887948840856552 0.10055401176214218
0.08882935345172882 0.0932607501745224
0.08881878107786179 0.10422442853450775
0.08876924216747284 0.09727167338132858
0.08776751160621643 0.11804132163524628
0.0871119573712349 0.11697254329919815
0.08707524091005325 0.11408556997776031
0.0869814082980156 0.09188491106033325
0.08669991046190262 0.09569647908210754
0.08659961074590683 0.09509015828371048
0.08659090101718903 0.10274873673915863
0.08646852523088455 0.09072192013263702
0.08636412769556046 0.09995647519826889
0.08600308746099472 0.08988829702138901
0.08580800145864487 0.09049472212791443
0.08543318510055542 0.11442995071411133
0.08503802865743637 0.10832689702510834
0.08481985330581665 0.09376012533903122
0.08455358445644379 0.09515610337257385
0.08452489227056503 0.09761961549520493
0.08439896255731583 0.08961302787065506
0.08433690667152405 0.0856320932507515
0.0842423290014267 0.09156730771064758
0.08413112163543701 0.11072614789009094
0.08406039327383041 0.08483925461769104
0.0837847888469696 0.10608171671628952
0.08374986052513123 0.1275876760482788
0.08357017487287521 0.09708965569734573
0.08312638849020004 0.14239414036273956
0.08291170746088028 0.11370424926280975
0.08266949653625488 0.12321221083402634
0.08219300210475922 0.10376719385385513
0.08188692480325699 0.08610861003398895
0.08135499060153961 0.107918381690979
0.08099861443042755 0.1058904156088829
0.08059635013341904 0.09357161819934845
0.08056482672691345 0.0854247435927391
0.08042871206998825 0.08400297909975052
0.08026456832885742 0.08251780271530151
0.08022218942642212 0.09499615430831909
0.08021476864814758 0.09315529465675354
0.08005187660455704 0.08567341417074203
0.07984313368797302 0.09017770737409592
0.07968916743993759 0.08413146436214447
0.07968702912330627 0.08822328597307205
0.07955179363489151 0.08760088682174683
0.0793403685092926 0.08384475111961365
0.0793379470705986 0.12238157540559769
0.0793209820985794 0.11303983628749847
0.07925041019916534 0.08872883021831512
0.07883763313293457 0.08919435739517212
0.07880458235740662 0.11895144730806351
0.0787268877029419 0.08669458329677582
0.07865201681852341 0.1063854917883873
0.07864852994680405 0.08637576550245285
0.07863979041576385 0.08599250763654709
0.07856176793575287 0.08586655557155609
0.07817138731479645 0.08091529458761215
0.07813597470521927 0.08644479513168335
0.07808571308851242 0.11210213601589203
0.07790044695138931 0.08764683455228806
0.07784212380647659 0.08018474280834198
0.07750937342643738 0.10697593539953232
0.0772971659898758 0.08489739149808884
0.07722578197717667 0.09042219817638397
0.07692420482635498 0.09052075445652008
0.07679811865091324 0.0783732458949089
0.07648373395204544 0.09136747568845749
0.07641185820102692 0.08960457146167755
0.0762956440448761 0.13314491510391235
0.0760841816663742 0.08234426379203796
0.07600746303796768 0.0842975527048111
0.07595131546258926 0.10517535358667374
0.07594408094882965 0.14045806229114532
0.07562373578548431 0.09853874891996384
0.07542546838521957 0.10049836337566376
0.07529366761445999 0.08806665241718292
0.07519993185997009 0.0964248850941658
0.07496195286512375 0.08633039891719818
0.0747222825884819 0.09164408594369888
0.07409819960594177 0.1267593502998352
0.0739244818687439 0.11877895146608353
0.0738569125533104 0.11064348369836807
0.07318363338708878 0.09004363417625427
0.07308481633663177 0.10189978033304214
0.07159087806940079 0.08141576498746872
0.07155859470367432 0.10023346543312073
0.07129094749689102 0.07735525071620941
0.07121653109788895 0.1111154779791832
0.07053206861019135 0.081898532807827
0.0705101490020752 0.08141662925481796
0.0700966864824295 0.08642157167196274
0.06981886178255081 0.08218841254711151
0.06899204850196838 0.10793060809373856
0.06834731996059418 0.07405630499124527
0.06816018372774124 0.07932808250188828
0.06790132820606232 0.06962203979492188
0.06759501248598099 0.07823669165372849
0.06714827567338943 0.0862785130739212
0.06704691052436829 0.06729884445667267
0.06666655093431473 0.06970920413732529
0.06613073498010635 0.09186526387929916
0.06585864722728729 0.08336597681045532
0.06554705649614334 0.06661921739578247
0.0648810938000679 0.07883421331644058
0.06429284811019897 0.07258044928312302
0.06413984298706055 0.07388896495103836
0.06358906626701355 0.06531868875026703
0.06333119422197342 0.07178999483585358
0.0631786584854126 0.07405630499124527
0.061917439103126526 0.07186858355998993
0.060894228518009186 0.08126384019851685
0.060884371399879456 0.06916658580303192
0.05962536856532097 0.06127450615167618
0.0594969280064106 0.07169128954410553
0.056392546743154526 0.0658673495054245
0.05497514456510544 0.06405539065599442
0.052271705120801926 0.06662341207265854
