0.11464732140302658 0.11861993372440338
0.10469183325767517 0.10748381167650223
0.10421261936426163 0.12422773241996765
0.1007932797074318 0.13222070038318634
0.10059753060340881 0.11653126031160355
0.10037558525800705 0.10268762707710266
0.09966462105512619 0.1297360062599182
0.09948093444108963 0.10646446794271469
0.09754464030265808 0.10332410782575607
0.09677080810070038 0.1355985701084137
0.09592100977897644 0.09745025634765625
0.09374567866325378 0.1065894141793251
0.0930229052901268 0.10058040916919708
0.09290455281734467 0.12902019917964935
0.0928516685962677 0.10061809420585632
0.09272921830415726 0.10050654411315918
0.09156563878059387 0.10977496951818466
0.09120602905750275 0.1427023559808731
0.09040223062038422 0.11051471531391144
0.08862179517745972 0.0972420945763588
0.08812130242586136 0.09365548193454742
0.0880950391292572 0.09502846747636795
0.08753854036331177 0.09113553911447525
0.08752449601888657 0.09297209233045578
0.08705749362707138 0.08714433014392853
0.0863572210073471 0.09297088533639908
0.08568276464939117 0.09335774183273315
0.08479657769203186 0.09726560860872269
0.0837920606136322 0.08391358703374863
0.08330778032541275 0.08575382083654404
0.083119697868824 0.08519821614027023
0.08266950398683548 0.09386080503463745
0.08264964818954468 0.0912013053894043
0.08264455199241638 0.08459484577178955
0.08167622238397598 0.08367633819580078
0.08086638152599335 0.09492550045251846
0.08059106767177582 0.0859115868806839
0.08027952909469604 0.10128753632307053
0.08000623434782028 0.0944986566901207
0.07977522909641266 0.08500181138515472
0.07975920289754868 0.08199932426214218
0.07963314652442932 0.08251608163118362
0.0786782056093216 0.09721198678016663
0.07786205410957336 0.09566390514373779
0.07759054750204086 0.08173832297325134
0.07755306363105774 0.09766552597284317
0.07745186239480972 0.10211282223463058
0.07743865996599197 0.08362162113189697
0.0773165374994278 0.12500765919685364
0.07730717211961746 0.08973211795091629
0.07606329768896103 0.0826668068766594
0.07603119313716888 0.0954638421535492
0.07592476159334183 0.08345247805118561
0.07568740844726562 0.08398494124412537
0.07473049312829971 0.0936034768819809
0.07419651746749878 0.08340451866388321
0.07397817820310593 0.0764717236161232
0.07391330599784851 0.0792936161160469
0.0737895667552948 0.09065555036067963
0.07337434589862823 0.10863228887319565
0.07333706319332123 0.08651363104581833
0.07322321087121964 0.07847502827644348
0.07308018952608109 0.08723378926515579
0.07294560968875885 0.08317773789167404
0.07289469987154007 0.0803215429186821
0.07258685678243637 0.08203136920928955
0.0723373293876648 0.0768834725022316
0.07223647832870483 0.07280925661325455
0.07170350104570389 0.07540705054998398
0.07165820896625519 0.07496804744005203
0.07109799236059189 0.08875581622123718
0.07080730050802231 0.10297229886054993
0.0706828162074089 0.08531849086284637
0.0705641582608223 0.1257995218038559
0.07038948684930801 0.08209048956632614
0.0701439306139946 0.08076401799917221
0.06947992742061615 0.06975314766168594
0.06918852031230927 0.08108402043581009
0.06850172579288483 0.10922624915838242
0.06819581985473633 0.07126631587743759
0.06815633177757263 0.06982378661632538
0.06803923100233078 0.1051742359995842
0.0677928477525711 0.14854638278484344
0.06736159324645996 0.07435788959264755
0.06728318333625793 0.10333769023418427
0.06723109632730484 0.06778516620397568
0.06705033034086227 0.07752887904644012
0.06703224033117294 0.06713683903217316
0.0670161172747612 0.08340494334697723
0.06666332483291626 0.09131599217653275
0.0663594976067543 0.11243217438459396
0.06626532226800919 0.08625849336385727
0.06620221585035324 0.08251981437206268
0.06598404049873352 0.08688024431467056
0.06595876812934875 0.08241570740938187
0.06579539179801941 0.06765551120042801
0.06576131284236908 0.08599196374416351
0.06570390611886978 0.06825867295265198
0.06570202857255936 0.0828205794095993
0.0656474232673645 0.07185207307338715
0.06521422415971756 0.06907276809215546
0.06512364000082016 0.07565361261367798
0.06499233096837997 0.06974323093891144
0.06465212255716324 0.1071823239326477
0.06424660235643387 0.07996532320976257
0.06358121335506439 0.10034678131341934
0.06355452537536621 0.06530025601387024
0.06345018744468689 0.12250589579343796
0.06317862868309021 0.07855076342821121
0.06305766850709915 0.10358285903930664
0.0630144253373146 0.08679132163524628
0.06246921420097351 0.07131142169237137
0.06228938326239586 0.08431220799684525
0.06225256249308586 0.07030259817838669
0.06197340413928032 0.06435497850179672
0.061817716807127 0.09923958778381348
0.061664123088121414 0.08055054396390915
0.06165696680545807 0.08325710147619247
0.06130917742848396 0.06332853436470032
0.06120188906788826 0.0833078920841217
0.061150986701250076 0.09931863844394684
0.060854919254779816 0.07334553450345993
0.06085186451673508 0.06308609247207642
0.06077849119901657 0.061019059270620346
0.06069197505712509 0.07896452397108078
0.060660626739263535 0.07547694444656372
0.06065754592418671 0.07520559430122375
0.06062106043100357 0.06975314766168594
0.06018584966659546 0.06592637300491333
0.059867050498723984 0.061449140310287476
0.059732962399721146 0.07174021750688553
0.05924687907099724 0.079038105905056
0.059074241667985916 0.07661676406860352
0.058601781725883484 0.06295818090438843
0.05845322459936142 0.0656241625547409
0.05824524164199829 0.075686015188694
0.057484276592731476 0.06458073854446411
0.05732904374599457 0.07978790253400803
0.05700834095478058 0.08109399676322937
0.056485097855329514 0.057039808481931686
0.05615665763616562 0.0665610060095787
0.055824875831604004 0.0729966089129448
0.05573374778032303 0.07225586473941803
0.055536385625600815 0.05876989662647247
0.0555269718170166 0.06654056161642075
0.055307984352111816 0.06084523722529411
0.05521279200911522 0.0659237951040268
0.05515125021338463 0.05626726150512695
0.0549955889582634 0.07330852001905441
0.05444294214248657 0.0733218565583229
0.05435030907392502 0.09041940420866013
0.05430397763848305 0.06076917052268982
0.054209526628255844 0.06398685276508331
0.05390884354710579 0.06499212980270386
0.0538296103477478 0.0746958777308464
0.05365830287337303 0.059228554368019104
0.053585559129714966 0.06845640391111374
0.0532103106379509 0.05641736090183258
0.05320758745074272 0.05326799675822258
0.0530439130961895 0.061179328709840775
0.05256776511669159 0.05944572761654854
0.05204977095127106 0.05477555841207504
0.05193166434764862 0.06759645789861679
0.05121360346674919 0.07133999466896057
0.05105535313487053 0.05317265912890434
0.05090685933828354 0.053008079528808594
0.05059581995010376 0.05170442536473274
0.0505698062479496 0.050589147955179214
0.05051688104867935 0.05180907994508743
0.05030659958720207 0.05744286626577377
0.050100889056921005 0.05259506031870842
0.05001213029026985 0.05714208632707596
0.04963895305991173 0.07798541337251663
0.049575116485357285 0.06822223961353302
0.04873533174395561 0.05741239711642265
0.04812166839838028 0.051524072885513306
0.04794500768184662 0.05548349767923355
0.04786200076341629 0.04809405654668808
0.04630269482731819 0.05060216784477234
0.04611881822347641 0.068391814827919
0.04501272737979889 0.05169999226927757
0.04425220191478729 0.045452095568180084
0.040216751396656036 0.04729115962982178
0.0373150110244751 0.03824949264526367
0.0372539684176445 0.03950781375169754
