0.3031197190284729 0.35225215554237366
0.2995014190673828 0.3189263939857483
0.10207618027925491 0.10859120637178421
0.0981862023472786 0.09870963543653488
0.0951383039355278 0.10151070356369019
0.09351702034473419 0.09391599893569946
0.09123952686786652 0.10730251669883728
0.08687446266412735 0.0895884707570076
0.084419846534729 0.09525354206562042
0.08300501108169556 0.08379896730184555
0.08244959264993668 0.08335694670677185
0.08019774407148361 0.08331162482500076
0.07873450964689255 0.09593027830123901
0.07760973274707794 0.07795994728803635
0.07759465277194977 0.09194887429475784
0.07753010094165802 0.08999784290790558
0.07719297707080841 0.11950362473726273
0.07658307254314423 0.0804639458656311
0.0763627290725708 0.07784875482320786
0.07629664242267609 0.08171629905700684
0.07611691951751709 0.08032341301441193
0.07576323300600052 0.08474894613027573
0.07444243133068085 0.11236830055713654
0.0738745927810669 0.07394865155220032
0.07375679165124893 0.07549244165420532
0.07278415560722351 0.07617159187793732
0.07266249507665634 0.08041884005069733
0.07132977992296219 0.08166535198688507
0.07080420106649399 0.0777701884508133
0.07075890898704529 0.08163522928953171
0.0705454871058464 0.07336639612913132
0.06994707882404327 0.10154569149017334
0.069027841091156 0.07159335911273956
0.0683511421084404 0.0857321172952652
0.06802196800708771 0.0778568908572197
0.06754535436630249 0.07114598155021667
0.06739214807748795 0.06947054713964462
0.06652279198169708 0.0682443231344223
0.06606049835681915 0.0927426666021347
0.0656166672706604 0.0668499544262886
0.06526094675064087 0.06697945296764374
0.06524816155433655 0.08127136528491974
0.06524130702018738 0.06663700193166733
0.0651332437992096 0.06773913651704788
0.06494511663913727 0.07564786076545715
0.06493654102087021 0.08422887325286865
0.06483305990695953 0.0962415263056755
0.0645996481180191 0.08737827092409134
0.06352837383747101 0.06730715930461884
0.06323070079088211 0.07131462544202805
0.06321121752262115 0.07344020158052444
0.06267742067575455 0.11163509637117386
0.061376988887786865 0.10113660991191864
0.061343301087617874 0.08226162195205688
0.06090434268116951 0.06323999911546707
0.060777224600315094 0.07458679378032684
0.06077463552355766 0.0662601962685585
0.06045754253864288 0.06153002753853798
0.060152534395456314 0.10711320489645004
0.06013498082756996 0.06370564550161362
0.06010712683200836 0.08390805870294571
0.060060739517211914 0.06755609810352325
0.060006964951753616 0.06360098719596863
0.05979127436876297 0.06524796038866043
0.05973559990525246 0.06168978288769722
0.05964002013206482 0.06738542020320892
0.059539467096328735 0.06071305647492409
0.05939188227057457 0.0819370374083519
0.05935518071055412 0.06290113925933838
0.05928640812635422 0.07397077977657318
0.0592828206717968 0.06450369209051132
0.058990731835365295 0.0664343610405922
0.05894662067294121 0.06835222244262695
0.05877982825040817 0.0666753351688385
0.05876236408948898 0.06352367997169495
0.0587179958820343 0.07038258761167526
0.058293990790843964 0.09884422272443771
0.058286555111408234 0.11805903166532516
0.058219753205776215 0.08322983980178833
0.05758630856871605 0.06128164380788803
0.05749118700623512 0.07247214764356613
0.05745592713356018 0.0733264684677124
0.05742623284459114 0.05753358080983162
0.0569867305457592 0.06085210666060448
0.056854646652936935 0.061285845935344696
0.05683425813913345 0.06454644352197647
0.0566059947013855 0.06790489703416824
0.05642962083220482 0.056885525584220886
0.05633215233683586 0.06572479754686356
0.0562639981508255 0.06074913218617439
0.05615868791937828 0.08577341586351395
0.05613970384001732 0.06196010112762451
0.056015435606241226 0.06522194296121597
0.05599568784236908 0.09926359355449677
0.055901650339365005 0.05973401293158531
0.055696774274110794 0.06506955623626709
0.05559847876429558 0.06178431957960129
0.05548488721251488 0.07331015169620514
0.05477796494960785 0.061755433678627014
0.05477190762758255 0.05919545888900757
0.054739948362112045 0.0854029580950737
0.05471506342291832 0.056778885424137115
0.054660409688949585 0.057301606982946396
0.054622046649456024 0.05951449275016785
0.054612305015325546 0.0777263343334198
0.05455463007092476 0.06155950576066971
0.05449055880308151 0.05808649957180023
0.05427495017647743 0.06213529780507088
0.05352167412638664 0.061344265937805176
0.053452663123607635 0.05739250034093857
0.053450070321559906 0.09809856861829758
0.05323100462555885 0.09959305822849274
0.05302535369992256 0.06770846247673035
0.05298348888754845 0.08958376944065094
0.05277753248810768 0.06098335236310959
0.05273042991757393 0.05827746540307999
0.05219456925988197 0.10942819714546204
0.05215136706829071 0.05612270534038544
0.052122343331575394 0.0710117444396019
0.05163853242993355 0.061000924557447433
0.05158537998795509 0.06839244812726974
0.05147458240389824 0.0585140585899353
0.05104297026991844 0.06168978288769722
0.051017891615629196 0.0909898430109024
0.050853729248046875 0.06655467301607132
0.050799157470464706 0.05733299255371094
0.05040888860821724 0.053621143102645874
0.050325583666563034 0.06442766636610031
0.05030838027596474 0.05441940575838089
0.050272103399038315 0.05031641572713852
0.04991535097360611 0.0703020691871643
0.04983016103506088 0.06297408044338226
0.04974614083766937 0.050811052322387695
0.049653779715299606 0.053662754595279694
0.049607329070568085 0.0575486421585083
0.04939772188663483 0.05548762530088425
0.04918339103460312 0.051468443125486374
0.048903465270996094 0.0552155077457428
0.048869840800762177 0.049643825739622116
0.048843372613191605 0.05605020746588707
0.048726242035627365 0.05739561468362808
0.04866933077573776 0.09789986163377762
0.04857153072953224 0.05497264117002487
0.04833078384399414 0.0485289990901947
0.048045724630355835 0.07574710249900818
0.04777603596448898 0.07089637219905853
0.047328606247901917 0.050912629812955856
0.047246962785720825 0.04834188520908356
0.047239284962415695 0.05009595304727554
0.04627907648682594 0.04984083026647568
0.045745544135570526 0.05918446555733681
0.04561212658882141 0.05234800651669502
0.04552970081567764 0.04594457149505615
0.0455094613134861 0.0543520413339138
0.0453084371984005 0.0494721345603466
0.04523783177137375 0.05528772622346878
0.0449615977704525 0.051651231944561005
0.044835932552814484 0.04619847610592842
0.04459444433450699 0.060719046741724014
0.04454411193728447 0.05971897393465042
0.044240448623895645 0.04829001426696777
0.044213518500328064 0.05402078852057457
0.0439520999789238 0.04809487238526344
0.04386984929442406 0.049576763063669205
0.04374970868229866 0.04531555250287056
0.043654028326272964 0.0600656121969223
0.04348624870181084 0.05182173103094101
0.04314100742340088 0.04482518136501312
0.04280700907111168 0.04481111839413643
0.04257867485284805 0.05722479894757271
0.04245070740580559 0.04529501870274544
0.042104434221982956 0.05833453685045242
0.04208409786224365 0.042710721492767334
0.04205778241157532 0.04725979268550873
0.041585229337215424 0.04476059228181839
0.041580505669116974 0.04395885393023491
0.041319068521261215 0.04208340495824814
0.041260894387960434 0.049913618713617325
0.041063230484724045 0.04742969200015068
0.04092627763748169 0.046343304216861725
0.040862780064344406 0.047482676804065704
0.04076569527387619 0.04567154124379158
0.04050188139081001 0.05226874724030495
0.038598865270614624 0.0488421805202961
0.03812823072075844 0.04181375727057457
0.03780485689640045 0.039191633462905884
0.0365259014070034 0.04006268456578255
