0.24970020353794098 0.26474958658218384
0.24707475304603577 0.2587869465351105
0.2209452986717224 0.22833476960659027
0.20717893540859222 0.21293656527996063
0.20373690128326416 0.22728662192821503
0.19981807470321655 0.21039356291294098
0.19917239248752594 0.20784489810466766
0.19701971113681793 0.2167876958847046
0.1911955326795578 0.20223496854305267
0.18507058918476105 0.19796206057071686
0.18506130576133728 0.2151525616645813
0.1831730157136917 0.2557060122489929
0.18300433456897736 0.22838065028190613
0.18271011114120483 0.1890460103750229
0.18043719232082367 0.20731228590011597
0.17918643355369568 0.1831701546907425
0.17751218378543854 0.211452916264534
0.17718419432640076 0.18880659341812134
0.1761789470911026 0.17691543698310852
0.1759004443883896 0.26579147577285767
0.1752719134092331 0.21980918943881989
0.17293651401996613 0.22271081805229187
0.17208729684352875 0.18947382271289825
0.17163965106010437 0.19908496737480164
0.1711128205060959 0.17995087802410126
0.17077334225177765 0.21724136173725128
0.16986198723316193 0.20211535692214966
0.16776353120803833 0.19946978986263275
0.16738179326057434 0.24361443519592285
0.1653774529695511 0.16744670271873474
0.165016308426857 0.17496931552886963
0.1644638627767563 0.1650843769311905
0.16432292759418488 0.1648971140384674
0.1639520525932312 0.20938502252101898
0.1633695662021637 0.19358369708061218
0.16330960392951965 0.17992550134658813
0.16322331130504608 0.18270041048526764
0.1618628352880478 0.24608725309371948
0.1617990881204605 0.23534388840198517
0.16170959174633026 0.18987666070461273
0.16094151139259338 0.16841979324817657
0.16075429320335388 0.2906355857849121
0.1605651080608368 0.20937207341194153
0.16017647087574005 0.1759166270494461
0.1586073786020279 0.22275401651859283
0.15856577455997467 0.18288621306419373
0.15837015211582184 0.1762961894273758
0.15764391422271729 0.1920408010482788
0.15687693655490875 0.16290447115898132
0.15458835661411285 0.16253279149532318
0.15453973412513733 0.22186163067817688
0.15365351736545563 0.254971981048584
0.15257033705711365 0.2118564397096634
0.15224690735340118 0.1833142340183258
0.15220846235752106 0.15833193063735962
0.15168496966362 0.16934894025325775
0.15135692059993744 0.194585382938385
0.1507694125175476 0.18429821729660034
0.1505461484193802 0.16709165275096893
0.15016070008277893 0.1525767594575882
0.15008944272994995 0.1975444257259369
0.14990410208702087 0.24057906866073608
0.14976364374160767 0.2109289914369583
0.14965762197971344 0.24507850408554077
0.1496085673570633 0.16861355304718018
0.1493329107761383 0.16797912120819092
0.1492682695388794 0.214060440659523
0.14898210763931274 0.1762082576751709
0.14802920818328857 0.18400835990905762
0.1475641131401062 0.16311295330524445
0.14750979840755463 0.31067565083503723
0.1473156362771988 0.15428397059440613
0.14701910316944122 0.21134337782859802
0.14648331701755524 0.17042599618434906
0.1455846130847931 0.2172417938709259
0.14553391933441162 0.17218317091464996
0.14503113925457 0.2309725284576416
0.14427879452705383 0.16517126560211182
0.14422820508480072 0.24256721138954163
0.14388510584831238 0.2406289279460907
0.1438440978527069 0.270300030708313
0.14345848560333252 0.17780080437660217
0.14340698719024658 0.19330966472625732
0.14280621707439423 0.25535422563552856
0.14237329363822937 0.16586920619010925
0.14178800582885742 0.14805732667446136
0.14167214930057526 0.14791807532310486
0.14102765917778015 0.2211138755083084
0.1407458484172821 0.22038069367408752
0.14057277143001556 0.1648995578289032
0.14048735797405243 0.14884741604328156
0.1401355266571045 0.27002960443496704
0.13914376497268677 0.2966119945049286
0.13885536789894104 0.21506012976169586
0.13869792222976685 0.285535603761673
0.13837553560733795 0.16395005583763123
0.13768483698368073 0.25056326389312744
0.137650266289711 0.151836559176445
0.13691364228725433 0.16357822716236115
0.13668827712535858 0.19577428698539734
0.13653573393821716 0.17191928625106812
0.13635841012001038 0.1606961488723755
0.1359969824552536 0.14510057866573334
0.13496698439121246 0.24115045368671417
0.13400602340698242 0.21914803981781006
0.13368235528469086 0.2430880069732666
0.1330258548259735 0.21698684990406036
0.13290318846702576 0.14122772216796875
0.13278087973594666 0.1456853449344635
0.13245870172977448 0.2895382344722748
0.13243651390075684 0.17787198722362518
0.13217690587043762 0.16580511629581451
0.13137970864772797 0.15024341642856598
0.13089317083358765 0.1395975947380066
0.13030286133289337 0.26305270195007324
0.1300549954175949 0.15314681828022003
0.1290680468082428 0.21857941150665283
0.12892676889896393 0.18657764792442322
0.1288398951292038 0.13720668852329254
0.12856502830982208 0.17797647416591644
0.12730063498020172 0.13334454596042633
0.12727715075016022 0.29406192898750305
0.12642480432987213 0.19397276639938354
0.1263236105442047 0.13697971403598785
0.12538893520832062 0.12959392368793488
0.12466174364089966 0.13905204832553864
0.12457379698753357 0.1378159523010254
0.12446598708629608 0.2396588921546936
0.1225973442196846 0.145996555685997
0.12191667407751083 0.1837017983198166
0.12115799635648727 0.12448791414499283
0.12090235203504562 0.12246118485927582
0.12087851017713547 0.13103757798671722
0.12049424648284912 0.2360019087791443
0.12031842023134232 0.13679571449756622
0.11968271434307098 0.1411725878715515
0.11902064085006714 0.1267576962709427
0.11852661520242691 0.13405071198940277
0.1182786077260971 0.27371498942375183
0.11794193089008331 0.12986429035663605
0.11728714406490326 0.18611866235733032
0.11721235513687134 0.11939448118209839
0.1171729788184166 0.1673654019832611
0.11673304438591003 0.1881415843963623
0.11628789454698563 0.15710870921611786
0.1157427430152893 0.23326021432876587
0.11526620388031006 0.12826989591121674
0.11456631124019623 0.22966228425502777
0.11324398964643478 0.14286434650421143
0.11250196397304535 0.12461139261722565
0.11053415387868881 0.1365772783756256
0.10808273404836655 0.18065346777439117
0.10736255347728729 0.2022315263748169
0.10669457912445068 0.1200193464756012
0.10627955198287964 0.11698354780673981
0.10577766597270966 0.1407826840877533
0.1057358980178833 0.13229335844516754
0.10519435256719589 0.11099182069301605
0.10394668579101562 0.11580422520637512
0.10357360541820526 0.1593397855758667
0.10322927683591843 0.10390021651983261
0.1018858551979065 0.1295723021030426
0.09937337785959244 0.11416181921958923
0.09935125708580017 0.10855251550674438
0.0990576520562172 0.12088681757450104
0.09808021038770676 0.10554378479719162
0.09615680575370789 0.0978156253695488
0.0960090383887291 0.11007993668317795
0.09015026688575745 0.10014674812555313
0.08907360583543777 0.09035830944776535
0.08819247782230377 0.09445367753505707
0.08709467202425003 0.10661540180444717
