0.10582774877548218 0.10660575330257416
0.10282177478075027 0.10974886268377304
0.10198019444942474 0.10974294692277908
0.10144434869289398 0.13895435631275177
0.10126924514770508 0.10246367007493973
0.09867075830698013 0.11319839954376221
0.09780363738536835 0.10366353392601013
0.09732706844806671 0.11927623301744461
0.09515103697776794 0.10002665221691132
0.09508078545331955 0.10177130997180939
0.09404471516609192 0.11645866185426712
0.09368529170751572 0.11474032700061798
0.09295950829982758 0.10165725648403168
0.09285444021224976 0.09999491274356842
0.09184465557336807 0.0928778201341629
0.09184328466653824 0.10067112743854523
0.09120636433362961 0.0939050242304802
0.09053536504507065 0.09976758807897568
0.09000840038061142 0.09397740662097931
0.08758800476789474 0.12205419689416885
0.08726941049098969 0.10058435052633286
0.08706896007061005 0.12751543521881104
0.08696106821298599 0.09668456763029099
0.08643478155136108 0.08789669722318649
0.08630381524562836 0.10135401040315628
0.08624733239412308 0.10984369367361069
0.08527877926826477 0.10071225464344025
0.08457455784082413 0.10067298263311386
0.08426468819379807 0.08587835729122162
0.08370651304721832 0.08870995044708252
0.08348822593688965 0.12605145573616028
0.08342205733060837 0.10202135145664215
0.08306726068258286 0.10899551957845688
0.08294309675693512 0.10932239145040512
0.0818333625793457 0.08659423142671585
0.08116824179887772 0.0826277881860733
0.08081737905740738 0.10262281447649002
0.07996633648872375 0.0935925617814064
0.07989894598722458 0.08144435286521912
0.07962633669376373 0.08618853986263275
0.07955499738454819 0.09665543586015701
0.07946894317865372 0.08244343847036362
0.07894071191549301 0.10044167190790176
0.07885657995939255 0.07937182486057281
0.07882685959339142 0.0836099237203598
0.07874659448862076 0.08735183626413345
0.07852721214294434 0.0947393849492073
0.07846944779157639 0.08095069229602814
0.07835317403078079 0.0852709710597992
0.07795484364032745 0.10134471207857132
0.07769414782524109 0.07805570960044861
0.07742317765951157 0.07919284701347351
0.0764642283320427 0.08529301732778549
0.07618040591478348 0.079279825091362
0.0760340616106987 0.08654507994651794
0.07571280747652054 0.0905505046248436
0.07563913613557816 0.1576160192489624
0.07519114762544632 0.08543389290571213
0.07458887994289398 0.0802205353975296
0.07396025210618973 0.08641254901885986
0.07348982989788055 0.09247613698244095
0.07286558300256729 0.14698350429534912
0.07268066704273224 0.10606589913368225
0.07246435433626175 0.07758814096450806
0.07245320081710815 0.07281876355409622
0.07236295193433762 0.07936059683561325
0.07224062085151672 0.09146080911159515
0.07186197489500046 0.08187718689441681
0.07152264565229416 0.07615137100219727
0.07116207480430603 0.07600259780883789
0.07108132541179657 0.12250867486000061
0.07057572901248932 0.10252925753593445
0.07039675116539001 0.08006476610898972
0.07035345584154129 0.08413461595773697
0.07007382065057755 0.08886213600635529
0.06987792253494263 0.10177788138389587
0.06983904540538788 0.08283752202987671
0.06956399232149124 0.12525469064712524
0.06955426186323166 0.0788995772600174
0.0694412812590599 0.11526782065629959
0.069248266518116 0.11868110299110413
0.06890546530485153 0.12863411009311676
0.06851736456155777 0.08053453266620636
0.06841161847114563 0.08440791070461273
0.06790917366743088 0.14861829578876495
0.0677732303738594 0.06843148171901703
0.0676984190940857 0.07621920853853226
0.06742328405380249 0.07852683216333389
0.06724435836076736 0.07515158504247665
0.06720615178346634 0.07389266043901443
0.06631287932395935 0.08121336251497269
0.06621482968330383 0.06679660826921463
0.06588390469551086 0.10984626412391663
0.06586028635501862 0.10821579396724701
0.0658574178814888 0.11879477649927139
0.06572726368904114 0.08127769827842712
0.06567677855491638 0.09591170400381088
0.06563307344913483 0.07864242047071457
0.06555849313735962 0.0664636567234993
0.06551796197891235 0.08359795808792114
0.0654214546084404 0.07456667721271515
0.06454208493232727 0.08631820231676102
0.06444468349218369 0.06580861657857895
0.0644034817814827 0.0812259390950203
0.06426892429590225 0.09386439621448517
0.06412572413682938 0.07927386462688446
0.06396425515413284 0.08823815733194351
0.06385960429906845 0.11097263544797897
0.06385629624128342 0.10934892296791077
0.06361573934555054 0.06713332235813141
0.06334411352872849 0.06418053805828094
0.06299033761024475 0.06652641296386719
0.06278903037309647 0.0632794201374054
0.06259077787399292 0.06648877263069153
0.062427960336208344 0.06503709405660629
0.062394678592681885 0.0847281813621521
0.06220196187496185 0.06599465757608414
0.06206688657402992 0.06533462554216385
0.06185286492109299 0.06241634488105774
0.06165948882699013 0.06842324882745743
0.06152552366256714 0.06937481462955475
0.06144852936267853 0.07198706269264221
0.061215441673994064 0.07177959382534027
0.06112449988722801 0.10317599773406982
0.0609385184943676 0.06951440125703812
0.060914989560842514 0.06544585525989532
0.06048035994172096 0.06637369841337204
0.05999091640114784 0.07224554568529129
0.05981041118502617 0.07806392014026642
0.058826591819524765 0.07301405072212219
0.05807088315486908 0.06158137321472168
0.057821325957775116 0.06821191310882568
0.05781560763716698 0.061164624989032745
0.05720125511288643 0.06159038096666336
0.056022144854068756 0.06500699371099472
0.05530533939599991 0.07159647345542908
0.0552976168692112 0.06220037862658501
0.054903995245695114 0.057720284909009933
0.05488426983356476 0.06005079671740532
0.05488220229744911 0.061202049255371094
0.05479726195335388 0.11326105147600174
0.05479535833001137 0.05715730041265488
0.05421863868832588 0.06179649755358696
0.05361906439065933 0.05469123646616936
0.053516142070293427 0.06040489301085472
0.05204104259610176 0.055705610662698746
0.05203597620129585 0.06374585628509521
0.052012670785188675 0.053796783089637756
0.05071781948208809 0.05220875144004822
0.04870022088289261 0.054021574556827545
0.047541502863168716 0.050418004393577576
0.047312889248132706 0.05852246657013893
0.04729821905493736 0.05954204499721527
0.046547338366508484 0.05491861701011658
