0.45286494493484497 0.4579122066497803
0.4527563452720642 0.4534875750541687
0.4524271786212921 0.4525793492794037
0.45152154564857483 0.45248106122016907
0.4509572684764862 0.4564101994037628
0.4508122503757477 0.4511639177799225
0.4505646228790283 0.4521481990814209
0.450519323348999 0.45585399866104126
0.4503709077835083 0.4531301259994507
0.45009517669677734 0.45738744735717773
0.4497036933898926 0.4517476260662079
0.44951382279396057 0.45345407724380493
0.44905850291252136 0.45433303713798523
0.44905057549476624 0.4536451995372772
0.4488646686077118 0.4536499083042145
0.44837284088134766 0.4509529173374176
0.4483519494533539 0.45436885952949524
0.44826191663742065 0.454949289560318
0.44816315174102783 0.45439714193344116
0.44815027713775635 0.4567720592021942
0.44809380173683167 0.4570026993751526
0.24429471790790558 0.2601642310619354
0.22172582149505615 0.24826502799987793
0.21043452620506287 0.2113773673772812
0.20558667182922363 0.24334949254989624
0.20333513617515564 0.20991365611553192
0.20318366587162018 0.2672649621963501
0.20182187855243683 0.2099730372428894
0.19306805729866028 0.19553448259830475
0.18678593635559082 0.23772487044334412
0.1790395826101303 0.2045789510011673
0.17776784300804138 0.1842953860759735
0.1756899505853653 0.22402158379554749
0.17541272938251495 0.23538069427013397
0.17324189841747284 0.18997393548488617
0.173052579164505 0.18680234253406525
0.17132417857646942 0.18100936710834503
0.17114274203777313 0.18268805742263794
0.16969844698905945 0.17081111669540405
0.16794461011886597 0.1827429234981537
0.16776902973651886 0.16944722831249237
0.16769199073314667 0.24223323166370392
0.1674729883670807 0.17089687287807465
0.16622808575630188 0.19896669685840607
0.165163055062294 0.20760712027549744
0.16346225142478943 0.1884903609752655
0.1631663739681244 0.16366459429264069
0.16118428111076355 0.20689520239830017
0.15625645220279694 0.15810686349868774
0.15607570111751556 0.15725377202033997
0.15587174892425537 0.15685395896434784
0.15584881603717804 0.19568711519241333
0.15579059720039368 0.17219559848308563
0.15539495646953583 0.16305606067180634
0.15440040826797485 0.15822520852088928
0.15349775552749634 0.23501268029212952
0.151845321059227 0.15376627445220947
0.15152640640735626 0.15356074273586273
0.15152637660503387 0.23211993277072906
0.15049241483211517 0.1912601739168167
0.15047630667686462 0.19652806222438812
0.14952237904071808 0.15782614052295685
0.1493747979402542 0.1508493274450302
0.14917613565921783 0.15298214554786682
0.14848320186138153 0.1624664068222046
0.14731629192829132 0.1565745770931244
0.14676669239997864 0.16968992352485657
0.14636725187301636 0.15398235619068146
0.14555872976779938 0.21338172256946564
0.14467750489711761 0.16916486620903015
0.14317508041858673 0.17357410490512848
0.14278322458267212 0.2051093578338623
0.14067934453487396 0.1454187035560608
0.13911795616149902 0.1436820924282074
0.13762620091438293 0.1655377298593521
0.1369086503982544 0.1738003045320511
0.13678397238254547 0.14408503472805023
0.13611258566379547 0.14450667798519135
0.13592758774757385 0.14726272225379944
0.13553310930728912 0.16738751530647278
0.13538038730621338 0.18445473909378052
0.1348109245300293 0.19868266582489014
0.1344871073961258 0.17188648879528046
0.1336265653371811 0.20748859643936157
0.13344213366508484 0.14416827261447906
0.1325603872537613 0.18851464986801147
0.13252155482769012 0.18540889024734497
0.131748229265213 0.13424623012542725
0.13169589638710022 0.2228512316942215
0.13158667087554932 0.184642493724823
0.13154825568199158 0.13416922092437744
0.12970401346683502 0.1429564654827118
0.1290687769651413 0.23793530464172363
0.12864957749843597 0.18830610811710358
0.12780851125717163 0.20263893902301788
0.12776517868041992 0.16779878735542297
0.12717010080814362 0.15206530690193176
0.12695541977882385 0.19985663890838623
0.12684078514575958 0.15045662224292755
0.12679500877857208 0.1397704780101776
0.12676826119422913 0.20384728908538818
0.12649767100811005 0.2092343121767044
0.1263977736234665 0.24545131623744965
0.12624402344226837 0.13839006423950195
0.12420869618654251 0.19496478140354156
0.12370657920837402 0.13423465192317963
0.12336886674165726 0.2606218457221985
0.12262359261512756 0.12379776686429977
0.12240125983953476 0.22134999930858612
0.12233833223581314 0.26014024019241333
0.12213455885648727 0.15162023901939392
0.1208532378077507 0.16201043128967285
0.12042494863271713 0.1234433725476265
0.12040433287620544 0.23872201144695282
0.12010572105646133 0.17027193307876587
0.11993627995252609 0.136935755610466
0.1197437196969986 0.15612845122814178
0.11919308453798294 0.13494987785816193
0.1191394105553627 0.2419826090335846
0.11866666376590729 0.25392311811447144
0.11850184947252274 0.14488710463047028
0.11772961914539337 0.1275106966495514
0.11764323711395264 0.2768781781196594
0.11746268719434738 0.1315751075744629
0.11737139523029327 0.15109720826148987
0.11711589246988297 0.1207275539636612
0.11680115014314651 0.15170173346996307
0.1159648448228836 0.27917036414146423
0.11499954015016556 0.14916767179965973
0.11461295187473297 0.13347581028938293
0.11440058052539825 0.11533281207084656
0.1140899658203125 0.1361759901046753
0.11395137757062912 0.17744159698486328
0.11362799257040024 0.2377399355173111
0.11337260156869888 0.15603162348270416
0.11330556869506836 0.13987621665000916
0.11257420480251312 0.2396268993616104
0.11245287209749222 0.15137960016727448
0.11222029477357864 0.13784997165203094
0.11179845780134201 0.11771298199892044
0.11090528964996338 0.13743335008621216
0.11066612601280212 0.14219415187835693
0.11016145348548889 0.17437250912189484
0.11012284457683563 0.13106608390808105
0.10922109335660934 0.1962513029575348
0.1086791530251503 0.1455310732126236
0.10828226804733276 0.109592005610466
0.10697600990533829 0.11276447027921677
0.1065412312746048 0.16843964159488678
0.10597986727952957 0.12491149455308914
0.1055154800415039 0.1620698869228363
0.10491126775741577 0.10737855732440948
0.10482207685709 0.11441726982593536
0.10467100143432617 0.10482090711593628
0.10387101769447327 0.18295729160308838
0.10350041836500168 0.11034286767244339
0.10316132754087448 0.1123814806342125
0.10251720994710922 0.11393722146749496
0.10008441656827927 0.11398564279079437
0.09994235634803772 0.11360794305801392
0.09925970435142517 0.11522524058818817
0.09924940764904022 0.11013496667146683
0.09853360056877136 0.12863858044147491
0.09780022501945496 0.11970478296279907
0.09772530943155289 0.12981802225112915
0.09709825366735458 0.1691562384366989
0.09703876078128815 0.11469056457281113
0.09636189043521881 0.09881415963172913
0.0962042286992073 0.11381693184375763
0.09610781073570251 0.12328793853521347
0.09592955559492111 0.15827827155590057
0.0954103022813797 0.10660301893949509
0.09380622953176498 0.09813116490840912
0.09352367371320724 0.1287515014410019
0.09345495700836182 0.11412680894136429
0.09336213767528534 0.1305878609418869
0.09294025599956512 0.1316593885421753
0.09193237870931625 0.10399544984102249
0.0915348082780838 0.10091137886047363
0.09068847447633743 0.160258948802948
0.09013649076223373 0.1019214317202568
0.08996788412332535 0.11784038692712784
0.08984335511922836 0.12646421790122986
0.08740238845348358 0.1307135820388794
0.08666468411684036 0.08667507022619247
0.0859900414943695 0.0873282179236412
0.08581094443798065 0.09230080246925354
0.08424968272447586 0.11067042499780655
0.08416278660297394 0.08531492948532104
0.08398764580488205 0.0969572514295578
0.08334967494010925 0.09902087599039078
0.0833045244216919 0.12691761553287506
0.08316013216972351 0.08512502908706665
0.08147446811199188 0.0839603841304779
0.0764499083161354 0.0980682522058487
0.07552790641784668 0.07590628415346146
