0.19904538989067078 0.21863628923892975
0.18193791806697845 0.18662558495998383
0.16850213706493378 0.3449200689792633
0.14969408512115479 0.15920017659664154
0.14152473211288452 0.1428571343421936
0.1389234960079193 0.18136891722679138
0.1316615790128708 0.13243712484836578
0.12870992720127106 0.1316564530134201
0.12724669277668 0.13008026778697968
0.125205397605896 0.1308431327342987
0.12272606045007706 0.13393579423427582
0.12012405693531036 0.13421350717544556
0.11753441393375397 0.12232152372598648
0.11641902476549149 0.12737762928009033
0.1137780100107193 0.12600450217723846
0.11304031312465668 0.1156555712223053
0.11288796365261078 0.11807788908481598
0.1122988909482956 0.11243441700935364
0.11199529469013214 0.12206918001174927
0.1116127297282219 0.1129121407866478
0.11036030948162079 0.12383070588111877
0.10939231514930725 0.13230282068252563
0.10918775945901871 0.12924450635910034
0.10862042754888535 0.11553185433149338
0.10776994377374649 0.11732833087444305
0.1069045290350914 0.11880659312009811
0.10661729425191879 0.10768309235572815
0.10645231604576111 0.13909794390201569
0.10621778666973114 0.11882335692644119
0.10604499280452728 0.11246039718389511
0.10600849241018295 0.12346261739730835
0.10563839226961136 0.11355428397655487
0.10445720702409744 0.13071435689926147
0.10404280573129654 0.10958807170391083
0.1036783829331398 0.13694946467876434
0.10290194302797318 0.11263400316238403
0.10226747393608093 0.11736958473920822
0.10226479917764664 0.14025908708572388
0.10215456783771515 0.10385864973068237
0.10134151577949524 0.10984215140342712
0.10128496587276459 0.13774079084396362
0.10072056204080582 0.10165583342313766
0.10015197098255157 0.10956917703151703
0.10014375299215317 0.12102384120225906
0.10005924850702286 0.10122376680374146
0.09999988973140717 0.13457801938056946
0.09996024519205093 0.1129482164978981
0.09984917938709259 0.10056528449058533
0.09860081225633621 0.10181833803653717
0.09842618554830551 0.10265552252531052
0.09818177670240402 0.13941623270511627
0.09773384779691696 0.11202224344015121
0.09675339609384537 0.09927878528833389
0.09656006097793579 0.1012120172381401
0.09618538618087769 0.11574623733758926
0.09569676220417023 0.12863542139530182
0.0956328809261322 0.12011038511991501
0.09455623477697372 0.11464855819940567
0.09452023357152939 0.10877431929111481
0.0943530946969986 0.16366830468177795
0.09378362447023392 0.1267985999584198
0.09329760074615479 0.12110491842031479
0.09225223958492279 0.13127155601978302
0.09195175766944885 0.10893777757883072
0.09176556766033173 0.13614530861377716
0.09162840247154236 0.1266130656003952
0.09128756821155548 0.1082872673869133
0.09025391936302185 0.13874225318431854
0.0900442823767662 0.12673412263393402
0.08961737155914307 0.10261247307062149
0.08805260807275772 0.09956077486276627
0.08718162775039673 0.10386622697114944
0.08683464676141739 0.11261776834726334
0.08665341138839722 0.10151679813861847
0.08627664297819138 0.08990229666233063
0.08558666706085205 0.1589936465024948
0.08515197038650513 0.14297810196876526
0.08497996628284454 0.09314750134944916
0.08477456122636795 0.13411475718021393
0.08431553840637207 0.10114765167236328
0.08382551372051239 0.0930696502327919
0.08370687812566757 0.0893237516283989
0.08347006142139435 0.08495652675628662
0.08338209986686707 0.13435150682926178
0.08323777467012405 0.1130971610546112
0.08297099173069 0.09866611659526825
0.08272121846675873 0.10550157725811005
0.08247853070497513 0.08600994199514389
0.0819864496588707 0.10777535289525986
0.08175981789827347 0.08472928404808044
0.08155915886163712 0.08300130814313889
0.08077015727758408 0.1571846902370453
0.08025252819061279 0.11391498893499374
0.07955033332109451 0.1275240033864975
0.07887721061706543 0.11696799844503403
0.07876236736774445 0.08005502820014954
0.07850907742977142 0.08198079466819763
0.07822846621274948 0.09398197382688522
0.07822246849536896 0.10422705858945847
0.07819613814353943 0.08696862310171127
0.0776360034942627 0.12375437468290329
0.07732663303613663 0.09869629144668579
0.07725728303194046 0.07859839498996735
0.077163927257061 0.07786964625120163
0.07701289653778076 0.12490972131490707
0.07670479267835617 0.0857275128364563
0.07663926482200623 0.14394570887088776
0.0762905478477478 0.08496665209531784
0.07527943700551987 0.10200521349906921
0.07515468448400497 0.08947798609733582
0.07500449568033218 0.08127960562705994
0.07493337988853455 0.07618063688278198
0.07472541928291321 0.07621356099843979
0.0734061747789383 0.12324491888284683
0.07332798838615417 0.13466715812683105
0.07325433194637299 0.11499856412410736
0.07234948128461838 0.08619903028011322
0.07229217886924744 0.07443565875291824
0.07214130461215973 0.08329252898693085
0.07155773788690567 0.12257242947816849
0.0714539885520935 0.0758681669831276
0.07143206894397736 0.09901094436645508
0.07131905853748322 0.07515022903680801
0.07116967439651489 0.1012367308139801
0.07115523517131805 0.10142602026462555
0.06952745467424393 0.0961601659655571
0.06929117441177368 0.0796165019273758
0.06888805329799652 0.07226231694221497
0.06849624961614609 0.09013912826776505
0.06779121607542038 0.08308378607034683
0.06716245412826538 0.09460584819316864
0.06713445484638214 0.10876605659723282
0.06610997021198273 0.06818818300962448
0.06514566391706467 0.06752921640872955
0.06399606913328171 0.08296999335289001
0.063780777156353 0.06774791330099106
0.06365448236465454 0.06859151273965836
0.06351642310619354 0.07948484271764755
0.06313936412334442 0.06824559718370438
0.06200484186410904 0.07598859071731567
0.0616380013525486 0.06772108376026154
0.0606430247426033 0.06234770640730858
0.06001812964677811 0.06750229746103287
0.05994997173547745 0.0676775798201561
0.05951626971364021 0.06125756353139877
0.05917627736926079 0.0761113166809082
0.05891280248761177 0.06146862730383873
0.058104854077100754 0.06081743910908699
0.05801376700401306 0.07081113755702972
0.057764388620853424 0.062350425869226456
0.05737200006842613 0.09074792265892029
0.0563201829791069 0.05916453152894974
0.055333007127046585 0.06451822072267532
0.05367720127105713 0.06747636198997498
0.05177993327379227 0.05595453456044197
0.04915770888328552 0.06497519463300705
0.04910803213715553 0.05494276061654091
0.048161737620830536 0.05690561607480049
0.0463501401245594 0.04967963322997093
