0.2524872124195099 0.25773394107818604
0.24222412705421448 0.2725709080696106
0.21801573038101196 0.21846714615821838
0.216811865568161 0.22105133533477783
0.21404331922531128 0.21593648195266724
0.2127973735332489 0.22042185068130493
0.21277965605258942 0.2148308902978897
0.20825964212417603 0.20893064141273499
0.20543500781059265 0.21161289513111115
0.20424257218837738 0.20914198458194733
0.20424069464206696 0.20633262395858765
0.20286646485328674 0.23234383761882782
0.20276601612567902 0.20975260436534882
0.20253585278987885 0.2108524739742279
0.20179064571857452 0.21632614731788635
0.2015032172203064 0.2065192610025406
0.2012869268655777 0.21445046365261078
0.2008746862411499 0.21644319593906403
0.2002865970134735 0.2033758908510208
0.2002795934677124 0.21466702222824097
0.19952616095542908 0.19974008202552795
0.19929572939872742 0.2013767957687378
0.19925229251384735 0.20489543676376343
0.19901104271411896 0.2170160710811615
0.19707848131656647 0.211096853017807
0.19641485810279846 0.22622878849506378
0.19614778459072113 0.21114371716976166
0.19511452317237854 0.19706718623638153
0.1948244869709015 0.2009056955575943
0.19287942349910736 0.1999158263206482
0.19266124069690704 0.24063026905059814
0.19188828766345978 0.20427484810352325
0.1916709989309311 0.19622798264026642
0.1915244162082672 0.2147062122821808
0.19081568717956543 0.203131303191185
0.1905190348625183 0.19553332030773163
0.18988938629627228 0.21375080943107605
0.1892836093902588 0.21333357691764832
0.18913178145885468 0.1963071972131729
0.18753550946712494 0.2169506549835205
0.18664488196372986 0.2147228866815567
0.18627914786338806 0.21885891258716583
0.18414948880672455 0.2010977417230606
0.18315434455871582 0.23814354836940765
0.17360778152942657 0.21777532994747162
0.17322050034999847 0.1748771071434021
0.17287999391555786 0.22529783844947815
0.1721310168504715 0.20690147578716278
0.1707504391670227 0.22682103514671326
0.16770437359809875 0.22218650579452515
0.1670747548341751 0.22171996533870697
0.15806804597377777 0.18665559589862823
0.1496870070695877 0.18830819427967072
0.14696788787841797 0.17390736937522888
0.14678023755550385 0.15657654404640198
0.14657503366470337 0.15343903005123138
0.14480401575565338 0.20031169056892395
0.1447007656097412 0.16915267705917358
0.14248941838741302 0.16442765295505524
0.14154566824436188 0.1473138928413391
0.14144861698150635 0.17385871708393097
0.14117678999900818 0.16191276907920837
0.14053815603256226 0.15044909715652466
0.14029362797737122 0.15670816600322723
0.14021219313144684 0.15315276384353638
0.13849371671676636 0.1464560478925705
0.13710124790668488 0.1385284811258316
0.13670524954795837 0.21852223575115204
0.13637344539165497 0.1808767318725586
0.135933980345726 0.1369144767522812
0.1331225484609604 0.14481520652770996
0.13217216730117798 0.1506224125623703
0.1314399689435959 0.13254815340042114
0.13071750104427338 0.1393478363752365
0.12861406803131104 0.13725334405899048
0.12854386866092682 0.17227986454963684
0.12824618816375732 0.13987970352172852
0.12813495099544525 0.17461268603801727
0.1279468536376953 0.14689159393310547
0.127765491604805 0.1320791244506836
0.1277266889810562 0.1580447107553482
0.12743747234344482 0.13619939982891083
0.12737618386745453 0.1306205838918686
0.1263117492198944 0.14881092309951782
0.12619778513908386 0.14712202548980713
0.12614114582538605 0.153493270277977
0.12574642896652222 0.1345806121826172
0.12569257616996765 0.1413874328136444
0.12549501657485962 0.13052211701869965
0.1249818429350853 0.13553708791732788
0.12480342388153076 0.13794727623462677
0.12452651560306549 0.15271896123886108
0.12438838183879852 0.12556393444538116
0.1242903396487236 0.1446848064661026
0.12355981767177582 0.13160832226276398
0.12296058982610703 0.15177761018276215
0.1222849115729332 0.13335606455802917
0.12209207564592361 0.16597552597522736
0.1217622235417366 0.15113195776939392
0.12123065441846848 0.13713708519935608
0.12089882045984268 0.15032780170440674
0.12037553638219833 0.13384145498275757
0.1197349801659584 0.12940871715545654
0.11853587627410889 0.14028173685073853
0.11779288202524185 0.14367668330669403
0.1176123395562172 0.17956137657165527
0.11720989644527435 0.13945908844470978
0.1171724796295166 0.13817903399467468
0.11704104393720627 0.13145017623901367
0.11690321564674377 0.12215019762516022
0.11658000200986862 0.11879263818264008
0.11514163017272949 0.1412784904241562
0.11475062370300293 0.14028173685073853
0.11359763890504837 0.1325579434633255
0.11357912421226501 0.14200836420059204
0.11330058425664902 0.1543399691581726
0.1132320985198021 0.12145210802555084
0.1131674200296402 0.1336040496826172
0.11250340193510056 0.11901706457138062
0.1124737337231636 0.12512606382369995
0.1121637225151062 0.14079591631889343
0.11198382079601288 0.15023988485336304
0.111969955265522 0.12076380103826523
0.11160857230424881 0.14040134847164154
0.11157239973545074 0.11169081926345825
0.11146986484527588 0.15303511917591095
0.11106426268815994 0.13428477942943573
0.10971251875162125 0.1656908094882965
0.10878659039735794 0.11010227352380753
0.10851790010929108 0.1111106425523758
0.10845709592103958 0.13671228289604187
0.10844285041093826 0.13142168521881104
0.10784883797168732 0.14089536666870117
0.10774797946214676 0.11136611551046371
0.1076209619641304 0.10775215923786163
0.10747388005256653 0.1170911118388176
0.1064971387386322 0.11888375133275986
0.10614775866270065 0.12039009481668472
0.1058218702673912 0.11156747490167618
0.10566727072000504 0.11779267340898514
0.1046379953622818 0.12141592055559158
0.1043720468878746 0.10800400376319885
0.10393697768449783 0.1412784904241562
0.10366271436214447 0.10970895737409592
0.10365960747003555 0.16284485161304474
0.1035572960972786 0.14214392006397247
0.10320674628019333 0.1488429307937622
0.10311038792133331 0.13278983533382416
0.10275088250637054 0.11492875963449478
0.10220806300640106 0.13059194386005402
0.10215497016906738 0.10303739458322525
0.10202568769454956 0.150725856423378
0.1011091023683548 0.10704252123832703
0.10069148242473602 0.124412402510643
0.10059726238250732 0.12524326145648956
0.1005009263753891 0.12130698561668396
0.10027571022510529 0.10726647078990936
0.10000402480363846 0.1072121262550354
0.09974448382854462 0.10622498393058777
0.09964355081319809 0.14343443512916565
0.0994393527507782 0.1014968603849411
0.09913139045238495 0.11140426993370056
0.09897572547197342 0.11646900326013565
0.09884583204984665 0.14148645102977753
0.0987393856048584 0.1175670474767685
0.09861809015274048 0.14093758165836334
0.09859480708837509 0.11081723868846893
0.09847626835107803 0.1384260505437851
0.09830620139837265 0.14114968478679657
0.0973459780216217 0.15104353427886963
0.09706013649702072 0.13365644216537476
0.09676485508680344 0.15646475553512573
0.09653496742248535 0.11308929324150085
0.09582506120204926 0.10197468847036362
0.09531782567501068 0.14463773369789124
0.09518563002347946 0.129013791680336
0.09494249522686005 0.11189572513103485
0.09482946246862411 0.10210840404033661
0.09446132928133011 0.14225813746452332
0.0942692905664444 0.09552708268165588
0.09412674605846405 0.09559286385774612
0.09409083425998688 0.14751718938350677
0.09348327666521072 0.11745638400316238
0.09311918169260025 0.12105772644281387
0.09310807287693024 0.11548398435115814
0.09288763254880905 0.10743924230337143
0.0927877128124237 0.12747929990291595
0.09249316900968552 0.11921727657318115
0.09237152338027954 0.12995117902755737
0.09231186658143997 0.10393284261226654
0.09196780622005463 0.09310238808393478
0.09171482175588608 0.09804105013608932
0.09164165705442429 0.13837756216526031
0.0914527103304863 0.14598539471626282
0.09086296707391739 0.11207432299852371
0.0906088650226593 0.14426051080226898
0.09043362736701965 0.13887229561805725
0.08980102092027664 0.10648158937692642
0.08969525992870331 0.12307179719209671
0.08956148475408554 0.09813424944877625
0.08942052721977234 0.08977152407169342
0.08793552219867706 0.13260717689990997
0.08788198232650757 0.09771108627319336
0.08762285113334656 0.10373605042695999
0.08664648234844208 0.10361411422491074
0.08643756806850433 0.08843418955802917
0.08628608286380768 0.10566246509552002
0.08617142587900162 0.14607900381088257
0.08617058396339417 0.09642475098371506
0.08586814254522324 0.11328811198472977
0.08567456901073456 0.09341344237327576
0.08512923866510391 0.09424541890621185
0.08512403815984726 0.12747542560100555
0.08508237451314926 0.08515762537717819
0.08485148847103119 0.0869612991809845
0.0844481810927391 0.10537412017583847
0.0840284675359726 0.10789515823125839
0.08377360552549362 0.093223437666893
0.08354660123586655 0.09639949351549149
0.08241292089223862 0.16948342323303223
0.08148714154958725 0.096123605966568
0.0809868797659874 0.09375754743814468
0.0797865018248558 0.09417279809713364
0.07973765581846237 0.07987276464700699
0.0794883668422699 0.09637190401554108
0.07946663349866867 0.08961917459964752
0.07930045574903488 0.08018002659082413
0.07714975625276566 0.15286672115325928
0.07678268849849701 0.13059934973716736
0.07583528012037277 0.08861321210861206
0.07553228735923767 0.08444760739803314
0.07459224760532379 0.08868929743766785
0.0742107629776001 0.11029177904129028
0.07073485106229782 0.07252846658229828
0.07067525386810303 0.08142632246017456
0.0696803480386734 0.07639534771442413
0.06874360889196396 0.07197345793247223
0.06747806817293167 0.08936414867639542
0.06481419503688812 0.07118087261915207
0.06257548183202744 0.07507913559675217
0.05894821509718895 0.06422938406467438
