0.20074713230133057 0.20172081887722015
0.20012959837913513 0.20080889761447906
0.1965755671262741 0.20887525379657745
0.1822381317615509 0.19281291961669922
0.16646240651607513 0.18818974494934082
0.16581496596336365 0.17204788327217102
0.16356736421585083 0.19358472526073456
0.15642049908638 0.167355015873909
0.15518002212047577 0.18957075476646423
0.1539808213710785 0.16023561358451843
0.15222547948360443 0.16008618474006653
0.1506488174200058 0.15543189644813538
0.14865300059318542 0.1569165587425232
0.14805516600608826 0.16759835183620453
0.14751987159252167 0.1679542362689972
0.14644084870815277 0.15733684599399567
0.1464301496744156 0.1578565239906311
0.1456054300069809 0.20426687598228455
0.14545990526676178 0.15060774981975555
0.1452169418334961 0.14606066048145294
0.14501607418060303 0.17598824203014374
0.1448826938867569 0.1548960953950882
0.14478041231632233 0.15987102687358856
0.1445736289024353 0.16060280799865723
0.14392834901809692 0.15295125544071198
0.14306072890758514 0.1438734531402588
0.142852321267128 0.17021872103214264
0.14232409000396729 0.15692138671875
0.14146627485752106 0.18137285113334656
0.14131920039653778 0.16629686951637268
0.14108389616012573 0.1421017199754715
0.139265239238739 0.15137985348701477
0.1388162523508072 0.18265219032764435
0.1387353390455246 0.13955950736999512
0.13736137747764587 0.16015002131462097
0.13619014620780945 0.17735467851161957
0.1353721022605896 0.13625502586364746
0.13516752421855927 0.22719167172908783
0.13507573306560516 0.14356212317943573
0.13504400849342346 0.1352052539587021
0.13486918807029724 0.16276127099990845
0.1344924122095108 0.17605890333652496
0.1344645470380783 0.13702376186847687
0.13429002463817596 0.22606565058231354
0.13370665907859802 0.2124197632074356
0.13210898637771606 0.16661565005779266
0.1319786161184311 0.1666141003370285
0.13177192211151123 0.15272144973278046
0.13167326152324677 0.22283753752708435
0.1313139647245407 0.1587715595960617
0.13121791183948517 0.1332308053970337
0.13117240369319916 0.16414549946784973
0.13107486069202423 0.17586344480514526
0.13102978467941284 0.13882838189601898
0.13058191537857056 0.1469103991985321
0.1297689825296402 0.17863593995571136
0.1293555498123169 0.20401358604431152
0.12921571731567383 0.17809315025806427
0.12908372282981873 0.13631756603717804
0.12838946282863617 0.15946051478385925
0.12792126834392548 0.13418234884738922
0.12722741067409515 0.13334375619888306
0.12687326967716217 0.16157089173793793
0.12617412209510803 0.1386168748140335
0.12529481947422028 0.16243936121463776
0.12482672184705734 0.1436588615179062
0.12401299923658371 0.1528458148241043
0.12354474514722824 0.13591407239437103
0.12323687970638275 0.13664686679840088
0.12255026400089264 0.1672932505607605
0.12239621579647064 0.14003030955791473
0.12205615639686584 0.22853854298591614
0.12199325859546661 0.1811499148607254
0.12165384739637375 0.18366225063800812
0.12093840539455414 0.19592668116092682
0.1193896234035492 0.16422557830810547
0.11913980543613434 0.15012921392917633
0.11894452571868896 0.12899158895015717
0.1188015416264534 0.21388109028339386
0.11867073178291321 0.16115863621234894
0.11846888065338135 0.1729794293642044
0.11772278696298599 0.11797451972961426
0.11763257533311844 0.1349792629480362
0.11745927482843399 0.24125443398952484
0.11715521663427353 0.11779480427503586
0.11651795357465744 0.1307605504989624
0.1164742261171341 0.15378092229366302
0.11593449115753174 0.12236683070659637
0.11571246385574341 0.12442051619291306
0.11530924588441849 0.17311923205852509
0.11469265818595886 0.16524499654769897
0.11444336920976639 0.1507362723350525
0.11400628089904785 0.1899241805076599
0.11386889964342117 0.20810319483280182
0.11326560378074646 0.15003713965415955
0.11272095888853073 0.18097925186157227
0.11249803751707077 0.14101970195770264
0.11221016198396683 0.18675225973129272
0.11156206578016281 0.19837331771850586
0.11127028614282608 0.1137658953666687
0.11038291454315186 0.23679830133914948
0.10989221930503845 0.188200443983078
0.10973569005727768 0.1411239057779312
0.10956036299467087 0.1521192193031311
0.10954119265079498 0.11335265636444092
0.10852871090173721 0.22822098433971405
0.10852120071649551 0.16234330832958221
0.10849075764417648 0.17768733203411102
0.10839211195707321 0.12739047408103943
0.10785380750894547 0.13591314852237701
0.10773104429244995 0.2070234715938568
0.10711763054132462 0.11447539925575256
0.10703370720148087 0.14082542061805725
0.10625556856393814 0.11463168263435364
0.1062546819448471 0.16623935103416443
0.1058090478181839 0.22521333396434784
0.10579631477594376 0.12168135493993759
0.1054794117808342 0.11782222986221313
0.10545915365219116 0.13854631781578064
0.10537029057741165 0.1128331869840622
0.10466005653142929 0.11678870022296906
0.10376771539449692 0.14950908720493317
0.10350687801837921 0.10594482719898224
0.10247888416051865 0.10892828553915024
0.10203751921653748 0.11117276549339294
0.10156124830245972 0.1231660544872284
0.10150892287492752 0.1134144589304924
0.10061167925596237 0.12331754714250565
0.1005881056189537 0.11585192382335663
0.10001813620328903 0.10039526969194412
0.09993305057287216 0.10757572203874588
0.09946567565202713 0.11987831443548203
0.09927722066640854 0.12119944393634796
0.09790439903736115 0.12145578861236572
0.09775984287261963 0.1262834668159485
0.09747140854597092 0.11971060186624527
0.09698977321386337 0.14472079277038574
0.09659872949123383 0.1122814193367958
0.09640567749738693 0.10000112652778625
0.096213698387146 0.11260370165109634
0.09588246047496796 0.14312352240085602
0.09500203281641006 0.107905313372612
0.09497188776731491 0.10735706239938736
0.09483344107866287 0.11231806129217148
0.09469154477119446 0.10145656019449234
0.09453393518924713 0.11067156493663788
0.09448587894439697 0.11904104799032211
0.09423048049211502 0.14409765601158142
0.09354516118764877 0.10419998317956924
0.09353875368833542 0.16904334723949432
0.0935235470533371 0.09755898267030716
0.09304938465356827 0.10057947039604187
0.09298592805862427 0.10056879371404648
0.09266552329063416 0.10266052186489105
0.09129215031862259 0.11275556683540344
0.0911136046051979 0.09604618698358536
0.09078799933195114 0.10257910937070847
0.09072844684123993 0.09983526170253754
0.09034300595521927 0.09483878314495087
0.0899663195014 0.09690919518470764
0.08898884057998657 0.09255332499742508
0.08881445974111557 0.0955510064959526
0.08859232068061829 0.09590382874011993
0.08815035223960876 0.10078545659780502
0.0877564400434494 0.08888964354991913
0.08759424835443497 0.10001543164253235
0.08747393637895584 0.09673990309238434
0.0865805521607399 0.100546695291996
0.08645640313625336 0.10400208085775375
0.08541669696569443 0.10154030472040176
0.08450629562139511 0.09774158149957657
0.08394629508256912 0.10248148441314697
0.08387143164873123 0.09092291444540024
0.08311903476715088 0.08319193124771118
0.08304926753044128 0.10262584686279297
0.08233857154846191 0.10917549580335617
0.0815451443195343 0.0852646455168724
0.08048581331968307 0.09269807487726212
0.08026817440986633 0.08829069137573242
0.07985679805278778 0.08176815509796143
0.07948066294193268 0.08036860823631287
0.07807160168886185 0.08314193040132523
0.07427725195884705 0.08161576837301254
0.07321486622095108 0.08660663664340973
0.06994342803955078 0.08428999781608582
0.06794857978820801 0.07916305959224701
0.06784885376691818 0.07329575717449188
0.06045451760292053 0.06445681303739548
