0.7398960590362549 0.7437375783920288
0.7326340675354004 0.7520293593406677
0.7279866933822632 0.7403993010520935
0.274774968624115 0.6691415309906006
0.18518148362636566 0.6657633185386658
0.17653034627437592 0.18067769706249237
0.12176866829395294 0.1233128011226654
0.099261075258255 0.11293637752532959
0.09799886494874954 0.1030106395483017
0.09779137372970581 0.09810543805360794
0.09604520350694656 0.10410799086093903
0.09456047415733337 0.14716152846813202
0.09281877428293228 0.10792440176010132
0.09007816016674042 0.12626589834690094
0.08916601538658142 0.09253478050231934
0.08789476752281189 0.10507070273160934
0.08770570158958435 0.09118491411209106
0.08652371168136597 0.09703892469406128
0.08528091758489609 0.09858425706624985
0.08457660675048828 0.09112590551376343
0.08323389291763306 0.08985564857721329
0.08216610550880432 0.0929185077548027
0.08192731440067291 0.08702459931373596
0.08150222152471542 0.0834578350186348
0.08025354892015457 0.0989617109298706
0.07914138585329056 0.13933764398097992
0.07908357679843903 0.08332380652427673
0.07892568409442902 0.07936365902423859
0.07771765440702438 0.08043410629034042
0.07684339582920074 0.11661317944526672
0.07651582360267639 0.07948222011327744
0.0763561949133873 0.08969327062368393
0.0757693201303482 0.1173449456691742
0.07435936480760574 0.09650803357362747
0.07320400327444077 0.08873005211353302
0.07240790873765945 0.10556379705667496
0.07177285850048065 0.07379268854856491
0.07153229415416718 0.07502675801515579
0.07102853804826736 0.0721077099442482
0.07026610523462296 0.09016977995634079
0.07013754546642303 0.07022973150014877
0.06993299722671509 0.07247450947761536
0.06964557617902756 0.08500386029481888
0.06908068805932999 0.08835361152887344
0.06867964565753937 0.10477957129478455
0.0686538964509964 0.07784828543663025
0.06805052608251572 0.08967027068138123
0.0673307329416275 0.07593368738889694
0.06729032099246979 0.07048860937356949
0.0671665295958519 0.08826969563961029
0.0667506754398346 0.06891507655382156
0.06674138456583023 0.07349663972854614
0.06657620519399643 0.07755127549171448
0.06642415374517441 0.06756237149238586
0.06616153568029404 0.08928291499614716
0.0659131407737732 0.07173386961221695
0.06576745212078094 0.06827244162559509
0.06496309489011765 0.09380923211574554
0.06464584171772003 0.08240646868944168
0.06448947638273239 0.0776749700307846
0.06428396701812744 0.06659859418869019
0.06427282840013504 0.07558680325746536
0.06399191915988922 0.0746997818350792
0.06321480125188828 0.10412246733903885
0.06319654732942581 0.07477325946092606
0.06318599730730057 0.07662885636091232
0.063087597489357 0.07060756534337997
0.06295935064554214 0.06365440785884857
0.06276247650384903 0.11037556082010269
0.06266767531633377 0.06456678360700607
0.0625445768237114 0.07014435529708862
0.06231478601694107 0.07370580732822418
0.06155364215373993 0.07339183241128922
0.06150611862540245 0.06365545094013214
0.06138093024492264 0.07428687065839767
0.06136827915906906 0.09649602323770523
0.061049360781908035 0.06181668862700462
0.06086317077279091 0.07838650792837143
0.06036661937832832 0.08352603018283844
0.06006550416350365 0.06572667509317398
0.06002620607614517 0.062347088009119034
0.05958733707666397 0.06731628626585007
0.05924297869205475 0.06351135671138763
0.05923577770590782 0.09671854972839355
0.059077728539705276 0.061094220727682114
0.05906090885400772 0.059884361922740936
0.05896879732608795 0.10390355437994003
0.05855521932244301 0.10710373520851135
0.05847439542412758 0.09725212305784225
0.058197155594825745 0.07329204678535461
0.05736108869314194 0.07981520146131516
0.05688174068927765 0.05915924534201622
0.056450530886650085 0.08021567761898041
0.05624412000179291 0.07749290764331818
0.05603761225938797 0.11010047048330307
0.05598011985421181 0.07678654044866562
0.0557863786816597 0.07459916919469833
0.0556986927986145 0.0626252219080925
0.05567874759435654 0.05983727425336838
0.0556512251496315 0.06116770952939987
0.055433910340070724 0.0626148208975792
0.055152520537376404 0.07002273201942444
0.054900575429201126 0.062147315591573715
0.05489872768521309 0.05560353025794029
0.05482308939099312 0.06175653263926506
0.05462760478258133 0.06020617112517357
0.05415656790137291 0.06544987112283707
0.05394803360104561 0.08919469267129898
0.05343986675143242 0.07226640731096268
0.053270358592271805 0.056208424270153046
0.05298103764653206 0.07516173273324966
0.05282539129257202 0.07487829029560089
0.05179864913225174 0.06023789197206497
0.05094103142619133 0.05297364667057991
0.05037595331668854 0.053535908460617065
0.05009147897362709 0.0545896552503109
0.050021588802337646 0.08195847272872925
0.04997388646006584 0.05424359068274498
0.0495949424803257 0.05947457253932953
0.04952404275536537 0.06757805496454239
0.04931485280394554 0.05632198229432106
0.04916897416114807 0.059089239686727524
0.048740141093730927 0.05626595765352249
0.04863771051168442 0.052856411784887314
0.04833674803376198 0.051671482622623444
0.04831041023135185 0.04888346418738365
0.04759669303894043 0.06372435390949249
0.04739823192358017 0.05170215293765068
0.046889450401067734 0.05446954071521759
0.0465598925948143 0.053922802209854126
0.046472422778606415 0.06412939727306366
0.046349458396434784 0.049580950289964676
0.045986026525497437 0.04610526189208031
0.04579776152968407 0.04808267205953598
0.04537719115614891 0.05837782844901085
0.04506637156009674 0.04555929824709892
0.0442952923476696 0.04896673187613487
0.044056471437215805 0.04710380360484123
0.04381553456187248 0.043971385806798935
0.04360124096274376 0.05443185940384865
0.04327922686934471 0.046283941715955734
0.0430283285677433 0.06291839480400085
0.04268043860793114 0.0494205467402935
0.0424237921833992 0.04665582627058029
0.042403530329465866 0.05221821740269661
0.04202046990394592 0.05793501064181328
0.041659947484731674 0.04708585515618324
0.040940601378679276 0.04943624883890152
0.04081162437796593 0.053588610142469406
0.039091601967811584 0.04524058476090431
0.038010500371456146 0.04739826172590256
0.036612045019865036 0.03843735530972481
