0.2415212243795395 0.27057164907455444
0.24101856350898743 0.24179789423942566
0.22539785504341125 0.22564592957496643
0.2193726748228073 0.2223442941904068
0.21500790119171143 0.21736718714237213
0.2060510814189911 0.20772166550159454
0.20381250977516174 0.21406204998493195
0.20323003828525543 0.21828430891036987
0.20304059982299805 0.2086479365825653
0.20202966034412384 0.2360420674085617
0.20045702159404755 0.2038211226463318
0.19989602267742157 0.20671677589416504
0.19906722009181976 0.20458191633224487
0.1981639713048935 0.19925221800804138
0.19784018397331238 0.20166055858135223
0.19778893887996674 0.23785945773124695
0.19676940143108368 0.20073877274990082
0.19623447954654694 0.20342028141021729
0.19594088196754456 0.2049744725227356
0.1953793168067932 0.21110260486602783
0.19526436924934387 0.20605161786079407
0.19507813453674316 0.2214048206806183
0.1949480175971985 0.20605431497097015
0.1949341595172882 0.2041003555059433
0.19446256756782532 0.20688627660274506
0.19442003965377808 0.2156011313199997
0.19415785372257233 0.21562136709690094
0.19382742047309875 0.19490347802639008
0.19375167787075043 0.20589789748191833
0.19324111938476562 0.20615461468696594
0.1927473247051239 0.20734819769859314
0.19274529814720154 0.21878524124622345
0.19007009267807007 0.1946665495634079
0.18809811770915985 0.19561906158924103
0.18776965141296387 0.22131837904453278
0.18733909726142883 0.1937248259782791
0.18480417132377625 0.20561583340168
0.18258030712604523 0.1855229288339615
0.18094143271446228 0.18512609601020813
0.17958439886569977 0.19023458659648895
0.17933624982833862 0.194202721118927
0.17672723531723022 0.18071262538433075
0.1766376793384552 0.17878763377666473
0.1732030063867569 0.20764485001564026
0.17203211784362793 0.17590156197547913
0.171394944190979 0.1917138695716858
0.16943559050559998 0.17226733267307281
0.16940735280513763 0.2394256591796875
0.16906847059726715 0.18127337098121643
0.1669510453939438 0.17091874778270721
0.16626125574111938 0.18853013217449188
0.16413863003253937 0.19024939835071564
0.1636534482240677 0.16865625977516174
0.16280147433280945 0.1805727630853653
0.16275720298290253 0.16771574318408966
0.16169388592243195 0.19880183041095734
0.16061384975910187 0.16962653398513794
0.1603485643863678 0.2389645278453827
0.1602107584476471 0.16066494584083557
0.15934787690639496 0.18393877148628235
0.1589149385690689 0.1681254506111145
0.15729695558547974 0.1655883938074112
0.1572546660900116 0.21391482651233673
0.1569748818874359 0.16675923764705658
0.1569555252790451 0.16389958560466766
0.15693557262420654 0.1820656657218933
0.15664981305599213 0.15807296335697174
0.15581348538398743 0.16452337801456451
0.1552852988243103 0.16390036046504974
0.15467797219753265 0.1654193103313446
0.1543867141008377 0.1592956781387329
0.15267543494701385 0.167726069688797
0.15245595574378967 0.15892428159713745
0.15225990116596222 0.15842632949352264
0.15084365010261536 0.17323742806911469
0.15064460039138794 0.21270032227039337
0.15059323608875275 0.1893399953842163
0.1501995474100113 0.15476231276988983
0.14954562485218048 0.19132991135120392
0.14907319843769073 0.15185551345348358
0.1485886424779892 0.16208773851394653
0.1478133350610733 0.15581250190734863
0.14725299179553986 0.18206235766410828
0.14678557217121124 0.17797362804412842
0.14628945291042328 0.14673297107219696
0.14619962871074677 0.17108847200870514
0.14592769742012024 0.1683446317911148
0.14587199687957764 0.1521216332912445
0.1456502377986908 0.15538805723190308
0.1453622728586197 0.1914231777191162
0.14517207443714142 0.24415791034698486
0.14398923516273499 0.1504126489162445
0.1437568962574005 0.19194671511650085
0.14357244968414307 0.1481119841337204
0.1435071974992752 0.14424441754817963
0.1433498114347458 0.16351167857646942
0.14313238859176636 0.2471059262752533
0.1429985612630844 0.16836044192314148
0.1429470330476761 0.19821585714817047
0.1421452909708023 0.16499179601669312
0.14186988770961761 0.15352919697761536
0.14184129238128662 0.15421421825885773
0.14176206290721893 0.1500333547592163
0.141692653298378 0.15736354887485504
0.14115959405899048 0.17860367894172668
0.14114367961883545 0.15297995507717133
0.14062218368053436 0.15334758162498474
0.140595942735672 0.14654406905174255
0.1399039626121521 0.14096325635910034
0.13987146317958832 0.15771441161632538
0.13958029448986053 0.1423133909702301
0.13949930667877197 0.16948360204696655
0.1390036642551422 0.2077927440404892
0.1385643035173416 0.14864972233772278
0.13845141232013702 0.18453176319599152
0.13789495825767517 0.15651388466358185
0.1378219574689865 0.14502297341823578
0.13772618770599365 0.1503644734621048
0.13766726851463318 0.1482226550579071
0.13736651837825775 0.20196200907230377
0.13721300661563873 0.14844666421413422
0.13721217215061188 0.15161415934562683
0.13678018748760223 0.1547076255083084
0.13610921800136566 0.14465677738189697
0.13578934967517853 0.14534485340118408
0.13574238121509552 0.14625605940818787
0.13571926951408386 0.15089868009090424
0.13535644114017487 0.1840934306383133
0.1349833905696869 0.15982003509998322
0.13479681313037872 0.17335280776023865
0.13469558954238892 0.226223424077034
0.1346062868833542 0.15462510287761688
0.13433879613876343 0.17470967769622803
0.13408163189888 0.18363450467586517
0.13389314711093903 0.15488623082637787
0.1338721066713333 0.14365023374557495
0.13333560526371002 0.1653067022562027
0.13324181735515594 0.1379171460866928
0.13280215859413147 0.1330588012933731
0.13258573412895203 0.16325978934764862
0.13256435096263885 0.15005753934383392
0.13244719803333282 0.1445561647415161
0.1323661208152771 0.15580850839614868
0.13222156465053558 0.1683216094970703
0.13186000287532806 0.2210470587015152
0.13174737989902496 0.15834815800189972
0.13081587851047516 0.160253643989563
0.13038785755634308 0.14318092167377472
0.130212664604187 0.1714899092912674
0.13019901514053345 0.13197317719459534
0.12981994450092316 0.1979844570159912
0.12970350682735443 0.1298041045665741
0.12966439127922058 0.1555376499891281
0.12965811789035797 0.14468954503536224
0.12959274649620056 0.1329728662967682
0.12954145669937134 0.15024052560329437
0.1286681741476059 0.1748986691236496
0.12864205241203308 0.17351867258548737
0.12776055932044983 0.1689266413450241
0.1276136338710785 0.13613760471343994
0.12759153544902802 0.20797549188137054
0.1269931197166443 0.22623427212238312
0.1255655586719513 0.19627706706523895
0.12550461292266846 0.15253496170043945
0.12539131939411163 0.22542379796504974
0.12537354230880737 0.12890756130218506
0.12513571977615356 0.15394645929336548
0.12471368163824081 0.12994934618473053
0.12443698942661285 0.14001773297786713
0.12373793870210648 0.12554989755153656
0.12348377704620361 0.14676891267299652
0.12308669835329056 0.14233827590942383
0.12264304608106613 0.1572003960609436
0.12259109318256378 0.14700937271118164
0.12237710505723953 0.1572003960609436
0.12228218466043472 0.13036435842514038
0.1222435012459755 0.19808714091777802
0.1218949407339096 0.14211885631084442
0.12160246074199677 0.14776083827018738
0.12089294195175171 0.13359974324703217
0.12077169120311737 0.16693469882011414
0.12066102772951126 0.12869398295879364
0.12042930722236633 0.17897561192512512
0.12039658427238464 0.12437690049409866
0.12006627768278122 0.15949028730392456
0.1192036047577858 0.1579633355140686
0.11905974894762039 0.1410401314496994
0.1189483106136322 0.15523286163806915
0.11865320801734924 0.12440383434295654
0.117963507771492 0.13496942818164825
0.11782445758581161 0.11872363835573196
0.11709120124578476 0.2060478925704956
0.11706188321113586 0.1570805162191391
0.11695807427167892 0.11879564076662064
0.11634373664855957 0.1814548522233963
0.11589096486568451 0.13452813029289246
0.11563784629106522 0.16454920172691345
0.11544518917798996 0.1284068524837494
0.11495328694581985 0.11955830454826355
0.11432608962059021 0.13231226801872253
0.1139664277434349 0.12401307374238968
0.11377792060375214 0.12622514367103577
0.11342961341142654 0.12877026200294495
0.11338803917169571 0.13067810237407684
0.11331366002559662 0.19983647763729095
0.11291838437318802 0.1501559019088745
0.11255879700183868 0.1230941116809845
0.11169159412384033 0.14287327229976654
0.11097124963998795 0.17380547523498535
0.11093667894601822 0.1700107306241989
0.11050127446651459 0.11248432844877243
0.11036055535078049 0.11648619920015335
0.11034942418336868 0.19488005340099335
0.11030435562133789 0.22286517918109894
0.10963468998670578 0.12052089720964432
0.10938432812690735 0.17941832542419434
0.10913863778114319 0.11961355060338974
0.10903386026620865 0.11420650780200958
0.10850878059864044 0.1098342165350914
0.10832811892032623 0.1325298696756363
0.1082964688539505 0.11943592876195908
0.10775452107191086 0.1570928543806076
0.10669554769992828 0.11798515915870667
0.10654894262552261 0.14183515310287476
0.10646364092826843 0.12947718799114227
0.1060309186577797 0.1499020755290985
0.10489129275083542 0.12212704867124557
0.10457034409046173 0.165420264005661
0.10446533560752869 0.1447904109954834
0.10381224751472473 0.10738436877727509
0.10299840569496155 0.10973353683948517
0.10257746279239655 0.11580108106136322
0.10243231058120728 0.1052720695734024
0.10204032063484192 0.16153022646903992
0.10055447369813919 0.11688115447759628
0.1005207970738411 0.10280830413103104
0.10013265907764435 0.11668863892555237
0.10000602900981903 0.10047104209661484
0.09961174428462982 0.14804036915302277
0.09915529936552048 0.10483146458864212
0.09880748391151428 0.12635193765163422
0.09878882020711899 0.12329611927270889
0.0987587496638298 0.10029152780771255
0.09864823520183563 0.15582558512687683
0.09840454161167145 0.12264017015695572
0.09822557866573334 0.11647050827741623
0.09709343314170837 0.10398202389478683
0.09685942530632019 0.15890535712242126
0.0964946374297142 0.12562547624111176
0.09630624204874039 0.10221213847398758
0.09591450542211533 0.14426343142986298
0.09485465288162231 0.11065361648797989
0.09429574757814407 0.10711275041103363
0.09356551617383957 0.1364533007144928
0.09355293214321136 0.10213235020637512
0.09330025315284729 0.15537577867507935
0.09315746277570724 0.10093974322080612
0.09260483831167221 0.10590051114559174
0.09185343980789185 0.12907832860946655
0.08913356810808182 0.09884511679410934
0.08770275861024857 0.09636536985635757
0.0874093696475029 0.10683421790599823
0.08730859309434891 0.16134457290172577
0.08572861552238464 0.10104675590991974
0.08558529615402222 0.10033121705055237
0.08063419163227081 0.08909337222576141
0.07986479997634888 0.09954935312271118
0.0759667158126831 0.08511921018362045
0.07162042707204819 0.07845260947942734
0.06560459733009338 0.06935358792543411
