0.15395107865333557 0.17341731488704681
0.15176695585250854 0.162423774600029
0.1516108363866806 0.16816219687461853
0.13056325912475586 0.13077139854431152
0.12367840111255646 0.12486942112445831
0.12175378203392029 0.13269062340259552
0.12096809595823288 0.15570704638957977
0.12044761329889297 0.13354767858982086
0.12011965364217758 0.12232661247253418
0.12011291831731796 0.1428471803665161
0.11921337991952896 0.12520407140254974
0.11859770864248276 0.14054270088672638
0.1165018379688263 0.1207827627658844
0.1159285232424736 0.1337122619152069
0.11550832539796829 0.13839983940124512
0.1148800477385521 0.13394510746002197
0.11397087574005127 0.1443808525800705
0.11207596957683563 0.15800446271896362
0.11199045181274414 0.1204056367278099
0.11142710596323013 0.11560634523630142
0.1111835390329361 0.11487489938735962
0.11015938222408295 0.11771035939455032
0.10988172888755798 0.11901221424341202
0.1091679185628891 0.11811365187168121
0.10874049365520477 0.11576905101537704
0.10720402747392654 0.11017780750989914
0.10692977905273438 0.1180793046951294
0.10682764649391174 0.1683729887008667
0.1067926287651062 0.11862409859895706
0.10608204454183578 0.14074444770812988
0.10599266737699509 0.11063071340322495
0.1059093102812767 0.10774582624435425
0.10571399331092834 0.11484503746032715
0.1052553802728653 0.15985886752605438
0.10504244267940521 0.12559141218662262
0.10502437502145767 0.10565185546875
0.10501769930124283 0.11766460537910461
0.10458153486251831 0.11316723376512527
0.1045171469449997 0.11476977169513702
0.10446777194738388 0.12165503948926926
0.10442512482404709 0.10885447263717651
0.10422483831644058 0.10910592973232269
0.10411631315946579 0.10517723113298416
0.10386288911104202 0.1077330932021141
0.10370062291622162 0.10752759128808975
0.10330313444137573 0.11958281695842743
0.10325829684734344 0.1077595129609108
0.1029253900051117 0.11274532973766327
0.10288416594266891 0.1056850403547287
0.1025075614452362 0.10337605327367783
0.1024547666311264 0.10650462657213211
0.1024181991815567 0.1102757379412651
0.10218174755573273 0.10723131150007248
0.10213214159011841 0.1287786364555359
0.10205825418233871 0.13290004432201385
0.10190354287624359 0.10348419100046158
0.10165809094905853 0.10262727737426758
0.10152620822191238 0.1081605851650238
0.10145295411348343 0.11018478870391846
0.10109859704971313 0.10596423596143723
0.10071545839309692 0.1020357608795166
0.10070569068193436 0.11117532104253769
0.10062220692634583 0.10831877589225769
0.10054051131010056 0.10844437032938004
0.10045432299375534 0.1088877022266388
0.10004433244466782 0.10072396695613861
0.09967847913503647 0.1118071898818016
0.09957364946603775 0.11865893751382828
0.09943611919879913 0.1428471803665161
0.09937600791454315 0.1040244847536087
0.09922521561384201 0.10102972388267517
0.09911951422691345 0.1281253546476364
0.09910716116428375 0.12430568039417267
0.0985918641090393 0.11142946034669876
0.0985899269580841 0.09945622086524963
0.09838168323040009 0.10928928852081299
0.09789986908435822 0.11384984105825424
0.09756092727184296 0.10168953239917755
0.0971808210015297 0.09769498556852341
0.09702889621257782 0.10605380684137344
0.09677886217832565 0.10650969296693802
0.09673293679952621 0.10742253065109253
0.0966523215174675 0.1026470735669136
0.09665221720933914 0.12305662035942078
0.09663522988557816 0.13394510746002197
0.09644516557455063 0.11832445859909058
0.09611350297927856 0.10553187131881714
0.09606260806322098 0.13617806136608124
0.09583383798599243 0.1324789971113205
0.09579037874937057 0.12191837280988693
0.09575523436069489 0.10603469610214233
0.09558761864900589 0.11887574195861816
0.09556344151496887 0.12194398790597916
0.095450758934021 0.09811674803495407
0.09520068764686584 0.09891026467084885
0.0951690748333931 0.10343623906373978
0.09510960429906845 0.10841918736696243
0.09497374296188354 0.14767788350582123
0.09494881331920624 0.11549188941717148
0.09482509642839432 0.09716853499412537
0.0948035791516304 0.09876623004674911
0.09468281269073486 0.12760715186595917
0.09461089968681335 0.10382397472858429
0.09448268264532089 0.11258190125226974
0.09439754486083984 0.09903242439031601
0.094283327460289 0.14880795776844025
0.094141386449337 0.09468402713537216
0.09412882477045059 0.10032904893159866
0.09405766427516937 0.0978858545422554
0.09401752054691315 0.11945570260286331
0.09384647756814957 0.10681112855672836
0.09355651587247849 0.09414827078580856
0.09346543252468109 0.10446984320878983
0.09335743635892868 0.10967059433460236
0.09332041442394257 0.09799384325742722
0.09328559786081314 0.10056301951408386
0.09324207901954651 0.11237341910600662
0.09312553703784943 0.09505663067102432
0.09312189370393753 0.1259533166885376
0.0930427759885788 0.09649752825498581
0.09293285012245178 0.09684622287750244
0.09278348088264465 0.17483502626419067
0.09271067380905151 0.11265669763088226
0.09259623289108276 0.09732849150896072
0.09255796670913696 0.117967389523983
0.09223999083042145 0.09729427844285965
0.09221727401018143 0.11664068698883057
0.0920059084892273 0.11135996133089066
0.09153549373149872 0.11027342826128006
0.09133227169513702 0.10253673046827316
0.09131091833114624 0.09892912954092026
0.09127071499824524 0.11227303743362427
0.09113568812608719 0.09157904982566833
0.09102118760347366 0.13206058740615845
0.09035922586917877 0.12583404779434204
0.09000635147094727 0.10229320824146271
0.08980042487382889 0.13340625166893005
0.08975770324468613 0.10623369365930557
0.08960514515638351 0.10319582372903824
0.0894964411854744 0.10363302379846573
0.08942922949790955 0.13945141434669495
0.08921188861131668 0.1383255273103714
0.08874189108610153 0.09405101835727692
0.088593989610672 0.09609489887952805
0.08857615292072296 0.10368998348712921
0.0884520411491394 0.11447694897651672
0.08844082057476044 0.1402999460697174
0.08839905261993408 0.15427476167678833
0.08825067430734634 0.10015472769737244
0.08821938186883926 0.10065092891454697
0.0880468562245369 0.09435324370861053
0.08756221830844879 0.1068054661154747
0.08746235817670822 0.09679704904556274
0.08721618354320526 0.10213769972324371
0.0871652141213417 0.09889198839664459
0.08695263415575027 0.10134568065404892
0.08652245998382568 0.09714727848768234
0.08616995811462402 0.09456788748502731
0.08600430935621262 0.11265112459659576
0.08538162708282471 0.10034356266260147
0.08501961082220078 0.08606526255607605
0.08486641943454742 0.09700365364551544
0.08446744829416275 0.08984386175870895
0.08388414978981018 0.09852369874715805
0.08346082270145416 0.13305455446243286
0.08342091739177704 0.10187456756830215
0.08340810984373093 0.08728180080652237
0.08336885273456573 0.08347195386886597
0.08315107971429825 0.12217172980308533
0.08298780024051666 0.10897710919380188
0.08282176405191422 0.12232194095849991
0.0828060656785965 0.10331756621599197
0.08270217478275299 0.10097379237413406
0.08265940099954605 0.0994989201426506
0.08250582963228226 0.10232782363891602
0.08234235644340515 0.09426822513341904
0.08128300309181213 0.09491158276796341
0.08123192191123962 0.09688059240579605
0.0811481848359108 0.08681678771972656
0.08106452971696854 0.08198733627796173
0.08054949343204498 0.083712138235569
0.08044151216745377 0.09924934059381485
0.0801502913236618 0.09515169262886047
0.07969752699136734 0.11864782869815826
0.07899840921163559 0.09130651503801346
0.07899492979049683 0.08116861432790756
0.07894480973482132 0.1107395812869072
0.07835989445447922 0.08255305141210556
0.07830358296632767 0.08410529047250748
0.07815207540988922 0.08941241353750229
0.0780574232339859 0.11344893276691437
0.07790224999189377 0.08483394980430603
0.07788091152906418 0.09601837396621704
0.07698376476764679 0.10400332510471344
0.07689715176820755 0.17610831558704376
0.07682084292173386 0.09639183431863785
0.07672642916440964 0.07883000373840332
0.07637788355350494 0.12185575067996979
0.07629655301570892 0.11407474428415298
0.07614468783140182 0.07646872848272324
0.0761384665966034 0.08755144476890564
0.07612967491149902 0.0892619714140892
0.07586655765771866 0.08730163425207138
0.07564917206764221 0.08691850304603577
0.07558684796094894 0.08715838193893433
0.07516876608133316 0.0760960727930069
0.07499212771654129 0.08475004881620407
0.07385175675153732 0.07493392378091812
0.07356391847133636 0.08716941624879837
0.07342498004436493 0.09067382663488388
0.07311644405126572 0.07851538062095642
0.07277356833219528 0.1200840100646019
0.07254546135663986 0.07851538062095642
0.07232855260372162 0.09700209647417068
0.07210127264261246 0.10874234884977341
0.07189149409532547 0.09196197241544724
0.07164420187473297 0.07348516583442688
0.0716179832816124 0.10113547742366791
0.0715661272406578 0.08810929954051971
0.07002242654561996 0.07401753216981888
0.06971557438373566 0.07290675491094589
0.0682627335190773 0.07314007729291916
0.06778654456138611 0.07329316437244415
0.0656721219420433 0.07856424152851105
0.06518024206161499 0.07751373946666718
0.06291327625513077 0.06675610691308975
0.06157197430729866 0.08300229161977768
0.059713441878557205 0.07165424525737762
0.05944860726594925 0.06418871879577637
0.05825498700141907 0.07077932357788086
0.058219097554683685 0.07533248513936996
0.05758333578705788 0.06768322736024857
0.05717150494456291 0.05987223982810974
0.056546878069639206 0.06496620178222656
0.0550483800470829 0.075534388422966
