0.1151905357837677 0.1193564161658287
0.1142725870013237 0.1296893209218979
0.10998531430959702 0.1119556650519371
0.10353393852710724 0.12594178318977356
0.10287560522556305 0.10887373238801956
0.10005013644695282 0.10048240423202515
0.0951363742351532 0.1044674813747406
0.09268881380558014 0.1344134360551834
0.09123162925243378 0.09124269336462021
0.09070537984371185 0.09898844361305237
0.09004917740821838 0.09152068197727203
0.08987423777580261 0.0939568504691124
0.08987217396497726 0.10364553332328796
0.08975829929113388 0.09170879423618317
0.08956801891326904 0.12331019341945648
0.08804642409086227 0.09034222364425659
0.0846598893404007 0.09116189926862717
0.08389076590538025 0.08390896022319794
0.08330892771482468 0.09500547498464584
0.0830807238817215 0.08846957981586456
0.08263055235147476 0.10664070397615433
0.08203599601984024 0.086842380464077
0.08138243108987808 0.10433493554592133
0.08125412464141846 0.13143061101436615
0.08110060542821884 0.09672205150127411
0.08092062920331955 0.08605504781007767
0.08089245110750198 0.08632174134254456
0.08034855127334595 0.08216523379087448
0.08032543212175369 0.10169459134340286
0.08020337671041489 0.1118965670466423
0.08015435934066772 0.08063159137964249
0.07994662970304489 0.08020550012588501
0.0799255296587944 0.08958975225687027
0.07965671271085739 0.08190681040287018
0.07944870740175247 0.08021535724401474
0.0794004425406456 0.08195850998163223
0.07932873070240021 0.1042284369468689
0.07930923998355865 0.11561889946460724
0.0785832330584526 0.0867871344089508
0.07843044400215149 0.14174579083919525
0.07721561193466187 0.07984808832406998
0.07719127088785172 0.09027188271284103
0.07717692106962204 0.09069788455963135
0.07663627713918686 0.09028389304876328
0.0766066312789917 0.07813185453414917
0.07615252584218979 0.084348663687706
0.07610661536455154 0.07635535299777985
0.07600947469472885 0.08827383071184158
0.0758620873093605 0.08079557865858078
0.07582322508096695 0.11347288638353348
0.07516185939311981 0.10158979147672653
0.0751514583826065 0.08708982914686203
0.07511992007493973 0.0864538848400116
0.07444792240858078 0.07570238411426544
0.07444363832473755 0.11485477536916733
0.07382407039403915 0.0855521410703659
0.07381124794483185 0.08894339203834534
0.07380138337612152 0.07526446878910065
0.07352276146411896 0.07380429655313492
0.07319985330104828 0.09013009816408157
0.07307590544223785 0.08292505145072937
0.07295788824558258 0.09581921249628067
0.07288065552711487 0.08028040826320648
0.07284990698099136 0.09588609635829926
0.07280553877353668 0.07970347255468369
0.07220970094203949 0.09669686108827591
0.07208181917667389 0.07675176858901978
0.0720788985490799 0.08948855847120285
0.0713118240237236 0.09926515817642212
0.07128160446882248 0.08625788986682892
0.07107365131378174 0.0861738920211792
0.07097579538822174 0.08360423147678375
0.07077011466026306 0.0990476906299591
0.0705539658665657 0.07487545907497406
0.07042918354272842 0.08228176087141037
0.07041499763727188 0.13240255415439606
0.07019871473312378 0.0925123542547226
0.06992542743682861 0.07504833489656448
0.06976194679737091 0.07445977628231049
0.06967563182115555 0.09328853338956833
0.06919900327920914 0.07080192863941193
0.06885048002004623 0.0824522078037262
0.06873730570077896 0.07463895529508591
0.06864846497774124 0.09865786880254745
0.06816663593053818 0.071977898478508
0.06806247681379318 0.07641036063432693
0.0678785890340805 0.09556157886981964
0.06781955808401108 0.06996343284845352
0.06741785258054733 0.07255914062261581
0.06728102266788483 0.08711110800504684
0.06726899743080139 0.07661711424589157
0.06718012690544128 0.08881855756044388
0.067147396504879 0.10192936658859253
0.06712166219949722 0.08971819281578064
0.06699332594871521 0.12133074551820755
0.06693816184997559 0.08011649549007416
0.06670297682285309 0.08313554525375366
0.06577299535274506 0.06955163180828094
0.06560668349266052 0.11108773201704025
0.06542257219552994 0.07190980762243271
0.06531906127929688 0.07878826558589935
0.06528341770172119 0.09328053891658783
0.06525129079818726 0.06980632990598679
0.06523388624191284 0.0708986297249794
0.06523104757070541 0.07070980966091156
0.06518041342496872 0.07201925665140152
0.06501835584640503 0.07442260533571243
0.06481032073497772 0.06801256537437439
0.06457433104515076 0.06552927196025848
0.06454704701900482 0.06770075857639313
0.06446516513824463 0.09784567356109619
0.06437743455171585 0.09642582386732101
0.06431416422128677 0.07137104868888855
0.06425310671329498 0.10621079802513123
0.06408998370170593 0.07227528840303421
0.06401622295379639 0.06957189738750458
0.0638778954744339 0.06458522379398346
0.06370003521442413 0.08853476494550705
0.06322888284921646 0.07274661213159561
0.06308453530073166 0.06578200310468674
0.0630415678024292 0.07789991796016693
0.06296086311340332 0.0743585079908371
0.06279122829437256 0.09091214090585709
0.06243790686130524 0.12153355032205582
0.06237860396504402 0.07554930448532104
0.06208782270550728 0.07051926106214523
0.061949990689754486 0.1053800955414772
0.06187763810157776 0.06213183328509331
0.061764925718307495 0.07338033616542816
0.061681006103754044 0.07564768195152283
0.061586346477270126 0.0726611316204071
0.061374176293611526 0.07487906515598297
0.06124885752797127 0.06846518814563751
0.06105273962020874 0.06435181945562363
0.060975976288318634 0.07794111222028732
0.06093905493617058 0.07564593106508255
0.060639265924692154 0.07800336927175522
0.060467664152383804 0.060997992753982544
0.06042075529694557 0.06494463235139847
0.05961887165904045 0.09517280757427216
0.059600766748189926 0.06248260661959648
0.05899865925312042 0.059310104697942734
0.05894869193434715 0.08153050392866135
0.058563996106386185 0.06259563565254211
0.05829473212361336 0.06263980269432068
0.05809374898672104 0.07537425309419632
0.05801036208868027 0.06565011292695999
0.0579458586871624 0.07169981300830841
0.05786038562655449 0.06688806414604187
0.05754426494240761 0.07994454354047775
0.0575147308409214 0.08246199041604996
0.057496096938848495 0.08247087895870209
0.057408709079027176 0.06433816254138947
0.057068780064582825 0.07686521857976913
0.05667698010802269 0.06162638962268829
0.05597693473100662 0.06792730838060379
0.055464908480644226 0.073223777115345
0.05539187788963318 0.06927941739559174
0.05533379688858986 0.0838940367102623
0.05527005344629288 0.058169495314359665
0.05524671822786331 0.07201925665140152
0.05460164695978165 0.09113885462284088
0.05440554395318031 0.054431453347206116
0.05416305735707283 0.06120677292346954
0.05393434315919876 0.05827264487743378
0.05301809310913086 0.06982611119747162
0.05177905037999153 0.07627878338098526
0.051266446709632874 0.061676669865846634
0.05091720074415207 0.05268299579620361
0.05047721788287163 0.05615267530083656
0.050301555544137955 0.054440297186374664
0.050284404307603836 0.05939873680472374
0.050013020634651184 0.05141264200210571
0.04963579773902893 0.051784273236989975
0.04940859228372574 0.054820381104946136
0.04940380901098251 0.05131582170724869
0.048849012702703476 0.05763974413275719
0.04870041087269783 0.04886186495423317
0.0481794998049736 0.05016141012310982
0.04808071255683899 0.05431373417377472
0.04807144030928612 0.060579054057598114
0.04806996136903763 0.058730099350214005
0.04794163256883621 0.05425854027271271
0.04738530516624451 0.054296307265758514
0.047218263149261475 0.05171078070998192
0.04694622382521629 0.05175703018903732
0.04667900130152702 0.05802012234926224
0.04572980850934982 0.05446965619921684
0.043849166482686996 0.0444030687212944
0.04312926158308983 0.04348570853471756
0.04226634278893471 0.04299398139119148
0.04206007346510887 0.046712182462215424
0.04158646613359451 0.04180527478456497
0.04122195392847061 0.04299398139119148
