0.12168854475021362 0.12426462024450302
0.12143036723136902 0.12197516858577728
0.11321872472763062 0.1306166648864746
0.10602987557649612 0.12087807804346085
0.10400433838367462 0.11864515393972397
0.1039530336856842 0.10894061625003815
0.10210217535495758 0.11920817196369171
0.10046413540840149 0.10473805665969849
0.09803061187267303 0.10161211341619492
0.09662013500928879 0.10467500239610672
0.09649046510457993 0.10362329334020615
0.09425032883882523 0.09455228596925735
0.0931200385093689 0.1054682508111
0.09259116649627686 0.10558322817087173
0.09218190610408783 0.10055802762508392
0.09198356419801712 0.1058945581316948
0.09096292406320572 0.13331232964992523
0.090639628469944 0.13927464187145233
0.09041553735733032 0.11450573801994324
0.09021254628896713 0.10359030961990356
0.08988239616155624 0.11798811703920364
0.08954521268606186 0.1202450543642044
0.08896390348672867 0.09242234379053116
0.0887695699930191 0.09411109983921051
0.08874157071113586 0.09473209083080292
0.0874907374382019 0.09393991529941559
0.08665215969085693 0.08728601038455963
0.08663053810596466 0.09218724817037582
0.08659956604242325 0.09271398186683655
0.08650799095630646 0.09048271179199219
0.0860992893576622 0.09217324107885361
0.08609236031770706 0.09165257215499878
0.08587688207626343 0.08974911272525787
0.08568663150072098 0.12917132675647736
0.08525986969470978 0.08789022266864777
0.0847243145108223 0.10658670961856842
0.0846666693687439 0.10187957435846329
0.08463602513074875 0.08733735978603363
0.08433832973241806 0.10098813474178314
0.08332254737615585 0.09563101828098297
0.08260252326726913 0.1069253459572792
0.08182238787412643 0.10463622212409973
0.08168409019708633 0.08783584833145142
0.08146129548549652 0.1041768491268158
0.08141138404607773 0.08375876396894455
0.08106547594070435 0.1445240080356598
0.08069762587547302 0.09087678045034409
0.07796908169984818 0.07838312536478043
0.07765230536460876 0.10082953423261642
0.07746974378824234 0.1292400360107422
0.0770350992679596 0.080573670566082
0.07693231105804443 0.07854653894901276
0.07662948966026306 0.07708985358476639
0.07662079483270645 0.0861046314239502
0.0764865130186081 0.12667179107666016
0.07641811668872833 0.08168916404247284
0.07603029906749725 0.09166751801967621
0.07597438991069794 0.09362585842609406
0.07588731497526169 0.07838312536478043
0.07576281577348709 0.08338507264852524
0.07545503973960876 0.0772884264588356
0.07531396299600601 0.08805029839277267
0.07490824908018112 0.1384396255016327
0.07461010664701462 0.07911490648984909
0.07433949410915375 0.08642319589853287
0.07378574460744858 0.0767383873462677
0.07324224710464478 0.0778840184211731
0.07240597158670425 0.1177324578166008
0.07184357196092606 0.08289162069559097
0.07178916037082672 0.07420197874307632
0.0714256688952446 0.13957761228084564
0.07105488330125809 0.07771790772676468
0.07084008306264877 0.10595285892486572
0.07035057991743088 0.12447167932987213
0.06976847350597382 0.07220413535833359
0.06921783089637756 0.0749257504940033
0.0689522996544838 0.07286252826452255
0.06882423162460327 0.07956166565418243
0.06872591376304626 0.09468380361795425
0.06850303709506989 0.10370780527591705
0.0684746727347374 0.09119386225938797
0.06836938858032227 0.0727066695690155
0.06827850639820099 0.14893870055675507
0.0681590661406517 0.08069401979446411
0.06752285361289978 0.09961724281311035
0.06747906655073166 0.06752697378396988
0.06741558760404587 0.09797301888465881
0.0673370212316513 0.06926745176315308
0.06725969165563583 0.08788159489631653
0.06679221987724304 0.08035998791456223
0.06675982475280762 0.07440802454948425
0.066492959856987 0.08301655948162079
0.06623730808496475 0.07418979704380035
0.06604115664958954 0.13306750357151031
0.06552531570196152 0.07386111468076706
0.06503822654485703 0.0676182210445404
0.06486134976148605 0.06564245373010635
0.06468772143125534 0.09925215691328049
0.06467396020889282 0.07043813914060593
0.06388284265995026 0.07361701130867004
0.06380382925271988 0.06743693351745605
0.06345120817422867 0.08295751363039017
0.06344369053840637 0.09139200299978256
0.06326989829540253 0.074675053358078
0.06269937753677368 0.071880042552948
0.06252036988735199 0.06612700968980789
0.06238133832812309 0.07743289321660995
0.062269486486911774 0.07027480006217957
0.062215760350227356 0.08136501908302307
0.06200728192925453 0.0715862438082695
0.06177143380045891 0.07305184751749039
0.06161198019981384 0.07569992542266846
0.06150614097714424 0.06188340485095978
0.06138281151652336 0.08769235014915466
0.061338089406490326 0.06978700309991837
0.06041817367076874 0.07801325619220734
0.06026361137628555 0.06681497395038605
0.058733534067869186 0.07623596489429474
0.05867715924978256 0.061040353029966354
0.058588750660419464 0.06317024677991867
0.05853927135467529 0.06878203898668289
0.05852648615837097 0.06668631732463837
0.058443136513233185 0.06615753471851349
0.058329492807388306 0.06929188221693039
0.05827711895108223 0.0606800802052021
0.0582619272172451 0.07332241535186768
0.058063898235559464 0.06184670329093933
0.057942550629377365 0.05860499292612076
0.057900890707969666 0.07342609763145447
0.05780196934938431 0.09115312248468399
0.05735726282000542 0.05905868858098984
0.05686693266034126 0.08050314337015152
0.05662735551595688 0.06800837814807892
0.055950962007045746 0.06003084406256676
0.055693525820970535 0.06338026374578476
0.055193353444337845 0.0600862093269825
0.055024437606334686 0.057473547756671906
0.0548541285097599 0.06356220692396164
0.05448504164814949 0.05798729136586189
0.0544716939330101 0.07462316006422043
0.053730305284261703 0.06478910148143768
0.05366562306880951 0.05971863120794296
0.05361175909638405 0.0747261643409729
0.053502157330513 0.0677412822842598
0.052582036703825 0.06964952498674393
0.05247657373547554 0.07100570201873779
0.052243925631046295 0.07633379101753235
0.05170329660177231 0.06553290039300919
0.05158834904432297 0.059115149080753326
0.05157502740621567 0.06529370695352554
0.05146599933505058 0.05646425485610962
0.05122961476445198 0.09198968857526779
0.051158349961042404 0.05754859000444412
0.05097968131303787 0.06824913620948792
0.050835445523262024 0.06959103047847748
0.049441516399383545 0.07913588732481003
0.04815024882555008 0.06683026254177094
0.047991394996643066 0.05480887368321419
0.04760400578379631 0.05528600886464119
0.04714880511164665 0.05527589097619057
0.04639587551355362 0.04688877612352371
0.04579700529575348 0.06261792033910751
0.045667797327041626 0.061732832342386246
0.04506862908601761 0.04581772908568382
0.04378489404916763 0.04925905540585518
0.04317270219326019 0.047671299427747726
0.0412307046353817 0.044075172394514084
0.041025638580322266 0.041733916848897934
0.04083039611577988 0.04181879013776779
0.04044664278626442 0.04537671059370041
0.03816891461610794 0.03902871161699295
0.03710801526904106 0.038678742945194244
0.03595144301652908 0.04835159704089165
