0.4836329221725464 0.48664429783821106
0.1881496012210846 0.18897123634815216
0.18268105387687683 0.1842913031578064
0.18113088607788086 0.1842932105064392
0.1794448345899582 0.19545957446098328
0.17367328703403473 0.2184375822544098
0.16839206218719482 0.24476337432861328
0.16787675023078918 0.17330248653888702
0.16556605696678162 0.16817720234394073
0.1655457615852356 0.168681800365448
0.16293253004550934 0.16702474653720856
0.16082867980003357 0.1779533475637436
0.16014987230300903 0.16900227963924408
0.157907173037529 0.17322693765163422
0.15746474266052246 0.1777980476617813
0.15740525722503662 0.1810094565153122
0.1571456342935562 0.15793970227241516
0.15676946938037872 0.19479252398014069
0.1560855507850647 0.1753797084093094
0.15431131422519684 0.1674281507730484
0.1527971476316452 0.15376336872577667
0.1492321789264679 0.1660243719816208
0.14722831547260284 0.16501621901988983
0.14695878326892853 0.18836498260498047
0.14628708362579346 0.17364443838596344
0.14615418016910553 0.15212686359882355
0.1449703723192215 0.15858754515647888
0.14464224874973297 0.16904354095458984
0.14307893812656403 0.19998948276042938
0.142821803689003 0.18401801586151123
0.14213524758815765 0.15463726222515106
0.14071041345596313 0.14705981314182281
0.13937029242515564 0.22130087018013
0.13934864103794098 0.14919990301132202
0.13934586942195892 0.19975781440734863
0.13885648548603058 0.19866438210010529
0.13806651532649994 0.15314652025699615
0.13775156438350677 0.1921870857477188
0.1374024599790573 0.1398257315158844
0.13725273311138153 0.16452349722385406
0.13689464330673218 0.13821043074131012
0.13664983212947845 0.14344806969165802
0.136297345161438 0.15938793122768402
0.13608476519584656 0.1582023948431015
0.1359630674123764 0.15890751779079437
0.135537251830101 0.17877964675426483
0.1345914751291275 0.20071344077587128
0.13453730940818787 0.1546834409236908
0.13450007140636444 0.15309754014015198
0.13422074913978577 0.23016484081745148
0.1335683912038803 0.16119973361492157
0.13323068618774414 0.13874374330043793
0.13311026990413666 0.14092348515987396
0.1330861747264862 0.18904796242713928
0.1329178512096405 0.1469597965478897
0.13279791176319122 0.2583266794681549
0.13245372474193573 0.15058767795562744
0.13166268169879913 0.13459795713424683
0.13161590695381165 0.13307242095470428
0.1313251256942749 0.13435408473014832
0.13085156679153442 0.13673731684684753
0.12964273989200592 0.1548244059085846
0.12941230833530426 0.1534704715013504
0.12902027368545532 0.13838337361812592
0.12872661650180817 0.15796999633312225
0.12871354818344116 0.15345630049705505
0.12840865552425385 0.1306031197309494
0.12816809117794037 0.14478518068790436
0.12768523395061493 0.1963270902633667
0.12738385796546936 0.2226104885339737
0.1269083321094513 0.2062385529279709
0.12556429207324982 0.1422457993030548
0.12421701103448868 0.15810784697532654
0.12380307167768478 0.16948148608207703
0.12365909665822983 0.14534182846546173
0.1235077753663063 0.15755866467952728
0.12341336160898209 0.2049025297164917
0.12298303097486496 0.17962662875652313
0.12224669009447098 0.14475049078464508
0.12181064486503601 0.13542234897613525
0.1216045469045639 0.1403888761997223
0.12148808687925339 0.1576191931962967
0.12086121737957001 0.1297837644815445
0.12025109678506851 0.129085972905159
0.12008334696292877 0.15567806363105774
0.11996981501579285 0.17806224524974823
0.11963570863008499 0.1415025144815445
0.11924228072166443 0.21545599400997162
0.11756132543087006 0.1551544964313507
0.11724290996789932 0.2667662799358368
0.11641324311494827 0.2000633329153061
0.11583679169416428 0.12461372464895248
0.11538374423980713 0.12248805910348892
0.11403690278530121 0.11721578985452652
0.11400627344846725 0.14609967172145844
0.113981693983078 0.19834552705287933
0.11389609426259995 0.18649126589298248
0.11364096403121948 0.19767151772975922
0.11361176520586014 0.13329921662807465
0.11358356475830078 0.11514528095722198
0.11352597177028656 0.12042311578989029
0.11299698054790497 0.13777083158493042
0.11298175901174545 0.15258930623531342
0.1124688982963562 0.1453714668750763
0.11234286427497864 0.14042071998119354
0.11179664731025696 0.20621463656425476
0.11152280867099762 0.237904354929924
0.1112338975071907 0.1430710405111313
0.11103187501430511 0.12115795910358429
0.11052873730659485 0.14925244450569153
0.110320083796978 0.15880227088928223
0.11026333272457123 0.11557214707136154
0.10971271991729736 0.14256331324577332
0.108637236058712 0.12068532407283783
0.10839792340993881 0.18819263577461243
0.10816408693790436 0.11519984900951385
0.10810662060976028 0.1715327948331833
0.10788045823574066 0.11558987945318222
0.10717859119176865 0.11796436458826065
0.10692968219518661 0.1368967443704605
0.10674422979354858 0.15458054840564728
0.10648049414157867 0.266756534576416
0.10626798123121262 0.11946135759353638
0.10612410306930542 0.13222819566726685
0.10567689687013626 0.16502846777439117
0.10489017516374588 0.14734092354774475
0.10484948754310608 0.1121705174446106
0.10446565598249435 0.13964302837848663
0.10434044897556305 0.15717875957489014
0.10399637371301651 0.11880318075418472
0.10379060357809067 0.15965056419372559
0.1036011278629303 0.14119288325309753
0.10295149683952332 0.21358487010002136
0.10281301289796829 0.21729952096939087
0.10238659381866455 0.11707455664873123
0.10192622244358063 0.10770321637392044
0.10108443349599838 0.11334598064422607
0.09948346763849258 0.10204551368951797
0.0991746261715889 0.10175645351409912
0.09831416606903076 0.11528246104717255
0.09797081351280212 0.13084813952445984
0.09702353179454803 0.14809785783290863
0.0958835557103157 0.1938270628452301
0.09566329419612885 0.10018839687108994
0.09513289481401443 0.12205787748098373
0.0945199653506279 0.09774318337440491
0.09426318854093552 0.09886561334133148
0.09382351487874985 0.10124320536851883
0.09358379244804382 0.11227250099182129
0.09342785179615021 0.10014013200998306
0.09330452978610992 0.1147814467549324
0.09328596293926239 0.1885201334953308
0.0931941494345665 0.12853801250457764
0.09231550246477127 0.1026548370718956
0.09214367717504501 0.11561057716608047
0.09189408272504807 0.09820038080215454
0.09148135781288147 0.09192512184381485
0.09132403135299683 0.10804697126150131
0.09128934144973755 0.147659033536911
0.09100593626499176 0.1549309492111206
0.09089692682027817 0.09853844344615936
0.09056767076253891 0.09640831500291824
0.09054333716630936 0.11364786326885223
0.09039927273988724 0.09212943911552429
0.09013006091117859 0.09106703847646713
0.08983948826789856 0.11721817404031754
0.08962459862232208 0.14389006793498993
0.08940798789262772 0.12777794897556305
0.08851159363985062 0.10699095577001572
0.08830498903989792 0.0907159298658371
0.0876377746462822 0.10217281430959702
0.08577197045087814 0.08670943975448608
0.0850568637251854 0.10205462574958801
0.08435088396072388 0.09667819738388062
0.08376579731702805 0.09475578367710114
0.08292961865663528 0.0829305648803711
0.0828116312623024 0.11920644342899323
0.08058976382017136 0.10478024929761887
0.07852976024150848 0.08263472467660904
0.07746826112270355 0.0935150682926178
0.07733909785747528 0.10951799154281616
0.07727844268083572 0.08459390699863434
0.07570084184408188 0.08145368099212646
0.07487815618515015 0.09437587857246399
0.07385924458503723 0.09129314869642258
0.07307840883731842 0.11374501138925552
0.0725867822766304 0.08545678853988647
0.06998515129089355 0.09726245701313019
0.06822042167186737 0.07170750200748444
0.06650858372449875 0.07876170426607132
0.06164151430130005 0.06417611986398697
