0.37434905767440796 0.3749036490917206
0.3717147409915924 0.3777574896812439
0.37032046914100647 0.3719274699687958
0.24911251664161682 0.250066876411438
0.241232767701149 0.24689097702503204
0.2168002426624298 0.22141428291797638
0.21485364437103271 0.21865014731884003
0.2056889533996582 0.20830225944519043
0.20522190630435944 0.21688279509544373
0.20297202467918396 0.22461506724357605
0.20171597599983215 0.20551614463329315
0.1981065422296524 0.2433186173439026
0.1949601024389267 0.20319536328315735
0.1937604546546936 0.19599848985671997
0.19096027314662933 0.2310636043548584
0.18819744884967804 0.1926506608724594
0.1880575269460678 0.21297460794448853
0.18648084998130798 0.23562762141227722
0.18554295599460602 0.20047880709171295
0.1849643588066101 0.23951075971126556
0.18454580008983612 0.18764446675777435
0.18179473280906677 0.18517746031284332
0.18102768063545227 0.2159823179244995
0.17906716465950012 0.21290096640586853
0.17777064442634583 0.18966615200042725
0.1764642298221588 0.22808466851711273
0.17551448941230774 0.21477943658828735
0.17537584900856018 0.2000913918018341
0.17428132891654968 0.1850726455450058
0.17409875988960266 0.22904400527477264
0.17394089698791504 0.1894587278366089
0.17349928617477417 0.24610091745853424
0.17325571179389954 0.19643808901309967
0.17291323840618134 0.17870743572711945
0.17264552414417267 0.17337889969348907
0.17226071655750275 0.21667252480983734
0.17194101214408875 0.19313518702983856
0.17193438112735748 0.17560377717018127
0.171880841255188 0.21455018222332
0.17163215577602386 0.2043205201625824
0.17109213769435883 0.17209433019161224
0.17086732387542725 0.21965157985687256
0.16993485391139984 0.17170089483261108
0.1681830734014511 0.19641774892807007
0.1678038090467453 0.19996444880962372
0.16737891733646393 0.19820049405097961
0.16735100746154785 0.1715087890625
0.16719485819339752 0.17507022619247437
0.16614322364330292 0.1810569167137146
0.16583722829818726 0.16953504085540771
0.16497275233268738 0.1752142757177353
0.16481275856494904 0.16519951820373535
0.1628938466310501 0.22816263139247894
0.16288843750953674 0.17817744612693787
0.16163785755634308 0.1781764179468155
0.1610555201768875 0.17570513486862183
0.1604151427745819 0.18902063369750977
0.15971802175045013 0.19980356097221375
0.15971557796001434 0.2750663757324219
0.15748627483844757 0.17827706038951874
0.1567450314760208 0.20664431154727936
0.1560702919960022 0.15942609310150146
0.1559772491455078 0.18669161200523376
0.15559832751750946 0.17913705110549927
0.1532600373029709 0.18044060468673706
0.153215229511261 0.1602374166250229
0.15271377563476562 0.15503989160060883
0.15244023501873016 0.15417048335075378
0.15241733193397522 0.15717078745365143
0.15188796818256378 0.19972661137580872
0.15186704695224762 0.24370919167995453
0.15166133642196655 0.2442968338727951
0.1508023887872696 0.20019720494747162
0.15012401342391968 0.17597010731697083
0.14975015819072723 0.1939680427312851
0.14959068596363068 0.15969988703727722
0.14940981566905975 0.15545281767845154
0.14907397329807281 0.1528453230857849
0.14874118566513062 0.2343166023492813
0.14815080165863037 0.2096661925315857
0.1477997750043869 0.1792653352022171
0.14590151607990265 0.27587980031967163
0.14580023288726807 0.18387450277805328
0.14543604850769043 0.16124385595321655
0.1454332172870636 0.1532154232263565
0.1452249139547348 0.2725799083709717
0.14431041479110718 0.1471622884273529
0.14380601048469543 0.15829873085021973
0.14333724975585938 0.21470215916633606
0.14294271171092987 0.2294081449508667
0.1422843486070633 0.20956052839756012
0.1418953239917755 0.20590192079544067
0.14188387989997864 0.166386216878891
0.14079169929027557 0.18262501060962677
0.13978099822998047 0.22610659897327423
0.1395847499370575 0.2799982726573944
0.13939222693443298 0.1585412323474884
0.13829658925533295 0.15990763902664185
0.13786126673221588 0.1448143869638443
0.13750135898590088 0.2369057685136795
0.13649970293045044 0.2488754689693451
0.13625890016555786 0.1811259388923645
0.1362113058567047 0.25126761198043823
0.1361486315727234 0.23445004224777222
0.13608330488204956 0.20188380777835846
0.13500453531742096 0.21762797236442566
0.13283255696296692 0.16685053706169128
0.13263390958309174 0.1661803126335144
0.13197699189186096 0.2707832455635071
0.13163641095161438 0.18656286597251892
0.1309422105550766 0.1435234546661377
0.13016122579574585 0.16047914326190948
0.1300857961177826 0.1535302698612213
0.1300320327281952 0.13100098073482513
0.12974010407924652 0.21197909116744995
0.12761631608009338 0.13131380081176758
0.12745480239391327 0.23402386903762817
0.1268569976091385 0.1304081827402115
0.12533585727214813 0.21235238015651703
0.12459652125835419 0.14850856363773346
0.12408866733312607 0.18114110827445984
0.12374855577945709 0.1608194261789322
0.12270906567573547 0.22351911664009094
0.1223289892077446 0.2624204456806183
0.12223055213689804 0.14770491421222687
0.12198074162006378 0.1997123658657074
0.1204942986369133 0.2930231988430023
0.12009818106889725 0.14204542338848114
0.1198863759636879 0.29009267687797546
0.11978404968976974 0.24365884065628052
0.1197642832994461 0.12269937992095947
0.11720944195985794 0.12261687219142914
0.11718129366636276 0.1699175089597702
0.11666012555360794 0.31384143233299255
0.11621642857789993 0.2350785881280899
0.11339445412158966 0.11423510313034058
0.1132805123925209 0.12058059126138687
0.11292758584022522 0.20444318652153015
0.11063675582408905 0.1185237467288971
0.10910343378782272 0.1607997864484787
0.1090351790189743 0.11011618375778198
0.10717979818582535 0.20391003787517548
0.10590409487485886 0.14158682525157928
0.10579339414834976 0.10992419719696045
0.10513464361429214 0.11855707317590714
0.10491450130939484 0.12428373098373413
0.10468435287475586 0.11087731271982193
0.10466556251049042 0.10655252635478973
0.10363853722810745 0.12173886597156525
0.10324487090110779 0.10415568947792053
0.10011400282382965 0.12241393327713013
0.0997811034321785 0.11535932123661041
0.0994763970375061 0.10959447920322418
0.09938611090183258 0.1187652125954628
0.09911763668060303 0.12022551894187927
0.09837451577186584 0.1801089346408844
0.09813404083251953 0.10170423984527588
0.09811647236347198 0.09911287575960159
0.09805150330066681 0.15632586181163788
0.09639446437358856 0.12007690221071243
0.09611298143863678 0.16179612278938293
0.09599491953849792 0.09864585846662521
0.09547420591115952 0.10186147689819336
0.09437601268291473 0.14805248379707336
0.09370667487382889 0.12334413826465607
0.09222044050693512 0.106105737388134
0.09139435738325119 0.09633489698171616
0.09024734050035477 0.0960642620921135
0.08779232203960419 0.10929334908723831
0.08546023815870285 0.10469754040241241
0.08026991039514542 0.09236446022987366
0.07561547309160233 0.08739113807678223
0.06908111274242401 0.08485423028469086
