0.13051597774028778 0.14568762481212616
0.11122957617044449 0.1242603212594986
0.11056344956159592 0.11236786097288132
0.11033332347869873 0.11130407452583313
0.10969773679971695 0.11840688437223434
0.10886625200510025 0.11203930526971817
0.10860851407051086 0.11710088700056076
0.10848399996757507 0.11321032792329788
0.10777637362480164 0.10844569653272629
0.10758628696203232 0.11254789680242538
0.10744806379079819 0.11880285292863846
0.10702162981033325 0.10744919627904892
0.10605151951313019 0.12625367939472198
0.10572095960378647 0.11316801607608795
0.10568638890981674 0.12322114408016205
0.10448183864355087 0.11738249659538269
0.10320451110601425 0.10983803868293762
0.09907866269350052 0.10168734937906265
0.09900475293397903 0.09916733205318451
0.09850652515888214 0.09987520426511765
0.0981004610657692 0.12331453710794449
0.09778762608766556 0.10168734937906265
0.09623352438211441 0.10367401689291
0.09611961245536804 0.1053488627076149
0.09582222253084183 0.10157804936170578
0.09458592534065247 0.09858183562755585
0.09457872062921524 0.11265666782855988
0.09419986605644226 0.11450886726379395
0.0932869091629982 0.11818905174732208
0.09313130378723145 0.10453582555055618
0.09273737668991089 0.11323590576648712
0.09150338172912598 0.09643764793872833
0.09124710410833359 0.09423824399709702
0.09072092175483704 0.1067626029253006
0.09009627997875214 0.09333449602127075
0.08985427021980286 0.0908963531255722
0.08937908709049225 0.11255039274692535
0.08935867249965668 0.10295943915843964
0.08851198107004166 0.09727241098880768
0.08847565203905106 0.10784628987312317
0.08763424307107925 0.09206654131412506
0.0873345360159874 0.11777660995721817
0.08713877201080322 0.0911058783531189
0.08710493892431259 0.09489092975854874
0.08708719909191132 0.1543685793876648
0.0867374911904335 0.16381949186325073
0.08666384220123291 0.12381089478731155
0.08664478361606598 0.10492674261331558
0.08652040362358093 0.10252314805984497
0.08616083115339279 0.11423037946224213
0.08523831516504288 0.14227710664272308
0.08456885814666748 0.09498162567615509
0.08389105647802353 0.08506578207015991
0.0837424099445343 0.08735700696706772
0.083700031042099 0.10845557600259781
0.08359477669000626 0.09438775479793549
0.08336696028709412 0.11415397375822067
0.08336054533720016 0.10086588561534882
0.08331691473722458 0.10367290675640106
0.08316978812217712 0.10507450252771378
0.08304747194051743 0.09659035503864288
0.08274184912443161 0.08365616202354431
0.08247216045856476 0.08441997319459915
0.08236831426620483 0.09200077503919601
0.0822049006819725 0.09502685815095901
0.08198407292366028 0.11904705315828323
0.08163526654243469 0.12032799422740936
0.08135543018579483 0.08670222014188766
0.08113155514001846 0.09560869634151459
0.0809725895524025 0.08264017105102539
0.08078920841217041 0.08325137197971344
0.08050630986690521 0.09579097479581833
0.08044006675481796 0.09800522029399872
0.08034006506204605 0.10092288255691528
0.08016622066497803 0.09104090183973312
0.07976426184177399 0.08284056186676025
0.07899311184883118 0.10956121236085892
0.07897582650184631 0.08912765979766846
0.07888215780258179 0.10000665485858917
0.07866284251213074 0.12997396290302277
0.07862425595521927 0.08230024576187134
0.07827123254537582 0.07973165065050125
0.07821977138519287 0.09755883365869522
0.07793698459863663 0.10705754160881042
0.07768748700618744 0.08121473342180252
0.07739374786615372 0.08594425022602081
0.07738948613405228 0.07767714560031891
0.0772571712732315 0.08751534670591354
0.07671194523572922 0.08987278491258621
0.07624366879463196 0.09419707953929901
0.07552199810743332 0.09685036540031433
0.07548712193965912 0.08368632197380066
0.07529331743717194 0.12203102558851242
0.07528156787157059 0.07550213485956192
0.07521574199199677 0.09708662331104279
0.07499482482671738 0.08551400899887085
0.07497700303792953 0.08255176246166229
0.0746942088007927 0.0825720950961113
0.07446863502264023 0.08131836354732513
0.07444307208061218 0.0956306904554367
0.07443506270647049 0.07458541542291641
0.07412059605121613 0.07424324005842209
0.07357354462146759 0.11360078305006027
0.07303162664175034 0.11229344457387924
0.07295148074626923 0.089671291410923
0.07273925840854645 0.1278095245361328
0.07268095761537552 0.08333559334278107
0.07224085181951523 0.07881873100996017
0.072126604616642 0.07769016176462173
0.07196485996246338 0.07413765788078308
0.07163722068071365 0.08144231885671616
0.0715927705168724 0.08033876866102219
0.07152343541383743 0.09423179179430008
0.07081051170825958 0.08956778794527054
0.07067826390266418 0.09797000139951706
0.07061505317687988 0.08163104206323624
0.07020550221204758 0.07843726873397827
0.06989836692810059 0.08207594603300095
0.06979593634605408 0.07861892879009247
0.06961394846439362 0.0756436213850975
0.06941971927881241 0.07098011672496796
0.06938006728887558 0.09202936291694641
0.06910083442926407 0.07854907959699631
0.06895823776721954 0.07041321694850922
0.06877700984477997 0.0761430412530899
0.0686882883310318 0.07981987297534943
0.06824512034654617 0.10331086814403534
0.06760872155427933 0.07659000903367996
0.06747467815876007 0.07766921073198318
0.06741134077310562 0.1219622865319252
0.06733661144971848 0.08851682394742966
0.06731001287698746 0.09601035714149475
0.06730248034000397 0.07292193174362183
0.0671880915760994 0.08273953199386597
0.06672165542840958 0.10149026662111282
0.06663352251052856 0.08175298571586609
0.0664323940873146 0.11520835757255554
0.06625241786241531 0.08267712593078613
0.06621474027633667 0.07975419610738754
0.06619534641504288 0.07727614045143127
0.06600692868232727 0.06719662249088287
0.06582298874855042 0.09588140994310379
0.06548783928155899 0.09722679853439331
0.06528405845165253 0.08516796678304672
0.06519287824630737 0.0654844343662262
0.06508300453424454 0.06748829782009125
0.06472683697938919 0.08197733759880066
0.06442363560199738 0.07021541148424149
0.06435062736272812 0.08384630084037781
0.06432746350765228 0.06748829782009125
0.06423904746770859 0.08836311846971512
0.06399431079626083 0.10069449990987778
0.06348876655101776 0.06811636686325073
0.06332262605428696 0.08605432510375977
0.062214575707912445 0.08429460972547531
0.06214787811040878 0.06258656084537506
0.061787646263837814 0.13108856976032257
0.0606658011674881 0.09165051579475403
0.060629621148109436 0.08128165453672409
0.060576945543289185 0.07771352678537369
0.0604153536260128 0.0740114226937294
0.06035337969660759 0.0784950852394104
0.060046423226594925 0.07185789197683334
0.05948136746883392 0.0649108737707138
0.05928895249962807 0.08047322928905487
0.059267736971378326 0.07939976453781128
0.05914929136633873 0.0710722953081131
0.058636751025915146 0.06820512562990189
0.05784311890602112 0.07750336080789566
0.05778219923377037 0.07576996833086014
0.05762726813554764 0.06754450500011444
0.05716545507311821 0.06686326116323471
0.05639488250017166 0.05719034746289253
0.05632178485393524 0.06363283097743988
0.056026335805654526 0.05972396209836006
0.05578712373971939 0.056484028697013855
0.05536661669611931 0.05764802545309067
0.05274327099323273 0.065536268055439
0.05238896235823631 0.05886108800768852
0.05233314260840416 0.05257844552397728
0.05159233510494232 0.05664864927530289
0.04591692239046097 0.048494335263967514
