0.28461065888404846 0.29876261949539185
0.2569632828235626 0.2647881805896759
0.254402756690979 0.26432469487190247
0.23623965680599213 0.24307367205619812
0.23576591908931732 0.2449638992547989
0.2294587790966034 0.23684582114219666
0.22875970602035522 0.23572421073913574
0.22598010301589966 0.2293403297662735
0.221293643116951 0.22157947719097137
0.22074289619922638 0.23385654389858246
0.21319542825222015 0.2236625999212265
0.21002531051635742 0.2141285389661789
0.2088710367679596 0.23469971120357513
0.20238463580608368 0.2358761429786682
0.2020234763622284 0.21330147981643677
0.2011946141719818 0.27602189779281616
0.19908855855464935 0.20720317959785461
0.1981356292963028 0.2366703897714615
0.19552434980869293 0.22184637188911438
0.19250142574310303 0.2091216742992401
0.19094936549663544 0.2022240310907364
0.1901482790708542 0.1950366497039795
0.18983681499958038 0.19137568771839142
0.18334001302719116 0.18748407065868378
0.18013277649879456 0.21821241080760956
0.17846553027629852 0.2123516947031021
0.17843928933143616 0.21097412705421448
0.17631179094314575 0.17920605838298798
0.1762048304080963 0.18862488865852356
0.17439691722393036 0.18007509410381317
0.17123274505138397 0.17314569652080536
0.1698862761259079 0.193267360329628
0.16962409019470215 0.17862968146800995
0.16853705048561096 0.17281058430671692
0.16840815544128418 0.18009968101978302
0.16803453862667084 0.16960355639457703
0.1661447137594223 0.17949679493904114
0.16601982712745667 0.1722847819328308
0.16509762406349182 0.17658856511116028
0.1646604835987091 0.17795032262802124
0.16432587802410126 0.17347455024719238
0.1638876497745514 0.1805773377418518
0.16106778383255005 0.1676822155714035
0.15945279598236084 0.16761495172977448
0.1590365469455719 0.22535909712314606
0.15668363869190216 0.18909940123558044
0.1527959108352661 0.1875128597021103
0.15221518278121948 0.16792158782482147
0.15143892168998718 0.17275868356227875
0.15098601579666138 0.1798306554555893
0.14990244805812836 0.15064512193202972
0.14865915477275848 0.1778850108385086
0.14798113703727722 0.16219672560691833
0.14742553234100342 0.15164990723133087
0.14696423709392548 0.18140758574008942
0.1457156091928482 0.1806892603635788
0.14417603611946106 0.15739360451698303
0.14347679913043976 0.16752292215824127
0.1421547830104828 0.14223092794418335
0.1411859393119812 0.15963630378246307
0.14063146710395813 0.15067435801029205
0.14053845405578613 0.1455269157886505
0.14002984762191772 0.14668995141983032
0.13964056968688965 0.14000722765922546
0.13857653737068176 0.15191805362701416
0.13836856186389923 0.1899733543395996
0.1376144289970398 0.1485709249973297
0.13617557287216187 0.1406448632478714
0.13602089881896973 0.143544003367424
0.13594859838485718 0.14068512618541718
0.1354987472295761 0.1439572423696518
0.13448470830917358 0.15041950345039368
0.13414523005485535 0.1368049532175064
0.13402840495109558 0.1422281265258789
0.1337042897939682 0.14161527156829834
0.13319042325019836 0.14316318929195404
0.13289301097393036 0.17892920970916748
0.13284727931022644 0.14132443070411682
0.13199536502361298 0.13876917958259583
0.1319725066423416 0.17737968266010284
0.13081340491771698 0.1469966471195221
0.13078148663043976 0.1369400918483734
0.1306295543909073 0.1422288417816162
0.13036057353019714 0.14311102032661438
0.130326509475708 0.16570498049259186
0.13017480075359344 0.14256083965301514
0.13010860979557037 0.15398621559143066
0.12987324595451355 0.16799767315387726
0.12925805151462555 0.1673291027545929
0.12910397350788116 0.16707852482795715
0.12883712351322174 0.14787229895591736
0.1281210482120514 0.13816481828689575
0.12785997986793518 0.13614803552627563
0.12697485089302063 0.129781112074852
0.12682436406612396 0.1426813304424286
0.12605968117713928 0.14568975567817688
0.12599623203277588 0.16763398051261902
0.12577882409095764 0.1291196048259735
0.125747412443161 0.12793540954589844
0.12545496225357056 0.12670817971229553
0.12457411736249924 0.16667117178440094
0.12333323806524277 0.12648212909698486
0.12199682742357254 0.15105126798152924
0.1218230351805687 0.1265839785337448
0.12145235389471054 0.13354970514774323
0.12135171890258789 0.1542518585920334
0.12085506319999695 0.13603483140468597
0.12068531662225723 0.12129756063222885
0.12051016092300415 0.12839123606681824
0.1204574853181839 0.15689384937286377
0.1201847493648529 0.12222468852996826
0.11865711957216263 0.13423551619052887
0.11832019686698914 0.12764684855937958
0.11819671094417572 0.13636474311351776
0.11799856275320053 0.14557334780693054
0.11763310432434082 0.14156174659729004
0.11754264682531357 0.12020204216241837
0.11735067516565323 0.1415576934814453
0.11708531528711319 0.14179565012454987
0.11631257832050323 0.1518806666135788
0.11621802300214767 0.14847908914089203
0.11582380533218384 0.12547215819358826
0.11547186970710754 0.1405903846025467
0.11507782340049744 0.1384955793619156
0.11418625712394714 0.14459975063800812
0.1141258180141449 0.12372102588415146
0.11358997970819473 0.1304098218679428
0.11351722478866577 0.14477002620697021
0.11321747303009033 0.11434458941221237
0.11255501955747604 0.1774635910987854
0.11253122240304947 0.12502962350845337
0.11250563710927963 0.11886939406394958
0.11248542368412018 0.1252194494009018
0.11232449859380722 0.16515764594078064
0.11196774989366531 0.125413179397583
0.11187797039747238 0.11223044991493225
0.11099865287542343 0.12774939835071564
0.11039014905691147 0.11367612332105637
0.10889282822608948 0.12707945704460144
0.1081538200378418 0.11380096524953842
0.10808320343494415 0.12949906289577484
0.1079365611076355 0.13784058392047882
0.10792726278305054 0.11591845750808716
0.10639525204896927 0.11316157877445221
0.10588289052248001 0.1144271045923233
0.10521578788757324 0.18530696630477905
0.1048576608300209 0.11185488104820251
0.10444443672895432 0.10446684807538986
0.10441690683364868 0.11869345605373383
0.1041533350944519 0.1089177057147026
0.10395216941833496 0.1184380054473877
0.10383841395378113 0.10647529363632202
0.10350744426250458 0.150800421833992
0.10330057889223099 0.15592390298843384
0.10305007547140121 0.12815077602863312
0.10295777767896652 0.1345576047897339
0.10288307815790176 0.10547633469104767
0.10275732725858688 0.1331610381603241
0.10251742601394653 0.11044447869062424
0.10235724598169327 0.11645416170358658
0.10210231691598892 0.13730552792549133
0.10192760080099106 0.11542502790689468
0.10090423375368118 0.10910260677337646
0.10086195170879364 0.13754062354564667
0.10081878304481506 0.13932031393051147
0.10075449198484421 0.11145246028900146
0.09941036999225616 0.10049544274806976
0.09918668121099472 0.11606699228286743
0.09905083477497101 0.14261168241500854
0.09873859584331512 0.10086692124605179
0.098395437002182 0.12902526557445526
0.09822814911603928 0.1021551862359047
0.09700849652290344 0.09829314053058624
0.09697968512773514 0.12086436152458191
0.09678665548563004 0.15567831695079803
0.09663789719343185 0.11662085354328156
0.09632688760757446 0.10139307379722595
0.096066415309906 0.11360634118318558
0.0956294909119606 0.11382002383470535
0.0952891856431961 0.10661285370588303
0.09517912566661835 0.1308593451976776
0.09503507614135742 0.09847526252269745
0.09499568492174149 0.101693294942379
0.09497373551130295 0.098172128200531
0.09487225115299225 0.1082552969455719
0.09483962506055832 0.10496323555707932
0.09398161619901657 0.09661684930324554
0.09346513450145721 0.10059668123722076
0.09341215342283249 0.11245232075452805
0.09339199960231781 0.09615614265203476
0.09338120371103287 0.10130801051855087
0.09247119724750519 0.09995866566896439
0.092380590736866 0.09238434582948685
0.09218069911003113 0.14168089628219604
0.09215617924928665 0.10935837030410767
0.09152209758758545 0.10691413283348083
0.09145654737949371 0.13174238801002502
0.09108187258243561 0.11580905318260193
0.09105364233255386 0.12131679058074951
0.0909939631819725 0.13779883086681366
0.0904010757803917 0.11100590229034424
0.09008900076150894 0.10431177169084549
0.08995702862739563 0.13070036470890045
0.08972407877445221 0.09692015498876572
0.0894709900021553 0.11167917400598526
0.08877492696046829 0.092010997235775
0.08817379921674728 0.10718613862991333
0.08809825778007507 0.1134716346859932
0.0877702534198761 0.09778673946857452
0.08712795376777649 0.12848706543445587
0.0867723897099495 0.10661285370588303
0.08674593269824982 0.1061035767197609
0.08660294115543365 0.11048879474401474
0.08638017624616623 0.09962976723909378
0.08621341735124588 0.09083633124828339
0.08565052598714828 0.12670817971229553
0.084727443754673 0.1024363711476326
0.08427025377750397 0.0991605892777443
0.08420875668525696 0.09550542384386063
0.0841633528470993 0.09230551868677139
0.08395927399396896 0.10077711194753647
0.0836750864982605 0.13089615106582642
0.08303337544202805 0.10875318944454193
0.0827537253499031 0.14371991157531738
0.08238082379102707 0.0921040028333664
0.0822511687874794 0.12250196188688278
0.0821152776479721 0.11671379208564758
0.08180811256170273 0.1364104449748993
0.08178839087486267 0.1229526549577713
0.08092042803764343 0.09521550685167313
0.08091738820075989 0.10547633469104767
0.08025582134723663 0.08057798445224762
0.08009806275367737 0.13115227222442627
0.07953830063343048 0.10278286784887314
0.07923376560211182 0.09235385805368423
0.07889532297849655 0.1282419115304947
0.0782511904835701 0.08669670671224594
0.07807011157274246 0.08490683883428574
0.07767617702484131 0.09180622547864914
0.07751426100730896 0.09702613949775696
0.0771246999502182 0.0831117108464241
0.0770791694521904 0.10045889765024185
0.07677853852510452 0.11197519302368164
0.07588005810976028 0.07711605727672577
0.07496590912342072 0.08944627642631531
0.07386946678161621 0.082663394510746
0.07205402851104736 0.09171963483095169
0.07093976438045502 0.07790473848581314
