0.44875138998031616 0.4556880295276642
0.4464876055717468 0.4525372385978699
0.4464561641216278 0.4522496461868286
0.4464530646800995 0.44740909337997437
0.4464511573314667 0.44859257340431213
0.12729524075984955 0.46285316348075867
0.12369399517774582 0.12755566835403442
0.11804994195699692 0.12099520862102509
0.11734560877084732 0.1179899349808693
0.11332497000694275 0.14745770394802094
0.11293312907218933 0.13466086983680725
0.10882826149463654 0.12020279467105865
0.10797730088233948 0.12671329081058502
0.10764329135417938 0.1176108792424202
0.10661715269088745 0.1130157858133316
0.10518854856491089 0.10839919000864029
0.10200899094343185 0.10560636222362518
0.10058028995990753 0.10225782543420792
0.10047320276498795 0.10599473863840103
0.09908895939588547 0.1412753164768219
0.09884003549814224 0.10571165382862091
0.09833395481109619 0.10275363177061081
0.09815727919340134 0.11955113708972931
0.09807233512401581 0.10291427373886108
0.09789393842220306 0.549026370048523
0.09783104062080383 0.09842952340841293
0.09694115072488785 0.0988135114312172
0.09678716957569122 0.11354819685220718
0.09607075899839401 0.10978855937719345
0.09602930396795273 0.09742270410060883
0.09587430953979492 0.11333662271499634
0.0957990512251854 0.10293680429458618
0.09361036866903305 0.10114332288503647
0.09353000670671463 0.09492768347263336
0.09349431842565536 0.10194402188062668
0.09328722208738327 0.09395934641361237
0.09328684210777283 0.09961061179637909
0.09313300251960754 0.10051513463258743
0.09251458942890167 0.11336944252252579
0.09241829067468643 0.097977414727211
0.0920773521065712 0.09791940450668335
0.09202741831541061 0.09725980460643768
0.09179334342479706 0.10612756013870239
0.09172491729259491 0.10433893650770187
0.091519795358181 0.10486982017755508
0.0914878398180008 0.10265125334262848
0.09099821746349335 0.11359784752130508
0.09052946418523788 0.10368579626083374
0.09049960970878601 0.09292156249284744
0.09048593044281006 0.09675155580043793
0.09034110605716705 0.1112791895866394
0.09030362218618393 0.10865624248981476
0.09018231183290482 0.0919584184885025
0.089344821870327 0.09377440810203552
0.08884212374687195 0.08972658962011337
0.08882806450128555 0.09249500185251236
0.08844105154275894 0.10980230569839478
0.08826296031475067 0.09098919481039047
0.08800802379846573 0.09594983607530594
0.08788930624723434 0.10799244791269302
0.08773253858089447 0.08831911534070969
0.08751922845840454 0.08877836912870407
0.08691717684268951 0.09414217621088028
0.08680186420679092 0.08818594366312027
0.08542502671480179 0.08682890981435776
0.08466437458992004 0.10508942604064941
0.08443783223628998 0.09541027247905731
0.08439687639474869 0.09577871859073639
0.08431442081928253 0.08818282186985016
0.08420656621456146 0.113258957862854
0.08394550532102585 0.13206151127815247
0.0837584063410759 0.09369637817144394
0.0832638069987297 0.09828343987464905
0.08317504823207855 0.08750408887863159
0.08310618996620178 0.08870410174131393
0.08302723616361618 0.08906242996454239
0.08290742337703705 0.11940991878509521
0.0827881395816803 0.08458210527896881
0.08215662091970444 0.09545089304447174
0.08194451034069061 0.08834362775087357
0.08179052919149399 0.10705330967903137
0.0817413330078125 0.15160758793354034
0.08167308568954468 0.09870752692222595
0.08157511800527573 0.11155968904495239
0.08149596303701401 0.11346617341041565
0.08107153326272964 0.09280582517385483
0.08102423697710037 0.10229646414518356
0.08093562722206116 0.08383451402187347
0.08090763539075851 0.09375424683094025
0.08007445186376572 0.12311872094869614
0.07995188981294632 0.09576033055782318
0.07992418110370636 0.09591209143400192
0.07973022758960724 0.12354005873203278
0.07972802221775055 0.09702369570732117
0.07947176694869995 0.08163130283355713
0.07940605282783508 0.09611585736274719
0.07933075726032257 0.10861325263977051
0.07928309589624405 0.08648248761892319
0.07898370921611786 0.09199415892362595
0.07877730578184128 0.11824104934930801
0.07849597185850143 0.08967484533786774
0.07842769473791122 0.0819077119231224
0.07841295748949051 0.10977577418088913
0.07839406281709671 0.09316733479499817
0.07817808538675308 0.08034423738718033
0.07805637270212173 0.08245530724525452
0.0777113288640976 0.12531642615795135
0.07768537849187851 0.0876159593462944
0.07723324745893478 0.09502539783716202
0.07718375325202942 0.1405026614665985
0.0768265351653099 0.08118561655282974
0.07676488906145096 0.08283505588769913
0.07631666213274002 0.08682838827371597
0.07625780254602432 0.10466569662094116
0.0762382298707962 0.1127130389213562
0.076228067278862 0.08124908804893494
0.07599605619907379 0.09947977215051651
0.07583983242511749 0.08318445831537247
0.07538045197725296 0.09686251729726791
0.07495258003473282 0.07529427111148834
0.07488953322172165 0.07740379124879837
0.07487832009792328 0.0793469250202179
0.0743861272931099 0.1010468602180481
0.07382281869649887 0.07547947019338608
0.07356108725070953 0.08718854188919067
0.07348285615444183 0.10395872592926025
0.07340575009584427 0.0838833823800087
0.07321133464574814 0.08307147026062012
0.0729014202952385 0.088623046875
0.07230683416128159 0.0782872661948204
0.07224152982234955 0.07839944958686829
0.07203314453363419 0.08064993470907211
0.07169293612241745 0.08910181373357773
0.07156568765640259 0.11534906923770905
0.07146743685007095 0.10591065883636475
0.07131615281105042 0.07874895632266998
0.07122693210840225 0.13622264564037323
0.07118725031614304 0.08691057562828064
0.07078822702169418 0.10614946484565735
0.07013700902462006 0.07072719186544418
0.0700487568974495 0.08086112886667252
0.06983976066112518 0.07284357398748398
0.06923232972621918 0.08901019394397736
0.06871584802865982 0.07658861577510834
0.06866279989480972 0.07031558454036713
0.06865935027599335 0.11034176498651505
0.06854235380887985 0.06978199630975723
0.06784334033727646 0.06897778064012527
0.06767445802688599 0.08123356103897095
0.06706582009792328 0.06960157305002213
0.06704911589622498 0.0717698484659195
0.06671281903982162 0.07487379759550095
0.06650160998106003 0.09389960765838623
0.06603971123695374 0.08263774961233139
0.06567834317684174 0.12175694853067398
0.06439762562513351 0.06912699341773987
0.06415902823209763 0.1122194230556488
0.06377793103456497 0.08159364759922028
0.06270201504230499 0.08328186720609665
0.06213570386171341 0.11405682563781738
0.06135105341672897 0.06841009110212326
0.061284102499485016 0.06616213172674179
0.06079118326306343 0.06370334327220917
0.06071152165532112 0.10173092037439346
0.05985642597079277 0.11200842261314392
0.05968339368700981 0.05983198806643486
0.05950881913304329 0.062432318925857544
0.05944453924894333 0.06659183651208878
0.059080179780721664 0.07320518791675568
0.05905516445636749 0.06042240187525749
0.05902400612831116 0.060904234647750854
0.05838741362094879 0.06790434569120407
0.05838444083929062 0.07964258641004562
0.05748874694108963 0.0683961734175682
0.05654742941260338 0.0680866613984108
0.0561133548617363 0.0658077821135521
0.05600278824567795 0.0590883307158947
0.05599847063422203 0.06763950735330582
0.055682457983493805 0.05925850570201874
0.05546064302325249 0.0590236634016037
0.05495953559875488 0.05693497881293297
0.05427640303969383 0.0566302090883255
0.05421211197972298 0.06230079382658005
0.05408690124750137 0.059726178646087646
0.05393357202410698 0.06060895696282387
0.052454546093940735 0.06269659101963043
0.05150635167956352 0.061874084174633026
0.050736669450998306 0.05562528967857361
0.05053619667887688 0.056088536977767944
0.04939647391438484 0.04963976517319679
0.04447641223669052 0.05510760843753815
