0.38613685965538025 0.4022008180618286
0.3817024827003479 0.38902944326400757
0.37096983194351196 0.39241090416908264
0.35504937171936035 0.36017441749572754
0.3483666181564331 0.3548506498336792
0.19081979990005493 0.20524151623249054
0.15273377299308777 0.1608259528875351
0.1415702998638153 0.1666620969772339
0.13824012875556946 0.14483031630516052
0.13648565113544464 0.16230696439743042
0.13339190185070038 0.1414092481136322
0.13271671533584595 0.1574120968580246
0.13128483295440674 0.19356220960617065
0.12769295275211334 0.15870603919029236
0.12757247686386108 0.1316584199666977
0.12680034339427948 0.1287815123796463
0.12456212937831879 0.13436520099639893
0.1213664785027504 0.13011953234672546
0.11801552772521973 0.1184995248913765
0.11763904988765717 0.11906810104846954
0.11730967462062836 0.11833244562149048
0.11707019060850143 0.11892509460449219
0.11704467982053757 0.17365892231464386
0.11597974598407745 0.12388815730810165
0.11555662751197815 0.13939997553825378
0.11387492716312408 0.17828787863254547
0.11386169493198395 0.13745424151420593
0.11357177048921585 0.12555471062660217
0.11292391270399094 0.1280483454465866
0.11139095574617386 0.1272749900817871
0.11136122047901154 0.11164261400699615
0.11096052080392838 0.11987088620662689
0.1094285249710083 0.1285896897315979
0.10930866748094559 0.11616770178079605
0.10925023257732391 0.11534370481967926
0.10823279619216919 0.11445078998804092
0.10754353553056717 0.1707608997821808
0.1074071079492569 0.13214313983917236
0.10699643939733505 0.12158428877592087
0.10639479011297226 0.11864043772220612
0.1058339849114418 0.11041490733623505
0.10569845885038376 0.11389977484941483
0.10565648227930069 0.12992535531520844
0.10553799569606781 0.14596118032932281
0.1039094626903534 0.10675934702157974
0.10357490926980972 0.10642030835151672
0.10313286632299423 0.11338723450899124
0.1027720719575882 0.17008790373802185
0.10270658135414124 0.14670199155807495
0.10265391319990158 0.11006652563810349
0.10232250392436981 0.11394434422254562
0.10202496498823166 0.17865580320358276
0.10189449787139893 0.10265018045902252
0.10164475440979004 0.11957667022943497
0.10053300857543945 0.14032623171806335
0.09963635355234146 0.17017395794391632
0.09891711175441742 0.122676782310009
0.09882768243551254 0.10015089064836502
0.09875740855932236 0.11006582528352737
0.09866055846214294 0.13453496992588043
0.09822873771190643 0.10173134505748749
0.09821794927120209 0.11668147891759872
0.09820407629013062 0.12790794670581818
0.09722451120615005 0.11013694852590561
0.09712401032447815 0.0974876657128334
0.09686659276485443 0.09706230461597443
0.0964488834142685 0.09700498729944229
0.09632756561040878 0.1073923259973526
0.09624745696783066 0.11280323565006256
0.09622201323509216 0.19088204205036163
0.09615547955036163 0.09692853689193726
0.09599592536687851 0.15639881789684296
0.09577099978923798 0.15135687589645386
0.09525874257087708 0.11540008336305618
0.09524741768836975 0.110402911901474
0.09474991261959076 0.15267489850521088
0.0945742204785347 0.10260710120201111
0.09418626129627228 0.09967026114463806
0.09416910260915756 0.11677694320678711
0.09394147992134094 0.15505456924438477
0.09351865947246552 0.10899797827005386
0.09333620220422745 0.10389460623264313
0.09238217771053314 0.10513252764940262
0.09223728626966476 0.11326681077480316
0.0916580930352211 0.11464814841747284
0.09124422818422318 0.16495154798030853
0.09088744223117828 0.12637023627758026
0.0905967652797699 0.12341851741075516
0.08987383544445038 0.10466928780078888
0.08981027454137802 0.09021735936403275
0.08894774317741394 0.10986451804637909
0.08871299028396606 0.10325347632169724
0.08868288993835449 0.11689990758895874
0.08865596354007721 0.1057850569486618
0.08850416541099548 0.1588205248117447
0.08796215802431107 0.09705096483230591
0.08783628791570663 0.12577342987060547
0.08750796318054199 0.1391380876302719
0.0852581262588501 0.13436396420001984
0.08519180864095688 0.09636205434799194
0.08514545112848282 0.09578346461057663
0.08506881445646286 0.17966315150260925
0.0849967822432518 0.11487415432929993
0.0829307958483696 0.11497489362955093
0.08280988782644272 0.09180311858654022
0.08252167701721191 0.09009648859500885
0.08250880241394043 0.11273893713951111
0.08170136064291 0.08645419776439667
0.08158441632986069 0.17614324390888214
0.08143915981054306 0.08274862915277481
0.08129677921533585 0.0978146567940712
0.08086133748292923 0.083023801445961
0.08061579614877701 0.0869879275560379
0.08057817071676254 0.08761290460824966
0.08024328947067261 0.09117069840431213
0.0797399953007698 0.12389172613620758
0.07863007485866547 0.0917309895157814
0.07817300409078598 0.09148664027452469
0.07811586558818817 0.08152656257152557
0.07756195217370987 0.09652037918567657
0.07736777514219284 0.109028160572052
0.07732892781496048 0.07873896509408951
0.07726388424634933 0.07851534336805344
0.0771254450082779 0.08150193095207214
0.07705619931221008 0.08341705799102783
0.07646021246910095 0.08363039791584015
0.07496389746665955 0.07818093150854111
0.07417448610067368 0.0821491926908493
0.07391849905252457 0.0952802374958992
0.07378939539194107 0.07786945253610611
0.07124436646699905 0.09853312373161316
0.07100170105695724 0.07370388507843018
0.07037585228681564 0.07693123817443848
0.06917133927345276 0.07054655998945236
0.06901980191469193 0.07578420639038086
0.0685926154255867 0.06927215307950974
0.0682084783911705 0.07011816650629044
0.06775322556495667 0.07625436037778854
0.06709405779838562 0.07933750748634338
0.0670001432299614 0.07338275760412216
0.06614358723163605 0.07359003275632858
0.06589669734239578 0.07674723118543625
0.065888911485672 0.06991175562143326
0.06575234979391098 0.07204867899417877
0.06574948877096176 0.10304650664329529
0.06538619846105576 0.0751044973731041
0.06450267136096954 0.07698772102594376
0.06224348396062851 0.07134567201137543
0.06120624765753746 0.06496507674455643
0.0610240213572979 0.07137690484523773
0.06091148033738136 0.08814366906881332
0.06064515560865402 0.06089973822236061
0.06062394753098488 0.07089419662952423
0.05933111533522606 0.08854980021715164
0.05901629477739334 0.07325845956802368
0.058024823665618896 0.06373769044876099
0.05793026462197304 0.07068847119808197
0.05756322294473648 0.065596804022789
0.0563596673309803 0.056717634201049805
0.05597180873155594 0.07258247584104538
0.053002338856458664 0.05537599325180054
0.0506533682346344 0.06346670538187027
0.04828541725873947 0.054735828191041946
