0.3542998731136322 0.3545911908149719
0.35123762488365173 0.35334086418151855
0.3488236367702484 0.3517361283302307
0.34795740246772766 0.355762779712677
0.3460462689399719 0.3479561507701874
0.3456786572933197 0.35718363523483276
0.33832815289497375 0.36109963059425354
0.33740168809890747 0.3483370542526245
0.30946627259254456 0.314968466758728
0.286346435546875 0.3043037950992584
0.2820289433002472 0.296896368265152
0.2515084743499756 0.2549072206020355
0.24155515432357788 0.24379438161849976
0.23338769376277924 0.2678537368774414
0.21352122724056244 0.21569237112998962
0.21310903131961823 0.2206399291753769
0.20981061458587646 0.21411699056625366
0.20868727564811707 0.2091394066810608
0.2078184187412262 0.23740118741989136
0.20527507364749908 0.2121751755475998
0.20389752089977264 0.25705793499946594
0.19942043721675873 0.20024190843105316
0.19852103292942047 0.25883641839027405
0.1979047805070877 0.21470265090465546
0.19769549369812012 0.2101442962884903
0.1962163746356964 0.20832490921020508
0.19592799246311188 0.21586371958255768
0.19464834034442902 0.20958656072616577
0.19445884227752686 0.2034451961517334
0.1926448941230774 0.2036583423614502
0.19069205224514008 0.21002040803432465
0.18842720985412598 0.23695826530456543
0.1877947747707367 0.21223701536655426
0.18736472725868225 0.19417598843574524
0.18679042160511017 0.19681741297245026
0.18578296899795532 0.21180759370326996
0.18541890382766724 0.21280251443386078
0.18441273272037506 0.2166002094745636
0.18351198732852936 0.25460851192474365
0.18316197395324707 0.2728411853313446
0.18196462094783783 0.18230994045734406
0.18165771663188934 0.19377627968788147
0.18116624653339386 0.18185240030288696
0.18066741526126862 0.18652521073818207
0.18059681355953217 0.20653080940246582
0.18046922981739044 0.22433683276176453
0.18036837875843048 0.18236719071865082
0.17845827341079712 0.18240736424922943
0.17798466980457306 0.21459083259105682
0.17774656414985657 0.2125839740037918
0.17728689312934875 0.22163617610931396
0.1769523024559021 0.21302533149719238
0.17661750316619873 0.25828662514686584
0.17514179646968842 0.2157457172870636
0.17489294707775116 0.1845375895500183
0.1739739626646042 0.18855224549770355
0.17361782491207123 0.1742960661649704
0.17360089719295502 0.17772559821605682
0.1729859858751297 0.2111477255821228
0.17098651826381683 0.17912627756595612
0.17053644359111786 0.19119173288345337
0.17042756080627441 0.18141494691371918
0.16814979910850525 0.18054276704788208
0.167046457529068 0.18204273283481598
0.16690625250339508 0.20132870972156525
0.16597406566143036 0.19662410020828247
0.1650213599205017 0.21150529384613037
0.16486169397830963 0.1697237193584442
0.1641855537891388 0.20412109792232513
0.16394242644309998 0.18069329857826233
0.16390076279640198 0.22504375874996185
0.16379013657569885 0.1646217405796051
0.16375255584716797 0.17395196855068207
0.16271649301052094 0.1712476909160614
0.16180792450904846 0.22137351334095
0.15944603085517883 0.18696467578411102
0.15915720164775848 0.16183005273342133
0.15869207680225372 0.23727737367153168
0.1579383909702301 0.18097487092018127
0.15745116770267487 0.20701885223388672
0.15731120109558105 0.19274821877479553
0.157152459025383 0.19809363782405853
0.1571437418460846 0.20458880066871643
0.15706400573253632 0.16430853307247162
0.1564607322216034 0.19155612587928772
0.15577355027198792 0.19370076060295105
0.15566229820251465 0.16128873825073242
0.15517213940620422 0.22983768582344055
0.1550513505935669 0.17212238907814026
0.15493963658809662 0.24190878868103027
0.1546396166086197 0.17699413001537323
0.1546107828617096 0.15610362589359283
0.15440525114536285 0.15882174670696259
0.15417924523353577 0.2107921987771988
0.15376754105091095 0.20760896801948547
0.1534777730703354 0.15659767389297485
0.15269745886325836 0.18142955005168915
0.15237225592136383 0.24888625741004944
0.15214058756828308 0.1525762677192688
0.15056534111499786 0.1844409853219986
0.15034730732440948 0.1893186718225479
0.15034380555152893 0.1505778729915619
0.14966250956058502 0.16395007073879242
0.14924493432044983 0.16018104553222656
0.14923804998397827 0.17643190920352936
0.14845971763134003 0.17842645943164825
0.1480686217546463 0.1942974030971527
0.147773876786232 0.15934909880161285
0.14768435060977936 0.1962614506483078
0.14745818078517914 0.2245127558708191
0.14731356501579285 0.18985946476459503
0.14718002080917358 0.1755807101726532
0.14674611389636993 0.18939818441867828
0.14671458303928375 0.21312934160232544
0.14657346904277802 0.2030690759420395
0.14651711285114288 0.1468081772327423
0.14642103016376495 0.15833719074726105
0.1463332176208496 0.16615360975265503
0.14521393179893494 0.19734734296798706
0.14500755071640015 0.14798513054847717
0.14496567845344543 0.16206534206867218
0.1440601944923401 0.1957232803106308
0.14331936836242676 0.23309434950351715
0.14326338469982147 0.23082326352596283
0.14284203946590424 0.15484094619750977
0.14279939234256744 0.15818220376968384
0.14261458814144135 0.15553541481494904
0.14236746728420258 0.21015599370002747
0.14224474132061005 0.184676393866539
0.1420191079378128 0.15778271853923798
0.14129991829395294 0.17664889991283417
0.14126881957054138 0.17747710645198822
0.14098717272281647 0.15116997063159943
0.14094892144203186 0.18679165840148926
0.1405838578939438 0.19685781002044678
0.14055763185024261 0.16114875674247742
0.14015842974185944 0.22586995363235474
0.1399047076702118 0.2621314823627472
0.13986551761627197 0.1403987556695938
0.13929098844528198 0.16457173228263855
0.1391042172908783 0.2607944905757904
0.13890846073627472 0.20222167670726776
0.13890153169631958 0.1990569680929184
0.13879767060279846 0.1723734736442566
0.1387614607810974 0.260993629693985
0.1375793069601059 0.14927513897418976
0.13752911984920502 0.19085216522216797
0.13731485605239868 0.16633956134319305
0.13709981739521027 0.17390325665473938
0.13675068318843842 0.13831597566604614
0.1364413946866989 0.1474875658750534
0.1363968402147293 0.1413310170173645
0.13624726235866547 0.31627359986305237
0.13614383339881897 0.2100846767425537
0.13531798124313354 0.18324075639247894
0.135104700922966 0.16659511625766754
0.13483424484729767 0.17729611694812775
0.1347021609544754 0.13731898367404938
0.13469567894935608 0.1750020682811737
0.13466033339500427 0.13954120874404907
0.13405169546604156 0.14049340784549713
0.1338621824979782 0.22579552233219147
0.1337050497531891 0.13836027681827545
0.13305242359638214 0.25312066078186035
0.1329113095998764 0.16342096030712128
0.13279035687446594 0.14927513897418976
0.13169294595718384 0.2803034484386444
0.131408229470253 0.23132696747779846
0.13119450211524963 0.14719589054584503
0.13093048334121704 0.13153767585754395
0.13076521456241608 0.1341809779405594
0.1306820958852768 0.2118372768163681
0.130499467253685 0.16942523419857025
0.13034892082214355 0.2490740418434143
0.1297285109758377 0.1901075541973114
0.1290123164653778 0.22599923610687256
0.12893939018249512 0.13288554549217224
0.12878936529159546 0.15094608068466187
0.12835702300071716 0.24434898793697357
0.12829822301864624 0.1288759559392929
0.1281374990940094 0.16576479375362396
0.1279316395521164 0.24693118035793304
0.12756384909152985 0.21615779399871826
0.1270316243171692 0.1978149712085724
0.12695522606372833 0.17847946286201477
0.12679265439510345 0.2141498476266861
0.12647998332977295 0.13340233266353607
0.12634189426898956 0.13033239543437958
0.12604022026062012 0.13985733687877655
0.1259998381137848 0.17644155025482178
0.1259305775165558 0.2004166841506958
0.12538331747055054 0.20029079914093018
0.1247531995177269 0.1427209973335266
0.12415026873350143 0.14391742646694183
0.12405896186828613 0.14816004037857056
0.12372192740440369 0.1317555159330368
0.12368600070476532 0.26205161213874817
0.12299340963363647 0.18225634098052979
0.12244381010532379 0.1543044000864029
0.12179465591907501 0.14104463160037994
0.1206544041633606 0.14216184616088867
0.12005727738142014 0.14091649651527405
0.11937857419252396 0.16576571762561798
0.11908392608165741 0.15014022588729858
0.11871305853128433 0.21047291159629822
0.11758589744567871 0.11881767958402634
0.11733247339725494 0.13432089984416962
0.11577969044446945 0.1239958107471466
0.11569935828447342 0.15980054438114166
0.11498387902975082 0.12473439425230026
0.11412195861339569 0.12496770173311234
0.1133219450712204 0.1187245175242424
0.1122918650507927 0.12207953631877899
0.11194374412298203 0.12934885919094086
0.10823900997638702 0.11808275431394577
0.10757528245449066 0.15916956961154938
0.10497400164604187 0.1325882077217102
0.10474228113889694 0.1117006242275238
0.10435856878757477 0.10829552263021469
0.10133696347475052 0.10779126733541489
0.10081300139427185 0.11455979943275452
0.0995827168226242 0.11486389487981796
0.09326386451721191 0.11543533205986023
