0.18246342241764069 0.1873968094587326
0.1781584620475769 0.17892713844776154
0.174293652176857 0.17925094068050385
0.169260635972023 0.1700586974620819
0.16627860069274902 0.17074283957481384
0.16002191603183746 0.1604597568511963
0.15749043226242065 0.19425766170024872
0.15319034457206726 0.19234785437583923
0.15032510459423065 0.1706644743680954
0.14890509843826294 0.14927223324775696
0.14839646220207214 0.14857937395572662
0.1478455662727356 0.15581530332565308
0.14554405212402344 0.19340576231479645
0.14514386653900146 0.17870326340198517
0.14503255486488342 0.1476346254348755
0.14358848333358765 0.15912675857543945
0.14337791502475739 0.16409195959568024
0.1428729146718979 0.16277678310871124
0.14162352681159973 0.15647846460342407
0.140782430768013 0.14537662267684937
0.14074957370758057 0.15154898166656494
0.1406913697719574 0.15412025153636932
0.14054973423480988 0.14267779886722565
0.13745200634002686 0.18876034021377563
0.13730795681476593 0.16712695360183716
0.13710805773735046 0.15351194143295288
0.13706469535827637 0.15317702293395996
0.13704164326190948 0.1399737447500229
0.13679511845111847 0.14818701148033142
0.1363397240638733 0.16721776127815247
0.13543643057346344 0.15434080362319946
0.1341596245765686 0.15362945199012756
0.13364027440547943 0.15823452174663544
0.13051187992095947 0.14784368872642517
0.1296389102935791 0.1493266075849533
0.12934555113315582 0.13208933174610138
0.12920361757278442 0.13638542592525482
0.1291993260383606 0.1551409512758255
0.12769503891468048 0.13327547907829285
0.12765370309352875 0.1421874463558197
0.12743635475635529 0.14366930723190308
0.12655749917030334 0.14667974412441254
0.12606561183929443 0.16341635584831238
0.12472633272409439 0.13666047155857086
0.12448697537183762 0.1726485639810562
0.1234719455242157 0.1328078955411911
0.12325611710548401 0.13989876210689545
0.12311618775129318 0.1819126158952713
0.12245206534862518 0.1358281522989273
0.12219692021608353 0.13694506883621216
0.12166113406419754 0.16674141585826874
0.12134747952222824 0.12450369447469711
0.12129960209131241 0.1256258487701416
0.12099906802177429 0.1783042699098587
0.12096336483955383 0.181481271982193
0.12094353884458542 0.13150562345981598
0.12002396583557129 0.12446894496679306
0.11975173652172089 0.13937610387802124
0.11968518048524857 0.16610999405384064
0.11955016106367111 0.12169432640075684
0.11951905488967896 0.1414528489112854
0.11930008232593536 0.12521271407604218
0.1190236285328865 0.13100583851337433
0.11897609382867813 0.13231389224529266
0.1186172291636467 0.1308111697435379
0.11856919527053833 0.17963767051696777
0.11802875250577927 0.14356979727745056
0.11738138645887375 0.16459037363529205
0.11682367324829102 0.1389297991991043
0.11664082854986191 0.11738550662994385
0.11642705649137497 0.18894784152507782
0.11594294756650925 0.16863694787025452
0.11560747027397156 0.15559840202331543
0.11547084152698517 0.13768085837364197
0.11534053832292557 0.12132981419563293
0.11496829986572266 0.12535537779331207
0.11392306536436081 0.12612538039684296
0.11391085386276245 0.12893947958946228
0.11333458125591278 0.1541161835193634
0.11322977393865585 0.17094504833221436
0.1129583865404129 0.1670869141817093
0.11282725632190704 0.11327293515205383
0.11252438277006149 0.13637973368167877
0.11217357963323593 0.12916181981563568
0.1119631975889206 0.1703772395849228
0.11193262785673141 0.11474272608757019
0.11175362765789032 0.17535489797592163
0.11108136177062988 0.209568053483963
0.11080284416675568 0.1413101851940155
0.11062011122703552 0.12310156971216202
0.11060822755098343 0.11094675213098526
0.11033881455659866 0.15342043340206146
0.11031334102153778 0.11409653723239899
0.11031077057123184 0.16657251119613647
0.1098610982298851 0.12363878637552261
0.10980784147977829 0.16815800964832306
0.10973337292671204 0.13945890963077545
0.1096050813794136 0.15995025634765625
0.10949299484491348 0.2403402477502823
0.10939318686723709 0.11511910706758499
0.10903563350439072 0.1702299416065216
0.10843970626592636 0.14839568734169006
0.1075848639011383 0.10936103016138077
0.10754935443401337 0.1543128937482834
0.10716914385557175 0.14033468067646027
0.10675889253616333 0.13234050571918488
0.1057046502828598 0.16117894649505615
0.10549082607030869 0.13984757661819458
0.10528434067964554 0.12883000075817108
0.10524114966392517 0.12820196151733398
0.10506051033735275 0.10835247486829758
0.10492989420890808 0.14930567145347595
0.10465214401483536 0.10845283418893814
0.10428595542907715 0.10610268265008926
0.10425744205713272 0.17186780273914337
0.10410546511411667 0.13291266560554504
0.10384117811918259 0.13305042684078217
0.10334770381450653 0.11742293834686279
0.10280343890190125 0.1428065150976181
0.10267172008752823 0.10614067316055298
0.10260804742574692 0.14100690186023712
0.1025470569729805 0.139311283826828
0.10190527886152267 0.10316366702318192
0.10179691016674042 0.15359900891780853
0.10169089585542679 0.1054299920797348
0.10130902379751205 0.12134304642677307
0.10078553110361099 0.15620188415050507
0.09998590499162674 0.23287945985794067
0.09942172467708588 0.1273026466369629
0.09923739731311798 0.19031114876270294
0.0990341529250145 0.1094176322221756
0.09843479841947556 0.16323576867580414
0.09833235293626785 0.11704133450984955
0.09770123660564423 0.13497018814086914
0.09717060625553131 0.1592126339673996
0.0970679223537445 0.1326332986354828
0.09692087769508362 0.09985067695379257
0.09685985743999481 0.178544819355011
0.09679752588272095 0.09967013448476791
0.09678798168897629 0.12829992175102234
0.09633922576904297 0.09964343160390854
0.09625495225191116 0.16946381330490112
0.0958988144993782 0.10451135784387589
0.0957435742020607 0.10370700806379318
0.09568867832422256 0.12753599882125854
0.09480735659599304 0.1792098581790924
0.09480481594800949 0.09991531074047089
0.09415116906166077 0.19318759441375732
0.09397052228450775 0.13312774896621704
0.09367197006940842 0.11494473367929459
0.09247010201215744 0.1502210944890976
0.09183486551046371 0.09444001317024231
0.0915871262550354 0.11327293515205383
0.09011899679899216 0.11109990626573563
0.08967554569244385 0.0981898233294487
0.08948133885860443 0.10698053985834122
0.08920009434223175 0.11068129539489746
0.08878843486309052 0.09886614233255386
0.08803662657737732 0.09555806964635849
0.0880233570933342 0.12655408680438995
0.087962806224823 0.158205047249794
0.08680353313684464 0.1529717743396759
0.08658198267221451 0.10539181530475616
0.08647847175598145 0.1460978090763092
0.08620214462280273 0.12397009134292603
0.08590541034936905 0.10760808736085892
0.08584865927696228 0.14326614141464233
0.0856674388051033 0.10201089829206467
0.08382479846477509 0.09036634862422943
0.08362412452697754 0.16961561143398285
0.0830465778708458 0.09322302788496017
0.08281944692134857 0.08690698444843292
0.08255257457494736 0.08829247206449509
0.08113037049770355 0.08504580706357956
0.0810830369591713 0.09456991404294968
0.0809810683131218 0.0975990891456604
0.08060241490602493 0.08458050340414047
0.07952025532722473 0.09028168767690659
0.07937274873256683 0.08211594820022583
0.07893544435501099 0.1247735321521759
0.07814094424247742 0.08938617259263992
0.07798498123884201 0.08335865288972855
0.07705920189619064 0.07880149036645889
0.07701823860406876 0.0852411687374115
0.07686072587966919 0.14439722895622253
0.0768185555934906 0.09068907052278519
0.07672284543514252 0.09064564108848572
0.0766482949256897 0.08881473541259766
0.0763651505112648 0.08025841414928436
0.07575859129428864 0.10242045670747757
0.07563234865665436 0.08209244161844254
0.07505659013986588 0.08707443624734879
0.07503256946802139 0.11878872662782669
0.07378115504980087 0.08784348517656326
0.07110652327537537 0.08916904032230377
0.07014219462871552 0.07698769867420197
0.06975481659173965 0.07561444491147995
0.06842445582151413 0.0773865357041359
0.06794103980064392 0.07046546787023544
0.06682980060577393 0.08334504067897797
0.060259971767663956 0.0643354058265686
0.05782600864768028 0.07402698695659637
