0.3899974822998047 0.3934987485408783
0.38335129618644714 0.3860771059989929
0.3736779987812042 0.38734814524650574
0.3671940565109253 0.37088683247566223
0.3642100393772125 0.36552461981773376
0.362955778837204 0.3754469156265259
0.2616448402404785 0.2689272165298462
0.2470443844795227 0.25645264983177185
0.22742363810539246 0.23413357138633728
0.20596222579479218 0.2147800326347351
0.20303727686405182 0.2132406383752823
0.1952662169933319 0.1978684961795807
0.1922217607498169 0.2446143478155136
0.18878604471683502 0.19412802159786224
0.18877121806144714 0.1933758705854416
0.18855780363082886 0.20376425981521606
0.1829962432384491 0.20933902263641357
0.17921531200408936 0.18168285489082336
0.179131880402565 0.20686307549476624
0.1765979677438736 0.18574316799640656
0.1763838827610016 0.1831442266702652
0.17623324692249298 0.1781693994998932
0.17425180971622467 0.17561031877994537
0.17210568487644196 0.17510093748569489
0.17202579975128174 0.18719610571861267
0.17113736271858215 0.17439979314804077
0.17020344734191895 0.18389809131622314
0.16815447807312012 0.1770269274711609
0.16691714525222778 0.17594823241233826
0.1664174199104309 0.2091251015663147
0.16137556731700897 0.16367670893669128
0.15939705073833466 0.21196892857551575
0.15931250154972076 0.1768261343240738
0.15907634794712067 0.20039209723472595
0.15529249608516693 0.15906018018722534
0.15503452718257904 0.1672850400209427
0.15382781624794006 0.16039417684078217
0.15357360243797302 0.1562805026769638
0.15306928753852844 0.17790064215660095
0.1526860147714615 0.15650643408298492
0.15170547366142273 0.16792097687721252
0.15148518979549408 0.15827424824237823
0.15121501684188843 0.15123620629310608
0.15108495950698853 0.23131725192070007
0.15046992897987366 0.20513008534908295
0.14899608492851257 0.15306681394577026
0.14894737303256989 0.18307292461395264
0.14889927208423615 0.16238191723823547
0.14855235815048218 0.16340422630310059
0.1483771950006485 0.15118499100208282
0.14827457070350647 0.16149985790252686
0.14774088561534882 0.15421298146247864
0.14566686749458313 0.14626730978488922
0.14535599946975708 0.17566175758838654
0.1449274867773056 0.1469316929578781
0.14489270746707916 0.14781638979911804
0.14463627338409424 0.16657166182994843
0.14356496930122375 0.14617708325386047
0.1431349366903305 0.15854290127754211
0.14304018020629883 0.14815351366996765
0.14224912226200104 0.19307886064052582
0.140634685754776 0.14150121808052063
0.1403627097606659 0.14557597041130066
0.13977600634098053 0.16207319498062134
0.13937059044837952 0.13948440551757812
0.1383601278066635 0.14058205485343933
0.13672330975532532 0.14878906309604645
0.13647420704364777 0.1751905083656311
0.13605237007141113 0.2039189636707306
0.13593073189258575 0.13997654616832733
0.135911226272583 0.18883667886257172
0.13588382303714752 0.2228766679763794
0.13516388833522797 0.13794071972370148
0.1346874237060547 0.1443469375371933
0.13436147570610046 0.14327554404735565
0.13429540395736694 0.21150578558444977
0.13403886556625366 0.13540571928024292
0.13347864151000977 0.1512404978275299
0.13345001637935638 0.18193750083446503
0.1333543211221695 0.1814662367105484
0.1333332508802414 0.16686083376407623
0.13289877772331238 0.14470507204532623
0.13268819451332092 0.15092352032661438
0.13227389752864838 0.18555817008018494
0.1321609765291214 0.1523815244436264
0.13183771073818207 0.15818120539188385
0.1317686289548874 0.20968033373355865
0.1315472424030304 0.1709957718849182
0.13108284771442413 0.1353762298822403
0.13081254065036774 0.17452214658260345
0.13048173487186432 0.21268799901008606
0.13019466400146484 0.1739596277475357
0.13014011085033417 0.1305953413248062
0.129228413105011 0.1467263400554657
0.12893429398536682 0.18739992380142212
0.1285506933927536 0.1290215104818344
0.12840339541435242 0.1346835047006607
0.12814976274967194 0.13140550255775452
0.12796831130981445 0.1337965428829193
0.12734493613243103 0.18685895204544067
0.12705053389072418 0.18311741948127747
0.12611158192157745 0.1930914968252182
0.12603384256362915 0.1464809626340866
0.12603262066841125 0.15764088928699493
0.12505994737148285 0.12712964415550232
0.1250269114971161 0.19770298898220062
0.12477714568376541 0.14439356327056885
0.12369419634342194 0.15998207032680511
0.12351832538843155 0.12680892646312714
0.12313708662986755 0.16814979910850525
0.12300661206245422 0.14509929716587067
0.12281452119350433 0.14353123307228088
0.12269031256437302 0.2334267497062683
0.12192884087562561 0.13467426598072052
0.12166748940944672 0.1243685632944107
0.12149527668952942 0.1227739155292511
0.12144457548856735 0.138804629445076
0.12110671401023865 0.1271924376487732
0.1201465055346489 0.18624356389045715
0.11994446069002151 0.19948771595954895
0.11974073201417923 0.2399061918258667
0.1193833127617836 0.12412475794553757
0.11926785111427307 0.1194022074341774
0.11881490796804428 0.1205851137638092
0.11865492910146713 0.1403433233499527
0.11848431825637817 0.13879074156284332
0.11815754324197769 0.20117910206317902
0.11769799888134003 0.18547698855400085
0.11721130460500717 0.12547172605991364
0.11720237135887146 0.13998883962631226
0.11681393533945084 0.16514992713928223
0.1167670413851738 0.11815187335014343
0.11667133122682571 0.125288724899292
0.11567302793264389 0.12276580929756165
0.11566853523254395 0.11803002655506134
0.11547316610813141 0.126515194773674
0.11510610580444336 0.2157742828130722
0.11503088474273682 0.12239083647727966
0.1140548586845398 0.1189369335770607
0.11395298689603806 0.13343246281147003
0.11326687037944794 0.1420453041791916
0.11299534887075424 0.12223192304372787
0.1129608154296875 0.13255418837070465
0.11241030693054199 0.11693894863128662
0.11203565448522568 0.11790859699249268
0.11166106164455414 0.15020416676998138
0.11130081862211227 0.11416392773389816
0.11124555766582489 0.11594238877296448
0.11115530133247375 0.13705383241176605
0.11103728413581848 0.13440395891666412
0.11077260971069336 0.15197163820266724
0.11065610498189926 0.14715754985809326
0.11045008897781372 0.11175119131803513
0.109932541847229 0.13317403197288513
0.10980746150016785 0.1280754804611206
0.10975915938615799 0.1362612545490265
0.10921770334243774 0.12059744447469711
0.10891228169202805 0.11089207977056503
0.10875871032476425 0.16614176332950592
0.10856594145298004 0.1480405628681183
0.10845626890659332 0.15963003039360046
0.10819011181592941 0.1528628021478653
0.10809196531772614 0.14225338399410248
0.10789898037910461 0.12256629019975662
0.10780107229948044 0.10895481705665588
0.10705568641424179 0.11356174200773239
0.1067921370267868 0.11038513481616974
0.10466425120830536 0.11425933241844177
0.10365128517150879 0.13950222730636597
0.1034625917673111 0.11210452020168304
0.10277081280946732 0.10381636768579483
0.10270056128501892 0.12154030799865723
0.10268943756818771 0.13823798298835754
0.1020519882440567 0.11244922876358032
0.10119837522506714 0.11786962300539017
0.10103745758533478 0.1036066859960556
0.10042937099933624 0.12541677057743073
0.10012158751487732 0.13906677067279816
0.09935061633586884 0.10030001401901245
0.09889890253543854 0.10020548105239868
0.09850433468818665 0.10736025124788284
0.09771454334259033 0.13456286489963531
0.0976521372795105 0.11778952181339264
0.09732455760240555 0.12840783596038818
0.0973145067691803 0.09840089827775955
0.09644678235054016 0.1161172091960907
0.09628275036811829 0.11259066313505173
0.0961165726184845 0.10605080425739288
0.09584753215312958 0.13313943147659302
0.09567560255527496 0.1299087554216385
0.09545844048261642 0.13342496752738953
0.0952959880232811 0.09966552257537842
0.09478659927845001 0.10284371674060822
0.09418558329343796 0.12349830567836761
0.0939914733171463 0.14736707508563995
0.09396231174468994 0.09787390381097794
0.0938064306974411 0.10755525529384613
0.09350861608982086 0.09649039059877396
0.0934285819530487 0.0991707518696785
0.09334307909011841 0.1032780185341835
0.09320306032896042 0.0942395031452179
0.09259618073701859 0.10823265463113785
0.09204203635454178 0.14407728612422943
0.09182845801115036 0.10746119916439056
0.09177114069461823 0.09683456271886826
0.09141023457050323 0.09403330832719803
0.09140977263450623 0.09341759234666824
0.09029199928045273 0.10196775197982788
0.09023939818143845 0.14021222293376923
0.09009137749671936 0.09130028635263443
0.08914297074079514 0.10016857832670212
0.08899008482694626 0.09310730546712875
0.0876905769109726 0.09058587998151779
0.08700855821371078 0.1325387954711914
0.08634161949157715 0.10505453497171402
0.08575563877820969 0.10132912546396255
0.08477617800235748 0.11656324565410614
0.08460208773612976 0.09938162565231323
0.08327437937259674 0.09962134063243866
0.08066916465759277 0.08358964323997498
0.08043485134840012 0.08294044435024261
0.07972614467144012 0.08978231251239777
0.07968769967556 0.1055944636464119
0.07916520535945892 0.09287869185209274
0.0785234123468399 0.08156976103782654
0.07059331238269806 0.07128915935754776
0.0687287375330925 0.09601256251335144
0.06794765591621399 0.07704411447048187
0.06507635861635208 0.06884489953517914
0.06371961534023285 0.07343389093875885
0.06087494641542435 0.06965398788452148
0.05908888950943947 0.07614514976739883
