0.23627923429012299 0.2533316910266876
0.22916734218597412 0.2516178488731384
0.22818079590797424 0.24689865112304688
0.21339192986488342 0.22259469330310822
0.20612652599811554 0.20763494074344635
0.20408667623996735 0.21056562662124634
0.20292644202709198 0.20784398913383484
0.19454196095466614 0.22695082426071167
0.19397218525409698 0.21172654628753662
0.1755731999874115 0.1841273456811905
0.1742139309644699 0.1944843977689743
0.17215044796466827 0.19407247006893158
0.1716582179069519 0.17231535911560059
0.16982479393482208 0.17313288152217865
0.1695946455001831 0.17359007894992828
0.1676662713289261 0.20553995668888092
0.16493374109268188 0.16933134198188782
0.16368234157562256 0.26349708437919617
0.1569368541240692 0.18610557913780212
0.15435276925563812 0.19047963619232178
0.15360291302204132 0.1757345050573349
0.15148718655109406 0.2051151841878891
0.15143415331840515 0.17800715565681458
0.15117725729942322 0.15845873951911926
0.15083453059196472 0.16372117400169373
0.15033814311027527 0.23056519031524658
0.14993761479854584 0.18775705993175507
0.14920267462730408 0.152321919798851
0.1490629017353058 0.15156804025173187
0.1471286565065384 0.17235702276229858
0.1468570977449417 0.14953844249248505
0.14683139324188232 0.1528063714504242
0.14666439592838287 0.1517179310321808
0.14655117690563202 0.1551414132118225
0.1465339958667755 0.14817112684249878
0.14601287245750427 0.1894754022359848
0.14600397646427155 0.15815545618534088
0.14591026306152344 0.1526065170764923
0.14542360603809357 0.16414250433444977
0.14537657797336578 0.15410269796848297
0.14501655101776123 0.1531084030866623
0.14347706735134125 0.17682108283042908
0.14242716133594513 0.1825381964445114
0.141919806599617 0.17293962836265564
0.1416124403476715 0.1589551866054535
0.1410360336303711 0.18521413207054138
0.13918974995613098 0.14774256944656372
0.13765756785869598 0.1520576924085617
0.13744355738162994 0.13899561762809753
0.13728542625904083 0.16123586893081665
0.13708291947841644 0.16333772242069244
0.1370820701122284 0.20890410244464874
0.13594205677509308 0.1803922951221466
0.13574188947677612 0.16266153752803802
0.13541072607040405 0.14998435974121094
0.13508549332618713 0.13543792068958282
0.13355791568756104 0.14754977822303772
0.13302065432071686 0.1506732851266861
0.13218457996845245 0.14027127623558044
0.13190071284770966 0.15698251128196716
0.13179677724838257 0.16070258617401123
0.1316281110048294 0.14571887254714966
0.131367489695549 0.1723494678735733
0.13117553293704987 0.1574999988079071
0.1308983713388443 0.14365851879119873
0.13088899850845337 0.14465895295143127
0.13011901080608368 0.1989443302154541
0.13005906343460083 0.13657648861408234
0.1300354152917862 0.13243836164474487
0.12935486435890198 0.14258040487766266
0.12911127507686615 0.14006567001342773
0.12885089218616486 0.1632569581270218
0.12857653200626373 0.13761426508426666
0.12773630023002625 0.16683539748191833
0.1275767982006073 0.1343354731798172
0.12725354731082916 0.1551954597234726
0.1270584762096405 0.14011530578136444
0.12692023813724518 0.13147199153900146
0.12687014043331146 0.14470896124839783
0.1267971247434616 0.16119283437728882
0.12669637799263 0.17445404827594757
0.12658298015594482 0.14111150801181793
0.12651218473911285 0.161557137966156
0.12621742486953735 0.13788017630577087
0.12617474794387817 0.17382977902889252
0.1259111762046814 0.17947347462177277
0.1251492202281952 0.15983211994171143
0.12499668449163437 0.14456452429294586
0.12494897842407227 0.18123766779899597
0.12478633224964142 0.13207408785820007
0.12474982440471649 0.1405988186597824
0.12418895214796066 0.1720336377620697
0.12398451566696167 0.13906484842300415
0.12396910786628723 0.15598523616790771
0.12349064648151398 0.1482558250427246
0.12297132611274719 0.13348156213760376
0.12183769047260284 0.16035233438014984
0.12182608246803284 0.18868857622146606
0.12150043249130249 0.1852184236049652
0.12143877148628235 0.15738143026828766
0.12139648199081421 0.20012341439723969
0.12105932086706161 0.12449102848768234
0.1203359067440033 0.1949811577796936
0.12002154439687729 0.16081467270851135
0.11911847442388535 0.19395533204078674
0.11885489523410797 0.12358201295137405
0.11882374435663223 0.1380651742219925
0.11881516873836517 0.12724390625953674
0.11877768486738205 0.12989239394664764
0.11874087899923325 0.15738649666309357
0.1184304803609848 0.13005568087100983
0.11751962453126907 0.1384512335062027
0.11689575761556625 0.1644105464220047
0.11661119759082794 0.14387193322181702
0.11647017300128937 0.1234627366065979
0.11637496948242188 0.11954893171787262
0.11628144979476929 0.11766675859689713
0.11622586846351624 0.26813769340515137
0.11575010418891907 0.13890621066093445
0.11553671956062317 0.1288638412952423
0.11514946818351746 0.12769517302513123
0.11500753462314606 0.2132330685853958
0.11468817293643951 0.13728280365467072
0.11415665596723557 0.12640070915222168
0.11409330368041992 0.12086520344018936
0.11340612173080444 0.13929258286952972
0.11335495859384537 0.13139952719211578
0.11323551088571548 0.12740090489387512
0.11320147663354874 0.14011016488075256
0.1128467470407486 0.1173781156539917
0.11271055042743683 0.19704514741897583
0.11245554685592651 0.16522936522960663
0.1118881106376648 0.1949968785047531
0.11158819496631622 0.163786381483078
0.11124823987483978 0.11865697801113129
0.11055467277765274 0.15871500968933105
0.11040055751800537 0.1494210958480835
0.10960028320550919 0.11462289839982986
0.10905825346708298 0.16594581305980682
0.10808734595775604 0.20740246772766113
0.10793666541576385 0.11776527017354965
0.10771601647138596 0.11514488607645035
0.1076422780752182 0.15043126046657562
0.10734963417053223 0.2373679280281067
0.10716606676578522 0.13479124009609222
0.10705088078975677 0.1554211676120758
0.10647614300251007 0.16299563646316528
0.10639568418264389 0.13701675832271576
0.10606145113706589 0.12341359257698059
0.10588636994361877 0.16915233433246613
0.10560622811317444 0.14234237372875214
0.10551707446575165 0.17670097947120667
0.10529626905918121 0.12471597641706467
0.10503844916820526 0.14463578164577484
0.10455445200204849 0.12837937474250793
0.10454045981168747 0.12844929099082947
0.10442325472831726 0.14271709322929382
0.10410774499177933 0.10923159122467041
0.10300615429878235 0.10905012488365173
0.10284353792667389 0.14233161509037018
0.10256680846214294 0.10401773452758789
0.10248953849077225 0.11685065925121307
0.10236693918704987 0.15217454731464386
0.10225071758031845 0.21291235089302063
0.10213397443294525 0.1095890924334526
0.10186854004859924 0.17186447978019714
0.1017082929611206 0.13005338609218597
0.1011786237359047 0.16433067619800568
0.10078984498977661 0.10173948854207993
0.09924314171075821 0.11394280940294266
0.09905809909105301 0.10330142825841904
0.09890013188123703 0.10881982743740082
0.09776429831981659 0.13424521684646606
0.09739425778388977 0.10000258684158325
0.09739400446414948 0.1778661161661148
0.09738372266292572 0.16248025000095367
0.09737372398376465 0.10897248238325119
0.09704207628965378 0.11686188727617264
0.09655556827783585 0.12362778931856155
0.09652196615934372 0.12674959003925323
0.09652021527290344 0.10505963861942291
0.09517516195774078 0.14217765629291534
0.09506231546401978 0.09772057831287384
0.09443654119968414 0.09544827789068222
0.09409744292497635 0.10108539462089539
0.09361056983470917 0.09587085247039795
0.0933065339922905 0.09450479596853256
0.0925779640674591 0.10517982393503189
0.09223636239767075 0.10566740483045578
0.09160579741001129 0.11536117643117905
0.09128326922655106 0.09936745464801788
0.09124292433261871 0.09394662827253342
0.09115701168775558 0.10818984359502792
0.08861935138702393 0.09924495965242386
0.08740006387233734 0.09485083073377609
0.08732060343027115 0.11009795218706131
0.08644941449165344 0.10099282115697861
0.0855497345328331 0.08717929571866989
0.08548402041196823 0.12769143283367157
0.08506743609905243 0.08872918784618378
0.08503203839063644 0.11526741087436676
0.08463980257511139 0.09583605080842972
0.0844077467918396 0.11182280629873276
0.0843130350112915 0.11297453194856644
0.08307183533906937 0.09070723503828049
0.08302538841962814 0.13465702533721924
0.08269979804754257 0.09434469044208527
0.08255177736282349 0.09026888012886047
0.08220861107110977 0.1027778908610344
0.08128418773412704 0.08694053441286087
0.08125931024551392 0.08797136694192886
0.0811614915728569 0.11053498089313507
0.0798577219247818 0.08601710200309753
0.07929477095603943 0.12415608763694763
0.07808353751897812 0.08420898765325546
0.07704073190689087 0.09038704633712769
0.07562363147735596 0.09264548122882843
0.0745597779750824 0.08982013911008835
0.0742628425359726 0.08325608819723129
0.07136262953281403 0.07179033011198044
0.07135045528411865 0.08017878234386444
