0.5298324823379517 0.5300899744033813
0.5230435132980347 0.532046914100647
0.18238390982151031 0.18486085534095764
0.18012720346450806 0.18556007742881775
0.17964667081832886 0.18465420603752136
0.17771191895008087 0.18159618973731995
0.17694880068302155 0.17779913544654846
0.1747407764196396 0.17923325300216675
0.1743566393852234 0.18246273696422577
0.17145408689975739 0.17343033850193024
0.1688368022441864 0.17396803200244904
0.16879703104496002 0.17987549304962158
0.1527518332004547 0.1534367799758911
0.13922207057476044 0.14316004514694214
0.1381993591785431 0.15594534575939178
0.12823863327503204 0.13169898092746735
0.12527239322662354 0.1487032175064087
0.1241973340511322 0.14122797548770905
0.12403848767280579 0.12544408440589905
0.11907395720481873 0.13932159543037415
0.11826540529727936 0.12792588770389557
0.11801371723413467 0.1290721446275711
0.11800886690616608 0.1342734694480896
0.11743767559528351 0.1188446581363678
0.11557933688163757 0.11995024234056473
0.1144893616437912 0.12057005614042282
0.11445904523134232 0.11696262657642365
0.11358632147312164 0.11784511804580688
0.11333450675010681 0.12458086758852005
0.11329478025436401 0.12033203989267349
0.11321558803319931 0.11806085705757141
0.11212562024593353 0.11366640031337738
0.11199299991130829 0.11673301458358765
0.11152760684490204 0.11383512616157532
0.11098568886518478 0.11614102125167847
0.11087976396083832 0.12351883202791214
0.10986566543579102 0.11846799403429031
0.10943438857793808 0.12005530297756195
0.1093299388885498 0.11910118162631989
0.10929012298583984 0.11108049750328064
0.1092013344168663 0.11448237299919128
0.1087881401181221 0.1100878193974495
0.10876253247261047 0.12051855772733688
0.10862074047327042 0.11725158989429474
0.10858064144849777 0.1090666726231575
0.10851415991783142 0.1150532141327858
0.1084323599934578 0.12070765346288681
0.10828929394483566 0.12123338878154755
0.10808800905942917 0.12260493636131287
0.10788369178771973 0.11760029941797256
0.10780060291290283 0.11059289425611496
0.10720431804656982 0.12355698645114899
0.10681451857089996 0.1188858225941658
0.10647789388895035 0.11027807742357254
0.1060786321759224 0.10755620151758194
0.10575775802135468 0.1104578748345375
0.10550858825445175 0.11322308331727982
0.105503611266613 0.11180967837572098
0.10533622652292252 0.11338933557271957
0.10489248484373093 0.10638532042503357
0.10472390055656433 0.1085953637957573
0.1044352725148201 0.1096310093998909
0.10442602634429932 0.10851823538541794
0.104161836206913 0.10608681291341782
0.10405750572681427 0.10755620151758194
0.10379595309495926 0.10758700221776962
0.10352510958909988 0.11141117662191391
0.10350874811410904 0.10820596665143967
0.1034850999712944 0.11457450687885284
0.10344592481851578 0.11686042696237564
0.10338318347930908 0.10662680119276047
0.10261508077383041 0.1100941076874733
0.10249990224838257 0.11140023171901703
0.10220363736152649 0.10876668244600296
0.10213945806026459 0.11441837251186371
0.10165325552225113 0.10809379070997238
0.10130834579467773 0.10728462785482407
0.1004585474729538 0.10437740385532379
0.09771701693534851 0.10096713155508041
0.0971054956316948 0.12936078011989594
0.09661205857992172 0.11901246011257172
0.09631921350955963 0.12223681062459946
0.09622170031070709 0.10120734572410583
0.09576335549354553 0.09913003444671631
0.09553682804107666 0.13755592703819275
0.09529054909944534 0.11989646404981613
0.09523382037878036 0.1259680539369583
0.09508129954338074 0.12087027728557587
0.09470716118812561 0.12163766473531723
0.09405612200498581 0.12604008615016937
0.09398412704467773 0.13141591846942902
0.09337116032838821 0.15549501776695251
0.0933128073811531 0.09805109351873398
0.09305105358362198 0.15096226334571838
0.09299452602863312 0.10083835572004318
0.09296167641878128 0.11890410631895065
0.0929562970995903 0.09345298260450363
0.09249597787857056 0.10667971521615982
0.0920560285449028 0.09402519464492798
0.09197567403316498 0.12695161998271942
0.09187252074480057 0.09347829967737198
0.0915089026093483 0.1444796919822693
0.0911344662308693 0.09278226643800735
0.09105749428272247 0.09587962180376053
0.09085851907730103 0.10542235523462296
0.09064163267612457 0.09165835380554199
0.09062977135181427 0.09630990773439407
0.0903007760643959 0.14734646677970886
0.09023822844028473 0.11366737633943558
0.09003765881061554 0.09552957862615585
0.0899234414100647 0.1070760041475296
0.0887550339102745 0.09232965856790543
0.0882752537727356 0.08901732414960861
0.08788447827100754 0.1370052546262741
0.08788441866636276 0.0958828553557396
0.08652713894844055 0.11357250064611435
0.08647041022777557 0.10882420092821121
0.08610420674085617 0.10086669027805328
0.08474656194448471 0.11405353993177414
0.08449776470661163 0.11053365468978882
0.08416243642568588 0.13247992098331451
0.08399733901023865 0.09199546277523041
0.0838986411690712 0.12267966568470001
0.08353620767593384 0.12725989520549774
0.08308657258749008 0.09402653574943542
0.08274675905704498 0.10161958634853363
0.08253975212574005 0.09728065133094788
0.08222317695617676 0.11177206039428711
0.08214624971151352 0.08649174124002457
0.08134470134973526 0.0817529708147049
0.08107669651508331 0.10288768261671066
0.08101411908864975 0.10668101906776428
0.08080979436635971 0.0902894139289856
0.08073930442333221 0.081871397793293
0.08064404875040054 0.0975193977355957
0.08057527244091034 0.0814751535654068
0.0804268941283226 0.09444396197795868
0.07996556907892227 0.11335203051567078
0.07995196431875229 0.087106853723526
0.07983138412237167 0.10798204690217972
0.07924344390630722 0.09758211672306061
0.07861623913049698 0.11879665404558182
0.07858394086360931 0.12895479798316956
0.07815563678741455 0.08018289506435394
0.07812019437551498 0.10222210735082626
0.07797013968229294 0.13921239972114563
0.077887624502182 0.12035351246595383
0.07760867476463318 0.09176936000585556
0.0774351954460144 0.11383853852748871
0.07718575745820999 0.15000800788402557
0.0770718902349472 0.12518109381198883
0.07695814222097397 0.09226315468549728
0.07677886635065079 0.16226989030838013
0.07669666409492493 0.07939542829990387
0.07625357806682587 0.1197982057929039
0.07580803334712982 0.081871397793293
0.0748925507068634 0.10300488024950027
0.07485898584127426 0.07559539377689362
0.07444386929273605 0.09584244340658188
0.07429389655590057 0.11461809277534485
0.07385685294866562 0.08005863428115845
0.07373979687690735 0.09708951413631439
0.07266751676797867 0.07472620904445648
0.07196646928787231 0.0813656896352768
0.07104238122701645 0.09920553863048553
0.0702601745724678 0.0862203910946846
0.06995607167482376 0.07155728340148926
0.0699457898736 0.07161077111959457
0.06993527710437775 0.132125124335289
0.06986504048109055 0.0733056366443634
0.0696253553032875 0.0989338606595993
0.06955801695585251 0.08661822229623795
0.06941958516836166 0.07370008528232574
0.06941023468971252 0.10191553086042404
0.06938362121582031 0.1295490711927414
0.06928092241287231 0.10327116400003433
0.0690302848815918 0.07609627395868301
0.06855858862400055 0.12651167809963226
0.0683697760105133 0.07554975152015686
0.06518619507551193 0.08985020965337753
0.0648849681019783 0.10645107924938202
0.06471387296915054 0.0764627754688263
0.06409990787506104 0.06430873274803162
0.06395468860864639 0.06823985278606415
0.06379688531160355 0.06857588142156601
0.06281829625368118 0.08073271811008453
0.06272773444652557 0.06798138469457626
0.062480609863996506 0.06275088340044022
0.062237031757831573 0.06884705275297165
0.06217926740646362 0.07321750372648239
0.06179545447230339 0.06860453635454178
0.06156274676322937 0.06379161775112152
0.0599389411509037 0.06584570556879044
0.05974087491631508 0.08727950602769852
0.05912240222096443 0.06186399981379509
0.058869533240795135 0.0627271980047226
0.058761999011039734 0.11433790624141693
0.05873925983905792 0.05960940942168236
0.05863728001713753 0.07413912564516068
0.058493226766586304 0.0632089152932167
0.05763677507638931 0.07170769572257996
0.05738503113389015 0.05820772796869278
0.05714055895805359 0.059727881103754044
0.05667916312813759 0.08161966502666473
0.05643298849463463 0.06532148271799088
0.056353408843278885 0.07233506441116333
0.05632132664322853 0.05989045649766922
0.05471191927790642 0.056796595454216
0.05360232666134834 0.05751447379589081
0.05286406725645065 0.05415985360741615
0.05282710865139961 0.053497519344091415
0.05263129621744156 0.0572308748960495
0.052314769476652145 0.06126895174384117
0.05217447131872177 0.07169730961322784
0.05191437900066376 0.0530458427965641
0.05117931216955185 0.0571538507938385
0.05112314969301224 0.06555373966693878
0.04827182739973068 0.051639165729284286
