0.11347659677267075 0.11628219485282898
0.09503640979528427 0.09808136522769928
0.08924691379070282 0.10189902782440186
0.08772382885217667 0.09446731954813004
0.08754315227270126 0.09142286330461502
0.08618438988924026 0.08635494858026505
0.08511579036712646 0.1090516522526741
0.08277759701013565 0.08417189866304398
0.08145631104707718 0.10546939820051193
0.07964012026786804 0.08909082412719727
0.07904214411973953 0.08020155131816864
0.07873411476612091 0.08260369300842285
0.07828480005264282 0.08327454328536987
0.07804159075021744 0.11104578524827957
0.07769803702831268 0.08528010547161102
0.07617794722318649 0.09491466730833054
0.07404948770999908 0.087016262114048
0.07287701219320297 0.08495761454105377
0.07245343923568726 0.0892699658870697
0.07216127216815948 0.07267395406961441
0.0720999613404274 0.08582765609025955
0.07207784056663513 0.08620775490999222
0.0710473582148552 0.07567562907934189
0.07001888006925583 0.07379627972841263
0.07000508159399033 0.08860611915588379
0.06911775469779968 0.07017581909894943
0.06726385653018951 0.06815063953399658
0.06720706075429916 0.07937165349721909
0.06703251600265503 0.09424286335706711
0.06695294380187988 0.07815399765968323
0.06688232719898224 0.06815708428621292
0.06676922738552094 0.08614771068096161
0.0662580206990242 0.07930732518434525
0.06621906161308289 0.06793948262929916
0.06614407151937485 0.07756130397319794
0.06596779078245163 0.07448355853557587
0.06587617844343185 0.07172586023807526
0.06542714685201645 0.06781574338674545
0.06542573869228363 0.07779506593942642
0.06534955650568008 0.07746663689613342
0.06504455208778381 0.07643050700426102
0.0649806410074234 0.06920590251684189
0.06497155129909515 0.06817956268787384
0.06493017077445984 0.06750286370515823
0.06491481512784958 0.08264318108558655
0.06468115001916885 0.06535814702510834
0.06443562358617783 0.06505174934864044
0.06440001726150513 0.06610546261072159
0.06419587880373001 0.07924653589725494
0.06404528766870499 0.07416106015443802
0.06376101076602936 0.08449884504079819
0.06357695162296295 0.08595249801874161
0.0633627325296402 0.0966208428144455
0.06315407902002335 0.08121549338102341
0.06282355636358261 0.07525350153446198
0.061713092029094696 0.06745076924562454
0.061320699751377106 0.07770274579524994
0.0610952265560627 0.06932178139686584
0.06083254516124725 0.06124455854296684
0.060429565608501434 0.11239100247621536
0.060416921973228455 0.06628552079200745
0.060308586806058884 0.07752213627099991
0.060089513659477234 0.0758160650730133
0.0600711852312088 0.06259835511445999
0.059494126588106155 0.060958005487918854
0.05879201367497444 0.06134757027029991
0.058695871382951736 0.05916145443916321
0.058427292853593826 0.06667308509349823
0.058249883353710175 0.06089022383093834
0.058178260922431946 0.08038976043462753
0.05805044621229172 0.06911130994558334
0.057870376855134964 0.06470579653978348
0.057746246457099915 0.05778985843062401
0.057583119720220566 0.058946672827005386
0.0573568232357502 0.05746619403362274
0.05642993375658989 0.08899089694023132
0.05613184720277786 0.11338663846254349
0.05562746897339821 0.06948047876358032
0.05517537146806717 0.09079289436340332
0.05457634851336479 0.06080269813537598
0.05453396961092949 0.08202043920755386
0.05416075512766838 0.055330995470285416
0.054121553897857666 0.058504678308963776
0.05405939742922783 0.055633582174777985
0.05391964688897133 0.05505324527621269
0.053466927260160446 0.1234755590558052
0.053352538496255875 0.08348611742258072
0.053111445158720016 0.05623319372534752
0.053064413368701935 0.05412676930427551
0.05278848484158516 0.053638555109500885
0.052046213299036026 0.07357682287693024
0.05160922929644585 0.06311138719320297
0.05160154029726982 0.09436742216348648
0.05135209113359451 0.060958005487918854
0.05132121592760086 0.07286334782838821
0.051299575716257095 0.054950591176748276
0.05125371739268303 0.05149802565574646
0.051172710955142975 0.05256795883178711
0.05099797993898392 0.05684467405080795
0.05087978392839432 0.0666562095284462
0.05085983872413635 0.05219303444027901
0.05083252117037773 0.056876152753829956
0.05081849545240402 0.059376686811447144
0.05081340670585632 0.060760416090488434
0.05073636770248413 0.05437900871038437
0.050581544637680054 0.05823716148734093
0.05047222599387169 0.05114101618528366
0.05040677264332771 0.10774684697389603
0.05026436969637871 0.05832575634121895
0.05020725354552269 0.05161188915371895
0.05000343173742294 0.05537206679582596
0.04985533282160759 0.0772462785243988
0.049735017120838165 0.053564395755529404
0.049697086215019226 0.05134471133351326
0.04948798567056656 0.06953304260969162
0.04938611015677452 0.07504089176654816
0.0492345355451107 0.056405209004879
0.04906916245818138 0.05670898035168648
0.04885466396808624 0.05489556863903999
0.04870503023266792 0.052324242889881134
0.04856986179947853 0.1062808558344841
0.04835161194205284 0.049949079751968384
0.047996845096349716 0.054913200438022614
0.04793915897607803 0.0611758753657341
0.04780907556414604 0.05136905238032341
0.04776986315846443 0.05086382105946541
0.04763641580939293 0.04767899587750435
0.04758520424365997 0.05346088111400604
0.047377102077007294 0.05803612619638443
0.047339390963315964 0.06974103301763535
0.04721158370375633 0.05072132498025894
0.04679885134100914 0.07622941583395004
0.04659808427095413 0.047046270221471786
0.04659658297896385 0.06014299765229225
0.04625880345702171 0.05248922482132912
0.04621070250868797 0.061969902366399765
0.04603658244013786 0.0552821047604084
0.045980338007211685 0.04999551922082901
0.045505963265895844 0.06469161808490753
0.04541034623980522 0.05734450742602348
0.0445939265191555 0.07080841064453125
0.04455552250146866 0.07671255618333817
0.04404566064476967 0.05343512445688248
0.04382821545004845 0.06855474412441254
0.04370962455868721 0.056372661143541336
0.04328225553035736 0.05541771277785301
0.04315711930394173 0.054540082812309265
0.04291965067386627 0.06513261049985886
0.04278729110956192 0.044873956590890884
0.0426262728869915 0.047338105738162994
0.042370665818452835 0.04702021926641464
0.04203023388981819 0.058753371238708496
0.04184986278414726 0.05611781030893326
0.041797928512096405 0.06971103698015213
0.041609987616539 0.04403239116072655
0.04081319645047188 0.043574217706918716
0.0407738983631134 0.04877389222383499
0.04075631499290466 0.04760004207491875
0.04061966761946678 0.04644975811243057
0.04028613120317459 0.05653643235564232
0.04025816172361374 0.053593527525663376
0.0402182936668396 0.04755555838346481
0.040125589817762375 0.049701664596796036
0.03990650922060013 0.05090618133544922
0.03971581161022186 0.048514366149902344
0.039575397968292236 0.05203056335449219
0.03950634226202965 0.0415702648460865
0.039035364985466 0.04396532103419304
0.0387079082429409 0.05176163837313652
0.0386299230158329 0.04891099035739899
0.03860551863908768 0.04815681278705597
0.037758469581604004 0.0380697026848793
0.03708943352103233 0.042673103511333466
0.03568921610713005 0.042091287672519684
0.035662177950143814 0.044972240924835205
0.0353480689227581 0.04037090763449669
0.034916944801807404 0.03784274309873581
0.034846920520067215 0.03732965514063835
0.034454043954610825 0.037084128707647324
0.03441551327705383 0.035129185765981674
0.03430148959159851 0.03557216003537178
0.0342334546148777 0.03533725440502167
0.03316395729780197 0.034742750227451324
