0.27156639099121094 0.28298500180244446
0.25565433502197266 0.2629495859146118
0.24613115191459656 0.24836093187332153
0.245155468583107 0.2479453682899475
0.23932605981826782 0.43281444907188416
0.23815497756004333 0.2690202295780182
0.2303192913532257 0.36165642738342285
0.22899875044822693 0.2581278383731842
0.2279464453458786 0.2663283944129944
0.201421856880188 0.26764923334121704
0.1671551614999771 0.3111589550971985
0.13138549029827118 0.13369864225387573
0.12688346207141876 0.14187458157539368
0.12106802314519882 0.4517456889152527
0.11668430268764496 0.12962807714939117
0.11465086787939072 0.12028908729553223
0.11361777037382126 0.11548317223787308
0.10801521688699722 0.10860619693994522
0.1077047809958458 0.13205260038375854
0.1074431762099266 0.1174466535449028
0.1044519916176796 0.13528168201446533
0.10022274404764175 0.1149366945028305
0.09557465463876724 0.09558264166116714
0.09365911036729813 0.10760017484426498
0.09341520071029663 0.11534910649061203
0.09336238354444504 0.09969942271709442
0.09291025251150131 0.10257852077484131
0.09219679236412048 0.09265585988759995
0.08960041403770447 0.10128133744001389
0.08818380534648895 0.09651000797748566
0.08733636140823364 0.10387174040079117
0.08634412288665771 0.09004739671945572
0.08611833304166794 0.12186069786548615
0.08506583422422409 0.08747024834156036
0.0848630741238594 0.09854749590158463
0.08424922078847885 0.11402212083339691
0.08406896144151688 0.08532028645277023
0.08362623304128647 0.08842387795448303
0.08335564285516739 0.09392360597848892
0.08077725023031235 0.0897667184472084
0.08004840463399887 0.08358518779277802
0.0779641792178154 0.0784115195274353
0.07774602621793747 0.07818678021430969
0.07640065997838974 0.12382189929485321
0.07617995142936707 0.094011090695858
0.07579246163368225 0.08803380280733109
0.07510095834732056 0.08957763761281967
0.0747624859213829 0.12559418380260468
0.0744209811091423 0.09822944551706314
0.07412237673997879 0.08772797137498856
0.07373271137475967 0.1089932844042778
0.07310735434293747 0.07362452894449234
0.07306908816099167 0.07388146221637726
0.07154136151075363 0.07711990177631378
0.07146827131509781 0.11757714301347733
0.06864753365516663 0.1086578220129013
0.06859731674194336 0.0818413570523262
0.06837426871061325 0.07628683745861053
0.0681801587343216 0.09610074013471603
0.0680452287197113 0.11624998599290848
0.06786058098077774 0.07812153548002243
0.06753729283809662 0.08163564652204514
0.0674532875418663 0.12832973897457123
0.06687847524881363 0.08652929216623306
0.06656051427125931 0.08758310228586197
0.06652466207742691 0.08155108988285065
0.0661749616265297 0.0664341077208519
0.06575452536344528 0.06908556073904037
0.0651826411485672 0.07796318829059601
0.06488718092441559 0.08124834299087524
0.06479302048683167 0.0679706484079361
0.06443290412425995 0.0823887437582016
0.06424974650144577 0.13206954300403595
0.06420143693685532 0.09685645997524261
0.0641947090625763 0.08849486708641052
0.06372568011283875 0.10306797921657562
0.06336751580238342 0.06502370536327362
0.06295473128557205 0.06399275362491608
0.06208069249987602 0.08640710264444351
0.06111885607242584 0.07941912114620209
0.06087009981274605 0.0916464701294899
0.06044141575694084 0.06937377154827118
0.060127466917037964 0.07008055597543716
0.05982932075858116 0.06344728916883469
0.059808630496263504 0.07659043371677399
0.05953582376241684 0.06446655094623566
0.05916984751820564 0.06320635229349136
0.058738548308610916 0.06247739866375923
0.05854563042521477 0.05993540957570076
0.058475006371736526 0.07941044121980667
0.058407243341207504 0.06581296026706696
0.0583672858774662 0.07483106851577759
0.058246761560440063 0.07950787246227264
0.05772062763571739 0.07166672497987747
0.057557497173547745 0.06535423547029495
0.05718793720006943 0.061717450618743896
0.05680534243583679 0.059513211250305176
0.056213345378637314 0.061319246888160706
0.055080704391002655 0.055186714977025986
0.054604776203632355 0.0564483180642128
0.05428863316774368 0.0651359111070633
0.05390095338225365 0.06358257681131363
0.05386246368288994 0.05584253743290901
0.05370137840509415 0.07262711226940155
0.05365626886487007 0.06733202934265137
0.053585004061460495 0.06042593717575073
0.05345446616411209 0.06431850790977478
0.05344705283641815 0.0535273551940918
0.05324913188815117 0.06898664683103561
0.05230613425374031 0.05699469894170761
0.052245110273361206 0.06207319349050522
0.05121361091732979 0.06242402642965317
0.05115562304854393 0.05519605055451393
0.05098148062825203 0.06507469713687897
0.05060090124607086 0.054830364882946014
0.05001973360776901 0.05590568855404854
0.049885135143995285 0.05279208719730377
0.049447111785411835 0.06240097060799599
0.04911566525697708 0.051751405000686646
0.047467317432165146 0.054052457213401794
0.04670167341828346 0.0472932793200016
0.04572845250368118 0.04578745737671852
0.0453583225607872 0.05406514182686806
0.042545150965452194 0.0551551952958107
0.04238968715071678 0.049506932497024536
0.04218243062496185 0.0494404211640358
0.040149442851543427 0.050167515873909
0.038868725299835205 0.044496938586235046
