0.2531350255012512 0.27084046602249146
0.24102525413036346 0.2638739049434662
0.23911744356155396 0.24906045198440552
0.23460085690021515 0.2503573000431061
0.23009420931339264 0.24583829939365387
0.22384032607078552 0.24981988966464996
0.21951346099376678 0.2294633388519287
0.21629557013511658 0.29532361030578613
0.21613392233848572 0.23783263564109802
0.2161037176847458 0.23020070791244507
0.21430115401744843 0.22153274714946747
0.21430042386054993 0.215287446975708
0.21066024899482727 0.22153805196285248
0.21055008471012115 0.21193307638168335
0.2096611112356186 0.23406539857387543
0.20621128380298615 0.23338811099529266
0.20378974080085754 0.21849481761455536
0.20238526165485382 0.2398315668106079
0.200234055519104 0.20100539922714233
0.1975746899843216 0.26074936985969543
0.19615055620670319 0.22776326537132263
0.19543339312076569 0.20579516887664795
0.19468621909618378 0.20852616429328918
0.19403176009655 0.19611018896102905
0.19302093982696533 0.21720637381076813
0.19277694821357727 0.21550926566123962
0.19107918441295624 0.23583221435546875
0.18956084549427032 0.19312767684459686
0.1881656050682068 0.24979567527770996
0.1870863288640976 0.22864466905593872
0.18676266074180603 0.19738394021987915
0.18631047010421753 0.23826964199543
0.18359819054603577 0.21381235122680664
0.18250000476837158 0.2261306494474411
0.18231253325939178 0.19825999438762665
0.18150506913661957 0.19750136137008667
0.1803453415632248 0.19434334337711334
0.17914602160453796 0.224862739443779
0.1774563491344452 0.18753211200237274
0.17725694179534912 0.1776307374238968
0.17716273665428162 0.18829843401908875
0.17658673226833344 0.23880289494991302
0.17619408667087555 0.26805779337882996
0.1754753440618515 0.19732487201690674
0.1753377765417099 0.1991274207830429
0.1752478927373886 0.19289730489253998
0.17354846000671387 0.18434123694896698
0.17340077459812164 0.2142268419265747
0.17224277555942535 0.19984497129917145
0.17166203260421753 0.17932824790477753
0.17163902521133423 0.20524466037750244
0.16903994977474213 0.27998286485671997
0.1690378189086914 0.1794576495885849
0.1665036827325821 0.16815882921218872
0.16571681201457977 0.16961927711963654
0.1656116098165512 0.1672707498073578
0.16519510746002197 0.22768327593803406
0.16425950825214386 0.19443772733211517
0.16253961622714996 0.16385966539382935
0.1618555188179016 0.1625475436449051
0.1611558198928833 0.18239738047122955
0.15814222395420074 0.1991773545742035
0.15808455646038055 0.19573363661766052
0.15769240260124207 0.2447836697101593
0.15759074687957764 0.2370920181274414
0.15731181204319 0.2051352858543396
0.1572275161743164 0.16900652647018433
0.1571841984987259 0.19429372251033783
0.1570539027452469 0.1598948836326599
0.1557507961988449 0.24346905946731567
0.15543319284915924 0.20041608810424805
0.153914675116539 0.16808578372001648
0.1538424789905548 0.26300039887428284
0.15352298319339752 0.16539008915424347
0.15313869714736938 0.25680121779441833
0.15237130224704742 0.1890164017677307
0.1523672193288803 0.20854514837265015
0.15218417346477509 0.16435064375400543
0.15217727422714233 0.1616216003894806
0.15205632150173187 0.16141754388809204
0.15136168897151947 0.24219688773155212
0.15067197382450104 0.22299136221408844
0.15004174411296844 0.18223753571510315
0.1495237499475479 0.22306104004383087
0.14882121980190277 0.17242830991744995
0.14781829714775085 0.15779022872447968
0.1474544107913971 0.1580398678779602
0.14712877571582794 0.2581360340118408
0.1468891054391861 0.17121830582618713
0.14670124650001526 0.15701797604560852
0.1464223712682724 0.15726573765277863
0.1459888517856598 0.16872148215770721
0.14577394723892212 0.15895317494869232
0.1454872339963913 0.21555453538894653
0.14542971551418304 0.23850204050540924
0.14489392936229706 0.16974468529224396
0.14482338726520538 0.15820130705833435
0.14467667043209076 0.1509980708360672
0.1445445716381073 0.1791311800479889
0.14431113004684448 0.1518760323524475
0.14395223557949066 0.23066195845603943
0.14357909560203552 0.1580488681793213
0.1431778371334076 0.1713937222957611
0.1428499072790146 0.24809156358242035
0.14204281568527222 0.2746003568172455
0.14187365770339966 0.18562792241573334
0.14183516800403595 0.15941591560840607
0.14169096946716309 0.14413897693157196
0.14103135466575623 0.19163040816783905
0.14080028235912323 0.20570319890975952
0.13900743424892426 0.19264794886112213
0.13869428634643555 0.27543002367019653
0.1380990892648697 0.19724132120609283
0.13766713440418243 0.17852380871772766
0.1368248164653778 0.271798312664032
0.13677284121513367 0.13989979028701782
0.136713445186615 0.16837505996227264
0.13656489551067352 0.17001275718212128
0.1363237500190735 0.1460135281085968
0.1362551748752594 0.16293928027153015
0.1360090970993042 0.19271248579025269
0.1359899491071701 0.17081154882907867
0.13591642677783966 0.1416810303926468
0.13582611083984375 0.22244597971439362
0.13540232181549072 0.15504339337348938
0.13476571440696716 0.13710175454616547
0.1346803903579712 0.2967345118522644
0.13325399160385132 0.1635279804468155
0.1330820769071579 0.20336906611919403
0.13307958841323853 0.15744154155254364
0.13302358984947205 0.13848185539245605
0.1326615959405899 0.2017509937286377
0.1326320469379425 0.2459910362958908
0.13251394033432007 0.15353849530220032
0.13242845237255096 0.2015533447265625
0.13241201639175415 0.1366637796163559
0.13223010301589966 0.2199621945619583
0.13217835128307343 0.22928662598133087
0.13129553198814392 0.1515372395515442
0.13043443858623505 0.14002391695976257
0.12896820902824402 0.135820671916008
0.12821154296398163 0.2460532933473587
0.12776891887187958 0.3238358497619629
0.12734155356884003 0.2394321858882904
0.12656818330287933 0.17986218631267548
0.12627989053726196 0.14705555140972137
0.1260693371295929 0.1406521052122116
0.12606889009475708 0.18894264101982117
0.125891774892807 0.13915109634399414
0.12461434304714203 0.1307922899723053
0.1245158463716507 0.1492079198360443
0.12437491863965988 0.17380554974079132
0.12424736469984055 0.1319425255060196
0.12262643128633499 0.1258254498243332
0.12243175506591797 0.1398092359304428
0.12232273817062378 0.1452762335538864
0.12172705680131912 0.23250773549079895
0.1214841678738594 0.13863544166088104
0.12147140502929688 0.12723439931869507
0.11915134638547897 0.13543684780597687
0.11903771013021469 0.2463381588459015
0.11876582354307175 0.13108067214488983
0.11780504882335663 0.13967688381671906
0.11737131327390671 0.17224936187267303
0.1163107305765152 0.15260732173919678
0.11627019196748734 0.15025264024734497
0.11594034731388092 0.11744753271341324
0.1157068982720375 0.12078822404146194
0.1146194338798523 0.12775076925754547
0.11405765265226364 0.13423293828964233
0.11339171975851059 0.13226459920406342
0.1132366731762886 0.15202945470809937
0.11308516561985016 0.13575148582458496
0.11193294078111649 0.11530326306819916
0.11129924654960632 0.1365967094898224
0.11008013039827347 0.11128886044025421
0.11003933846950531 0.11573419719934464
0.10763899236917496 0.1369495391845703
0.10736916214227676 0.11002249270677567
0.10701470822095871 0.12372958660125732
0.10682225972414017 0.11711101979017258
0.10488782078027725 0.1584177017211914
0.10420893877744675 0.10633717477321625
0.10390540212392807 0.10802578181028366
0.10230393707752228 0.11793191730976105
0.10173410177230835 0.12415656447410583
0.10162892937660217 0.11803419888019562
0.0997440293431282 0.10909219831228256
0.09853991866111755 0.09906584769487381
0.09782983362674713 0.11201611906290054
0.09100424498319626 0.12430991977453232
0.09077195078134537 0.09496621042490005
