0.07783201336860657 0.07932107150554657
0.07591600716114044 0.08133067190647125
0.06955871731042862 0.07154148072004318
0.06891895830631256 0.07688114047050476
0.06877369433641434 0.0832727923989296
0.06810572743415833 0.07177174836397171
0.06638801097869873 0.07082835584878922
0.06531630456447601 0.07742958515882492
0.06452160328626633 0.07234486937522888
0.061966657638549805 0.06478945165872574
0.061490029096603394 0.06377268582582474
0.05999039113521576 0.06058187782764435
0.05982106551527977 0.06575261801481247
0.059767886996269226 0.0642838403582573
0.05970151722431183 0.06019299477338791
0.059588558971881866 0.06797561049461365
0.05925621837377548 0.061610639095306396
0.059064093977212906 0.06294652074575424
0.058815039694309235 0.061060380190610886
0.058671511709690094 0.061366595327854156
0.05831756442785263 0.06067942455410957
0.058267008513212204 0.06709662824869156
0.0581226609647274 0.06486524641513824
0.05810773745179176 0.05990978702902794
0.058017030358314514 0.06016043201088905
0.057976678013801575 0.058598048985004425
0.057898763567209244 0.05846341326832771
0.05784866213798523 0.06197855994105339
0.05762964114546776 0.05828201025724411
0.05762617662549019 0.0638142004609108
0.05760599300265312 0.05908690392971039
0.05756143853068352 0.06588030606508255
0.057500071823596954 0.06517945975065231
0.05744875222444534 0.05952347069978714
0.05742896348237991 0.06402811408042908
0.057422153651714325 0.05801916867494583
0.057347118854522705 0.06482072174549103
0.057338401675224304 0.06158405542373657
0.05731518939137459 0.06370731443166733
0.057111091911792755 0.06177685782313347
0.05657665431499481 0.07007807493209839
0.056562382727861404 0.06187412515282631
0.05630481615662575 0.062072206288576126
0.05619630962610245 0.06197885423898697
0.05611258000135422 0.06621640175580978
0.05591878294944763 0.05706488713622093
0.055861424654722214 0.05670110136270523
0.05579989030957222 0.0683266744017601
0.05500920116901398 0.06184588000178337
0.05465232580900192 0.05637675151228905
0.05358107388019562 0.053791292011737823
0.05354329198598862 0.06918532401323318
0.053171880543231964 0.05711102858185768
0.05253501236438751 0.06405165046453476
0.052524421364068985 0.05606180429458618
0.05137034133076668 0.07098858803510666
0.05130533501505852 0.06897707283496857
0.05128874257206917 0.05629013478755951
0.05123923346400261 0.05432012304663658
0.05104590579867363 0.0517759695649147
0.050300173461437225 0.050314728170633316
0.050260886549949646 0.05296584963798523
0.050236236304044724 0.08348734676837921
0.049914680421352386 0.06064828857779503
0.04990605264902115 0.05942077562212944
0.04981204867362976 0.062484148889780045
0.04944473132491112 0.0569567047059536
0.049005039036273956 0.05200755596160889
0.04892579838633537 0.04912198707461357
0.04860148951411247 0.06485699117183685
0.0484582893550396 0.06901003420352936
0.048439618200063705 0.06550119817256927
0.048304252326488495 0.04879121854901314
0.047685373574495316 0.04786844551563263
0.04750858619809151 0.05215824022889137
0.04749659448862076 0.06663697957992554
0.04733528569340706 0.06503919512033463
0.04692395031452179 0.05215700343251228
0.046562179923057556 0.05162231624126434
0.04645010828971863 0.05372048541903496
0.046236369758844376 0.060364946722984314
0.04621557518839836 0.047384828329086304
0.04588618129491806 0.0746980607509613
0.045686397701501846 0.054816924035549164
0.04534938186407089 0.048208825290203094
0.04513057321310043 0.07200910151004791
0.045034535229206085 0.053252171725034714
0.044900357723236084 0.048215627670288086
0.044856369495391846 0.045223236083984375
0.04483325034379959 0.0508614256978035
0.04481405019760132 0.049742650240659714
0.044710446149110794 0.07343746721744537
0.04444647952914238 0.06342335790395737
0.04428940638899803 0.0714164450764656
0.044083885848522186 0.04986106604337692
0.04406195878982544 0.04812614247202873
0.04384852945804596 0.049546435475349426
0.04373771697282791 0.0437699519097805
0.04373643547296524 0.049295198172330856
0.04349197819828987 0.058406658470630646
0.04338204860687256 0.043406128883361816
0.04326453432440758 0.054808828979730606
0.04321112856268883 0.045014120638370514
0.04315846413373947 0.04385770857334137
0.04273127019405365 0.05823299661278725
0.04270729422569275 0.05288583040237427
0.04253039509057999 0.050022609531879425
0.04234222695231438 0.04850906506180763
0.04233193024992943 0.05121062695980072
0.04229056090116501 0.0670471116900444
0.04225308820605278 0.053791195154190063
0.042173832654953 0.04366791993379593
0.042074717581272125 0.06768457591533661
0.041506946086883545 0.04539286717772484
0.04115932807326317 0.0636151060461998
0.04114413633942604 0.07296395301818848
0.04105416685342789 0.04631572961807251
0.0410030297935009 0.07381018251180649
0.040986087173223495 0.04384436830878258
0.040981002151966095 0.055890314280986786
0.04077456146478653 0.08466791361570358
0.04072907939553261 0.04172876104712486
0.04069993272423744 0.04308097064495087
0.04063691198825836 0.04246554151177406
0.04061395302414894 0.042657677084207535
0.040611930191516876 0.04472947493195534
0.040503740310668945 0.042375847697257996
0.04005405306816101 0.0520586259663105
0.03997214511036873 0.04493802785873413
0.03974394500255585 0.04214222729206085
0.03970162943005562 0.04921314865350723
0.03953228518366814 0.07261865586042404
0.039484281092882156 0.03959738090634346
0.03939104825258255 0.04144603759050369
0.03935645893216133 0.04745480790734291
0.039336252957582474 0.03990906849503517
0.039327699691057205 0.04429635405540466
0.03927990421652794 0.04846576973795891
0.03906252980232239 0.058117374777793884
0.03887888416647911 0.04617706686258316
0.03884338214993477 0.04888609051704407
0.03861765190958977 0.03878164663910866
0.03856761008501053 0.04235847294330597
0.03854810446500778 0.040803972631692886
0.03833731263875961 0.04766020178794861
0.038275234401226044 0.05910075455904007
0.03800985962152481 0.04223715513944626
0.03800474479794502 0.05768236890435219
0.03793233633041382 0.03853166848421097
0.03784262016415596 0.03803262859582901
0.03778021037578583 0.03796439617872238
0.03760705143213272 0.044361233711242676
0.037500958889722824 0.03979593142867088
0.03748215734958649 0.038349930197000504
0.03733392804861069 0.057204607874155045
0.037288598716259 0.04131219908595085
0.03720312565565109 0.042917318642139435
0.03707253932952881 0.038694512099027634
0.03706389293074608 0.03745512664318085
0.036951057612895966 0.04067749157547951
0.03688565269112587 0.03776296228170395
0.03686787933111191 0.045366015285253525
0.03635408356785774 0.04060938581824303
0.03630276769399643 0.0414130873978138
0.036295827478170395 0.044757016003131866
0.03622123971581459 0.04067903757095337
0.03604445978999138 0.038816507905721664
0.03590794652700424 0.04054524376988411
0.03564995527267456 0.03702905401587486
0.035572703927755356 0.04264896363019943
0.03532283753156662 0.03612310066819191
0.03503739833831787 0.037089649587869644
0.034989818930625916 0.03703750669956207
0.034954749047756195 0.035166073590517044
0.034926529973745346 0.0395495668053627
0.03467470780014992 0.04671604558825493
0.034420836716890335 0.040310125797986984
0.034356098622083664 0.03665768727660179
0.03432125225663185 0.04788656532764435
0.034291062504053116 0.039453282952308655
0.034233152866363525 0.04052833467721939
0.03414255008101463 0.03649602830410004
0.0338594913482666 0.03873470798134804
0.03379257023334503 0.04052690416574478
0.033752936869859695 0.044441867619752884
0.0336606502532959 0.04699651151895523
0.03334967792034149 0.038281314074993134
0.03323151171207428 0.043595898896455765
0.03211838752031326 0.034280527383089066
0.031819168478250504 0.0352688767015934
0.031541988253593445 0.03674045577645302
0.031526193022727966 0.03418062627315521
0.03109043464064598 0.05372464656829834
0.030818786472082138 0.0334227979183197
0.03044596128165722 0.036357179284095764
0.030287154018878937 0.032093025743961334
0.030105847865343094 0.03236564248800278
0.029898280277848244 0.033084385097026825
0.029739608988165855 0.03127584606409073
0.02962782420217991 0.038813937455415726
0.028814902529120445 0.0331832692027092
0.02876090258359909 0.0345846526324749
0.0284191332757473 0.03542419895529747
0.028369737789034843 0.03286006301641464
0.028139712288975716 0.03187858313322067
0.027400869876146317 0.03946566581726074
0.027363024652004242 0.028804268687963486
0.026767080649733543 0.029202578589320183
0.02634149231016636 0.03855865076184273
0.025629930198192596 0.028140438720583916
0.025333650410175323 0.033902645111083984
