0.5376957654953003 0.5451323390007019
0.2247973382472992 0.2259051501750946
0.2246231585741043 0.2282230257987976
0.2242278754711151 0.23493479192256927
0.22361472249031067 0.23321323096752167
0.2234143316745758 0.2313961237668991
0.22275245189666748 0.22783389687538147
0.22257262468338013 0.2255571037530899
0.22124697268009186 0.23148664832115173
0.22085429728031158 0.23204423487186432
0.22047939896583557 0.23179836571216583
0.20532692968845367 0.2163371741771698
0.18761956691741943 0.18921472132205963
0.18204376101493835 0.1903049796819687
0.1796131134033203 0.23214676976203918
0.17812758684158325 0.17986685037612915
0.1731446236371994 0.17559118568897247
0.17285294830799103 0.19187144935131073
0.17025312781333923 0.17172688245773315
0.16934335231781006 0.1734706461429596
0.1654384434223175 0.16903822124004364
0.1647007316350937 0.20483514666557312
0.16292181611061096 0.2321120947599411
0.1628815084695816 0.1777990758419037
0.16207611560821533 0.16352017223834991
0.15915560722351074 0.19285579025745392
0.1573527306318283 0.1577334702014923
0.15732921659946442 0.21173305809497833
0.15617656707763672 0.16454024612903595
0.15467162430286407 0.19771289825439453
0.15370698273181915 0.15720684826374054
0.1530473232269287 0.16243937611579895
0.15212123095989227 0.15992406010627747
0.15130040049552917 0.21069611608982086
0.15103107690811157 0.1565728485584259
0.14973607659339905 0.15404094755649567
0.1493157595396042 0.26048117876052856
0.14810867607593536 0.154679074883461
0.14778466522693634 0.20387297868728638
0.14701169729232788 0.1475236564874649
0.14650505781173706 0.16055957973003387
0.1455778032541275 0.15881578624248505
0.14538544416427612 0.1935451626777649
0.14453883469104767 0.18353299796581268
0.14423729479312897 0.14472973346710205
0.14337342977523804 0.18549738824367523
0.1415361613035202 0.18053753674030304
0.1404220163822174 0.14869236946105957
0.14016853272914886 0.14361099898815155
0.13926899433135986 0.1687559336423874
0.1388532817363739 0.18642668426036835
0.1385069191455841 0.15230412781238556
0.13839319348335266 0.14416807889938354
0.13822375237941742 0.15635652840137482
0.13790827989578247 0.15370571613311768
0.13579997420310974 0.13898153603076935
0.13458633422851562 0.2531256079673767
0.13451555371284485 0.15011005103588104
0.1340761035680771 0.14699767529964447
0.13379712402820587 0.1350126713514328
0.1317368596792221 0.16532790660858154
0.13150329887866974 0.16128677129745483
0.1310141384601593 0.1519652158021927
0.130532369017601 0.19662803411483765
0.13003425300121307 0.16019265353679657
0.1299576759338379 0.17500139772891998
0.12959903478622437 0.14777465164661407
0.12946707010269165 0.16527968645095825
0.12923894822597504 0.13200145959854126
0.1280159205198288 0.15990859270095825
0.12757809460163116 0.13028238713741302
0.12739533185958862 0.2053249478340149
0.12661568820476532 0.19338032603263855
0.12647198140621185 0.17376191914081573
0.1263299137353897 0.17284372448921204
0.1263008415699005 0.15664321184158325
0.1262754648923874 0.15957483649253845
0.12625572085380554 0.12647071480751038
0.12622639536857605 0.1421811878681183
0.12556222081184387 0.13447852432727814
0.12465605139732361 0.1423429250717163
0.12463532388210297 0.15075494349002838
0.12460644543170929 0.17176654934883118
0.12447398155927658 0.15926103293895721
0.1239081621170044 0.1872900426387787
0.12379474937915802 0.13339528441429138
0.12377357482910156 0.12844112515449524
0.12290508300065994 0.16791504621505737
0.12233827263116837 0.21185994148254395
0.12230588495731354 0.12296541035175323
0.12221583724021912 0.12330389022827148
0.12113267183303833 0.12145154923200607
0.12098795175552368 0.14280304312705994
0.12035708129405975 0.16948530077934265
0.12011630088090897 0.16032977402210236
0.11990659683942795 0.12095382809638977
0.11917485296726227 0.12770140171051025
0.11832717806100845 0.14988739788532257
0.11748578399419785 0.12287487089633942
0.11723876744508743 0.1250673532485962
0.11662930995225906 0.12784425914287567
0.1163741946220398 0.12253332138061523
0.11628316342830658 0.11826404184103012
0.11604229360818863 0.15762342512607574
0.11516974121332169 0.13335590064525604
0.11399102210998535 0.1188407763838768
0.11324962228536606 0.18593935668468475
0.11320535838603973 0.1722801923751831
0.1130087599158287 0.18015766143798828
0.11254708468914032 0.13992244005203247
0.11253748834133148 0.15884873270988464
0.11238903552293777 0.25581982731819153
0.11172644048929214 0.18015938997268677
0.11138980835676193 0.13010168075561523
0.11135341227054596 0.11503378301858902
0.11132567375898361 0.11262550204992294
0.11130985617637634 0.14158965647220612
0.11127538233995438 0.12382212281227112
0.11125248670578003 0.11687459796667099
0.11114151775836945 0.16365575790405273
0.11078405380249023 0.11873122304677963
0.11058109253644943 0.1698513776063919
0.11055809259414673 0.1294710785150528
0.1101270467042923 0.14148260653018951
0.10996844619512558 0.16723336279392242
0.10989702492952347 0.19616162776947021
0.10902290791273117 0.12059834599494934
0.10895109921693802 0.1317959725856781
0.1085936576128006 0.1243024617433548
0.1078934520483017 0.12019544094800949
0.10766463726758957 0.12475758045911789
0.10753075778484344 0.11015942692756653
0.10709027200937271 0.169256329536438
0.10675545036792755 0.26129546761512756
0.1059165745973587 0.10856451839208603
0.10587623715400696 0.11618036776781082
0.10552690923213959 0.10844002664089203
0.10523590445518494 0.10892421752214432
0.10522682964801788 0.1253730058670044
0.10512950271368027 0.1405373066663742
0.10488588362932205 0.12325029820203781
0.10448304563760757 0.11426398158073425
0.10427765548229218 0.117821604013443
0.10425108671188354 0.10473549365997314
0.10390804708003998 0.12102019786834717
0.10390771180391312 0.11644706130027771
0.1034686267375946 0.11090125888586044
0.10339709371328354 0.12970508635044098
0.10286585241556168 0.11652638763189316
0.10250139236450195 0.12428712099790573
0.1023673489689827 0.11652770638465881
0.1022811233997345 0.11454985290765762
0.10208981484174728 0.19448640942573547
0.10144771635532379 0.10145306587219238
0.10126658529043198 0.11682263016700745
0.10104664415121078 0.11070501804351807
0.1003333330154419 0.12479057163000107
0.10020273178815842 0.1156376376748085
0.10015103965997696 0.10343760997056961
0.0998465046286583 0.10607143491506577
0.09938793629407883 0.11177729070186615
0.09935829043388367 0.11577192693948746
0.09914103895425797 0.14796625077724457
0.09906060993671417 0.1218942329287529
0.09902219474315643 0.10101109743118286
0.09894193708896637 0.1340501457452774
0.09842760860919952 0.10245724022388458
0.0982169583439827 0.1714344620704651
0.09802859276533127 0.1434190422296524
0.09774407744407654 0.10570411384105682
0.09752729535102844 0.10945427417755127
0.09750676155090332 0.1051519364118576
0.097234807908535 0.13336944580078125
0.09720858931541443 0.13575419783592224
0.09681572020053864 0.1306317001581192
0.09681386500597 0.10758136957883835
0.09632457047700882 0.19929355382919312
0.09632211923599243 0.10630932450294495
0.09561006724834442 0.19736263155937195
0.09546304494142532 0.09697967767715454
0.0952814444899559 0.11195104569196701
0.09502217173576355 0.09877686202526093
0.09501755237579346 0.10883982479572296
0.09466338157653809 0.11493156850337982
0.09457516670227051 0.11191664636135101
0.09447331726551056 0.13910724222660065
0.09434138983488083 0.14764094352722168
0.09402371942996979 0.17349134385585785
0.09387600421905518 0.116683229804039
0.09358938783407211 0.14494368433952332
0.09330999851226807 0.11290241032838821
0.09322047978639603 0.14753486216068268
0.09309423714876175 0.11272498965263367
0.09309185296297073 0.13302966952323914
0.09262733161449432 0.0927305519580841
0.09230071306228638 0.10450267046689987
0.09219854325056076 0.13446582853794098
0.09199286252260208 0.11996755748987198
0.09153246134519577 0.09829515218734741
0.09132395684719086 0.09827114641666412
0.09125680476427078 0.10850442200899124
0.09124695509672165 0.11336039751768112
0.09118066728115082 0.10332168638706207
0.09031815081834793 0.09145671129226685
0.09031273424625397 0.12846843898296356
0.09003351628780365 0.09446214139461517
0.08919371664524078 0.10379425436258316
0.08755962550640106 0.10285352170467377
0.0874040275812149 0.10444696247577667
0.08728157728910446 0.09871909767389297
0.08715326339006424 0.09114273637533188
0.08708438277244568 0.10292152315378189
0.08673463016748428 0.0897020697593689
0.08646067976951599 0.10029326379299164
0.08553293347358704 0.10478624701499939
0.08331549167633057 0.11213909834623337
0.08281128853559494 0.1081932932138443
0.08280113339424133 0.09828457981348038
0.08279475569725037 0.09671866148710251
0.08148911595344543 0.08768962323665619
0.08100641518831253 0.10890178382396698
0.08010262995958328 0.1710820198059082
0.08008532971143723 0.12432028353214264
0.0799327939748764 0.13670876622200012
