0.41768884658813477 0.4197198450565338
0.3720940947532654 0.3751772940158844
0.3718969225883484 0.3762071132659912
0.37185484170913696 0.37813815474510193
0.3718414008617401 0.3797183632850647
0.2078412026166916 0.2161267250776291
0.20049385726451874 0.21944324672222137
0.19818779826164246 0.21233555674552917
0.19814211130142212 0.20307406783103943
0.19792361557483673 0.21024610102176666
0.19593076407909393 0.1963730901479721
0.19484539330005646 0.21335436403751373
0.1941179633140564 0.22630640864372253
0.18625840544700623 0.1899939924478531
0.18172898888587952 0.1892199069261551
0.18095162510871887 0.18771138787269592
0.17979450523853302 0.1870175302028656
0.17954468727111816 0.19818352162837982
0.17928102612495422 0.2239321768283844
0.17759756743907928 0.19914409518241882
0.17463257908821106 0.20234975218772888
0.17453578114509583 0.19946563243865967
0.17146822810173035 0.1913752406835556
0.1707892268896103 0.17553618550300598
0.16909120976924896 0.18965651094913483
0.16787637770175934 0.18336185812950134
0.1656578779220581 0.17191801965236664
0.15929321944713593 0.16159091889858246
0.15927056968212128 0.1683937907218933
0.15830294787883759 0.1625077724456787
0.1582231968641281 0.17087967693805695
0.15691021084785461 0.19048218429088593
0.1561032235622406 0.1619177609682083
0.15573666989803314 0.1600213199853897
0.15540416538715363 0.21520347893238068
0.155259370803833 0.20811359584331512
0.15318410098552704 0.16554105281829834
0.15247969329357147 0.17468266189098358
0.15184235572814941 0.16599129140377045
0.15154854953289032 0.17355959117412567
0.1499599665403366 0.16650915145874023
0.14967092871665955 0.18770337104797363
0.14910797774791718 0.18708373606204987
0.14890949428081512 0.2520749568939209
0.14819450676441193 0.1611659824848175
0.14750151336193085 0.1540762037038803
0.14707203209400177 0.2152697890996933
0.14499326050281525 0.20586217939853668
0.1448863446712494 0.23816142976284027
0.14312756061553955 0.15365377068519592
0.1429855078458786 0.22145046293735504
0.14163289964199066 0.15048697590827942
0.14032825827598572 0.1642625480890274
0.1398828774690628 0.1770927757024765
0.13917291164398193 0.15682587027549744
0.13848911225795746 0.1838596910238266
0.13526661694049835 0.16314370930194855
0.1340196132659912 0.14012405276298523
0.1334749311208725 0.16212640702724457
0.13306324183940887 0.13904441893100739
0.1320483386516571 0.15568573772907257
0.13164758682250977 0.15347644686698914
0.1315019279718399 0.16173537075519562
0.1310386061668396 0.1707620769739151
0.13089019060134888 0.15472589433193207
0.1308393031358719 0.17351922392845154
0.13076694309711456 0.18029621243476868
0.13014310598373413 0.2566378116607666
0.13011014461517334 0.16334639489650726
0.12941233813762665 0.2570092976093292
0.12925565242767334 0.13095372915267944
0.12888483703136444 0.18219248950481415
0.12817412614822388 0.13699635863304138
0.12760140001773834 0.1433902084827423
0.12731562554836273 0.1469845175743103
0.12558849155902863 0.15343600511550903
0.12494195252656937 0.15045024454593658
0.12465810775756836 0.2136763632297516
0.12388338148593903 0.12495514005422592
0.12379048019647598 0.13295094668865204
0.1236356645822525 0.16870103776454926
0.12363404780626297 0.18242159485816956
0.12330368161201477 0.13058899343013763
0.12325229495763779 0.13666777312755585
0.1232028380036354 0.166494220495224
0.12229236215353012 0.1490131914615631
0.1221710741519928 0.1235516369342804
0.12177986651659012 0.1779852956533432
0.12162435799837112 0.12312096357345581
0.1213073879480362 0.21104592084884644
0.12120162695646286 0.20091880857944489
0.12100201100111008 0.19916895031929016
0.12081591784954071 0.1596778780221939
0.12073113024234772 0.12355291843414307
0.12020187079906464 0.1506267786026001
0.11964313685894012 0.2227201759815216
0.11959891766309738 0.17259372770786285
0.11878884583711624 0.2043514847755432
0.11794712394475937 0.16698113083839417
0.11678517609834671 0.12083080410957336
0.1163669303059578 0.15536756813526154
0.1163029670715332 0.20937632024288177
0.11610789597034454 0.15202435851097107
0.11596526950597763 0.15181970596313477
0.11574486643075943 0.16735173761844635
0.11574193090200424 0.18787239491939545
0.11543174088001251 0.13061736524105072
0.11508607864379883 0.1188872829079628
0.11477842926979065 0.13640354573726654
0.11440275609493256 0.13539224863052368
0.11434775590896606 0.12848709523677826
0.11411865055561066 0.13450749218463898
0.1141115128993988 0.2696409821510315
0.11407840996980667 0.20897480845451355
0.11386390030384064 0.12334021925926208
0.11383908241987228 0.16941873729228973
0.11353471875190735 0.13320392370224
0.11332281678915024 0.19443722069263458
0.11281272023916245 0.11538876593112946
0.11275916546583176 0.11306975781917572
0.11272776871919632 0.16790732741355896
0.11184411495923996 0.18502353131771088
0.11172740906476974 0.12689237296581268
0.11139973998069763 0.2441747784614563
0.111045241355896 0.2824278175830841
0.110295370221138 0.13057160377502441
0.11024679988622665 0.17507332563400269
0.11020322889089584 0.11132866889238358
0.11003760248422623 0.13368533551692963
0.10997824370861053 0.1122267097234726
0.10982630401849747 0.17410427331924438
0.10977980494499207 0.12270928174257278
0.10894938558340073 0.12281888723373413
0.10866498947143555 0.20087622106075287
0.10807842016220093 0.1388910412788391
0.10749659687280655 0.1086542159318924
0.10703340917825699 0.15032871067523956
0.10700573772192001 0.18731831014156342
0.10688312351703644 0.2617054581642151
0.10687670111656189 0.11840470880270004
0.10668182373046875 0.13093577325344086
0.10579279810190201 0.11389142274856567
0.1056666225194931 0.1067710667848587
0.10559144616127014 0.12259470671415329
0.10535696893930435 0.11686897277832031
0.10535062849521637 0.12121450155973434
0.10500209778547287 0.11616259813308716
0.10490569472312927 0.1300729513168335
0.10487207025289536 0.16906937956809998
0.10404778271913528 0.17132747173309326
0.10383230447769165 0.11477036774158478
0.10209815949201584 0.13130855560302734
0.1020565927028656 0.10454336553812027
0.10108283162117004 0.1311672031879425
0.10089240223169327 0.11086161434650421
0.10016519576311111 0.10621970146894455
0.1000017374753952 0.10943358391523361
0.0996287614107132 0.12475623935461044
0.09958234429359436 0.1179765909910202
0.09896577149629593 0.11483824253082275
0.09856463968753815 0.13437235355377197
0.09797132760286331 0.18438923358917236
0.09665653854608536 0.1259782761335373
0.09595899283885956 0.11165552586317062
0.09502734988927841 0.12549914419651031
0.093569315969944 0.09826234728097916
0.09250146150588989 0.09795059263706207
0.09249670803546906 0.11351662129163742
0.09249039739370346 0.09375710785388947
0.09242288768291473 0.11338525265455246
0.09194335341453552 0.09830067306756973
0.09171167016029358 0.09392965584993362
0.09138568490743637 0.11657555401325226
0.09079575538635254 0.11995749175548553
0.08774925768375397 0.1306479573249817
0.08769210427999496 0.09415235370397568
0.08665289729833603 0.13555337488651276
0.08629966527223587 0.09205341339111328
0.08628205209970474 0.1031406819820404
0.08481944352388382 0.09585096687078476
0.08211053907871246 0.09779564291238785
0.07833360135555267 0.08642300963401794
