0.614411473274231 0.6179666519165039
0.5965214371681213 0.6310828924179077
0.5910059809684753 0.6116285920143127
0.1371200680732727 0.26496750116348267
0.12527291476726532 0.6596055030822754
0.11858472228050232 0.1186409443616867
0.1055285781621933 0.1095556914806366
0.09986861795186996 0.11846363544464111
0.09846895188093185 0.10031301528215408
0.09752855449914932 0.11872616410255432
0.09625257551670074 0.10141319781541824
0.09454217553138733 0.09759394079446793
0.09312316030263901 0.10257531702518463
0.09206688404083252 0.12019093334674835
0.09089995920658112 0.0910610780119896
0.08726821094751358 0.08732330054044724
0.0866822674870491 0.08753395825624466
0.08610625565052032 0.08837027102708817
0.08594443649053574 0.09469889104366302
0.08584477007389069 0.08684038370847702
0.0857236459851265 0.08835514634847641
0.08456689864397049 0.08468886464834213
0.08429922163486481 0.09270473569631577
0.0833028107881546 0.0852956771850586
0.08261775225400925 0.08823460340499878
0.08206673711538315 0.08784621208906174
0.08146245777606964 0.08694317191839218
0.08137911558151245 0.09530428797006607
0.08065129816532135 0.2681881785392761
0.08012154698371887 0.09688585251569748
0.07952676713466644 0.08051763474941254
0.07911258190870285 0.12071564048528671
0.07889620214700699 0.09063804894685745
0.07863399386405945 0.08174797147512436
0.07837587594985962 0.09085264801979065
0.0783139020204544 0.07905322313308716
0.07812424004077911 0.10971049964427948
0.07755498588085175 0.09071473777294159
0.07621116936206818 0.0808127373456955
0.07619775831699371 0.1003044843673706
0.07616522908210754 0.13769030570983887
0.0761333480477333 0.126888707280159
0.07568869739770889 0.0819631889462471
0.07563690096139908 0.07905547320842743
0.07561220228672028 0.08425169438123703
0.07548486441373825 0.09181086719036102
0.07542485743761063 0.1066073402762413
0.07507967203855515 0.10068915039300919
0.07461939007043839 0.0867537185549736
0.07371221482753754 0.08324338495731354
0.07305324077606201 0.09345274418592453
0.07277271896600723 0.0733824074268341
0.07272925227880478 0.09494497627019882
0.07249880582094193 0.09093192964792252
0.07245717197656631 0.08886011689901352
0.07159103453159332 0.10980471968650818
0.07105723023414612 0.0728759616613388
0.07020948082208633 0.09165880084037781
0.07006604969501495 0.07420594990253448
0.06974011659622192 0.1522965133190155
0.06968563050031662 0.06984555721282959
0.06960625946521759 0.08308510482311249
0.06936568021774292 0.15338370203971863
0.06919530779123306 0.10261829197406769
0.06889869272708893 0.10053296387195587
0.0687483623623848 0.12718941271305084
0.06865230202674866 0.1402229517698288
0.06851326674222946 0.07989447563886642
0.06768798828125 0.10112733393907547
0.0675082802772522 0.1460600048303604
0.06683025509119034 0.07205841690301895
0.06453871726989746 0.1148744523525238
0.06405147165060043 0.07332895696163177
0.06379164010286331 0.06434093415737152
0.06369403749704361 0.06908444315195084
0.0633142963051796 0.0767531618475914
0.06327100098133087 0.06868885457515717
0.06247483566403389 0.09966523200273514
0.06233453005552292 0.12847885489463806
0.06209493428468704 0.0690360963344574
0.06208868697285652 0.06337549537420273
0.06143985688686371 0.09397177398204803
0.06048527732491493 0.07071146368980408
0.060039177536964417 0.07479529082775116
0.05979936197400093 0.07913526892662048
0.05923949182033539 0.06978990882635117
0.05697040632367134 0.08097217977046967
0.05599585175514221 0.08902569860219955
0.054182473570108414 0.07245095074176788
0.054146524518728256 0.06287423521280289
0.052774131298065186 0.07209612429141998
0.052680518478155136 0.06780968606472015
0.05240710824728012 0.05369903892278671
0.052099280059337616 0.054959461092948914
0.05208688974380493 0.05730915442109108
0.05182870849967003 0.05408954992890358
0.05175340920686722 0.05868644267320633
0.05147813633084297 0.05770574510097504
0.05120053142309189 0.06314323842525482
0.051042478531599045 0.06208925321698189
0.04970597103238106 0.06667879968881607
0.049590084701776505 0.06126273050904274
0.049411628395318985 0.05225088819861412
0.049147702753543854 0.05699734762310982
0.048834752291440964 0.052957262843847275
0.04838177189230919 0.07936406880617142
0.0483013354241848 0.052100758999586105
0.048096295446157455 0.056106291711330414
0.04791601747274399 0.056113265454769135
0.04559607431292534 0.06157301738858223
0.04527667909860611 0.057829197496175766
0.04477931931614876 0.05377909541130066
0.04447392001748085 0.051637694239616394
0.04348542541265488 0.04404744133353233
0.042043596506118774 0.0436563603579998
0.04092836380004883 0.041179656982421875
0.04036174714565277 0.05035817623138428
0.040164072066545486 0.047739848494529724
0.04010331630706787 0.04606175050139427
0.039950016885995865 0.046489644795656204
0.03722154349088669 0.043338842689991
