0.19457826018333435 0.1978428065776825
0.17904238402843475 0.1797415018081665
0.176442950963974 0.18623970448970795
0.17214056849479675 0.17215146124362946
0.17044004797935486 0.1734807789325714
0.16749419271945953 0.17075589299201965
0.1667773425579071 0.174592986702919
0.165889710187912 0.16688834130764008
0.16352583467960358 0.17293983697891235
0.16331812739372253 0.1721331775188446
0.16281650960445404 0.16532093286514282
0.15614506602287292 0.17907437682151794
0.1530284285545349 0.15531526505947113
0.15196266770362854 0.17089945077896118
0.1518116444349289 0.15745046734809875
0.1499551385641098 0.1667799949645996
0.14804108440876007 0.15147140622138977
0.1446683406829834 0.15417979657649994
0.13799579441547394 0.1569887101650238
0.13565869629383087 0.14007152616977692
0.13529960811138153 0.14443260431289673
0.1347379982471466 0.13831792771816254
0.13382281363010406 0.14255841076374054
0.13280649483203888 0.13400228321552277
0.13269686698913574 0.14593707025051117
0.13259388506412506 0.1335761845111847
0.13230843842029572 0.1354246288537979
0.13001154363155365 0.14266641438007355
0.12743808329105377 0.13314847648143768
0.12645047903060913 0.13365697860717773
0.12498658150434494 0.14331471920013428
0.12475032359361649 0.12900952994823456
0.12280404567718506 0.13063304126262665
0.12133924663066864 0.12402305752038956
0.121285580098629 0.12314361333847046
0.11914272606372833 0.12502500414848328
0.11829382181167603 0.11829563975334167
0.11369659006595612 0.12641040980815887
0.11304189264774323 0.11758178472518921
0.11279856413602829 0.11542515456676483
0.11037386208772659 0.1153288185596466
0.07822535932064056 0.08073653280735016
