0.1743582785129547 0.1774068921804428
0.1722692996263504 0.17444252967834473
0.17219626903533936 0.17248159646987915
0.17068420350551605 0.17248159646987915
0.17014430463314056 0.17226621508598328
0.1690709888935089 0.1723969280719757
0.16672223806381226 0.16756655275821686
0.166315957903862 0.16750003397464752
0.1657925397157669 0.17341642081737518
0.16534049808979034 0.17254136502742767
0.1650809645652771 0.170868381857872
0.16361816227436066 0.17833685874938965
0.16200926899909973 0.1712656021118164
0.16191838681697845 0.17581579089164734
0.15886707603931427 0.15916994214057922
0.1570620983839035 0.15722596645355225
0.1567934900522232 0.1591094583272934
0.15487752854824066 0.1797010898590088
0.15032042562961578 0.17371049523353577
0.14232583343982697 0.14759601652622223
0.1361948698759079 0.1362312287092209
0.12835709750652313 0.13135749101638794
0.09828779846429825 0.10110099613666534
0.09562171250581741 0.09611393511295319
