0.42029181122779846 0.4244075119495392
0.4194387197494507 0.4334651529788971
0.41895970702171326 0.42018598318099976
0.41694989800453186 0.41851434111595154
0.4151107668876648 0.41720569133758545
0.4146885573863983 0.4236491918563843
0.4134516417980194 0.42121270298957825
0.4109369218349457 0.4342786967754364
0.41021090745925903 0.4183497130870819
0.2872045040130615 0.29208382964134216
0.28446704149246216 0.4380471110343933
0.2830125689506531 0.30537742376327515
0.27912402153015137 0.3175191879272461
0.2741882801055908 0.28167688846588135
0.2722415328025818 0.28253787755966187
0.2713378965854645 0.28374579548835754
0.27016860246658325 0.279672771692276
0.2699473798274994 0.3067491948604584
0.26724690198898315 0.271918922662735
0.26604244112968445 0.2934376299381256
0.2627192437648773 0.2743399441242218
0.2622244358062744 0.26784422993659973
0.2616705894470215 0.263912558555603
0.26028719544410706 0.2609347999095917
0.25724950432777405 0.27479079365730286
0.25427788496017456 0.25752997398376465
0.172782763838768 0.1752832680940628
0.16613903641700745 0.16678887605667114
0.14898693561553955 0.17396801710128784
0.13923470675945282 0.14220084249973297
0.13895809650421143 0.15166643261909485
0.1389390379190445 0.14321260154247284
