0.17259059846401215 0.18905167281627655
0.16892340779304504 0.1772034466266632
0.15590324997901917 0.1583729237318039
0.144514262676239 0.14908289909362793
0.12151893228292465 0.12341166287660599
0.12135365605354309 0.12763947248458862
0.11646802723407745 0.12119673192501068
0.1130291149020195 0.11680376529693604
0.1084124892950058 0.10873405635356903
0.10656102001667023 0.10730083286762238
0.10535569489002228 0.11329962313175201
0.10214968025684357 0.11018066108226776
0.09741337597370148 0.10233472287654877
0.09673856943845749 0.0988163873553276
0.08541328459978104 0.0871315747499466
