0.6181700229644775 0.6189855933189392
0.6160203218460083 0.6234099864959717
0.6152641773223877 0.6194638013839722
0.6151977181434631 0.6238185167312622
0.6151319742202759 0.6187760829925537
0.6148485541343689 0.6152812242507935
0.6148051619529724 0.6160081028938293
0.6141707301139832 0.6169857382774353
0.6140886545181274 0.620240330696106
0.6138808727264404 0.6193549036979675
0.6138789057731628 0.618240237236023
0.6138031482696533 0.6172354221343994
0.6137867569923401 0.619321346282959
0.6136094927787781 0.6217038035392761
0.6134065389633179 0.6201539635658264
0.26713213324546814 0.6220364570617676
0.22878006100654602 0.2340032458305359
0.20157945156097412 0.2034146934747696
0.18496599793434143 0.1863745152950287
