0.4074931740760803 0.4085277020931244
0.4055967926979065 0.40633997321128845
0.4055896997451782 0.406698077917099
0.40459200739860535 0.4046677052974701
0.40215229988098145 0.4073779582977295
0.4016771912574768 0.40529492497444153
0.40150031447410583 0.4080669581890106
0.4005584716796875 0.40649327635765076
0.4002577066421509 0.4017506539821625
0.4001512825489044 0.40519654750823975
0.39925143122673035 0.4057261347770691
0.39919009804725647 0.4027206301689148
0.3982694149017334 0.4014975428581238
0.39649930596351624 0.4060637652873993
0.39591509103775024 0.39782676100730896
0.39578574895858765 0.40658119320869446
0.39464902877807617 0.40250810980796814
0.3945344388484955 0.39968186616897583
0.3886392116546631 0.39343416690826416
0.38688477873802185 0.39484211802482605
0.3832011818885803 0.3890739679336548
0.3793050944805145 0.38158664107322693
0.37119996547698975 0.38028791546821594
0.37116146087646484 0.37469878792762756
0.3666243255138397 0.40666961669921875
0.19653604924678802 0.40769726037979126
0.15758953988552094 0.15928485989570618
0.14672861993312836 0.15403074026107788
0.13063253462314606 0.13357113301753998
0.1302489936351776 0.15637873113155365
