0.16641131043434143 0.16700346767902374
0.16332869231700897 0.16613829135894775
0.16305993497371674 0.16484934091567993
0.1624634712934494 0.16803932189941406
0.16246289014816284 0.16344504058361053
0.16246044635772705 0.16357983648777008
0.16196127235889435 0.16336779296398163
0.1612141728401184 0.1663341522216797
0.16078804433345795 0.16482804715633392
0.16070020198822021 0.16336528956890106
0.16036535799503326 0.1655786633491516
0.1603376865386963 0.16043871641159058
0.16004592180252075 0.1619195193052292
0.16001106798648834 0.1676054447889328
0.15979716181755066 0.16290806233882904
0.15974092483520508 0.16081932187080383
0.1596926599740982 0.1684085577726364
0.15908363461494446 0.16656358540058136
0.1587708741426468 0.15938158333301544
0.15825968980789185 0.16628669202327728
0.1579367071390152 0.16089698672294617
0.1575159877538681 0.16168498992919922
0.15707196295261383 0.1576894372701645
0.1569490134716034 0.16389751434326172
0.15667317807674408 0.16679896414279938
0.15601593255996704 0.1698753386735916
0.1556067317724228 0.1676054447889328
0.1552685648202896 0.16576319932937622
0.1541195511817932 0.1684463769197464
0.1535378247499466 0.15466126799583435
0.15261569619178772 0.15344324707984924
0.15071196854114532 0.15755778551101685
0.14806844294071198 0.15582187473773956
0.1361466497182846 0.1404472291469574
0.13264434039592743 0.1699223518371582
0.12273535132408142 0.12284746021032333
0.11259067058563232 0.11397165060043335
0.100395567715168 0.10098773241043091
0.08322213590145111 0.08803918212652206
0.07703877985477448 0.07815005630254745
0.07460177689790726 0.07995401322841644
0.06832292675971985 0.06942971795797348
0.06524835526943207 0.06535983085632324
