0.19339008629322052 0.19394679367542267
0.18985067307949066 0.2062118947505951
0.18953882157802582 0.21473568677902222
0.18761149048805237 0.19146108627319336
0.18412943184375763 0.18557627499103546
0.1840636283159256 0.2112748622894287
0.18250499665737152 0.1906142234802246
0.18243539333343506 0.1910272240638733
0.18167831003665924 0.18399429321289062
0.18166060745716095 0.1828189492225647
0.18125824630260468 0.18573197722434998
0.18094642460346222 0.19469375908374786
0.17985250055789948 0.19706113636493683
0.17962422966957092 0.19130145013332367
0.1790827214717865 0.18709084391593933
0.17871415615081787 0.18123331665992737
0.17853890359401703 0.18878605961799622
0.1777009516954422 0.19153888523578644
0.1774703413248062 0.1867065727710724
0.1773829311132431 0.17872627079486847
0.1772894561290741 0.18832306563854218
0.176395446062088 0.18759594857692719
0.17630407214164734 0.1996549516916275
0.1758274883031845 0.1764826625585556
0.1751706898212433 0.18422281742095947
0.175114244222641 0.17924796044826508
0.17503131926059723 0.18387366831302643
0.17370936274528503 0.18328608572483063
0.1736803501844406 0.1974797397851944
0.17218473553657532 0.1789545863866806
0.17192257940769196 0.17682059109210968
0.17074544727802277 0.1792946755886078
0.17056100070476532 0.17106939852237701
0.170401930809021 0.17823278903961182
0.17033600807189941 0.17641939222812653
0.17033600807189941 0.1775726079940796
0.16979944705963135 0.19396619498729706
0.1696629375219345 0.17212915420532227
0.16943664848804474 0.17295290529727936
0.16936099529266357 0.18019267916679382
0.16898055374622345 0.17079967260360718
0.1686793863773346 0.19403038918972015
0.16809815168380737 0.17651790380477905
0.16734588146209717 0.18109163641929626
0.167171448469162 0.17295058071613312
0.1669488549232483 0.1734301894903183
0.16676704585552216 0.177863210439682
0.16673211753368378 0.16981057822704315
0.166696235537529 0.1832387000322342
0.16635403037071228 0.17099177837371826
0.16618312895298004 0.16878683865070343
0.16618038713932037 0.16874171793460846
0.16525037586688995 0.1729660928249359
0.1648031771183014 0.1735008955001831
0.16249459981918335 0.16956491768360138
0.1622762382030487 0.1744382381439209
0.16134919226169586 0.1625986397266388
0.16111187636852264 0.16578616201877594
0.16097047924995422 0.16336514055728912
0.16065713763237 0.16292302310466766
0.1606539934873581 0.16369816660881042
0.159309983253479 0.1599884182214737
0.15927305817604065 0.17399512231349945
0.15748171508312225 0.1648554503917694
0.1562211513519287 0.17224663496017456
0.15206480026245117 0.15685871243476868
0.1424592137336731 0.14728260040283203
0.13999459147453308 0.14270015060901642
0.13731041550636292 0.13881278038024902
0.1355854719877243 0.13613317906856537
0.13433191180229187 0.13838769495487213
0.1335994005203247 0.1402634084224701
0.1322549730539322 0.14012198150157928
0.13210523128509521 0.13629919290542603
0.13137078285217285 0.13431593775749207
0.13074125349521637 0.14209900796413422
0.1303027719259262 0.14327338337898254
0.1287069469690323 0.13161326944828033
0.12848618626594543 0.1344423145055771
0.12623201310634613 0.12701374292373657
0.12590189278125763 0.13078777492046356
0.12398047745227814 0.13249574601650238
0.123894102871418 0.13172470033168793
0.12371034920215607 0.14050498604774475
0.11794375628232956 0.1204736977815628
0.10870356857776642 0.10976017266511917
