0.14278043806552887 0.14887076616287231
0.14223536849021912 0.14533910155296326
0.1413755863904953 0.144668310880661
0.14083901047706604 0.14462827146053314
0.13930170238018036 0.14288154244422913
0.13822168111801147 0.13973167538642883
0.13782311975955963 0.1392265409231186
0.13675330579280853 0.13690708577632904
0.13649341464042664 0.13890774548053741
0.13606879115104675 0.13861334323883057
0.13584402203559875 0.1472482681274414
0.13550280034542084 0.14560922980308533
0.1347729116678238 0.15145355463027954
0.1312345564365387 0.13326554000377655
0.10468800365924835 0.10907463729381561
0.10301516205072403 0.12602466344833374
0.08167749643325806 0.08328838646411896
0.0747184231877327 0.07792094349861145
0.07425455003976822 0.07489897310733795
0.07222072035074234 0.07230108231306076
0.07191921025514603 0.0789126604795456
0.061271823942661285 0.06182520464062691
0.0578995943069458 0.05912322551012039
0.05304093286395073 0.05326731130480766
