0.5650011897087097 0.5668845176696777
0.5634245276451111 0.565867006778717
0.5623827576637268 0.5653656125068665
0.5605232119560242 0.5644797086715698
0.5603644251823425 0.5664724111557007
0.5603346228599548 0.562862753868103
0.5595517158508301 0.5637823343276978
0.5595162510871887 0.5617940425872803
0.559154212474823 0.5636024475097656
0.5590572953224182 0.5641717314720154
0.5588135123252869 0.5729897618293762
0.5577757358551025 0.5657709240913391
0.5572600364685059 0.5605016946792603
0.5569869875907898 0.5574184060096741
0.556937038898468 0.5688997507095337
0.5568157434463501 0.5585002303123474
0.5567263960838318 0.5675770044326782
0.5550022721290588 0.5637378096580505
0.5543681383132935 0.5648972392082214
0.5539510846138 0.5574333667755127
0.5534732341766357 0.5688171982765198
0.5526720285415649 0.5652357935905457
0.5512394905090332 0.5622091889381409
0.5490585565567017 0.5709193348884583
0.1896304339170456 0.1912391632795334
0.18680550158023834 0.19052958488464355
0.18253296613693237 0.19674719870090485
0.18180346488952637 0.20495128631591797
0.17974284291267395 0.1911560297012329
0.17797285318374634 0.1884070485830307
0.17364993691444397 0.17437148094177246
0.17318208515644073 0.18124327063560486
0.17258508503437042 0.18407867848873138
0.17121317982673645 0.17925222218036652
0.17070797085762024 0.18293870985507965
0.16908742487430573 0.18702664971351624
0.16908742487430573 0.18011535704135895
0.16824452579021454 0.18201467394828796
0.1678912341594696 0.17678280174732208
0.16773942112922668 0.17221474647521973
0.1672276258468628 0.18884311616420746
0.1659766435623169 0.17741036415100098
0.16538700461387634 0.16757407784461975
0.16533072292804718 0.16543146967887878
0.16369400918483734 0.16430187225341797
0.16278108954429626 0.16312415897846222
0.16237273812294006 0.17917777597904205
0.15950624644756317 0.17614324390888214
0.1584574431180954 0.16503244638442993
0.15810716152191162 0.1596081554889679
0.15713481605052948 0.16495682299137115
0.1567670851945877 0.16375583410263062
0.15660323202610016 0.18211118876934052
0.15620513260364532 0.1600932478904724
0.1555929183959961 0.1689576804637909
0.15483598411083221 0.1694650948047638
0.15472248196601868 0.17231984436511993
0.15456029772758484 0.1666482537984848
0.15433768928050995 0.1610405296087265
0.15409617125988007 0.16000421345233917
0.15365783870220184 0.1558869332075119
0.15359309315681458 0.16688044369220734
0.1534871757030487 0.16638602316379547
0.15335161983966827 0.16205695271492004
0.1529752016067505 0.16985218226909637
0.15270355343818665 0.15673694014549255
0.15081007778644562 0.16670382022857666
0.14994345605373383 0.1515507847070694
0.14905956387519836 0.16364386677742004
0.1482153981924057 0.15017130970954895
0.14753171801567078 0.14890412986278534
0.1474805474281311 0.15097452700138092
0.1436162143945694 0.14437399804592133
0.13782240450382233 0.14088471233844757
