0.35977891087532043 0.3755556344985962
0.33625802397727966 0.360725462436676
0.30433928966522217 0.31417492032051086
0.3005504906177521 0.30345603823661804
0.29855310916900635 0.31437617540359497
0.29653099179267883 0.30321064591407776
0.29653099179267883 0.30023589730262756
0.29434314370155334 0.2954227328300476
0.28721365332603455 0.3190705478191376
0.28352317214012146 0.3204032778739929
0.28129950165748596 0.31634074449539185
0.2811345160007477 0.32757097482681274
0.28091001510620117 0.3014719486236572
0.27912163734436035 0.27918919920921326
0.27750107645988464 0.2852296531200409
0.2758786976337433 0.3067212402820587
0.27470096945762634 0.3734092116355896
0.2745758891105652 0.2898719608783722
0.2733023464679718 0.293653279542923
0.26669958233833313 0.29476141929626465
0.2666661739349365 0.2740231156349182
0.2665734589099884 0.2688349485397339
0.2659648656845093 0.26726648211479187
0.26551833748817444 0.2889304459095001
0.26515862345695496 0.2702368497848511
0.2633979320526123 0.2810972332954407
0.26326385140419006 0.2645498216152191
0.2625160217285156 0.31731051206588745
0.2621753513813019 0.26612380146980286
0.25898489356040955 0.2662142813205719
0.2583587169647217 0.29699239134788513
0.2563297152519226 0.30388909578323364
0.2543163001537323 0.332537978887558
0.24612881243228912 0.24805989861488342
0.24535539746284485 0.25605693459510803
0.24482956528663635 0.2859901487827301
0.24354588985443115 0.28874605894088745
0.2428329735994339 0.25143277645111084
0.24178045988082886 0.2437649965286255
0.24075889587402344 0.2674606442451477
0.23995289206504822 0.26862388849258423
0.23738530278205872 0.24279069900512695
0.23655179142951965 0.24562369287014008
0.23483318090438843 0.2362188696861267
0.23141108453273773 0.2428768128156662
0.23122742772102356 0.234724760055542
0.23098966479301453 0.24086789786815643
0.2278016358613968 0.24717694520950317
0.21599392592906952 0.24110227823257446
0.2156832367181778 0.23838838934898376
0.21241320669651031 0.22577302157878876
0.20153851807117462 0.20452019572257996
0.1849825233221054 0.18743786215782166
