0.3077535927295685 0.3108036518096924
0.30710119009017944 0.3142526149749756
0.26114508509635925 0.2643532454967499
0.2565106451511383 0.2793286442756653
0.2519657015800476 0.2581644654273987
0.23224017024040222 0.23648476600646973
0.22671350836753845 0.22908979654312134
0.2246187925338745 0.2311052531003952
0.22450676560401917 0.22985780239105225
0.22009804844856262 0.2224518358707428
0.2160116285085678 0.2173765003681183
0.2053009569644928 0.21767190098762512
0.20004910230636597 0.20106108486652374
0.1968851089477539 0.19920571148395538
0.1953868865966797 0.21148552000522614
0.1933360993862152 0.21193282306194305
0.1838017851114273 0.33508142828941345
0.18345904350280762 0.1941065490245819
0.17615598440170288 0.17826755344867706
0.1695796102285385 0.18271732330322266
0.1650417000055313 0.16704268753528595
0.16340984404087067 0.17464882135391235
0.159938782453537 0.16262102127075195
0.1583319902420044 0.1589430570602417
0.14927184581756592 0.171869695186615
0.1395510584115982 0.14051851630210876
0.13326609134674072 0.14206573367118835
0.12882885336875916 0.1293504387140274
0.12520727515220642 0.13857293128967285
0.10116735100746155 0.10413815826177597
