0.34634894132614136 0.3516257703304291
0.34353965520858765 0.3438304662704468
0.34352022409439087 0.35915684700012207
0.34197819232940674 0.3592366576194763
0.3341211676597595 0.349795401096344
0.33356982469558716 0.3603649437427521
0.3319736421108246 0.33217573165893555
0.33190950751304626 0.358199805021286
0.3317318558692932 0.34410813450813293
0.33114367723464966 0.33874082565307617
0.3302169740200043 0.33531367778778076
0.32986336946487427 0.3320274353027344
0.32595187425613403 0.32732564210891724
0.3230622112751007 0.3312626779079437
0.32215654850006104 0.32280346751213074
0.32177671790122986 0.3370344936847687
0.321596622467041 0.33579468727111816
0.3212493062019348 0.3351128399372101
0.3209202289581299 0.3373221158981323
0.3203681707382202 0.34896913170814514
0.31958433985710144 0.33775216341018677
0.31909215450286865 0.32667165994644165
0.3186406195163727 0.33093833923339844
0.31770381331443787 0.31919702887535095
0.3172971308231354 0.32348087430000305
0.316393107175827 0.33182865381240845
0.3161988854408264 0.3243727684020996
0.3155427575111389 0.31726959347724915
0.3149888217449188 0.33759942650794983
0.3149876892566681 0.3701201379299164
0.31188321113586426 0.32396650314331055
0.29143407940864563 0.37019604444503784
0.2313603013753891 0.23255175352096558
0.20423316955566406 0.20865757763385773
