0.2557400166988373 0.28331801295280457
0.24195261299610138 0.246901735663414
0.23447711765766144 0.23915116488933563
0.2338816374540329 0.23932066559791565
0.2310914248228073 0.23962152004241943
0.23032763600349426 0.23970624804496765
0.22517666220664978 0.22832682728767395
0.21939511597156525 0.24507105350494385
0.21925637125968933 0.25610390305519104
0.21783392131328583 0.22997073829174042
0.21657294034957886 0.22300273180007935
0.21343575417995453 0.2179594337940216
0.21190623939037323 0.21875643730163574
0.21150833368301392 0.2128668576478958
0.21045096218585968 0.215011864900589
0.20916834473609924 0.22700011730194092
0.20897866785526276 0.23358754813671112
0.20719318091869354 0.21256928145885468
0.2026045322418213 0.2084030658006668
0.20036835968494415 0.2218010425567627
0.19543099403381348 0.21075837314128876
0.19487319886684418 0.19552725553512573
0.1903790533542633 0.19217157363891602
0.18991157412528992 0.20099394023418427
0.18965354561805725 0.20415635406970978
0.18713022768497467 0.1924859881401062
0.1846400499343872 0.20445849001407623
0.18290555477142334 0.1947460174560547
0.18133951723575592 0.1829618662595749
0.1807456910610199 0.18575240671634674
0.18035686016082764 0.19486220180988312
0.17831631004810333 0.19262109696865082
0.1767406463623047 0.21212080121040344
0.1732347011566162 0.18000704050064087
0.17193448543548584 0.1809288114309311
0.17152701318264008 0.18106147646903992
0.17131151258945465 0.18236008286476135
0.17124493420124054 0.17516636848449707
0.17048650979995728 0.17849735915660858
0.16924062371253967 0.20237454771995544
0.16713392734527588 0.17808479070663452
0.16228336095809937 0.16408030688762665
0.16069477796554565 0.16324131190776825
0.1565931737422943 0.16441623866558075
0.15650326013565063 0.15746568143367767
0.15559624135494232 0.16097238659858704
0.15543043613433838 0.16122083365917206
0.15421098470687866 0.16161499917507172
0.1465185582637787 0.1663307398557663
0.1417873203754425 0.14185968041419983
0.13995319604873657 0.14018763601779938
0.13642403483390808 0.14156341552734375
0.13581278920173645 0.13660158216953278
0.12517477571964264 0.1298978477716446
0.12137100845575333 0.12448644638061523
0.11642225831747055 0.11831187456846237
0.0931413546204567 0.09978879243135452
