0.6652198433876038 0.6660014986991882
0.6649901866912842 0.6660014986991882
0.3399829566478729 0.3422510325908661
0.3390934467315674 0.3421308696269989
0.33764326572418213 0.3401851952075958
0.3348214328289032 0.3366231620311737
0.3299107253551483 0.34847408533096313
0.3269362151622772 0.3273313343524933
0.3264235854148865 0.32780784368515015
0.32615968585014343 0.33051642775535583
0.3235158622264862 0.3253577947616577
0.323225736618042 0.3318468928337097
0.3216036260128021 0.3312879800796509
0.3177260756492615 0.31776538491249084
0.3171631097793579 0.32136350870132446
0.31667277216911316 0.3167939782142639
0.31556183099746704 0.33015069365501404
0.3155452609062195 0.31668588519096375
0.3141390085220337 0.32494503259658813
0.31413766741752625 0.32261091470718384
0.31365516781806946 0.31638526916503906
0.31272974610328674 0.32566964626312256
0.312116414308548 0.3278372287750244
