0.16735030710697174 0.1676676720380783
0.15750250220298767 0.15903811156749725
0.1526978760957718 0.15397119522094727
0.15075775980949402 0.16002768278121948
0.1502392739057541 0.15669220685958862
0.1489175409078598 0.1532132625579834
0.1455824077129364 0.15853287279605865
0.14256927371025085 0.1465831696987152
0.14182190597057343 0.1425934135913849
0.13542713224887848 0.13786795735359192
0.13336950540542603 0.1346648633480072
0.13240031898021698 0.1336641162633896
0.13186803460121155 0.13235193490982056
0.12861861288547516 0.13541412353515625
0.1274959295988083 0.13022148609161377
0.126154363155365 0.13842183351516724
0.1256692260503769 0.12905199825763702
0.12563921511173248 0.12571142613887787
0.12327966094017029 0.13997706770896912
0.12246906012296677 0.12545838952064514
0.11949938535690308 0.12263097614049911
0.11946817487478256 0.12045737355947495
0.11900695413351059 0.1267518401145935
0.11507640033960342 0.1277688592672348
0.11423482745885849 0.11903253197669983
0.11081252247095108 0.11382221430540085
0.10817428678274155 0.11318971961736679
0.10687515139579773 0.11295200139284134
0.09378396719694138 0.0964607447385788
0.09374184161424637 0.09508319944143295
0.0892779752612114 0.09107264876365662
0.08910979330539703 0.09047773480415344
0.08805984258651733 0.09440355747938156
0.08792369812726974 0.08855246752500534
0.08223429322242737 0.093325175344944
0.07381200790405273 0.0746474340558052
0.06824196130037308 0.07017264515161514
