0.21969063580036163 0.2318897694349289
0.20783039927482605 0.2085290402173996
0.2077498435974121 0.22231903672218323
0.20511223375797272 0.2166980654001236
0.20145456492900848 0.21872758865356445
0.1997353732585907 0.2119271457195282
0.19915805757045746 0.2083909809589386
0.19910745322704315 0.20118941366672516
0.194694384932518 0.1961149126291275
0.18872758746147156 0.19367651641368866
0.1838161200284958 0.18970800936222076
0.18112722039222717 0.1857966184616089
0.17698951065540314 0.17767855525016785
0.17424297332763672 0.17782384157180786
0.17397667467594147 0.17923963069915771
0.171264186501503 0.18398624658584595
0.1712077558040619 0.18010017275810242
0.16542595624923706 0.19141805171966553
0.1597473919391632 0.1708797961473465
0.15925920009613037 0.160337433218956
0.15676581859588623 0.15936389565467834
0.15457980334758759 0.15662738680839539
0.15338842570781708 0.1598448008298874
0.15300099551677704 0.15529777109622955
0.15014652907848358 0.16286247968673706
0.14823263883590698 0.15556064248085022
0.1443404257297516 0.14440324902534485
0.14287711679935455 0.1435563713312149
0.14265665411949158 0.1452590525150299
0.13431505858898163 0.15084098279476166
0.12612801790237427 0.1269017904996872
