0.2093856781721115 0.211857870221138
0.19299280643463135 0.19355224072933197
0.19257749617099762 0.1953411102294922
0.19047074019908905 0.19624567031860352
0.18923495709896088 0.2047928422689438
0.18406222760677338 0.18932178616523743
0.18306033313274384 0.1932988315820694
0.18206262588500977 0.19677245616912842
0.1811234951019287 0.19861416518688202
0.18044883012771606 0.18375003337860107
0.17843587696552277 0.18138310313224792
0.1762685924768448 0.19592802226543427
0.17602747678756714 0.18029241263866425
0.17509962618350983 0.176584392786026
0.17452280223369598 0.18677473068237305
0.17147788405418396 0.204940065741539
0.16964703798294067 0.18460233509540558
0.16941535472869873 0.17328420281410217
0.16696637868881226 0.1717548966407776
0.16673091053962708 0.18809935450553894
0.16502754390239716 0.1682494878768921
0.16463756561279297 0.17668861150741577
0.16421419382095337 0.16607466340065002
0.16325540840625763 0.17200523614883423
0.16312970221042633 0.19260810315608978
0.1560356318950653 0.16205361485481262
0.15551821887493134 0.16608339548110962
0.15483058989048004 0.17245525121688843
0.1529967337846756 0.15582136809825897
0.15286566317081451 0.15798641741275787
0.151322603225708 0.16921350359916687
0.15099671483039856 0.18460381031036377
0.15083128213882446 0.15133675932884216
0.14845125377178192 0.1560593843460083
0.1478652060031891 0.14953656494617462
0.14749065041542053 0.1479305475950241
0.14680084586143494 0.16154037415981293
0.1322111189365387 0.13245311379432678
0.12190719693899155 0.12580980360507965
0.11819589883089066 0.12674477696418762
0.08938156813383102 0.09139995276927948
