0.35208380222320557 0.35572925209999084
0.3453824818134308 0.3554174602031708
0.33327236771583557 0.3402118384838104
0.25277990102767944 0.2545042932033539
0.22543607652187347 0.23101453483104706
0.19788628816604614 0.20593304932117462
0.192823126912117 0.20258744060993195
0.18653355538845062 0.2016967535018921
0.1826893538236618 0.1945134401321411
0.17811104655265808 0.17815344035625458
0.17622025310993195 0.18362286686897278
0.17576484382152557 0.18311090767383575
0.1754552274942398 0.19733799993991852
0.17346911132335663 0.18273337185382843
0.17330949008464813 0.1812489777803421
0.17306292057037354 0.18807634711265564
0.1726708561182022 0.17382308840751648
0.1722106635570526 0.1964377462863922
0.17198456823825836 0.1770705133676529
0.17193543910980225 0.17535308003425598
0.16749489307403564 0.1838763803243637
0.16720761358737946 0.16734270751476288
0.166417196393013 0.18043215572834015
0.16322337090969086 0.17366556823253632
0.16304278373718262 0.18916882574558258
0.16247276961803436 0.17255575954914093
0.16193094849586487 0.17005981504917145
0.1585932821035385 0.169304758310318
0.14233164489269257 0.14795805513858795
0.1315227597951889 0.1318909078836441
0.13107509911060333 0.13108596205711365
0.12779340147972107 0.13528695702552795
0.12366845458745956 0.1257605105638504
0.10374689102172852 0.11291227489709854
0.10109088569879532 0.10279056429862976
