0.16208630800247192 0.16253039240837097
0.1609857678413391 0.16634975373744965
0.1584310233592987 0.1617017686367035
0.15842771530151367 0.16322027146816254
0.15777738392353058 0.15794645249843597
0.15774445235729218 0.15829098224639893
0.15756690502166748 0.1662338823080063
0.1575392335653305 0.15848533809185028
0.15666957199573517 0.16111700236797333
0.15610212087631226 0.15744994580745697
0.15598030388355255 0.16058242321014404
0.155009925365448 0.16281801462173462
0.15447518229484558 0.16448383033275604
0.15354719758033752 0.16230690479278564
0.15293961763381958 0.15360529720783234
0.151719331741333 0.16298626363277435
0.15087135136127472 0.16699205338954926
0.1469886600971222 0.15323981642723083
0.14281560480594635 0.14307650923728943
0.14095625281333923 0.15214583277702332
0.13916966319084167 0.144310861825943
0.13814446330070496 0.1689513772726059
0.13792648911476135 0.13881924748420715
0.13318036496639252 0.16896604001522064
0.1251029670238495 0.12933124601840973
0.11601250618696213 0.1182035356760025
0.07971063256263733 0.08400342613458633
0.07720158249139786 0.07748568803071976
0.07582391798496246 0.08341920375823975
0.06761904060840607 0.07101410627365112
