0.16292384266853333 0.1673772633075714
0.1616160124540329 0.1651473045349121
0.16159306466579437 0.16551227867603302
0.16106241941452026 0.16546951234340668
0.16075502336025238 0.1641186624765396
0.16018538177013397 0.16158191859722137
0.16010455787181854 0.16190525889396667
0.1599658876657486 0.16253389418125153
0.15883105993270874 0.15972506999969482
0.15833790600299835 0.16338200867176056
0.1580321341753006 0.16326001286506653
0.15792684257030487 0.15929564833641052
0.1577291339635849 0.16552206873893738
0.15687529742717743 0.16597126424312592
0.1568114459514618 0.17282266914844513
0.1559758335351944 0.1641186624765396
0.1547594964504242 0.15655706822872162
0.15067270398139954 0.15962457656860352
0.1498957723379135 0.15132132172584534
0.13573388755321503 0.1588209867477417
0.1313810497522354 0.1650286763906479
0.11189743131399155 0.11248689889907837
0.11099708080291748 0.11828019469976425
0.11043129116296768 0.11172329634428024
0.10595118254423141 0.11088907718658447
0.09837120026350021 0.09876465052366257
0.08874157816171646 0.08929678052663803
0.08872738480567932 0.0932285487651825
0.0863046795129776 0.09189906716346741
0.07728427648544312 0.08511604368686676
0.07725205272436142 0.09092960506677628
0.06985592097043991 0.07093486189842224
0.059637315571308136 0.06115669757127762
0.05949392914772034 0.0604841373860836
