0.2834331691265106 0.2874474823474884
0.2815457284450531 0.2961456775665283
0.2790243923664093 0.2957344353199005
0.2588523030281067 0.3245014250278473
0.23043301701545715 0.24720460176467896
0.22314798831939697 0.23500420153141022
0.2231059968471527 0.24026739597320557
0.21474437415599823 0.249955952167511
0.212484672665596 0.2166845053434372
0.21183784306049347 0.2273530662059784
0.2104347050189972 0.2341003119945526
0.21007196605205536 0.24035871028900146
0.2026028037071228 0.22014212608337402
0.18954849243164062 0.1946672797203064
0.1855790913105011 0.19626882672309875
0.17492076754570007 0.17789910733699799
0.17288413643836975 0.1733028143644333
0.17211979627609253 0.17424581944942474
0.1701694279909134 0.17785850167274475
0.1701003611087799 0.17040205001831055
0.1701003611087799 0.18570102751255035
0.1699056327342987 0.18275386095046997
0.16935844719409943 0.17170286178588867
0.16863933205604553 0.17779992520809174
0.1681639552116394 0.18186599016189575
0.16527900099754333 0.16892923414707184
0.16511373221874237 0.16631397604942322
0.16511373221874237 0.17221501469612122
0.16422055661678314 0.18424390256404877
0.16346433758735657 0.17194804549217224
0.16245582699775696 0.1687532365322113
0.16056384146213531 0.17826662957668304
0.1583460569381714 0.16888362169265747
0.15608736872673035 0.21459226310253143
0.15555889904499054 0.15731635689735413
0.1543940007686615 0.1587032526731491
0.15221956372261047 0.15921057760715485
0.15145759284496307 0.16018137335777283
0.14774717390537262 0.16137750446796417
0.14631356298923492 0.1597994863986969
0.14501358568668365 0.15518353879451752
0.1344866305589676 0.13643872737884521
0.13195133209228516 0.13430587947368622
0.12944768369197845 0.13532382249832153
0.12708601355552673 0.1300538182258606
0.11973486095666885 0.12275265902280807
0.1141652911901474 0.12412863224744797
