0.11331966519355774 0.11827365309000015
0.10461924970149994 0.10533436387777328
0.10249271988868713 0.10620678216218948
0.10034731030464172 0.11173754185438156
0.09663717448711395 0.10060190409421921
0.09615826606750488 0.09958036988973618
0.09324681758880615 0.09360186010599136
0.0925121009349823 0.09339465200901031
0.08840541541576385 0.09253837168216705
0.08793674409389496 0.0910801962018013
0.08772696554660797 0.09056905657052994
0.08345954120159149 0.08783330768346786
0.08292476087808609 0.08564063906669617
0.08141908794641495 0.08226990699768066
0.08049528300762177 0.08807258307933807
0.07698024809360504 0.07877694815397263
0.07601604610681534 0.08191854506731033
0.07597727328538895 0.07628471404314041
0.07525590807199478 0.08062344044446945
0.07365754246711731 0.0882628858089447
0.07184562087059021 0.0719054713845253
0.06502680480480194 0.06508873403072357
0.057669103145599365 0.05939508229494095
