0.4599798619747162 0.47916632890701294
0.22816021740436554 0.22955980896949768
0.22218026220798492 0.22251786291599274
0.22136810421943665 0.22241170704364777
0.22134102880954742 0.22845156490802765
0.2211909145116806 0.22756072878837585
0.22001805901527405 0.22010765969753265
0.21982473134994507 0.2225734144449234
0.21978670358657837 0.2228206992149353
0.2188936024904251 0.22884751856327057
0.21801547706127167 0.23404401540756226
0.21762371063232422 0.23709067702293396
0.21753396093845367 0.2212744653224945
0.21565039455890656 0.21792982518672943
0.21553152799606323 0.2214834988117218
0.21486453711986542 0.24651969969272614
0.21398209035396576 0.21559014916419983
0.21385784447193146 0.24509061872959137
0.21265415847301483 0.2358153760433197
0.2115367352962494 0.24623718857765198
0.21129214763641357 0.21838492155075073
0.21103033423423767 0.2442094087600708
0.2099239081144333 0.2126954346895218
0.20658697187900543 0.20731766521930695
0.2045471966266632 0.24727652966976166
0.09454965591430664 0.09722170233726501
0.08347245305776596 0.08439327776432037
