0.42281243205070496 0.4344557225704193
0.23857249319553375 0.2409517467021942
0.23803271353244781 0.24944131076335907
0.2362150400876999 0.23773373663425446
0.23259887099266052 0.23692448437213898
0.23255005478858948 0.23504093289375305
0.22878992557525635 0.2312253713607788
0.22152432799339294 0.23773373663425446
0.22044451534748077 0.22129979729652405
0.22038452327251434 0.24242675304412842
0.21322709321975708 0.2212565690279007
0.21277940273284912 0.21545520424842834
0.20940522849559784 0.2618058919906616
0.20533081889152527 0.2075665146112442
0.20042160153388977 0.21959151327610016
0.19699665904045105 0.20670385658740997
0.195738285779953 0.21732677519321442
0.19543206691741943 0.20222978293895721
0.19470933079719543 0.19970299303531647
0.1901116669178009 0.19229580461978912
0.18757550418376923 0.1880996823310852
0.1859065443277359 0.18606241047382355
0.18213646113872528 0.2211931049823761
0.18021585047245026 0.19363242387771606
0.17665177583694458 0.1871640980243683
0.17557522654533386 0.17946158349514008
0.1740456372499466 0.1792215257883072
0.17277735471725464 0.2106284499168396
0.1725543886423111 0.18046614527702332
0.17026518285274506 0.18659041821956635
0.16891248524188995 0.170730322599411
0.15720799565315247 0.15833653509616852
0.12209739536046982 0.12215843051671982
0.1210273876786232 0.12495613843202591
0.1006937175989151 0.1026768907904625
0.09034617245197296 0.09215667843818665
