0.518595278263092 0.5202489495277405
0.5184590220451355 0.5192628502845764
0.3654220700263977 0.3693035840988159
0.36310651898384094 0.3672950267791748
0.360370010137558 0.3628483712673187
0.35758718848228455 0.3753771483898163
0.3383624851703644 0.3383729159832001
0.2962515950202942 0.30065059661865234
0.2837003469467163 0.3081585764884949
0.27535760402679443 0.3866252601146698
0.24311599135398865 0.36578428745269775
0.17522032558918 0.17524245381355286
0.16440853476524353 0.16532878577709198
0.1625952273607254 0.16711822152137756
0.15349292755126953 0.15608859062194824
0.15247969329357147 0.15753589570522308
0.14126180112361908 0.14545367658138275
0.14122052490711212 0.15093599259853363
