0.1573805958032608 0.16178461909294128
0.1538180261850357 0.15819679200649261
0.1528758406639099 0.15363571047782898
0.15206699073314667 0.1623333841562271
0.15021473169326782 0.15338806807994843
0.14972518384456635 0.1501498520374298
0.14906352758407593 0.1526227593421936
0.14826644957065582 0.14832283556461334
0.14823341369628906 0.1542758196592331
0.1481783241033554 0.15120679140090942
0.1476053148508072 0.16128574311733246
0.1475152224302292 0.17959463596343994
0.1464831382036209 0.1474611610174179
0.14609169960021973 0.15299072861671448
0.14444836974143982 0.15045271813869476
0.1441882699728012 0.1456366777420044
0.14417868852615356 0.15542976558208466
0.1439949870109558 0.16272516548633575
0.14336644113063812 0.14844350516796112
0.14306096732616425 0.16214092075824738
0.14278250932693481 0.14887909591197968
0.1424930989742279 0.14575853943824768
0.14238199591636658 0.1446142941713333
0.1422327160835266 0.15248802304267883
0.14198023080825806 0.1424732804298401
0.14181049168109894 0.15900832414627075
0.14143365621566772 0.14620167016983032
0.14143365621566772 0.15026704967021942
0.14142876863479614 0.1666749268770218
0.14128264784812927 0.14454792439937592
0.1409582942724228 0.14585885405540466
0.1409122794866562 0.142185240983963
0.14080512523651123 0.14678211510181427
0.14056409895420074 0.14113013446331024
0.14043577015399933 0.1431802362203598
0.1404295116662979 0.14045079052448273
0.1401306539773941 0.14495128393173218
0.13933348655700684 0.15083225071430206
0.13925489783287048 0.14192065596580505
0.13906189799308777 0.15926827490329742
0.13885410130023956 0.14899782836437225
0.13859333097934723 0.1407068818807602
0.13852281868457794 0.14348673820495605
0.13793763518333435 0.14657191932201385
0.1368640810251236 0.13957573473453522
0.13626913726329803 0.13767965137958527
0.13524845242500305 0.13868826627731323
0.13308654725551605 0.13560722768306732
0.1323263794183731 0.14398740231990814
0.13222530484199524 0.1347282975912094
0.1173907071352005 0.14691118896007538
0.11582063883543015 0.11677315831184387
