0.30747976899147034 0.3085365295410156
0.2971016466617584 0.31917330622673035
0.2846100926399231 0.2882784605026245
0.27570411562919617 0.28139060735702515
0.2681467831134796 0.2793445885181427
0.26288846135139465 0.2641768753528595
0.2580496668815613 0.2615587115287781
0.25417426228523254 0.2610591650009155
0.25327321887016296 0.25838813185691833
0.2526037096977234 0.2803971469402313
0.2521023452281952 0.26689612865448
0.25180160999298096 0.2559571862220764
0.24751411378383636 0.29072248935699463
0.24700026214122772 0.24968700110912323
0.24533571302890778 0.26614484190940857
0.24055540561676025 0.24781176447868347
0.2391059398651123 0.24341197311878204
0.23397478461265564 0.28463760018348694
0.23385225236415863 0.2343033403158188
0.23381246626377106 0.2374047040939331
0.23211747407913208 0.2520902752876282
0.23118533194065094 0.23739072680473328
0.23060666024684906 0.23772303760051727
0.23060666024684906 0.23506128787994385
0.22972679138183594 0.23359708487987518
0.22929632663726807 0.23431546986103058
0.22909776866436005 0.2397434562444687
0.22721685469150543 0.23924438655376434
0.22684425115585327 0.23274081945419312
0.22477878630161285 0.24535924196243286
0.2155185341835022 0.2237139791250229
0.20676879584789276 0.20821203291416168
0.1995014101266861 0.1995631456375122
0.1975981891155243 0.21366265416145325
0.19645270705223083 0.20560017228126526
0.19405588507652283 0.19788941740989685
0.19354821741580963 0.20524998009204865
0.1873408704996109 0.19238731265068054
0.17259851098060608 0.18298742175102234
0.15276317298412323 0.16202130913734436
0.14092934131622314 0.14104287326335907
