0.18582114577293396 0.1862378865480423
0.18556812405586243 0.1904435008764267
0.18517272174358368 0.18982122838497162
0.18508540093898773 0.18742865324020386
0.1850329339504242 0.1897987425327301
0.18456806242465973 0.19406627118587494
0.18402251601219177 0.18963541090488434
0.18371571600437164 0.1899116486310959
0.1760711669921875 0.17772294580936432
0.17486032843589783 0.19485430419445038
0.17361228168010712 0.17605379223823547
0.17278148233890533 0.17987211048603058
0.1504688709974289 0.1565680354833603
0.10594097524881363 0.11292146891355515
0.08432196080684662 0.09232296049594879
0.08424384146928787 0.08836530148983002
0.07988578826189041 0.08774638921022415
0.07978227734565735 0.08731706440448761
