0.3244004547595978 0.32451868057250977
0.30658695101737976 0.3078766167163849
0.26445120573043823 0.26676133275032043
0.26063457131385803 0.2656918466091156
0.2355984002351761 0.23939678072929382
0.2349146455526352 0.23550362884998322
0.2321585714817047 0.24611979722976685
0.21627484261989594 0.23153413832187653
0.21416416764259338 0.21899709105491638
0.21193160116672516 0.21407844126224518
0.2029017060995102 0.21143092215061188
0.19601687788963318 0.19657348096370697
0.18297472596168518 0.1843317300081253
0.1814786195755005 0.18467088043689728
0.17479602992534637 0.1997402459383011
0.17323927581310272 0.1824589967727661
0.16566528379917145 0.16614936292171478
0.16422905027866364 0.16446928679943085
0.16039791703224182 0.16149763762950897
0.15613588690757751 0.17943140864372253
0.15473054349422455 0.16079680621623993
0.13143153488636017 0.13206148147583008
0.11936329305171967 0.12192273139953613
