0.1823119968175888 0.18436740338802338
0.1785363256931305 0.18267196416854858
0.17815525829792023 0.18106110394001007
0.17789345979690552 0.17897416651248932
0.17754608392715454 0.18151310086250305
0.17729546129703522 0.18082113564014435
0.17709402740001678 0.17760799825191498
0.175988107919693 0.17600110173225403
0.17558059096336365 0.18053632974624634
0.17406205832958221 0.1792697310447693
0.17386625707149506 0.17910347878932953
0.17385239899158478 0.17832884192466736
0.17354127764701843 0.18219605088233948
0.17340514063835144 0.17756414413452148
0.1727466732263565 0.1821865737438202
0.17190684378147125 0.1751183420419693
0.17098519206047058 0.17244695127010345
0.17070156335830688 0.17942415177822113
0.1706240028142929 0.1753399670124054
0.17012794315814972 0.17688210308551788
0.17003978788852692 0.18342022597789764
0.16933631896972656 0.1810179501771927
0.1687711477279663 0.1740417182445526
0.1676696389913559 0.1677808165550232
0.16645348072052002 0.17333832383155823
0.1650530993938446 0.16927193105220795
0.16439718008041382 0.17516987025737762
0.15943822264671326 0.1601882129907608
0.15943822264671326 0.18439243733882904
0.15283964574337006 0.1571900099515915
0.15247859060764313 0.18423907458782196
0.14269182085990906 0.14283674955368042
0.13046640157699585 0.1312110871076584
0.07515127211809158 0.07736869156360626
0.06464006006717682 0.06903110444545746
0.05965518206357956 0.0642620399594307
0.05576864257454872 0.06093543395400047
