0.35584503412246704 0.35829001665115356
0.35584503412246704 0.3581112027168274
0.2299749255180359 0.23217056691646576
0.21786004304885864 0.38335850834846497
0.20848502218723297 0.3350980281829834
0.1999228149652481 0.21104656159877777
0.19730037450790405 0.19737190008163452
0.17952002584934235 0.18008089065551758
0.16778044402599335 0.16874460875988007
0.16752839088439941 0.16853488981723785
0.15652985870838165 0.15838922560214996
0.1404874324798584 0.1550138294696808
0.13572794198989868 0.1401808261871338
0.13566285371780396 0.14937815070152283
0.12932993471622467 0.1322549432516098
