0.2608588933944702 0.261000394821167
0.2375156134366989 0.24327073991298676
0.23013713955879211 0.24745763838291168
0.2252729833126068 0.24076934158802032
0.22435016930103302 0.24191716313362122
0.22364649176597595 0.2245873063802719
0.22297990322113037 0.2386133372783661
0.22297775745391846 0.24514101445674896
0.22183547914028168 0.23760022222995758
0.22160935401916504 0.23226477205753326
0.22129878401756287 0.24379028379917145
0.22122733294963837 0.22670820355415344
0.22109343111515045 0.22317354381084442
0.2205560803413391 0.2442457675933838
0.2198181301355362 0.22095800936222076
0.2197103053331375 0.22072799503803253
0.21898892521858215 0.23026569187641144
0.21787616610527039 0.21936741471290588
0.2166692465543747 0.22670303285121918
0.2164267897605896 0.22998175024986267
0.2130131721496582 0.21950016915798187
0.21149252355098724 0.26455122232437134
0.21020881831645966 0.2618037164211273
0.20006103813648224 0.20053711533546448
0.1798660159111023 0.18058264255523682
0.16518664360046387 0.1759570688009262
0.16291791200637817 0.16460035741329193
0.16195112466812134 0.16902901232242584
0.15831676125526428 0.16133429110050201
0.13782356679439545 0.14094527065753937
