0.5325908660888672 0.5480017066001892
0.5050708055496216 0.5107426643371582
0.19055229425430298 0.19197683036327362
0.17175355553627014 0.1784859001636505
0.1681482344865799 0.1708797663450241
0.1656457781791687 0.16901111602783203
0.15818729996681213 0.15951979160308838
0.15345053374767303 0.1610378921031952
0.1486494094133377 0.15509434044361115
0.143575981259346 0.1607603132724762
0.14223605394363403 0.14354421198368073
0.13774380087852478 0.14354421198368073
0.13633589446544647 0.14762558043003082
0.13423003256320953 0.14249302446842194
0.12978392839431763 0.13603734970092773
0.12341341376304626 0.1247841939330101
0.1233484297990799 0.12350726127624512
0.12190525233745575 0.12352993339300156
0.11811137944459915 0.1221056878566742
0.10821248590946198 0.11184842884540558
0.10499614477157593 0.11047931015491486
