0.12200043350458145 0.12227584421634674
0.12034696340560913 0.12295842915773392
0.11974579840898514 0.12212393432855606
0.11876185983419418 0.12046430259943008
0.11827073991298676 0.11934765428304672
0.11781997233629227 0.11926160007715225
0.11741071194410324 0.12093927711248398
0.11705737560987473 0.12109239399433136
0.11699637025594711 0.11825835704803467
0.11616167426109314 0.12034779042005539
0.11576635390520096 0.11728554964065552
0.11569894105195999 0.12107178568840027
0.11500602215528488 0.1203213557600975
0.11429434269666672 0.12123740464448929
0.11428514122962952 0.11661996692419052
0.11413253098726273 0.11739260703325272
0.1134476438164711 0.12034779042005539
0.1133851706981659 0.11922626197338104
0.11328715085983276 0.12086985260248184
0.11236900091171265 0.11840292066335678
0.11234940588474274 0.12058079987764359
0.11234808713197708 0.11794807016849518
0.11232570558786392 0.12200977653265
0.11218038946390152 0.12084461003541946
0.11200171709060669 0.12125024199485779
0.11197097599506378 0.12117978185415268
0.11167020350694656 0.12224606424570084
0.11163458973169327 0.12268880754709244
0.11140979081392288 0.11249502003192902
0.1112801730632782 0.11763877421617508
0.11083503812551498 0.11488275974988937
0.11078017950057983 0.11266311258077621
0.11019638180732727 0.12171249836683273
0.10988302528858185 0.11683855950832367
0.10787326097488403 0.1100701093673706
0.10596319288015366 0.10675650089979172
0.10297359526157379 0.12134380638599396
0.07479474693536758 0.07778015732765198
0.07226084172725677 0.0758873000741005
0.06607826799154282 0.06701033562421799
0.06542178988456726 0.06653843820095062
