0.3510647714138031 0.35670551657676697
0.35080909729003906 0.3537186086177826
0.34889790415763855 0.35442084074020386
0.33656173944473267 0.36183732748031616
0.31956756114959717 0.32691290974617004
0.3142314851284027 0.3210500478744507
0.31057208776474 0.3291065990924835
0.30400508642196655 0.3070755898952484
0.30347731709480286 0.3038559854030609
0.2964536249637604 0.3155689835548401
0.29403984546661377 0.3007325232028961
0.29287949204444885 0.3436875641345978
0.29069191217422485 0.2952156364917755
0.2903555929660797 0.29149842262268066
0.2811671793460846 0.37140151858329773
0.20582029223442078 0.21519455313682556
0.19522707164287567 0.20593802630901337
0.19475829601287842 0.19890426099300385
0.18759779632091522 0.18813851475715637
0.18033786118030548 0.18376004695892334
0.17949190735816956 0.18362997472286224
0.17452044785022736 0.17770232260227203
0.172739639878273 0.17494064569473267
0.16900861263275146 0.17232447862625122
0.1648685783147812 0.17224563658237457
0.16155964136123657 0.16197991371154785
0.15901120007038116 0.16703622043132782
0.151112899184227 0.15315157175064087
0.14832398295402527 0.1532970368862152
0.1479552686214447 0.14814493060112
0.13100871443748474 0.13199658691883087
0.12410955876111984 0.12652403116226196
0.10971994698047638 0.11203356087207794
