0.22014321386814117 0.22455106675624847
0.20520314574241638 0.20725837349891663
0.20506852865219116 0.20642708241939545
0.20250403881072998 0.21855920553207397
0.20028944313526154 0.20196804404258728
0.19953186810016632 0.2798340618610382
0.19729895889759064 0.2153424173593521
0.19647662341594696 0.23972369730472565
0.19216227531433105 0.21211229264736176
0.19216227531433105 0.20547375082969666
0.18889771401882172 0.19092954695224762
0.18889771401882172 0.19406186044216156
0.18609493970870972 0.21021445095539093
0.18216338753700256 0.18357889354228973
0.18102996051311493 0.19472064077854156
0.18021637201309204 0.18856067955493927
0.17744997143745422 0.1791621893644333
0.1770508885383606 0.17890237271785736
0.17702598869800568 0.17776049673557281
0.17668768763542175 0.19323725998401642
0.17606227099895477 0.17984998226165771
0.1749521642923355 0.18612323701381683
0.16866393387317657 0.18152977526187897
0.16568973660469055 0.16692061722278595
0.16538581252098083 0.16702862083911896
0.16524195671081543 0.16581065952777863
0.16441163420677185 0.19696994125843048
0.16051116585731506 0.1761658936738968
0.15937285125255585 0.16307121515274048
0.15879561007022858 0.16869494318962097
0.1573329120874405 0.15909910202026367
0.15524113178253174 0.1567871868610382
0.15215447545051575 0.17788715660572052
0.150898739695549 0.15237337350845337
0.15007297694683075 0.15683118999004364
0.14845773577690125 0.15872591733932495
0.1454528570175171 0.16101516783237457
0.1446549892425537 0.15040527284145355
0.143877312541008 0.14399060606956482
0.14288775622844696 0.15320754051208496
0.14173389971256256 0.15349744260311127
0.14149518311023712 0.14216238260269165
0.13972531259059906 0.14582635462284088
0.1389857828617096 0.143371120095253
0.1387707144021988 0.16140156984329224
0.13785240054130554 0.14325040578842163
0.13749659061431885 0.14906853437423706
0.13553960621356964 0.1387343853712082
0.1352234184741974 0.14381541311740875
0.13473409414291382 0.13875025510787964
0.12881416082382202 0.12945067882537842
0.12289624661207199 0.12420942634344101
0.10202472656965256 0.10615692287683487
