0.24062024056911469 0.24711115658283234
0.22773317992687225 0.23064535856246948
0.21680758893489838 0.21777860820293427
0.21556630730628967 0.2191295474767685
0.2140832096338272 0.22184722125530243
0.21032953262329102 0.21113798022270203
0.21003368496894836 0.22035643458366394
0.2096073031425476 0.2164602428674698
0.20937156677246094 0.22999782860279083
0.20850075781345367 0.23679402470588684
0.20438946783542633 0.22241270542144775
0.20424345135688782 0.2136303335428238
0.20350754261016846 0.20731742680072784
0.20330721139907837 0.22055095434188843
0.20096953213214874 0.21552003920078278
0.19996726512908936 0.21715183556079865
0.19729526340961456 0.1981891691684723
0.19716224074363708 0.22039176523685455
0.19596925377845764 0.2095428705215454
0.19386188685894012 0.20454083383083344
0.19252292811870575 0.20066696405410767
0.19020070135593414 0.1985885202884674
0.18916091322898865 0.19004642963409424
0.18910261988639832 0.1930687576532364
0.18886229395866394 0.1918937712907791
0.18821246922016144 0.18868088722229004
0.18773697316646576 0.20439396798610687
0.1876310259103775 0.19969266653060913
0.18749061226844788 0.20499949157238007
0.18399566411972046 0.20609113574028015
0.18389514088630676 0.1857966184616089
0.18305769562721252 0.19234390556812286
0.18206635117530823 0.18252062797546387
0.17955681681632996 0.183489590883255
0.15495218336582184 0.15745890140533447
0.1428898274898529 0.14889957010746002
0.1366320252418518 0.1401757299900055
