0.3632473349571228 0.3715102970600128
0.3602580726146698 0.37716010212898254
0.3593426048755646 0.37486985325813293
0.35590124130249023 0.36478379368782043
0.35583174228668213 0.35766738653182983
0.3541821837425232 0.37170225381851196
0.35390424728393555 0.35825368762016296
0.35162317752838135 0.3528341054916382
0.35108810663223267 0.3594305217266083
0.3505018949508667 0.3596974015235901
0.34897422790527344 0.35819488763809204
0.34812667965888977 0.3530356287956238
0.34714290499687195 0.35381051898002625
0.34479978680610657 0.3859582543373108
0.34443438053131104 0.3642655909061432
0.34389543533325195 0.3440829813480377
0.34128373861312866 0.34629127383232117
0.28128981590270996 0.28599515557289124
0.2731741964817047 0.403899222612381
0.19368503987789154 0.20331428945064545
0.19258597493171692 0.20545633137226105
0.1874028891324997 0.19608862698078156
0.18358375132083893 0.19669640064239502
0.17244401574134827 0.1764739751815796
0.1641673445701599 0.1698237508535385
0.1622617542743683 0.16487061977386475
0.16068494319915771 0.1611495018005371
0.12090202420949936 0.12256033718585968
