0.46865442395210266 0.47408023476600647
0.466411292552948 0.47248023748397827
0.4659920632839203 0.4746254086494446
0.27062106132507324 0.2714036703109741
0.23893572390079498 0.24657024443149567
0.2376594841480255 0.28211790323257446
0.23518870770931244 0.2556903064250946
0.22317367792129517 0.22873491048812866
0.21788090467453003 0.22842106223106384
0.2128862589597702 0.2269509732723236
0.21197271347045898 0.2292081117630005
0.20993629097938538 0.21650265157222748
0.2018657922744751 0.2069372832775116
0.2007991075515747 0.2417311668395996
0.20005077123641968 0.2120618373155594
0.19796472787857056 0.20150631666183472
0.19675295054912567 0.2045360952615738
0.19234062731266022 0.19513554871082306
0.17947396636009216 0.19572152197360992
0.16810186207294464 0.1698911041021347
0.1613769680261612 0.16693180799484253
0.15121521055698395 0.15418559312820435
0.1509072631597519 0.16547317802906036
0.14163121581077576 0.1469329446554184
0.13392265141010284 0.13616357743740082
0.12337435036897659 0.14367668330669403
