0.4130435585975647 0.4209110140800476
0.41081076860427856 0.412360817193985
0.4023115634918213 0.42557060718536377
0.36573126912117004 0.37433287501335144
0.34860071539878845 0.39055365324020386
0.27060210704803467 0.2805579900741577
0.2680303752422333 0.2703467905521393
0.2668703496456146 0.267368882894516
0.2580927014350891 0.2585374414920807
0.25402870774269104 0.26017048954963684
0.2526281774044037 0.2738282382488251
0.24901674687862396 0.2683733403682709
0.24398751556873322 0.25364306569099426
0.24296890199184418 0.2450949251651764
0.24201145768165588 0.2495870739221573
0.2407195270061493 0.25283581018447876
0.23646293580532074 0.23999270796775818
0.23473262786865234 0.2631523013114929
0.23428598046302795 0.24863585829734802
0.23167330026626587 0.25660571455955505
0.23166832327842712 0.23800905048847198
0.23104117810726166 0.23308397829532623
0.22878500819206238 0.2318321317434311
0.22774219512939453 0.24364133179187775
0.22595173120498657 0.2318931519985199
0.22401687502861023 0.23124565184116364
0.22393909096717834 0.25648826360702515
0.22368986904621124 0.22563005983829498
0.22294707596302032 0.23737652599811554
0.2226511538028717 0.24806900322437286
0.22143493592739105 0.24753031134605408
0.221158966422081 0.23360122740268707
0.22075460851192474 0.22686760127544403
0.21907667815685272 0.23847518861293793
0.21870222687721252 0.2376260906457901
0.2181268185377121 0.24886590242385864
0.21771512925624847 0.236930713057518
0.21700403094291687 0.23702998459339142
0.21647696197032928 0.22885474562644958
0.21537669003009796 0.21844860911369324
0.21461500227451324 0.22572915256023407
0.21307410299777985 0.23105888068675995
0.2124854475259781 0.21938534080982208
0.20892676711082458 0.21690425276756287
0.20682483911514282 0.2219841182231903
0.19799871742725372 0.22059834003448486
0.19391754269599915 0.19629406929016113
0.19082528352737427 0.20349614322185516
0.16624818742275238 0.16793808341026306
0.15343663096427917 0.15913236141204834
0.14970268309116364 0.1556033045053482
0.1277664750814438 0.13588224351406097
0.12566153705120087 0.13189950585365295
