0.4265444576740265 0.42994996905326843
0.4208262860774994 0.43118348717689514
0.3912005126476288 0.4084607660770416
0.38226789236068726 0.4143582880496979
0.37433773279190063 0.37723127007484436
0.29731351137161255 0.31234443187713623
0.27984046936035156 0.29321661591529846
0.26931536197662354 0.2754281759262085
0.257861465215683 0.3068133592605591
0.256491482257843 0.2643541991710663
0.24747683107852936 0.25622323155403137
0.24437303841114044 0.2517756521701813
0.24279671907424927 0.25435546040534973
0.241812601685524 0.24742275476455688
0.24101656675338745 0.24832239747047424
0.23708222806453705 0.239102303981781
0.23159882426261902 0.23984196782112122
0.22964005172252655 0.23951002955436707
0.2293703258037567 0.23076975345611572
0.22775831818580627 0.24034221470355988
0.22708922624588013 0.23543387651443481
0.22615443170070648 0.2439846396446228
0.2256130874156952 0.23395785689353943
0.22429277002811432 0.23885753750801086
0.22415651381015778 0.2493169754743576
0.2185998409986496 0.22565880417823792
0.21338386833667755 0.2202175110578537
0.21277733147144318 0.21603214740753174
0.2086620330810547 0.22925227880477905
0.20721158385276794 0.20782876014709473
0.20654429495334625 0.21408258378505707
0.20438063144683838 0.20981644093990326
0.20344267785549164 0.2105960249900818
0.20131491124629974 0.20594725012779236
0.1963724046945572 0.22012647986412048
0.19055287539958954 0.1938946545124054
0.18641334772109985 0.20657336711883545
0.18276239931583405 0.1882954239845276
0.18133454024791718 0.19278883934020996
0.1793839931488037 0.19215494394302368
0.17568577826023102 0.19031193852424622
0.17100459337234497 0.1718773990869522
0.16299964487552643 0.16971832513809204
0.15002018213272095 0.15260609984397888
