0.36418184638023376 0.3667234480381012
0.23541243374347687 0.23702630400657654
0.23261427879333496 0.23404653370380402
0.22966083884239197 0.24516615271568298
0.22952376306056976 0.2686314284801483
0.22507989406585693 0.2257244884967804
0.2245137095451355 0.24169592559337616
0.22314059734344482 0.2257244884967804
0.22134988009929657 0.22424612939357758
0.22018766403198242 0.22715944051742554
0.21791419386863708 0.2427300214767456
0.17831401526927948 0.19358398020267487
0.15885338187217712 0.1600591242313385
0.1572997123003006 0.1636291742324829
0.15616311132907867 0.17116962373256683
0.14050625264644623 0.1492961347103119
0.13647745549678802 0.13775098323822021
