0.2476271688938141 0.26634934544563293
0.2282840758562088 0.24861297011375427
0.22155717015266418 0.23152711987495422
0.21677114069461823 0.2169782519340515
0.2000826746225357 0.20214973390102386
0.19943201541900635 0.21090158820152283
0.19524236023426056 0.19686481356620789
0.19279150664806366 0.20175161957740784
0.19129377603530884 0.1927005648612976
0.1863214373588562 0.19585949182510376
0.18341539800167084 0.1910276561975479
0.18341539800167084 0.1865283101797104
0.1808350384235382 0.18209517002105713
0.17983824014663696 0.1840420663356781
0.17913925647735596 0.1896364986896515
0.17531763017177582 0.1760777086019516
0.17304031550884247 0.18030379712581635
0.17149940133094788 0.18444174528121948
0.17089694738388062 0.18630847334861755
0.16969314217567444 0.18229243159294128
0.1695966124534607 0.18000973761081696
0.16856060922145844 0.16860923171043396
0.16703328490257263 0.16937650740146637
0.16539138555526733 0.18447767198085785
0.16341064870357513 0.17849823832511902
0.1633470356464386 0.17133425176143646
0.16291645169258118 0.1649203896522522
0.16290238499641418 0.17087428271770477
0.15849970281124115 0.17918771505355835
0.15709003806114197 0.1700633466243744
0.1549750119447708 0.160152405500412
0.15478436648845673 0.15555688738822937
0.15330658853054047 0.16225583851337433
0.14963875710964203 0.16252289712429047
0.14943499863147736 0.15381503105163574
0.1490975022315979 0.1565214842557907
0.14614790678024292 0.15860730409622192
0.13830140233039856 0.1416063904762268
0.13103556632995605 0.13990555703639984
0.1081324890255928 0.10917128622531891
