0.2799156606197357 0.27999264001846313
0.2673606872558594 0.27251216769218445
0.26439931988716125 0.2681128978729248
0.2626422345638275 0.26576799154281616
0.26154136657714844 0.27862393856048584
0.25652289390563965 0.2671734094619751
0.25296488404273987 0.26745861768722534
0.25106123089790344 0.2661936581134796
0.25103604793548584 0.2653990089893341
0.25024691224098206 0.276788592338562
0.24346937239170074 0.24918240308761597
0.22825178503990173 0.3067195415496826
0.21335257589817047 0.21409650146961212
0.182219460606575 0.1842103749513626
0.17183683812618256 0.17786048352718353
0.13869145512580872 0.14023198187351227
0.136100172996521 0.1541997194290161
0.13488036394119263 0.1364954560995102
0.13244935870170593 0.1343846470117569
0.13199125230312347 0.1389969140291214
0.1302970051765442 0.13094592094421387
0.12484993785619736 0.1253613978624344
0.12323658913373947 0.141973078250885
0.11030755192041397 0.11134587973356247
0.1043601706624031 0.10975880175828934
