0.5802510380744934 0.5802862644195557
0.560019850730896 0.5620734691619873
0.5478945970535278 0.5489720106124878
0.546444833278656 0.5489720106124878
0.546317994594574 0.5489720106124878
0.5461836457252502 0.5489720106124878
0.5460792183876038 0.550291121006012
0.5458837151527405 0.5512962937355042
0.5458600521087646 0.5489720106124878
0.26546159386634827 0.27628859877586365
0.264954537153244 0.2676517367362976
0.2627144455909729 0.2728124260902405
0.25535425543785095 0.27647072076797485
0.253303200006485 0.5800568461418152
0.17409780621528625 0.1743939071893692
0.13341617584228516 0.13392625749111176
