0.13204056024551392 0.13237181305885315
0.12575292587280273 0.1282436102628708
0.12563994526863098 0.12824013829231262
0.12122861295938492 0.1346248984336853
0.12095166742801666 0.12495368719100952
0.11948421597480774 0.1263807713985443
0.11237077414989471 0.11493869870901108
0.11083918064832687 0.11467287689447403
0.10824026167392731 0.11003874987363815
0.10810720175504684 0.11034290492534637
0.10198844224214554 0.10358326137065887
0.0991763174533844 0.10717923194169998
0.09074932336807251 0.09678516536951065
0.08416158705949783 0.09145746380090714
0.07517487555742264 0.08036744594573975
