0.40529966354370117 0.41184842586517334
0.3248365819454193 0.3605058789253235
0.3026043474674225 0.30666887760162354
0.2969380021095276 0.31205257773399353
0.286126971244812 0.4126800298690796
0.28599172830581665 0.2876147925853729
0.28579065203666687 0.2904922664165497
0.2823815941810608 0.2884146273136139
0.27913811802864075 0.37515780329704285
0.27337050437927246 0.29866480827331543
0.23590509593486786 0.24262775480747223
0.22898705303668976 0.25330081582069397
0.21879221498966217 0.23249047994613647
0.21565356850624084 0.22379416227340698
0.20406922698020935 0.23013141751289368
0.19947873055934906 0.2161407619714737
0.17375971376895905 0.19081707298755646
