0.7334809303283691 0.7362679839134216
0.7144003510475159 0.7268461585044861
0.7134995460510254 0.730251669883728
0.6968200206756592 0.7128492593765259
0.6841450929641724 0.6962659358978271
0.6689941883087158 0.670838475227356
0.6675942540168762 0.6754225492477417
0.6662887334823608 0.6714336276054382
0.664939284324646 0.6670892834663391
0.6646735668182373 0.738430380821228
0.658322811126709 0.6682079434394836
0.6581520438194275 0.6832848191261292
0.6578262448310852 0.6809333562850952
0.6564016938209534 0.6668484210968018
0.6552574038505554 0.6694753766059875
0.6546567678451538 0.6856339573860168
0.6546348929405212 0.6771240830421448
0.6522262096405029 0.7366219758987427
0.41299915313720703 0.41313251852989197
0.4026142656803131 0.40675997734069824
0.3956165611743927 0.4033094644546509
0.3883396089076996 0.41191017627716064
