0.17085228860378265 0.1711253672838211
0.16399896144866943 0.16701166331768036
0.14904169738292694 0.15942919254302979
0.1463923454284668 0.1468895971775055
0.14108513295650482 0.14942830801010132
0.14077091217041016 0.14101584255695343
0.14075081050395966 0.14117993414402008
0.14029838144779205 0.14939649403095245
0.13995811343193054 0.14288322627544403
0.1393895447254181 0.14511990547180176
0.139282688498497 0.1464831829071045
0.13926541805267334 0.13970115780830383
0.13910189270973206 0.14563493430614471
0.13906735181808472 0.14301533997058868
0.13851651549339294 0.14138732850551605
0.1381465196609497 0.14006340503692627
0.1379353404045105 0.1421879231929779
0.1367887705564499 0.1457400768995285
0.13635140657424927 0.1529550403356552
0.13633999228477478 0.14050006866455078
0.13568070530891418 0.14745186269283295
0.13556505739688873 0.13661523163318634
0.13541218638420105 0.14303278923034668
0.1353074312210083 0.140143483877182
0.1347040832042694 0.1405612975358963
0.1338154822587967 0.14234483242034912
0.13344010710716248 0.13992111384868622
0.13333608210086823 0.14271311461925507
0.13255831599235535 0.13678061962127686
0.13185617327690125 0.13643820583820343
0.13179723918437958 0.13217276334762573
0.13148120045661926 0.1440267413854599
0.13146278262138367 0.13210932910442352
0.13138039410114288 0.13515183329582214
0.1313546597957611 0.1335395723581314
0.1312958300113678 0.13290466368198395
0.13125936686992645 0.13688571751117706
0.13115856051445007 0.13683633506298065
0.13092643022537231 0.13123928010463715
0.1309032291173935 0.14325062930583954
0.1308789849281311 0.13524961471557617
0.130803644657135 0.13811597228050232
0.13071440160274506 0.1407085359096527
0.13060933351516724 0.1408359557390213
0.13048532605171204 0.13377155363559723
0.13036634027957916 0.14150197803974152
0.1303083747625351 0.13632503151893616
0.13002744317054749 0.13837803900241852
0.12924517691135406 0.13180787861347198
0.12886680662631989 0.13425719738006592
0.12849406898021698 0.13286498188972473
0.12841373682022095 0.1324862390756607
0.12794767320156097 0.13068081438541412
0.12785810232162476 0.14144642651081085
0.12755584716796875 0.1443648338317871
0.12676399946212769 0.12882180511951447
0.12466788291931152 0.1341075450181961
0.12416928261518478 0.12899257242679596
0.12416812777519226 0.13138353824615479
0.12363158166408539 0.13554659485816956
0.12349129468202591 0.12746568024158478
0.12324914336204529 0.12930811941623688
0.11811691522598267 0.12041281908750534
0.10648385435342789 0.10669200867414474
