0.20342251658439636 0.2038576900959015
0.18973541259765625 0.19630376994609833
0.18866686522960663 0.19469518959522247
0.18819300830364227 0.19760684669017792
0.18764126300811768 0.19027018547058105
0.18720196187496185 0.18785595893859863
0.1847185641527176 0.19377878308296204
0.1836560219526291 0.19339776039123535
0.18331168591976166 0.18714062869548798
0.18308112025260925 0.18892329931259155
0.1822413206100464 0.18981383740901947
0.18203598260879517 0.18804052472114563
0.1819748878479004 0.18339022994041443
0.18075211346149445 0.18428106606006622
0.17991384863853455 0.1858595609664917
0.17986024916172028 0.18737632036209106
0.1795690655708313 0.18281900882720947
0.1792239397764206 0.18570059537887573
0.1790042221546173 0.18543703854084015
0.17896729707717896 0.19112317264080048
0.17873407900333405 0.18751633167266846
0.17868715524673462 0.18656553328037262
0.17846713960170746 0.19090059399604797
0.17554855346679688 0.17716793715953827
0.17129993438720703 0.17534328997135162
0.16840462386608124 0.17435802519321442
0.15697139501571655 0.19929179549217224
0.1457180678844452 0.15176992118358612
0.13611310720443726 0.1377740055322647
0.1252266764640808 0.12613478302955627
0.12050797790288925 0.12052701413631439
0.10142047703266144 0.108572818338871
0.09995812177658081 0.10386241972446442
0.07269160449504852 0.07291081547737122
