0.1254500448703766 0.14359675347805023
0.1248113140463829 0.13063105940818787
0.12243881821632385 0.18374590575695038
0.11600098013877869 0.11820249259471893
0.11568532139062881 0.11901286989450455
0.11568532139062881 0.1266704499721527
0.11426382511854172 0.17596592009067535
0.11329416185617447 0.20532312989234924
0.10767296701669693 0.13223420083522797
0.10446349531412125 0.1096629798412323
0.1034175232052803 0.11172303557395935
0.09975188225507736 0.1078263372182846
0.09483388811349869 0.10899430513381958
0.09483388811349869 0.09694569557905197
0.09143535047769547 0.0954243540763855
0.09001924097537994 0.09370627999305725
0.08995230495929718 0.09141169488430023
0.08825670927762985 0.0959867611527443
0.08746912330389023 0.08950190246105194
0.08567219972610474 0.08950252830982208
0.08490914106369019 0.08492815494537354
0.08392221480607986 0.09233786910772324
0.07757524400949478 0.08580269664525986
0.0770118311047554 0.0826091393828392
