0.18636861443519592 0.18933142721652985
0.1822197437286377 0.1843019723892212
0.1820603758096695 0.18410061299800873
0.18158788979053497 0.18192341923713684
0.18056036531925201 0.18299126625061035
0.17968569695949554 0.187157541513443
0.17570757865905762 0.18958453834056854
0.12323864549398422 0.1327771693468094
0.12315674871206284 0.1232137605547905
0.1229315996170044 0.12838871777057648
0.12278995662927628 0.1232137605547905
0.12149907648563385 0.12275798618793488
0.12061677873134613 0.17883507907390594
0.11937372386455536 0.1251695156097412
0.11832034587860107 0.1212703287601471
0.11631404608488083 0.117606021463871
0.11552421003580093 0.11884516477584839
0.11498796194791794 0.12539714574813843
0.11402817815542221 0.1142791360616684
0.1132621020078659 0.11528593301773071
0.11277037113904953 0.11677537858486176
0.11251988261938095 0.12624558806419373
0.1119423508644104 0.11301227658987045
0.11170446872711182 0.11252763867378235
0.11140330880880356 0.11164572834968567
0.11138075590133667 0.11480479687452316
0.11110809445381165 0.12111616134643555
0.10999990254640579 0.1213279664516449
0.10995331406593323 0.11185859143733978
0.10994336754083633 0.11827532202005386
0.10961682349443436 0.11107216030359268
0.10545699298381805 0.11202959716320038
0.10499252378940582 0.10813356935977936
0.10464867949485779 0.13086119294166565
0.1041242852807045 0.11037708073854446
0.1032576635479927 0.11178930848836899
0.09948354959487915 0.10535531491041183
