0.42998409271240234 0.4387672245502472
0.4112159013748169 0.44234588742256165
0.4097515642642975 0.4111776351928711
0.4059036374092102 0.4243711531162262
0.4016569256782532 0.4188441038131714
0.39377260208129883 0.42202258110046387
0.39090806245803833 0.41082999110221863
0.38896480202674866 0.43324097990989685
0.3866825997829437 0.4177783131599426
0.33223941922187805 0.44237831234931946
0.29908573627471924 0.30106252431869507
0.2894424498081207 0.4526333510875702
0.28063198924064636 0.44894322752952576
