0.2971663773059845 0.29803478717803955
0.2941129207611084 0.3016599714756012
0.2935992479324341 0.31012779474258423
0.2649616003036499 0.26966455578804016
0.1908687949180603 0.19343820214271545
0.16819961369037628 0.18102438747882843
0.1623566448688507 0.18852801620960236
0.15290848910808563 0.15356995165348053
0.14713366329669952 0.14849990606307983
0.14572526514530182 0.14862756431102753
0.14479504525661469 0.15280687808990479
0.1446281224489212 0.15987539291381836
0.143685981631279 0.14873751997947693
0.14174647629261017 0.1425546407699585
0.13894255459308624 0.14264488220214844
0.1388341337442398 0.14083437621593475
0.13688744604587555 0.14408499002456665
0.13639554381370544 0.139604389667511
0.13435503840446472 0.13919475674629211
0.1339183747768402 0.1419340819120407
0.13384224474430084 0.13921090960502625
0.13303427398204803 0.1333002895116806
0.13277111947536469 0.13951019942760468
0.13032235205173492 0.1369544267654419
0.12597760558128357 0.12689435482025146
0.1257164627313614 0.1325240135192871
0.1254921853542328 0.1387389451265335
0.12506473064422607 0.15144167840480804
0.12462642788887024 0.12966565787792206
0.12421413511037827 0.13666944205760956
0.12275107949972153 0.14383584260940552
0.12249552458524704 0.14739613234996796
0.12085524201393127 0.12454909086227417
0.11885088682174683 0.1193467453122139
0.11832421272993088 0.11961662024259567
0.11732509732246399 0.11785116791725159
0.11647816002368927 0.1220640018582344
0.11633434891700745 0.12268407642841339
0.11325746774673462 0.1206970140337944
0.11298137903213501 0.12433123588562012
0.11273348331451416 0.11555009335279465
0.11052954941987991 0.11165700852870941
0.10738620907068253 0.11266491562128067
0.10693544149398804 0.10875961184501648
0.10339568555355072 0.10399097204208374
0.10122254490852356 0.10562184453010559
0.10013312846422195 0.10299377143383026
0.09005197882652283 0.09195501357316971
