0.09956558793783188 0.10254823416471481
0.09829101711511612 0.10230864584445953
0.09602053463459015 0.0992499589920044
0.09503650665283203 0.10598839819431305
0.09188749641180038 0.09328534454107285
0.08947347104549408 0.09053906053304672
0.0888146236538887 0.0907241553068161
0.08872895687818527 0.09005465358495712
0.08851349353790283 0.09194446355104446
0.08668283373117447 0.0894436463713646
0.08647110313177109 0.09018979221582413
0.08574171364307404 0.08821151405572891
0.0835607573390007 0.08459611982107162
0.08354002237319946 0.09141936153173447
0.08336006104946136 0.09431073814630508
0.08308643102645874 0.08673328161239624
0.08274510502815247 0.08317020535469055
0.08255008608102798 0.09320677816867828
0.08245033770799637 0.08472757786512375
0.08243634551763535 0.09121657907962799
0.08164027333259583 0.09516412019729614
0.08130674809217453 0.08676575869321823
0.08117828518152237 0.08377108722925186
0.08114918321371078 0.08570709079504013
0.08076242357492447 0.08547574281692505
0.0802973061800003 0.08351849019527435
0.07969609647989273 0.08480127900838852
0.07948634028434753 0.08481394499540329
0.0793653130531311 0.08266282081604004
0.07927479594945908 0.07939258217811584
0.079056017100811 0.08952198177576065
0.0781988650560379 0.08113966882228851
0.07806472480297089 0.08880037069320679
0.07768595218658447 0.08128537237644196
0.07745858281850815 0.09220593422651291
0.07730569690465927 0.08383224904537201
0.0770050510764122 0.08119745552539825
0.07664800435304642 0.07902240753173828
0.07614223659038544 0.07917961478233337
0.07552230358123779 0.07809648662805557
0.07528969645500183 0.0782967358827591
0.074997179210186 0.07567646354436874
0.0730372816324234 0.08161061257123947
0.05609825998544693 0.05654984712600708
0.043457917869091034 0.043624404817819595
