0.1157103180885315 0.11579784005880356
0.11566763371229172 0.12191025167703629
0.11526788771152496 0.1201276108622551
0.11348073184490204 0.11650455743074417
0.11239892989397049 0.12575846910476685
0.11099610477685928 0.11301133781671524
0.10991164296865463 0.12270760536193848
0.10895370692014694 0.11406861245632172
0.10879100859165192 0.11218936741352081
0.10795243084430695 0.10972414165735245
0.10584132373332977 0.10952829569578171
0.10521501302719116 0.10864315181970596
0.10431194305419922 0.11690744757652283
0.10340442508459091 0.11619789898395538
0.10185728222131729 0.11632070690393448
0.10103678703308105 0.10858997702598572
0.10100571066141129 0.10949920117855072
0.10062585771083832 0.10112461447715759
0.1002693846821785 0.10409161448478699
0.0999261736869812 0.10154440253973007
0.09929802268743515 0.10203585773706436
0.0991576686501503 0.10338564962148666
0.09829314053058624 0.09923838078975677
0.09826350212097168 0.1002722680568695
0.09800848364830017 0.10443709790706635
0.09690473973751068 0.10229239612817764
0.09506324678659439 0.09618010371923447
0.09031292051076889 0.09099357575178146
0.08621133118867874 0.08783462643623352
0.08596603572368622 0.08740934729576111
0.0834532305598259 0.08929278701543808
0.08135935664176941 0.08522742986679077
0.07813869416713715 0.08077768236398697
0.07668878138065338 0.07684048265218735
0.07424597442150116 0.07490821182727814
0.07320493459701538 0.07575053721666336
0.06607824563980103 0.07471656799316406
