0.21719682216644287 0.22937878966331482
0.21003314852714539 0.22748017311096191
0.20873838663101196 0.23941382765769958
0.20841126143932343 0.2160840630531311
0.20523786544799805 0.212905153632164
0.20488359034061432 0.21072952449321747
0.20360034704208374 0.21527327597141266
0.20317113399505615 0.20600298047065735
0.19969719648361206 0.22693680226802826
0.19887001812458038 0.20800268650054932
0.19700108468532562 0.19778096675872803
0.19667699933052063 0.21865037083625793
0.19538657367229462 0.19932052493095398
0.1950896829366684 0.20318882167339325
0.194428488612175 0.19465789198875427
0.19401828944683075 0.22375862300395966
0.1928953230381012 0.19641968607902527
0.19200445711612701 0.202721506357193
0.19194675981998444 0.20537148416042328
0.1896538883447647 0.19430014491081238
0.18885110318660736 0.21423514187335968
0.18805579841136932 0.21709904074668884
0.18453572690486908 0.19508637487888336
0.18363778293132782 0.1845078319311142
0.18208210170269012 0.18572662770748138
0.18086400628089905 0.18322061002254486
0.1780771017074585 0.18187017738819122
0.12720796465873718 0.12932318449020386
0.1092098131775856 0.11736560612916946
0.10470318049192429 0.1130681037902832
