0.17656239867210388 0.18243269622325897
0.16977283358573914 0.1832309514284134
0.16917821764945984 0.16943463683128357
0.16903112828731537 0.17488576471805573
0.16642041504383087 0.17583248019218445
0.16625843942165375 0.17064625024795532
0.15782661736011505 0.1590811312198639
0.1511813849210739 0.1617637723684311
0.1510014683008194 0.17034241557121277
0.14996272325515747 0.15148530900478363
0.14738225936889648 0.1524396538734436
0.146744966506958 0.15120752155780792
0.14553973078727722 0.15700969099998474
0.1450718194246292 0.15744812786579132
0.14505361020565033 0.15609194338321686
0.14397072792053223 0.1546115130186081
0.14352865517139435 0.15661059319972992
0.14333806931972504 0.14698244631290436
0.1429465115070343 0.14524580538272858
0.14293551445007324 0.15598812699317932
0.14279191195964813 0.16128243505954742
0.14182119071483612 0.16150625050067902
0.1416076123714447 0.1548994779586792
0.13758066296577454 0.1470978558063507
0.13554540276527405 0.141522616147995
0.1346013844013214 0.13494659960269928
0.13376635313034058 0.13718725740909576
0.1333252340555191 0.13793855905532837
0.13037137687206268 0.1398324966430664
0.12909390032291412 0.1375608742237091
0.12825453281402588 0.1496509611606598
0.12824983894824982 0.13356049358844757
0.1276015341281891 0.13263659179210663
0.12261538952589035 0.12411576509475708
0.11964982748031616 0.1237105280160904
0.11098826676607132 0.11186956614255905
0.11084665358066559 0.12167136371135712
0.11056588590145111 0.11655572056770325
0.10767626762390137 0.10903923213481903
0.10697701573371887 0.11169704049825668
0.10352026671171188 0.10694517940282822
0.1034247875213623 0.10358725488185883
0.10078585892915726 0.10713649541139603
0.0975487232208252 0.1015484407544136
