0.2993762791156769 0.3007895052433014
0.24565012753009796 0.25906407833099365
0.24461282789707184 0.2542954385280609
0.23900935053825378 0.2507815659046173
0.2371612936258316 0.23758915066719055
0.22887296974658966 0.2405833750963211
0.22039838135242462 0.23013854026794434
0.21830913424491882 0.23857060074806213
0.21573960781097412 0.22036661207675934
0.215331569314003 0.22657030820846558
0.21502861380577087 0.21835599839687347
0.2141294777393341 0.24406462907791138
0.20950624346733093 0.21645961701869965
0.20879602432250977 0.22159866988658905
0.20736537873744965 0.2278902381658554
0.2058001160621643 0.2130931168794632
0.20393452048301697 0.20680560171604156
0.20367422699928284 0.2129906862974167
0.20252582430839539 0.2166999727487564
0.20126156508922577 0.20498409867286682
0.20076440274715424 0.2116735875606537
0.200070321559906 0.20764565467834473
0.19997936487197876 0.216342955827713
0.19910427927970886 0.20728899538516998
0.19884929060935974 0.20274002850055695
0.19751444458961487 0.20698148012161255
0.19263389706611633 0.2060435265302658
0.18963730335235596 0.20091545581817627
0.18855661153793335 0.1886621117591858
0.18832914531230927 0.1912936419248581
0.18814902007579803 0.195463165640831
0.18731769919395447 0.19468139111995697
0.18540121614933014 0.19004492461681366
0.1835939735174179 0.1854913979768753
0.183419331908226 0.18513795733451843
0.1820715367794037 0.19915369153022766
0.18066903948783875 0.18485909700393677
0.1766626238822937 0.17941461503505707
0.17415250837802887 0.17884284257888794
0.17370952665805817 0.17647479474544525
0.17115329205989838 0.18086402118206024
0.1709468960762024 0.1717122197151184
0.16759806871414185 0.16932347416877747
0.1654558628797531 0.17220300436019897
0.16350170969963074 0.16620409488677979
0.16036692261695862 0.17386651039123535
0.1567649096250534 0.17276255786418915
0.15574423968791962 0.16775496304035187
0.15413974225521088 0.15579155087471008
0.14092899858951569 0.14623552560806274
