0.18949101865291595 0.19280339777469635
0.18235483765602112 0.18726308643817902
0.1812015175819397 0.18680065870285034
0.1806376427412033 0.18622267246246338
0.17822960019111633 0.18622267246246338
0.16662515699863434 0.16875861585140228
0.16398365795612335 0.1771124005317688
0.16202126443386078 0.16693422198295593
0.16060186922550201 0.16213831305503845
0.15614087879657745 0.19299985468387604
0.1184849664568901 0.11979836225509644
0.10327532142400742 0.10358792543411255
0.09920234978199005 0.10591237992048264
0.09793831408023834 0.10981208831071854
0.09741091728210449 0.10650254040956497
0.09445161372423172 0.10229499638080597
0.09252037853002548 0.10128962993621826
0.09073640406131744 0.10234607756137848
0.08963542431592941 0.09168058633804321
0.08649226278066635 0.0876789465546608
0.08201521635055542 0.09121038019657135
0.08195078372955322 0.08429813385009766
0.07151707261800766 0.0741501972079277
0.06788960099220276 0.07665025442838669
0.06470852345228195 0.06979987025260925
