0.17122375965118408 0.17146748304367065
0.16947948932647705 0.17401325702667236
0.16836251318454742 0.17243033647537231
0.16524361073970795 0.16965027153491974
0.1650238335132599 0.17066477239131927
0.16489674150943756 0.17033368349075317
0.16443268954753876 0.16487786173820496
0.1622646600008011 0.1730080097913742
0.16057080030441284 0.17012493312358856
0.16048453748226166 0.16856715083122253
0.1590021699666977 0.1624838262796402
0.15797460079193115 0.16227148473262787
0.1446457803249359 0.14856164157390594
0.1400354653596878 0.17652077972888947
0.13829557597637177 0.1403469294309616
0.13611195981502533 0.15961632132530212
0.13245202600955963 0.17265866696834564
0.10912580043077469 0.11709734797477722
0.09571458399295807 0.10263073444366455
0.09525226801633835 0.10301737487316132
0.09414586424827576 0.0987868681550026
0.09259431064128876 0.09283433109521866
0.08769254386425018 0.09194085001945496
0.08304862678050995 0.0848369151353836
0.07432328164577484 0.08150338381528854
0.0629265084862709 0.06354732811450958
0.05506313964724541 0.05936945602297783
