0.4985378384590149 0.49995890259742737
0.4939343333244324 0.4979730546474457
0.48787829279899597 0.4903115928173065
0.48175692558288574 0.49145498871803284
0.47567591071128845 0.4863567352294922
0.47202441096305847 0.4845525324344635
0.46998870372772217 0.47049349546432495
0.46970322728157043 0.47398120164871216
0.4691249132156372 0.47007766366004944
0.46731728315353394 0.4958966076374054
0.46619606018066406 0.500040590763092
0.4651518166065216 0.49849608540534973
0.46282759308815 0.4804950952529907
0.45950785279273987 0.4604393541812897
0.4574337303638458 0.4620322585105896
0.4564025104045868 0.4702776372432709
0.45523691177368164 0.471025675535202
0.347296804189682 0.5018945336341858
0.32513079047203064 0.3382768929004669
0.2888339161872864 0.5046727657318115
