0.3619012236595154 0.364557147026062
0.3360406458377838 0.34306368231773376
0.3337074816226959 0.3666950762271881
0.32998478412628174 0.34180358052253723
0.3259284198284149 0.3288258910179138
0.32026007771492004 0.3209838569164276
0.3103778064250946 0.34382227063179016
0.3051956593990326 0.30612823367118835
0.3040602505207062 0.35032787919044495
0.3037717938423157 0.36272937059402466
0.30355125665664673 0.33752456307411194
0.2991052567958832 0.34900596737861633
0.2977171540260315 0.34206095337867737
0.29586178064346313 0.30278143286705017
0.29526135325431824 0.32503727078437805
0.293864369392395 0.30153241753578186
0.2938085198402405 0.3009122610092163
0.2874331772327423 0.2918177843093872
0.2853676378726959 0.3459429442882538
0.28067412972450256 0.2829411029815674
0.27725180983543396 0.2778455317020416
0.27190208435058594 0.2773090898990631
0.27071571350097656 0.2913736402988434
0.2702246606349945 0.29003050923347473
0.26435643434524536 0.28643953800201416
0.2632949650287628 0.28428584337234497
0.2627628445625305 0.28080835938453674
0.261886864900589 0.26987555623054504
0.25814104080200195 0.2588062584400177
0.25460782647132874 0.26987555623054504
0.25460782647132874 0.2730970084667206
0.2524402141571045 0.25297775864601135
0.23659004271030426 0.24041175842285156
0.21787859499454498 0.22060362994670868
0.20984461903572083 0.22120071947574615
0.20931388437747955 0.21261389553546906
0.19880105555057526 0.21895888447761536
0.19698995351791382 0.2075669765472412
0.19549666345119476 0.20637963712215424
0.19365014135837555 0.19931043684482574
0.18738941848278046 0.19437898695468903
0.17993000149726868 0.18216422200202942
