0.5080843567848206 0.5123882293701172
0.5077415108680725 0.5303844213485718
0.45145463943481445 0.4524008333683014
0.43207013607025146 0.43777844309806824
0.22465533018112183 0.224677175283432
0.14783644676208496 0.15596887469291687
0.12800855934619904 0.13199712336063385
0.1266815960407257 0.13528499007225037
0.12167713046073914 0.12300802022218704
0.11565934121608734 0.12175492942333221
0.11157912760972977 0.11451174318790436
0.11084112524986267 0.11830710619688034
0.10560774803161621 0.1147681400179863
0.10493789613246918 0.1075219213962555
0.10373375564813614 0.11084645986557007
0.10308625549077988 0.1071663647890091
0.10247743874788284 0.10669632256031036
0.10005016624927521 0.10306904464960098
0.09935580939054489 0.10147125273942947
0.09917467087507248 0.10260847955942154
