0.32214564085006714 0.3284950256347656
0.3157598674297333 0.3440280258655548
0.31283843517303467 0.32100847363471985
0.3126577138900757 0.3163760304450989
0.31104087829589844 0.33094966411590576
0.3097785711288452 0.3224640190601349
0.3080379366874695 0.30836477875709534
0.3078819811344147 0.3089582324028015
0.30736446380615234 0.313657283782959
0.3068183362483978 0.3209792375564575
0.3064543604850769 0.3090257942676544
0.3051164150238037 0.3246617317199707
0.304938405752182 0.32087138295173645
0.30343401432037354 0.3175618052482605
0.30294105410575867 0.3154944181442261
0.3006414473056793 0.3279349207878113
0.2988736629486084 0.3029547333717346
0.2982683777809143 0.3027515411376953
0.2982683777809143 0.2994168698787689
0.29805511236190796 0.3023599684238434
0.2965889871120453 0.2983344793319702
0.2838226556777954 0.3606351315975189
0.20778967440128326 0.21110059320926666
0.20571759343147278 0.20916537940502167
0.20543541014194489 0.2102842628955841
