0.352281779050827 0.3606429994106293
0.18477113544940948 0.18584701418876648
0.18324604630470276 0.22419726848602295
0.16486409306526184 0.16996686160564423
0.16116128861904144 0.16498950123786926
0.16012786328792572 0.17214453220367432
0.15995372831821442 0.17571203410625458
0.15651088953018188 0.16310623288154602
0.1530744880437851 0.1554778665304184
0.14791783690452576 0.15393489599227905
0.1444707214832306 0.16068726778030396
0.13888278603553772 0.14006730914115906
0.12999184429645538 0.13721895217895508
0.1282978653907776 0.13405349850654602
0.12490878254175186 0.13553974032402039
0.11313764750957489 0.11331351846456528
0.10767839103937149 0.10932105779647827
0.10632368922233582 0.10708760470151901
0.09761656075716019 0.09964509308338165
