0.35946276783943176 0.36575213074684143
0.3223637044429779 0.3782259225845337
0.31031760573387146 0.34160861372947693
0.30463236570358276 0.3297169506549835
0.29305708408355713 0.34744247794151306
0.2852784991264343 0.28534162044525146
0.28217166662216187 0.2961682975292206
0.271126925945282 0.2734531760215759
0.26890185475349426 0.29710304737091064
0.24967485666275024 0.250235378742218
0.2489999234676361 0.25155219435691833
0.2434210181236267 0.2478768676519394
0.2243506759405136 0.22873333096504211
0.20526652038097382 0.21652533113956451
0.1954706907272339 0.20036455988883972
0.19248466193675995 0.20066456496715546
0.1788303703069687 0.18953664600849152
0.14963392913341522 0.15981429815292358
0.141048401594162 0.14358536899089813
