0.3233468532562256 0.3236401081085205
0.30160579085350037 0.30175042152404785
0.2976842224597931 0.29912957549095154
0.2946617901325226 0.40488529205322266
0.2825525999069214 0.28753069043159485
0.2788497507572174 0.3910999894142151
0.21512290835380554 0.2196073830127716
0.20749814808368683 0.21463006734848022
0.20270943641662598 0.20870794355869293
0.20214247703552246 0.21606139838695526
0.19614171981811523 0.21092593669891357
0.1930801123380661 0.1933699995279312
0.1893807202577591 0.19515715539455414
0.18679895997047424 0.19186769425868988
0.1863442212343216 0.19488319754600525
0.18141111731529236 0.19045843183994293
0.14758245646953583 0.14769022166728973
0.14560945332050323 0.14730112254619598
