0.34921467304229736 0.34935426712036133
0.33188965916633606 0.3403673470020294
0.33056002855300903 0.3343833088874817
0.3281387984752655 0.33628395199775696
0.327329158782959 0.32793232798576355
0.32480522990226746 0.3272216022014618
0.32341575622558594 0.33134976029396057
0.3225419223308563 0.32603248953819275
0.32174959778785706 0.3224610984325409
0.32100623846054077 0.325612872838974
0.32044124603271484 0.34102562069892883
0.32014229893684387 0.3266467750072479
0.3198259472846985 0.3234387934207916
0.31979885697364807 0.34190115332603455
0.31920742988586426 0.33682018518447876
0.318570077419281 0.32952800393104553
0.3175257742404938 0.33549749851226807
0.3156433403491974 0.3162388801574707
0.31524142622947693 0.3400259017944336
0.31514185667037964 0.31704044342041016
0.3139411509037018 0.33318379521369934
0.3137708604335785 0.3404068350791931
0.3136669397354126 0.3294164538383484
0.3131586015224457 0.328603059053421
0.3126913607120514 0.3177037835121155
0.31253504753112793 0.3254777193069458
0.312224417924881 0.3457584083080292
0.3112178146839142 0.32097434997558594
0.31099504232406616 0.32174432277679443
0.31075453758239746 0.36802414059638977
0.3094308078289032 0.32061925530433655
0.309138685464859 0.3537927567958832
0.3091256022453308 0.3101392984390259
0.3090328872203827 0.34632986783981323
0.3083801567554474 0.32265326380729675
0.30726778507232666 0.30738985538482666
0.30667993426322937 0.31093499064445496
0.302676260471344 0.31151169538497925
0.3013593256473541 0.3060670495033264
0.2970983684062958 0.3002944886684418
0.20608580112457275 0.20666827261447906
0.19877569377422333 0.20306548476219177
0.1958177089691162 0.19602137804031372
0.17147351801395416 0.18226473033428192
0.16696840524673462 0.17152991890907288
