0.22129882872104645 0.22285005450248718
0.2105528861284256 0.211241215467453
0.2103692591190338 0.22954809665679932
0.21000388264656067 0.222646564245224
0.20512384176254272 0.21270231902599335
0.20407554507255554 0.2048184722661972
0.20407260954380035 0.2045755833387375
0.20318707823753357 0.24420879781246185
0.2004845142364502 0.2065325379371643
0.1982010006904602 0.20253154635429382
0.19625523686408997 0.21517854928970337
0.19575193524360657 0.21083921194076538
0.19337770342826843 0.19769303500652313
0.19283053278923035 0.1955549716949463
0.1926795244216919 0.21163824200630188
0.19248269498348236 0.19774161279201508
0.1908843070268631 0.20252986252307892
0.19049270451068878 0.20820949971675873
0.18897022306919098 0.18911263346672058
0.18851861357688904 0.18925118446350098
0.1881026178598404 0.19477242231369019
0.1877274364233017 0.18983380496501923
0.18706588447093964 0.2057982236146927
0.18116135895252228 0.18678165972232819
0.17508327960968018 0.19296151399612427
0.17502734065055847 0.18233516812324524
0.1728917360305786 0.1745135635137558
0.17176413536071777 0.1786603033542633
0.16812412440776825 0.18261215090751648
0.16219842433929443 0.17660021781921387
0.15871407091617584 0.16542942821979523
0.1573960781097412 0.163034588098526
0.13852305710315704 0.15823504328727722
0.13651765882968903 0.14554621279239655
0.1337931901216507 0.1369970291852951
0.13241754472255707 0.13985955715179443
0.12616276741027832 0.1326611340045929
0.12401297688484192 0.12458565086126328
0.10883383452892303 0.11003701388835907
0.10665149986743927 0.1141342893242836
0.08948724716901779 0.0953880250453949
0.08408486843109131 0.09049809724092484
0.07498733699321747 0.09076586365699768
