0.2552585005760193 0.2622484266757965
0.24518950283527374 0.25240007042884827
0.2415669709444046 0.24452650547027588
0.2407783716917038 0.2519553601741791
0.23786196112632751 0.2524667978286743
0.23615531623363495 0.24141201376914978
0.23344726860523224 0.2384902983903885
0.2333316206932068 0.23358182609081268
0.2329595535993576 0.23450849950313568
0.2315262109041214 0.23818746209144592
0.23049689829349518 0.2510826289653778
0.22999553382396698 0.23113158345222473
0.2280307114124298 0.24205787479877472
0.22786135971546173 0.24013379216194153
0.22022214531898499 0.22521790862083435
0.2202156037092209 0.22214095294475555
0.2169601023197174 0.22775545716285706
0.21652786433696747 0.2359464019536972
0.2151748687028885 0.23793792724609375
0.21426522731781006 0.23181012272834778
0.2128755748271942 0.254100501537323
0.21221685409545898 0.21461667120456696
0.211196169257164 0.21623273193836212
0.20828160643577576 0.25129011273384094
0.2076355516910553 0.24375581741333008
0.20761562883853912 0.25134310126304626
0.20516493916511536 0.2416236251592636
0.2048516720533371 0.21388648450374603
0.20410460233688354 0.2198832780122757
0.1894676387310028 0.18964578211307526
0.18412533402442932 0.1889002025127411
0.17811647057533264 0.18304404616355896
0.16450917720794678 0.16798384487628937
0.15448200702667236 0.15825530886650085
0.11929989606142044 0.12153574079275131
