0.30425676703453064 0.30556514859199524
0.30024170875549316 0.4028418958187103
0.1571364402770996 0.16757170855998993
0.15468333661556244 0.1696096658706665
0.15234322845935822 0.16557468473911285
0.15022166073322296 0.15042811632156372
0.12849873304367065 0.13235215842723846
0.12357914447784424 0.13326337933540344
0.11567413806915283 0.12725962698459625
0.1155865415930748 0.12386177480220795
0.11211232095956802 0.1260383576154709
0.11083774268627167 0.11757515370845795
0.11071421205997467 0.11426820605993271
0.10998296737670898 0.15482959151268005
0.10662900656461716 0.11465663462877274
0.10272908210754395 0.10903190821409225
0.10253305733203888 0.11311858892440796
0.10150091350078583 0.10165521502494812
0.10130217671394348 0.10408583283424377
0.10102490335702896 0.10678783059120178
0.10003410279750824 0.10465628653764725
0.09862426668405533 0.10029206424951553
0.09751361608505249 0.1003289595246315
0.09613632410764694 0.10223710536956787
0.09410862624645233 0.0944606363773346
0.08858045190572739 0.09215299040079117
0.08518579602241516 0.08636578917503357
0.08468402922153473 0.09115952253341675
0.07627923786640167 0.07777804136276245
0.07259100675582886 0.07407823204994202
0.06883212178945541 0.0811326652765274
