0.15055471658706665 0.16790251433849335
0.1365116685628891 0.14029476046562195
0.13297578692436218 0.13731355965137482
0.13117896020412445 0.1320739984512329
0.12730534374713898 0.13417838513851166
0.1258891522884369 0.1411639302968979
0.12325255572795868 0.12936438620090485
0.12180657684803009 0.12241774052381516
0.12058988213539124 0.13365955650806427
0.12028759717941284 0.13074098527431488
0.11976537108421326 0.12132818251848221
0.1192530021071434 0.12744300067424774
0.11838588863611221 0.11876697838306427
0.11791111528873444 0.12087038904428482
0.11397785693407059 0.12613683938980103
0.11059822887182236 0.11137796193361282
0.10957039147615433 0.1104956567287445
0.10837367177009583 0.11396034806966782
0.10586269944906235 0.11377638578414917
0.10541960597038269 0.11040312051773071
0.09246233105659485 0.09278826415538788
0.08863595128059387 0.09485333412885666
0.08813587576150894 0.08891909569501877
0.08515217155218124 0.09030868858098984
0.0761890560388565 0.07919349521398544
0.07387769967317581 0.07393097877502441
