0.34826645255088806 0.35207825899124146
0.287930428981781 0.28801777958869934
0.2878558933734894 0.3064098060131073
0.27635282278060913 0.2818954885005951
0.273896723985672 0.28278663754463196
0.27341747283935547 0.3609187602996826
0.24645653367042542 0.2604890763759613
0.24597465991973877 0.2740778625011444
0.244297057390213 0.26195141673088074
0.2383337765932083 0.24328240752220154
0.2366172820329666 0.23692849278450012
0.23504924774169922 0.24431133270263672
0.231602743268013 0.248787522315979
0.23038031160831451 0.25619572401046753
0.22872290015220642 0.2290739119052887
0.2282622903585434 0.23670129477977753
0.22750551998615265 0.24295777082443237
0.22419653832912445 0.23766770958900452
0.2238694727420807 0.24222135543823242
0.22370868921279907 0.22861871123313904
0.22216133773326874 0.23834063112735748
0.22177883982658386 0.228907510638237
0.22084921598434448 0.2544919550418854
0.2174256145954132 0.23252731561660767
0.2063886970281601 0.22527003288269043
0.18031911551952362 0.18233749270439148
0.1710568517446518 0.17137755453586578
0.16221046447753906 0.1645744889974594
0.12791642546653748 0.12965919077396393
