0.3680378794670105 0.3697189390659332
0.3673456013202667 0.3688943684101105
0.36561113595962524 0.36738041043281555
0.36355164647102356 0.36528342962265015
0.36328426003456116 0.363457053899765
0.36294376850128174 0.36468440294265747
0.3620540201663971 0.3652741312980652
0.3616572916507721 0.36211344599723816
0.3616116940975189 0.3663771152496338
0.36160311102867126 0.3663027584552765
0.36138907074928284 0.3670406639575958
0.36117950081825256 0.3627282679080963
0.361079603433609 0.3644753694534302
0.36075708270072937 0.36449751257896423
0.3604346811771393 0.3612516522407532
0.3601205348968506 0.36035796999931335
0.3599821627140045 0.3607468903064728
0.35996580123901367 0.3604481816291809
0.3598676919937134 0.3613411784172058
0.3596288561820984 0.3667442202568054
0.3595854640007019 0.36416366696357727
0.35952261090278625 0.36037522554397583
0.3594820201396942 0.3638415038585663
0.35931241512298584 0.36102956533432007
0.35916274785995483 0.3603256046772003
0.3590874969959259 0.359905481338501
0.35849729180336 0.36102113127708435
0.35845521092414856 0.36639562249183655
0.35843315720558167 0.3643259108066559
0.3583323061466217 0.3608618378639221
0.35817694664001465 0.36129313707351685
0.35815298557281494 0.3622495234012604
0.35781341791152954 0.36287933588027954
0.35727131366729736 0.3624970316886902
0.3571867346763611 0.3613746762275696
0.3568725883960724 0.3657011091709137
0.35686028003692627 0.3661104142665863
0.3564019501209259 0.36731263995170593
0.35576432943344116 0.36629319190979004
0.3546503782272339 0.3644525706768036
0.17078827321529388 0.3664846420288086
0.15938983857631683 0.16496321558952332
0.1559944897890091 0.16013836860656738
0.15295250713825226 0.15844576060771942
0.14223740994930267 0.14729642868041992
0.13887371122837067 0.1408693492412567
0.09520359337329865 0.10198551416397095
