0.21631471812725067 0.2244051992893219
0.2142113894224167 0.2320781946182251
0.20785413682460785 0.24062806367874146
0.20769143104553223 0.20890556275844574
0.20429928600788116 0.22177648544311523
0.2010294646024704 0.20866703987121582
0.20040157437324524 0.24336962401866913
0.20003680884838104 0.21109993755817413
0.19902105629444122 0.2207644134759903
0.197153702378273 0.21433161199092865
0.19475877285003662 0.19901026785373688
0.19414931535720825 0.20888204872608185
0.1938018798828125 0.1995583176612854
0.1922617107629776 0.2141982913017273
0.19158044457435608 0.20327253639698029
0.18951617181301117 0.2086053490638733
0.18899880349636078 0.20860834419727325
0.18792802095413208 0.1988207995891571
0.18724098801612854 0.20712409913539886
0.1856297254562378 0.1878843754529953
0.18098348379135132 0.19301843643188477
0.17714421451091766 0.1783021092414856
0.17711897194385529 0.182405486702919
0.17526090145111084 0.1838647425174713
0.17453022301197052 0.18897339701652527
0.17346927523612976 0.17831823229789734
0.1703784167766571 0.19576148688793182
0.16813543438911438 0.1684514433145523
0.160585418343544 0.17370569705963135
0.15949364006519318 0.16220338642597198
0.15714013576507568 0.1700226366519928
0.15664848685264587 0.15795142948627472
0.15618254244327545 0.16539570689201355
0.15461808443069458 0.1597023457288742
0.15373435616493225 0.16165249049663544
0.15309672057628632 0.15342140197753906
0.1434696465730667 0.14655916392803192
0.119434654712677 0.11992934346199036
0.07458288222551346 0.07977428287267685
