0.3464689552783966 0.3524685502052307
0.34614428877830505 0.34953927993774414
0.3356788158416748 0.37208905816078186
0.29218554496765137 0.3989558219909668
0.25316375494003296 0.2587027847766876
0.249594047665596 0.2650352716445923
0.19985924661159515 0.20508421957492828
0.19724531471729279 0.19932657480239868
0.1965181827545166 0.19932657480239868
0.19616647064685822 0.19779682159423828
0.19119904935359955 0.1922958642244339
0.17978593707084656 0.183981254696846
0.17746828496456146 0.18164394795894623
0.16543932259082794 0.1697462797164917
0.15136927366256714 0.15563176572322845
0.15002596378326416 0.1536196917295456
0.14778757095336914 0.14801284670829773
0.14525923132896423 0.14707982540130615
0.12632377445697784 0.12766791880130768
0.09928946197032928 0.10276760160923004
0.0992661789059639 0.10420878231525421
0.09665491431951523 0.10515996813774109
