0.3005204498767853 0.3130556643009186
0.25836431980133057 0.2670178711414337
0.2560834288597107 0.26264289021492004
0.2534916400909424 0.26714780926704407
0.2494766265153885 0.2526620328426361
0.24454054236412048 0.2814655900001526
0.2401481568813324 0.24390822649002075
0.2401481568813324 0.2794397473335266
0.23510828614234924 0.251657098531723
0.22736358642578125 0.2779209315776825
0.22016412019729614 0.22651278972625732
0.2188694179058075 0.2350926399230957
0.216035857796669 0.22760502994060516
0.21527311205863953 0.21729207038879395
0.2125423401594162 0.2328198105096817
0.21054722368717194 0.21864628791809082
0.209315225481987 0.23359620571136475
0.20673464238643646 0.23631130158901215
0.20577986538410187 0.23681806027889252
0.20547375082969666 0.2116944044828415
0.19903527200222015 0.20205627381801605
0.19733278453350067 0.21243160963058472
0.19688355922698975 0.20703096687793732
0.19301868975162506 0.19755814969539642
0.19280342757701874 0.20999647676944733
0.1901819407939911 0.19637268781661987
0.18966704607009888 0.19018103182315826
0.18915675580501556 0.19661208987236023
0.18885044753551483 0.20545563101768494
0.18824651837348938 0.20523345470428467
0.1873525232076645 0.1942209154367447
0.18639090657234192 0.20026859641075134
0.18374517560005188 0.18681879341602325
0.18332217633724213 0.18679311871528625
0.18293331563472748 0.19763880968093872
0.18235544860363007 0.18428052961826324
0.17943356931209564 0.18940933048725128
0.17843475937843323 0.20982661843299866
0.17754970490932465 0.18625520169734955
0.17543885111808777 0.17626672983169556
0.1730637103319168 0.19130124151706696
0.17093291878700256 0.17814330756664276
0.16974559426307678 0.17082147300243378
0.16700899600982666 0.17196770012378693
0.15651094913482666 0.17153219878673553
0.14943520724773407 0.15500512719154358
0.14877153933048248 0.1541307419538498
0.14617593586444855 0.14745941758155823
