0.39165231585502625 0.3969583213329315
0.3885129988193512 0.3911023437976837
0.3871506452560425 0.3911023437976837
0.3824159502983093 0.3906286954879761
0.3819929361343384 0.38665130734443665
0.3814266324043274 0.38194409012794495
0.3805593252182007 0.38214603066444397
0.37972813844680786 0.38156840205192566
0.3789186179637909 0.39378684759140015
0.3786945939064026 0.3841489851474762
0.3783222734928131 0.3792847692966461
0.37776780128479004 0.3850563168525696
0.37652158737182617 0.39639389514923096
0.3745272159576416 0.3825503885746002
0.37433117628097534 0.38598281145095825
0.374272882938385 0.3847964406013489
0.3738584518432617 0.37414273619651794
0.37346065044403076 0.37541142106056213
0.3728538453578949 0.3768094778060913
0.3717096149921417 0.3926706910133362
0.3711666762828827 0.3732086420059204
0.3706406056880951 0.3859145939350128
0.2204952985048294 0.22151140868663788
0.19807168841362 0.19962289929389954
0.18444444239139557 0.18573959171772003
0.18310919404029846 0.18863855302333832
0.1800723373889923 0.1810046136379242
0.17545630037784576 0.1830015331506729
0.1737825572490692 0.17670084536075592
0.16240181028842926 0.17537541687488556
0.14341352880001068 0.14469198882579803
0.14195463061332703 0.14977143704891205
0.1367826908826828 0.13875840604305267
0.13392721116542816 0.13559989631175995
0.13262337446212769 0.13879026472568512
0.13040737807750702 0.13535073399543762
0.1244831457734108 0.1252261847257614
0.12434349209070206 0.12519417703151703
0.12185041606426239 0.12317448109388351
0.12173022329807281 0.12247226387262344
0.1159394234418869 0.12016040086746216
