0.3584749102592468 0.36284783482551575
0.347928911447525 0.3529075086116791
0.3356841504573822 0.3428756892681122
0.315655916929245 0.3202367126941681
0.31109610199928284 0.31436285376548767
0.2838287651538849 0.35813573002815247
0.28079190850257874 0.2815869450569153
0.2463926076889038 0.4847281277179718
0.21240250766277313 0.2151363641023636
0.2058161348104477 0.2104988545179367
0.20233212411403656 0.20351441204547882
0.19857044517993927 0.20255793631076813
0.17757834494113922 0.18977473676204681
0.17658564448356628 0.1768842190504074
0.13777458667755127 0.14668786525726318
