0.2341790646314621 0.23854565620422363
0.22717420756816864 0.23916302621364594
0.22679901123046875 0.22714155912399292
0.2227277010679245 0.22794945538043976
0.2199062556028366 0.2297334372997284
0.2076776921749115 0.21332018077373505
0.17158322036266327 0.17276045680046082
0.1666603535413742 0.1671321541070938
0.16621465981006622 0.1816900074481964
0.1624121069908142 0.17433184385299683
0.16167499125003815 0.16684523224830627
0.15223732590675354 0.15987342596054077
0.14623479545116425 0.1479976624250412
0.14605236053466797 0.14659206569194794
0.14547400176525116 0.1508544534444809
0.1439366638660431 0.16020673513412476
0.14251205325126648 0.14471320807933807
0.14090882241725922 0.14178118109703064
0.14081285893917084 0.1496703177690506
0.14081285893917084 0.1543799787759781
0.1389145702123642 0.13993218541145325
0.13817524909973145 0.14851711690425873
0.13805770874023438 0.14076116681098938
0.13526701927185059 0.1461637169122696
0.13405223190784454 0.1361905336380005
0.13060998916625977 0.13572004437446594
0.1283295601606369 0.12931814789772034
0.12347207963466644 0.14247992634773254
0.11862809211015701 0.12280191481113434
0.1151714101433754 0.12310200184583664
0.10735280811786652 0.10894425958395004
