0.3336888551712036 0.33555108308792114
0.3304729759693146 0.3438538908958435
0.3280998766422272 0.3300023376941681
0.32191920280456543 0.3254373371601105
0.32188180088996887 0.33610883355140686
0.32161954045295715 0.3491007685661316
0.3211026191711426 0.3301636576652527
0.32049164175987244 0.3210396468639374
0.3192903697490692 0.3289881944656372
0.31768831610679626 0.32371580600738525
0.31765085458755493 0.3323395550251007
0.31762072443962097 0.33039388060569763
0.31749171018600464 0.31919440627098083
0.31608912348747253 0.32290783524513245
0.31550198793411255 0.3340122103691101
0.31528806686401367 0.3350646495819092
0.3151377737522125 0.32049107551574707
0.2915392518043518 0.29206013679504395
0.28817588090896606 0.34060293436050415
0.27549421787261963 0.3497592508792877
0.27481356263160706 0.2777942419052124
0.2642298936843872 0.29233518242836
0.2611249089241028 0.2803325355052948
0.25481241941452026 0.2651651203632355
0.25226399302482605 0.31079941987991333
0.2500237226486206 0.2628786265850067
0.23862160742282867 0.2708830237388611
0.2349155694246292 0.2419646829366684
0.22756662964820862 0.2385689914226532
0.2234441339969635 0.2460564374923706
0.2231714427471161 0.25363829731941223
0.2174368053674698 0.2290889173746109
0.20759715139865875 0.22038058936595917
0.20580807328224182 0.21613863110542297
0.19687841832637787 0.21631810069084167
0.19394055008888245 0.1940009742975235
0.18520303070545197 0.2007380723953247
