0.5227751731872559 0.5242835879325867
0.5185787081718445 0.5258647203445435
0.49376410245895386 0.49727439880371094
0.4729086458683014 0.4730599522590637
0.4545426070690155 0.5268375277519226
0.45279181003570557 0.4543580114841461
0.446063756942749 0.4493084251880646
0.4423438608646393 0.539050817489624
0.43869221210479736 0.4435599744319916
0.43466511368751526 0.43541449308395386
0.4340056777000427 0.4384899437427521
0.4336959719657898 0.4432576894760132
0.2623155117034912 0.2708222270011902
0.21505506336688995 0.21643252670764923
0.16625964641571045 0.1671299934387207
0.1522272825241089 0.1565900593996048
0.14096783101558685 0.14310097694396973
0.13010908663272858 0.14574697613716125
0.1268719732761383 0.12705755233764648
0.11054470390081406 0.11964322626590729
0.10889007151126862 0.10908994823694229
