0.2375282645225525 0.23761607706546783
0.2164488136768341 0.2200070470571518
0.18440090119838715 0.18930622935295105
0.17663966119289398 0.18021166324615479
0.17527684569358826 0.17672209441661835
0.17110714316368103 0.17295622825622559
0.16748718917369843 0.17763473093509674
0.1657065451145172 0.16639719903469086
0.16102173924446106 0.17358379065990448
0.15194310247898102 0.1618705689907074
0.1504107415676117 0.15128985047340393
0.1490011066198349 0.16101688146591187
0.14244304597377777 0.14998936653137207
0.14244304597377777 0.15186969935894012
0.14122961461544037 0.14221534132957458
0.1372828632593155 0.15044549107551575
0.13376225531101227 0.13410136103630066
0.13352051377296448 0.13371825218200684
0.13329695165157318 0.13340866565704346
0.11816999316215515 0.11906088143587112
0.11493523418903351 0.11880125850439072
