0.03478442505002022 0.03528156131505966
0.034047674387693405 0.03554922714829445
0.03354998305439949 0.037721652537584305
0.03281635791063309 0.03284228593111038
0.03200846537947655 0.03297612443566322
0.03053189441561699 0.03156551346182823
0.030418595299124718 0.03126170486211777
0.0302216038107872 0.030792344361543655
0.029663920402526855 0.030514884740114212
0.0295441672205925 0.0306478850543499
0.02866121008992195 0.03140585497021675
0.027123449370265007 0.029469836503267288
0.026517897844314575 0.027318410575389862
0.02608044259250164 0.02911236137151718
0.025623347610235214 0.025767698884010315
0.02523079328238964 0.027089346200227737
0.024909526109695435 0.024986665695905685
0.02415281906723976 0.0265597365796566
0.02244938164949417 0.022462375462055206
0.022339941933751106 0.02667766436934471
0.02203756384551525 0.023802591487765312
0.02134718932211399 0.022647183388471603
