0.23409047722816467 0.23898297548294067
0.23338095843791962 0.24009709060192108
0.20206484198570251 0.21338997781276703
0.2018434703350067 0.2273358553647995
0.2007312774658203 0.2175731211900711
0.20007503032684326 0.2128400355577469
0.19580690562725067 0.19790861010551453
0.1945563405752182 0.20101666450500488
0.1936468631029129 0.202956885099411
0.19254663586616516 0.19678016006946564
0.19218231737613678 0.21296373009681702
0.18948796391487122 0.19973064959049225
0.18693938851356506 0.19028539955615997
0.18625925481319427 0.20192882418632507
0.18485556542873383 0.19027328491210938
0.18167297542095184 0.18732842803001404
0.18075142800807953 0.1967456042766571
0.178963303565979 0.1933983564376831
0.1785358339548111 0.20875327289104462
0.17763692140579224 0.20610202848911285
0.17294886708259583 0.17299380898475647
0.17285118997097015 0.18283884227275848
0.172532856464386 0.17684981226921082
0.17204485833644867 0.17804260551929474
0.17091263830661774 0.18401238322257996
0.17084716260433197 0.17198261618614197
0.17084437608718872 0.18348106741905212
0.1702977567911148 0.1739233434200287
0.1665065884590149 0.17425675690174103
0.16558586061000824 0.16873395442962646
0.16449011862277985 0.16653770208358765
0.1642954796552658 0.1669803410768509
0.16414089500904083 0.1735943704843521
0.16367758810520172 0.18465439975261688
0.16077090799808502 0.16086897253990173
0.15870174765586853 0.15915514528751373
0.155880406498909 0.1743949055671692
0.1551697701215744 0.1557706892490387
0.15473519265651703 0.159148171544075
0.1474648416042328 0.1528506577014923
0.14323437213897705 0.15676289796829224
0.14259396493434906 0.1497168093919754
0.13702532649040222 0.14698553085327148
0.12734265625476837 0.12801997363567352
0.12345869094133377 0.12896695733070374
0.10998544842004776 0.12062984704971313
