0.2829292118549347 0.3154115676879883
0.2816643714904785 0.2831658124923706
0.2771611213684082 0.28539547324180603
0.276502788066864 0.29273778200149536
0.27547216415405273 0.2863765060901642
0.2749963402748108 0.2757985293865204
0.2696812152862549 0.27101653814315796
0.26403066515922546 0.3022001385688782
0.260364294052124 0.3868715167045593
0.2574221193790436 0.2613735795021057
0.25518929958343506 0.25776803493499756
0.24115079641342163 0.3618233799934387
0.23773826658725739 0.23918430507183075
0.21981143951416016 0.2270364910364151
0.21298357844352722 0.22374363243579865
0.20613153278827667 0.20905013382434845
0.20608073472976685 0.20634089410305023
0.19787225127220154 0.20231366157531738
0.193857803940773 0.20776382088661194
0.17661824822425842 0.1889437437057495
0.16799545288085938 0.1683192104101181
0.14181548357009888 0.14215362071990967
0.1312900334596634 0.1358495056629181
0.11449826508760452 0.11711832880973816
