0.30753907561302185 0.3153458535671234
0.30128756165504456 0.3049702048301697
0.30126065015792847 0.3118360638618469
0.29867732524871826 0.31339436769485474
0.27709120512008667 0.34276682138442993
0.2684203088283539 0.28488072752952576
0.26019489765167236 0.3237036168575287
0.24585367739200592 0.24606184661388397
0.24326831102371216 0.28488072752952576
0.23537783324718475 0.23756243288516998
0.23158442974090576 0.24083968997001648
0.22973711788654327 0.3142918646335602
0.22949257493019104 0.23830196261405945
0.2189219892024994 0.22937804460525513
0.2146039754152298 0.22133876383304596
0.2101495862007141 0.24411234259605408
0.20631781220436096 0.20722787082195282
0.20135679841041565 0.2023283839225769
0.19733041524887085 0.20344232022762299
0.18326155841350555 0.18890731036663055
0.1827910840511322 0.19360671937465668
0.15554291009902954 0.16412100195884705
0.15276093780994415 0.1675596386194229
0.1513182818889618 0.16874383389949799
0.14485853910446167 0.14555446803569794
0.1446520835161209 0.15181036293506622
0.143472820520401 0.14742633700370789
0.14230048656463623 0.14541830122470856
0.1275397390127182 0.13271217048168182
0.12716028094291687 0.12875452637672424
