0.22635658085346222 0.2369813621044159
0.21716369688510895 0.22545140981674194
0.21156780421733856 0.23429113626480103
0.20824846625328064 0.2159559279680252
0.20502029359340668 0.23583312332630157
0.20442937314510345 0.206796795129776
0.20294004678726196 0.21653972566127777
0.2025964856147766 0.20425739884376526
0.20168858766555786 0.2071758359670639
0.20149102807044983 0.20238976180553436
0.20067374408245087 0.20588091015815735
0.1997353881597519 0.22890587151050568
0.19943326711654663 0.20334577560424805
0.19863958656787872 0.2025153636932373
0.19817332923412323 0.20069313049316406
0.19804126024246216 0.20844672620296478
0.197828009724617 0.2019420862197876
0.19762976467609406 0.19959527254104614
0.19746026396751404 0.2128531038761139
0.19743205606937408 0.20651203393936157
0.1973404735326767 0.22543548047542572
0.19696290791034698 0.22211454808712006
0.1968884915113449 0.2046770304441452
0.19640764594078064 0.1997261792421341
0.19605447351932526 0.2122073769569397
0.19569827616214752 0.23215629160404205
0.1952473223209381 0.20103222131729126
0.19495707750320435 0.23005890846252441
0.1946532279253006 0.20691780745983124
0.1943688988685608 0.20427840948104858
0.19378027319908142 0.20765423774719238
0.19301395118236542 0.21331611275672913
0.19247515499591827 0.19516998529434204
0.19131343066692352 0.19961854815483093
0.19081459939479828 0.21244491636753082
0.1905916929244995 0.211034893989563
0.1896601915359497 0.18981300294399261
0.18907523155212402 0.19619220495224
0.1873277723789215 0.18860049545764923
0.18720456957817078 0.21481738984584808
0.1869433969259262 0.1918044537305832
0.18682177364826202 0.19150686264038086
0.18657644093036652 0.20011615753173828
0.1860365867614746 0.1896958351135254
0.185383602976799 0.19112710654735565
0.1851687729358673 0.18804027140140533
0.18467977643013 0.2032197266817093
0.18462342023849487 0.19513429701328278
0.18371523916721344 0.21486330032348633
0.1833040565252304 0.18448607623577118
0.1812053620815277 0.18926723301410675
0.1805054098367691 0.18878497183322906
0.1742573082447052 0.18016692996025085
0.11654873192310333 0.11933489143848419
0.09538949280977249 0.09839425981044769
