0.17794166505336761 0.17894326150417328
0.17755234241485596 0.18267890810966492
0.17578507959842682 0.19125473499298096
0.17526677250862122 0.18093909323215485
0.17504949867725372 0.19461625814437866
0.15830451250076294 0.16729748249053955
0.1496424376964569 0.20564702153205872
0.14132270216941833 0.1525050699710846
0.12881366908550262 0.12950538098812103
0.12367082387208939 0.1257724165916443
0.11175552755594254 0.12590378522872925
0.10854506492614746 0.1104973629117012
0.10820793360471725 0.11125373840332031
0.10757289826869965 0.10890878736972809
0.1072971448302269 0.11035654693841934
0.10702864080667496 0.11310376226902008
0.10660252720117569 0.13524548709392548
0.09446226060390472 0.10986155271530151
0.09162566810846329 0.09380168467760086
0.08962124586105347 0.09064953029155731
0.08774098753929138 0.0951187014579773
0.08652947098016739 0.09074711054563522
0.08364184945821762 0.0895519107580185
