0.32002487778663635 0.32691407203674316
0.3196820020675659 0.32731589674949646
0.3185890316963196 0.3235883116722107
0.31629398465156555 0.33188390731811523
0.31532248854637146 0.3179633319377899
0.31489527225494385 0.3287337124347687
0.31476762890815735 0.327575147151947
0.3121279776096344 0.3170144259929657
0.31013187766075134 0.3319244086742401
0.3087731897830963 0.3143100142478943
0.3068132698535919 0.31057897210121155
0.3067682087421417 0.30917811393737793
0.30634209513664246 0.3079077899456024
0.30594876408576965 0.32510870695114136
0.30462074279785156 0.30531546473503113
0.30376362800598145 0.3119228482246399
0.302827924489975 0.3320644497871399
0.3018054664134979 0.3326455354690552
0.30144068598747253 0.3373138904571533
0.3013676106929779 0.3053356409072876
0.30007854104042053 0.31853926181793213
0.2999962568283081 0.302734911441803
0.2997485399246216 0.31041496992111206
0.29654860496520996 0.3184020221233368
0.29621070623397827 0.3002057671546936
0.27705249190330505 0.28768184781074524
0.2696606516838074 0.341156005859375
0.24459446966648102 0.24511100351810455
0.21888963878154755 0.2212195098400116
0.16378314793109894 0.16774527728557587
