0.3491308093070984 0.34979626536369324
0.30461761355400085 0.3291570246219635
0.2747773826122284 0.34761548042297363
0.2681596577167511 0.27184274792671204
0.2669089734554291 0.2833836078643799
0.2663898468017578 0.2828715145587921
0.2622675895690918 0.2824399173259735
0.22961299121379852 0.2951885759830475
0.2281537801027298 0.23333479464054108
0.2179654836654663 0.22294150292873383
0.21661226451396942 0.22364573180675507
0.2097792625427246 0.22208434343338013
0.20378731191158295 0.20877408981323242
0.19930361211299896 0.2038252353668213
0.1954701989889145 0.19688807427883148
0.19341683387756348 0.21197085082530975
0.19017796218395233 0.19708718359470367
0.18979205191135406 0.20795919001102448
0.18772579729557037 0.21132683753967285
0.18010376393795013 0.18615876138210297
0.1766430288553238 0.18574300408363342
0.17187535762786865 0.17378316819667816
0.16601034998893738 0.1906171292066574
0.15870870649814606 0.16060635447502136
0.1573832780122757 0.15884366631507874
0.14853638410568237 0.1518356204032898
0.14517731964588165 0.16169464588165283
0.14445282518863678 0.14591598510742188
0.14362116158008575 0.1494462490081787
