0.2595086097717285 0.2667611241340637
0.24769923090934753 0.249679833650589
0.24557285010814667 0.2631400525569916
0.24435655772686005 0.24579516053199768
0.239687979221344 0.25311753153800964
0.23711071908473969 0.2527411878108978
0.23612496256828308 0.26673799753189087
0.23423811793327332 0.25326815247535706
0.23276373744010925 0.2915017604827881
0.23251187801361084 0.25395476818084717
0.23246191442012787 0.2505580186843872
0.2316400557756424 0.23663431406021118
0.23108552396297455 0.25714436173439026
0.23108552396297455 0.2617430090904236
0.23094899952411652 0.24981233477592468
0.23082391917705536 0.2418752759695053
0.230464369058609 0.23109844326972961
0.2303691804409027 0.2615030109882355
0.22951072454452515 0.23507556319236755
0.22834885120391846 0.2335474193096161
0.2279815971851349 0.2570992708206177
0.2263418436050415 0.22763554751873016
0.22319921851158142 0.227600559592247
0.2229018658399582 0.22885315120220184
0.22030839323997498 0.23685592412948608
0.2202407270669937 0.22544817626476288
0.22012200951576233 0.2466811239719391
0.21966010332107544 0.22926704585552216
0.21882954239845276 0.24491925537586212
0.21814227104187012 0.21909897029399872
0.21674668788909912 0.23294620215892792
0.2148284763097763 0.23100781440734863
0.21381060779094696 0.21385449171066284
0.21372054517269135 0.22085490822792053
0.213684543967247 0.21823112666606903
0.21354572474956512 0.23286251723766327
0.21338693797588348 0.24963101744651794
0.21226175129413605 0.22380612790584564
0.21149465441703796 0.24572986364364624
0.20825260877609253 0.21874158084392548
0.20752866566181183 0.22101113200187683
0.20727849006652832 0.2317304015159607
0.20710624754428864 0.22129467129707336
0.2066384106874466 0.2109576165676117
0.20518851280212402 0.22319722175598145
0.2044108659029007 0.22524535655975342
0.20430265367031097 0.2080279141664505
0.2035433053970337 0.22635945677757263
0.2024422436952591 0.22726641595363617
0.20125310122966766 0.21618704497814178
0.19816848635673523 0.19973881542682648
0.1466609090566635 0.1521143913269043
0.13796228170394897 0.13813278079032898
0.13141228258609772 0.1327931433916092
