0.3535148799419403 0.3574020564556122
0.3533300757408142 0.36949023604393005
0.3512479066848755 0.35626766085624695
0.35006019473075867 0.35300537943840027
0.3450630009174347 0.3546072840690613
0.34480080008506775 0.35238537192344666
0.34460413455963135 0.35493648052215576
0.3442871570587158 0.34511297941207886
0.34377482533454895 0.34956496953964233
0.342105895280838 0.34618276357650757
0.34193846583366394 0.35682088136672974
0.34101635217666626 0.3469850420951843
0.24857187271118164 0.38333120942115784
0.2237311154603958 0.22438885271549225
0.2071826457977295 0.20779572427272797
0.15420731902122498 0.15697941184043884
0.12519662082195282 0.12547598779201508
