0.3525053858757019 0.35251033306121826
0.34914430975914 0.3549778163433075
0.2994593381881714 0.3120481073856354
0.23459771275520325 0.23459772765636444
0.22567243874073029 0.2317410409450531
0.22127416729927063 0.22547076642513275
0.2187725454568863 0.3656880557537079
0.21203146874904633 0.22388312220573425
0.20581138134002686 0.21129602193832397
0.20566636323928833 0.2061394900083542
0.20302285254001617 0.21107158064842224
0.19573062658309937 0.20912301540374756
0.18533290922641754 0.18564286828041077
0.1823781281709671 0.19794206321239471
0.17958982288837433 0.1907869279384613
0.17958377301692963 0.19139009714126587
0.17168764770030975 0.17726635932922363
0.17150703072547913 0.18286627531051636
0.16504034399986267 0.16509269177913666
0.1467716544866562 0.15561732649803162
0.1424947828054428 0.14773304760456085
0.1366194486618042 0.14040876924991608
0.13534197211265564 0.13683171570301056
0.11713280528783798 0.12663935124874115
