0.20665709674358368 0.2222825437784195
0.20550715923309326 0.21426737308502197
0.20006994903087616 0.20886148512363434
0.19205133616924286 0.1988115906715393
0.19126544892787933 0.19551098346710205
0.18990357220172882 0.19851286709308624
0.18881024420261383 0.19248908758163452
0.18727661669254303 0.1942930817604065
0.1861182153224945 0.19038233160972595
0.18518094718456268 0.18757465481758118
0.1838596910238266 0.1862265020608902
0.1813243329524994 0.18644583225250244
0.1757829189300537 0.1811714619398117
0.17553049325942993 0.18744036555290222
0.1730433702468872 0.1867246776819229
0.17269369959831238 0.18526576459407806
0.1717657446861267 0.1829892098903656
0.1715395450592041 0.17266203463077545
0.16581636667251587 0.17766830325126648
0.1619727909564972 0.16642723977565765
0.15621250867843628 0.1599845588207245
0.15577775239944458 0.16670584678649902
0.151930034160614 0.16186891496181488
0.1499955803155899 0.1502191126346588
0.14867644011974335 0.15155281126499176
0.1361326277256012 0.13848020136356354
0.13580192625522614 0.1374678611755371
0.13527992367744446 0.13668829202651978
0.12514419853687286 0.12959283590316772
