0.37385132908821106 0.3793216645717621
0.357082724571228 0.3760717511177063
0.35150349140167236 0.36790233850479126
0.34882473945617676 0.37746039032936096
0.34882107377052307 0.36506387591362
0.34824153780937195 0.35673272609710693
0.346773624420166 0.35042309761047363
0.3466692566871643 0.35172539949417114
0.3465300500392914 0.3682568371295929
0.3460370898246765 0.36042657494544983
0.34484437108039856 0.35114631056785583
0.3439863920211792 0.36558645963668823
0.3396367132663727 0.3522256016731262
0.33799493312835693 0.34426575899124146
0.33426663279533386 0.3356068730354309
0.33389055728912354 0.3479517698287964
0.3280656635761261 0.32822537422180176
0.3104185163974762 0.3835328221321106
0.20946460962295532 0.21230155229568481
0.20237110555171967 0.2145194113254547
0.20161163806915283 0.21312032639980316
0.20035512745380402 0.2089635580778122
0.1942983865737915 0.2097429484128952
0.15459419786930084 0.15716055035591125
0.15363547205924988 0.16154801845550537
0.15127554535865784 0.16339439153671265
0.13552242517471313 0.13599392771720886
0.13319537043571472 0.13425295054912567
0.1165284812450409 0.11723046004772186
0.10155326128005981 0.10311570018529892
