0.28523701429367065 0.2896338105201721
0.22427868843078613 0.2267712652683258
0.22267958521842957 0.23369191586971283
0.22033293545246124 0.2260688841342926
0.20849937200546265 0.22377413511276245
0.20180347561836243 0.21590210497379303
0.20026764273643494 0.22694186866283417
0.19698570668697357 0.2000972181558609
0.19682025909423828 0.19753380119800568
0.19674481451511383 0.21607330441474915
0.19655904173851013 0.22051525115966797
0.1963627189397812 0.2066030502319336
0.19057917594909668 0.2173198163509369
0.18942686915397644 0.2005326896905899
0.18632985651493073 0.19137170910835266
0.18523119390010834 0.2058098018169403
0.18185444176197052 0.19590923190116882
0.17851336300373077 0.18136659264564514
0.1779814511537552 0.20177355408668518
0.16873830556869507 0.17472092807292938
0.16821762919425964 0.17739857733249664
0.167465478181839 0.18568098545074463
0.16570636630058289 0.17157123982906342
0.16256853938102722 0.17669975757598877
0.16227705776691437 0.17561495304107666
0.15861181914806366 0.16718827188014984
0.14922456443309784 0.15244846045970917
0.1481211632490158 0.15058359503746033
0.14413198828697205 0.14579112827777863
0.13331584632396698 0.14144116640090942
0.1317681074142456 0.1426180601119995
0.13175104558467865 0.13199013471603394
0.12646742165088654 0.1285545527935028
0.12609416246414185 0.13235479593276978
0.10773718357086182 0.10886085778474808
