0.17363779246807098 0.17545320093631744
0.15841461718082428 0.16132844984531403
0.1573236584663391 0.1596551388502121
0.14740364253520966 0.15509608387947083
0.14603757858276367 0.14653173089027405
0.14341755211353302 0.14733950793743134
0.14180371165275574 0.14297479391098022
0.1387683004140854 0.14304853975772858
0.13576500117778778 0.138780415058136
0.13500885665416718 0.1412833333015442
0.13392536342144012 0.13427233695983887
0.1333293616771698 0.1423356682062149
0.1332218497991562 0.1395837515592575
0.13313588500022888 0.13696834444999695
0.13157835602760315 0.1609683781862259
0.12753038108348846 0.13229911029338837
0.12601181864738464 0.13191676139831543
0.125686377286911 0.13225732743740082
0.12542715668678284 0.13168217241764069
0.12530843913555145 0.13542991876602173
0.1244359016418457 0.12729409337043762
0.12426264584064484 0.12451767176389694
0.12333358824253082 0.12690140306949615
0.12307104468345642 0.12773653864860535
0.12252692878246307 0.1299622505903244
0.12236197292804718 0.1243511214852333
0.12214672565460205 0.12251725792884827
0.1216929629445076 0.12220332026481628
0.12156660109758377 0.12196341902017593
0.12096744030714035 0.12256418168544769
0.12090502679347992 0.12206578999757767
0.11965916305780411 0.1278657615184784
0.11935938894748688 0.13017240166664124
0.11911740899085999 0.12266089022159576
0.11896385252475739 0.13344687223434448
0.11896385252475739 0.12439171969890594
0.11883726716041565 0.12881852686405182
0.11726460605859756 0.12350211292505264
0.1167958527803421 0.1169002577662468
0.11665952205657959 0.11812536418437958
0.11602084338665009 0.11803487688302994
0.11556448042392731 0.1297440230846405
0.11469041556119919 0.1167629137635231
0.11436937749385834 0.11708240211009979
0.11405956000089645 0.11505605280399323
0.11356751620769501 0.11529389023780823
0.11329682171344757 0.11418572068214417
0.1120215430855751 0.11887133121490479
0.11169593781232834 0.11241860687732697
0.11036577075719833 0.11158591508865356
0.10930068790912628 0.11832769960165024
0.10909256339073181 0.11172933876514435
0.1088867112994194 0.11910423636436462
0.10869286209344864 0.11178308725357056
0.10680662840604782 0.11456822603940964
0.10414013266563416 0.10432733595371246
0.09672420471906662 0.09783438593149185
