0.23475748300552368 0.23476587235927582
0.23338857293128967 0.23526190221309662
0.21825887262821198 0.21895568072795868
0.2132919877767563 0.22173024713993073
0.187732994556427 0.19298872351646423
0.18600594997406006 0.19946198165416718
0.1852877140045166 0.20527300238609314
0.18488188087940216 0.1907399743795395
0.18304356932640076 0.1846473515033722
0.17903456091880798 0.19126403331756592
0.17589440941810608 0.18513303995132446
0.1744183599948883 0.18718045949935913
0.17161531746387482 0.18496862053871155
0.17138823866844177 0.17973361909389496
0.1673852801322937 0.16782179474830627
0.16167192161083221 0.16500583291053772
0.14476898312568665 0.15062811970710754
