0.25383973121643066 0.25494295358657837
0.2504928410053253 0.2643398940563202
0.2462274134159088 0.24784880876541138
0.24560944736003876 0.25848403573036194
0.23851744830608368 0.2397710382938385
0.23809494078159332 0.248977929353714
0.2380259782075882 0.25581884384155273
0.23777654767036438 0.24365770816802979
0.23649902641773224 0.2365955263376236
0.23648422956466675 0.27540022134780884
0.23596978187561035 0.2609943747520447
0.2346949577331543 0.24065379798412323
0.2346949577331543 0.2557302415370941
0.2340042144060135 0.2695312201976776
0.23282639682292938 0.23892757296562195
0.23241722583770752 0.23610271513462067
0.22970491647720337 0.23069483041763306
0.2295048087835312 0.2361806333065033
0.22942347824573517 0.237043559551239
0.22848783433437347 0.23584187030792236
0.22834916412830353 0.23540620505809784
0.22711509466171265 0.23000745475292206
0.22698631882667542 0.2322394847869873
0.22576302289962769 0.2265196144580841
0.22563044726848602 0.22918397188186646
0.22450853884220123 0.24230177700519562
0.2225053906440735 0.23417051136493683
0.22210490703582764 0.24116763472557068
0.22042173147201538 0.23297634720802307
0.21970988810062408 0.2770633399486542
0.2189793884754181 0.23258426785469055
0.21834880113601685 0.2804156243801117
0.21601219475269318 0.24033772945404053
0.21593338251113892 0.24628637731075287
0.2158193290233612 0.23072800040245056
0.21566446125507355 0.22950665652751923
0.21539267897605896 0.2290801703929901
0.2137046456336975 0.21750709414482117
0.21351008117198944 0.23491187393665314
0.21195955574512482 0.22741161286830902
0.21167711913585663 0.21355797350406647
0.211178258061409 0.21230891346931458
0.2110127955675125 0.25631362199783325
0.21036206185817719 0.2318359911441803
0.21012336015701294 0.22841748595237732
0.2090246081352234 0.20950502157211304
0.20850542187690735 0.22360466420650482
0.20780037343502045 0.20832929015159607
0.20545250177383423 0.20659154653549194
0.20497217774391174 0.22031714022159576
0.20420189201831818 0.21906940639019012
0.20317502319812775 0.20963844656944275
0.20314918458461761 0.20660750567913055
0.20300628244876862 0.20756377279758453
0.20252631604671478 0.20380763709545135
0.2022494524717331 0.20902761816978455
0.20048819482326508 0.2255932092666626
0.20032498240470886 0.21816304326057434
0.20013290643692017 0.20407888293266296
0.19950540363788605 0.20317865908145905
0.19923925399780273 0.19997330009937286
0.19775785505771637 0.2032298892736435
0.19425396621227264 0.19457486271858215
0.18681581318378448 0.18891051411628723
0.18451178073883057 0.19483569264411926
0.18331818282604218 0.18709032237529755
0.18219183385372162 0.19120045006275177
0.14189258217811584 0.14939084649085999
