0.26194676756858826 0.27341294288635254
0.252041757106781 0.26280710101127625
0.2511734366416931 0.27269798517227173
0.2501838803291321 0.26206496357917786
0.24884667992591858 0.27458396553993225
0.24392573535442352 0.2517302334308624
0.24056939780712128 0.24221919476985931
0.23837915062904358 0.24564693868160248
0.23837915062904358 0.2491224855184555
0.23784296214580536 0.25270482897758484
0.2369452267885208 0.24221919476985931
0.2350483387708664 0.2367764264345169
0.22773391008377075 0.23037661612033844
0.22715578973293304 0.2501031458377838
0.22652098536491394 0.2527495324611664
0.22613266110420227 0.24608777463436127
0.22374220192432404 0.23515965044498444
0.22210927307605743 0.23646250367164612
0.22173257172107697 0.22698557376861572
0.21876579523086548 0.22342811524868011
0.2178221046924591 0.2389371395111084
0.216462641954422 0.23313720524311066
0.2158176302909851 0.21589623391628265
0.2152870148420334 0.2244657725095749
0.21407592296600342 0.24112340807914734
0.21339529752731323 0.22327227890491486
0.21320879459381104 0.2136269509792328
0.2122049331665039 0.2220451682806015
0.2105552703142166 0.2147715836763382
0.20854142308235168 0.21798686683177948
0.20791763067245483 0.21789130568504333
0.2071252316236496 0.22098463773727417
0.20697303116321564 0.20909106731414795
0.20645976066589355 0.22689083218574524
0.20645491778850555 0.22379077970981598
0.20494002103805542 0.21689018607139587
0.20379681885242462 0.21443438529968262
0.20122578740119934 0.22396814823150635
0.20120829343795776 0.22401146590709686
0.201149582862854 0.2310304045677185
0.20068494975566864 0.21378162503242493
0.19970716536045074 0.21154546737670898
0.19964170455932617 0.2060612589120865
0.19835014641284943 0.21314355731010437
0.19273719191551208 0.20528292655944824
0.19065333902835846 0.19159142673015594
0.19031421840190887 0.20764590799808502
0.18959221243858337 0.19187891483306885
0.1869797557592392 0.1910931020975113
0.18320228159427643 0.18490567803382874
0.18020357191562653 0.1827009916305542
0.17855463922023773 0.1912805587053299
0.16578593850135803 0.1661931276321411
0.1648150533437729 0.16509296000003815
0.15575680136680603 0.15583617985248566
0.14211997389793396 0.14280638098716736
0.1328151524066925 0.13379298150539398
0.10658030211925507 0.1165238469839096
