0.3105432093143463 0.3244781196117401
0.27958226203918457 0.33135369420051575
0.2710689306259155 0.2726890742778778
0.2692432105541229 0.27332398295402527
0.26836445927619934 0.27217406034469604
0.26473870873451233 0.270649790763855
0.261374294757843 0.2729640305042267
0.2600107789039612 0.27307620644569397
0.25962281227111816 0.2762938141822815
0.2576412260532379 0.2869468331336975
0.25587794184684753 0.29416534304618835
0.24328193068504333 0.2516701817512512
0.23933249711990356 0.24176311492919922
0.239021897315979 0.24987615644931793
0.23575563728809357 0.2560434341430664
0.2355760782957077 0.24583390355110168
0.2341940701007843 0.24021802842617035
0.23033297061920166 0.24813881516456604
0.22935736179351807 0.2487262338399887
0.22851024568080902 0.25049376487731934
0.2256298065185547 0.2424682378768921
0.2236783355474472 0.2291279286146164
0.22139038145542145 0.23957408964633942
0.22030407190322876 0.23930981755256653
0.21945862472057343 0.22541679441928864
0.21642309427261353 0.21662218868732452
0.21078889071941376 0.21446582674980164
0.2079879641532898 0.21367134153842926
0.20784936845302582 0.21958133578300476
0.1903284639120102 0.1999189853668213
0.1855618804693222 0.1860923320055008
0.18233950436115265 0.18525463342666626
0.17772796750068665 0.1809757798910141
0.17748817801475525 0.17800858616828918
0.17430615425109863 0.1757528930902481
0.17273710668087006 0.17916381359100342
0.17262037098407745 0.19997842609882355
0.16169776022434235 0.18452976644039154
0.1358991116285324 0.14424479007720947
0.09300904721021652 0.10006839036941528
