0.07388743758201599 0.07755160331726074
0.06936849653720856 0.0759551003575325
0.06760723888874054 0.0720968246459961
0.0672200471162796 0.06742889434099197
0.06438860297203064 0.06768938153982162
0.06409675627946854 0.07198868691921234
0.06316769868135452 0.06459564715623856
0.06210782378911972 0.06438710540533066
0.06209207698702812 0.0632963702082634
0.061785392463207245 0.06223379075527191
0.060999687761068344 0.06555496156215668
0.06016036495566368 0.07078619301319122
0.05982167646288872 0.06057778745889664
0.05947190895676613 0.06140543520450592
0.05945143848657608 0.06037570908665657
0.059415146708488464 0.06495658308267593
0.058817263692617416 0.06344077736139297
0.05845051631331444 0.059561099857091904
0.0580119863152504 0.0607079453766346
0.05754522234201431 0.06294649839401245
0.057328999042510986 0.06733859330415726
0.057317059487104416 0.06330981850624084
0.057275477796792984 0.07642889022827148
0.057134225964546204 0.059169501066207886
0.05709477514028549 0.06098199635744095
0.05668455734848976 0.06314249336719513
0.05593157932162285 0.06794007122516632
0.05564018711447716 0.06620700657367706
0.054943375289440155 0.05927456170320511
0.05484171211719513 0.057193074375391006
0.05425326153635979 0.06113993376493454
0.053366269916296005 0.054495152086019516
0.051789540797472 0.06601914763450623
0.05002833902835846 0.05016941949725151
0.04979310929775238 0.05156891793012619
0.041678402572870255 0.04202204942703247
0.03943384438753128 0.04230032116174698
0.03656546771526337 0.03673010692000389
