0.8655843138694763 0.8670222759246826
0.8643727898597717 0.8689126372337341
0.8605227470397949 0.8721069097518921
0.8530817031860352 0.8665439486503601
0.8461184501647949 0.8598649501800537
0.8453451991081238 0.8580844402313232
0.8434955477714539 0.8438718914985657
0.8367559313774109 0.8441108465194702
0.8363826870918274 0.8514904379844666
0.8323332071304321 0.860194981098175
0.23594151437282562 0.23684149980545044
0.18068604171276093 0.1866285353899002
0.1620979607105255 0.16265301406383514
0.1432296484708786 0.14670538902282715
0.11239797621965408 0.1141062006354332
