0.22096499800682068 0.22422799468040466
0.21977344155311584 0.22840376198291779
0.21723872423171997 0.2363290637731552
0.2170882523059845 0.230474591255188
0.21300028264522552 0.21441370248794556
0.20958882570266724 0.20967058837413788
0.20861680805683136 0.20894339680671692
0.20833122730255127 0.21416111290454865
0.20820951461791992 0.22792132198810577
0.20698823034763336 0.2499847412109375
0.20658203959465027 0.2227879762649536
0.20593445003032684 0.2176697552204132
0.2058439552783966 0.21169155836105347
0.2042272537946701 0.20577163994312286
0.20346108078956604 0.20582635700702667
0.20110496878623962 0.20684266090393066
0.2001904547214508 0.23622077703475952
0.20004481077194214 0.2111528366804123
0.19937282800674438 0.20794141292572021
0.19754813611507416 0.2231738120317459
0.19697770476341248 0.1971796303987503
0.19666723906993866 0.19709645211696625
0.19646288454532623 0.21455882489681244
0.1947323977947235 0.21216310560703278
0.19206809997558594 0.2069191336631775
0.1912880390882492 0.19148188829421997
0.19121578335762024 0.19505779445171356
0.18949738144874573 0.19258858263492584
0.18897798657417297 0.19524215161800385
0.18723560869693756 0.19326192140579224
0.18541398644447327 0.18640410900115967
0.18410645425319672 0.19168424606323242
0.17646680772304535 0.17676213383674622
0.13016214966773987 0.13096828758716583
