0.36325058341026306 0.36410942673683167
0.36283841729164124 0.36659979820251465
0.3575702905654907 0.35943683981895447
0.2707761824131012 0.36769479513168335
0.21763713657855988 0.22785767912864685
0.2093084454536438 0.3495034873485565
0.20672832429409027 0.2335878312587738
0.2004745751619339 0.20160356163978577
0.19705745577812195 0.20579829812049866
0.1934356540441513 0.19683462381362915
0.1927354782819748 0.1998233199119568
0.1922995150089264 0.19853408634662628
0.18814633786678314 0.2035910040140152
0.18070195615291595 0.18459434807300568
0.16763748228549957 0.16854199767112732
0.15789857506752014 0.1608898639678955
0.15727201104164124 0.1583121418952942
0.152671679854393 0.15896256268024445
0.15158958733081818 0.15853625535964966
0.15090952813625336 0.15112268924713135
0.15031543374061584 0.16092762351036072
0.14772601425647736 0.14909470081329346
0.14194989204406738 0.14525270462036133
0.12335842102766037 0.12455347180366516
0.1179165244102478 0.12373268604278564
0.11018805205821991 0.1135241687297821
