0.29509782791137695 0.3087785542011261
0.2921653687953949 0.292535662651062
0.2906247675418854 0.29893869161605835
0.28829434514045715 0.3033502995967865
0.28715506196022034 0.312410444021225
0.2858130633831024 0.2895964980125427
0.2854732871055603 0.30015015602111816
0.28472307324409485 0.30550315976142883
0.2844589054584503 0.29106688499450684
0.2835734784603119 0.30540862679481506
0.2821592092514038 0.2859214246273041
0.2819845974445343 0.3072964549064636
0.28116780519485474 0.29147496819496155
0.28091925382614136 0.2950025498867035
0.2808815538883209 0.283192902803421
0.28016990423202515 0.29527369141578674
0.2801249921321869 0.3148944675922394
0.27922332286834717 0.2914990186691284
0.27906426787376404 0.2825547456741333
0.278860867023468 0.2808419466018677
0.2783288061618805 0.28487876057624817
0.27777454257011414 0.32068634033203125
0.27722132205963135 0.30045056343078613
0.27652159333229065 0.28246745467185974
0.27556854486465454 0.31742486357688904
0.27532002329826355 0.2822413146495819
0.2734079360961914 0.2918221354484558
0.2651524841785431 0.2669716775417328
0.26379162073135376 0.26494935154914856
0.16705748438835144 0.16852807998657227
0.13346239924430847 0.13697847723960876
0.1315314620733261 0.13632990419864655
0.10677295923233032 0.1127982884645462
