0.21291744709014893 0.21637208759784698
0.185677170753479 0.19976530969142914
0.18223710358142853 0.19762760400772095
0.16642358899116516 0.16859392821788788
0.16377198696136475 0.17772528529167175
0.1632106453180313 0.17002664506435394
0.15036152303218842 0.17873293161392212
0.14707264304161072 0.15609897673130035
0.1456024944782257 0.15525786578655243
0.14228053390979767 0.15779545903205872
0.1410607248544693 0.1440410315990448
0.13835929334163666 0.14830470085144043
0.1382671445608139 0.14029435813426971
0.13100677728652954 0.13341782987117767
0.12691310048103333 0.13179056346416473
0.10712258517742157 0.10856135189533234
0.09707651287317276 0.09777835756540298
0.09156955033540726 0.09923587739467621
