0.698581337928772 0.7009279727935791
0.6897414326667786 0.694651186466217
0.6886005401611328 0.6940994262695312
0.6880762577056885 0.6976327300071716
0.6873944997787476 0.6876301765441895
0.687232494354248 0.6945915222167969
0.6867758631706238 0.6913008689880371
0.686549186706543 0.6941031813621521
0.6853798031806946 0.6854192018508911
0.6850440502166748 0.6858859658241272
0.6848282814025879 0.6891209483146667
0.6842948794364929 0.6854668259620667
0.6838901042938232 0.6908323168754578
0.6835837364196777 0.6890074014663696
0.6829745173454285 0.6860904097557068
0.682749330997467 0.6911992430686951
0.6824464201927185 0.6826785206794739
0.6815456748008728 0.6911911964416504
0.6808685660362244 0.6872936487197876
0.6807626485824585 0.6866402626037598
0.6801719069480896 0.687744140625
0.6798088550567627 0.6896616816520691
0.6797105669975281 0.6920463442802429
0.6795452237129211 0.6870654821395874
0.6780667901039124 0.6874755620956421
0.6777902245521545 0.6834888458251953
0.6772010922431946 0.6951287984848022
0.6771896481513977 0.689640462398529
0.6446592211723328 0.6889646053314209
0.38990581035614014 0.3902980089187622
0.3809248208999634 0.3848890960216522
0.38057178258895874 0.3888989984989166
0.21594707667827606 0.22372247278690338
0.20467756688594818 0.20798422396183014
0.16314032673835754 0.16724789142608643
0.1461254358291626 0.14656445384025574
