0.19110293686389923 0.21890807151794434
0.1898917853832245 0.19215629994869232
0.1878814548254013 0.19049358367919922
0.1744004786014557 0.17671844363212585
0.15516068041324615 0.15910258889198303
0.15011239051818848 0.1635381430387497
0.14326390624046326 0.1477455347776413
0.13978511095046997 0.14501021802425385
0.139384463429451 0.14350026845932007
0.13393659889698029 0.13714320957660675
0.13308961689472198 0.1382933408021927
0.13289453089237213 0.13637149333953857
0.13220660388469696 0.13504572212696075
0.12851303815841675 0.13972154259681702
0.1282748579978943 0.12864498794078827
0.12645438313484192 0.13973626494407654
0.1257036179304123 0.1320054680109024
0.12553533911705017 0.12651339173316956
0.12490159273147583 0.1409592181444168
0.12276733666658401 0.12369266897439957
0.12231826782226562 0.12400931864976883
0.12198080122470856 0.1388329416513443
0.1207248717546463 0.1396886110305786
0.120269276201725 0.1363937109708786
0.11961716413497925 0.13906435668468475
0.11814647167921066 0.1385977864265442
0.11507471650838852 0.1248086541891098
0.11328933387994766 0.11331209540367126
0.11263111233711243 0.11463472992181778
0.1109558492898941 0.11281859874725342
0.10973909497261047 0.11853069067001343
0.10965310782194138 0.11723064631223679
0.10961013287305832 0.11387216299772263
0.10913289338350296 0.11069740355014801
0.10603079199790955 0.11887259036302567
0.10099010914564133 0.1028137058019638
0.10073987394571304 0.11209274083375931
0.09976952522993088 0.10157091915607452
0.09960145503282547 0.10116560012102127
0.09960145503282547 0.10575662553310394
0.09888536483049393 0.09909327328205109
0.09873165935277939 0.10457535833120346
0.09862467646598816 0.10871981084346771
0.09772240370512009 0.10007587820291519
0.09662795066833496 0.10502872616052628
0.0946349948644638 0.0947403758764267
0.09306726604700089 0.09445984661579132
0.08967982977628708 0.0990656241774559
0.08865567296743393 0.10032765567302704
0.08354022353887558 0.08448202162981033
0.08090377599000931 0.08356098085641861
0.08025474101305008 0.08179981261491776
0.07907333970069885 0.08017466217279434
