0.18231993913650513 0.18317562341690063
0.18064197897911072 0.1860753744840622
0.17388449609279633 0.17651143670082092
0.15625524520874023 0.156361386179924
0.15459981560707092 0.1575331836938858
0.1524462103843689 0.1555798351764679
0.15176405012607574 0.16224782168865204
0.15167714655399323 0.15965379774570465
0.15157157182693481 0.1524844616651535
0.15153460204601288 0.15216396749019623
0.14822445809841156 0.16797447204589844
0.1473335325717926 0.16055701673030853
0.14641068875789642 0.15219658613204956
0.14522778987884521 0.1552135944366455
0.14513203501701355 0.14983128011226654
0.14478015899658203 0.14855021238327026
0.14382964372634888 0.14678208529949188
0.14273658394813538 0.145168274641037
0.14251559972763062 0.15319840610027313
0.14248499274253845 0.1441209614276886
0.13768884539604187 0.14507485926151276
0.13332098722457886 0.13949379324913025
0.13326582312583923 0.13576237857341766
0.13300833106040955 0.1441982537508011
0.1326541304588318 0.1363695114850998
0.13016347587108612 0.13049718737602234
0.12925471365451813 0.14690911769866943
0.12744520604610443 0.12943555414676666
0.1261412650346756 0.12710759043693542
0.12244650721549988 0.13709259033203125
0.12240272760391235 0.12407755851745605
0.1211685836315155 0.12750144302845
0.11726327985525131 0.13444195687770844
0.11653554439544678 0.12149723619222641
0.11638888716697693 0.12058170139789581
0.11066028475761414 0.12512724101543427
0.0980786383152008 0.10593637824058533
0.09159209579229355 0.09830395877361298
0.08207438886165619 0.08259531110525131
