0.18074171245098114 0.18130594491958618
0.18022169172763824 0.18184258043766022
0.17361430823802948 0.17408928275108337
0.13584960997104645 0.14607463777065277
0.13187751173973083 0.1903613656759262
0.12677720189094543 0.1271851509809494
0.12479683756828308 0.16822749376296997
0.11673909425735474 0.1263750195503235
0.10536421090364456 0.10973194986581802
0.10484304279088974 0.10877222567796707
0.0914875715970993 0.09318441897630692
0.08273756504058838 0.08364259451627731
0.08094366639852524 0.08824803680181503
0.07711728662252426 0.07805714756250381
0.07530315965414047 0.07805400341749191
0.07055050879716873 0.07169779390096664
0.06960417330265045 0.07425384968519211
0.06957325339317322 0.07535435259342194
0.06795402616262436 0.06885525584220886
