0.2117583006620407 0.2130914330482483
0.19564400613307953 0.21463996171951294
0.17084509134292603 0.17879492044448853
0.16725663840770721 0.16923265159130096
0.16269195079803467 0.24227645993232727
0.16060586273670197 0.16402222216129303
0.15730078518390656 0.16313707828521729
0.14343544840812683 0.14773094654083252
0.13816846907138824 0.1432710736989975
0.13780811429023743 0.14084479212760925
0.13041149079799652 0.1316167712211609
0.12521523237228394 0.13751302659511566
0.12275045365095139 0.12302200496196747
0.12231847643852234 0.127414271235466
0.12058044224977493 0.12578259408473969
0.12022414058446884 0.126190647482872
0.11822132021188736 0.11845778673887253
0.1143968477845192 0.14245423674583435
0.10996463894844055 0.11234671622514725
0.09155101329088211 0.09309093654155731
