0.20428873598575592 0.20540191233158112
0.20104502141475677 0.2032880038022995
0.1971188187599182 0.2018892765045166
0.18750974535942078 0.20325875282287598
0.16835838556289673 0.20720292627811432
0.16447100043296814 0.16713355481624603
0.15878736972808838 0.20951557159423828
0.15674446523189545 0.1629052609205246
0.15239572525024414 0.15747764706611633
0.13899709284305573 0.14360040426254272
0.1359514445066452 0.14305128157138824
0.12726259231567383 0.12857072055339813
0.1258784830570221 0.13903260231018066
0.12507525086402893 0.1354953497648239
0.12437602132558823 0.1280318647623062
0.12136990576982498 0.13383212685585022
0.11579888314008713 0.11613710969686508
0.11500851064920425 0.12494602799415588
0.11476462334394455 0.11961568892002106
0.11278042197227478 0.11717715114355087
0.1120898649096489 0.11785341054201126
0.11138611286878586 0.1173422709107399
0.11065319925546646 0.11243866384029388
0.10499545931816101 0.10615072399377823
0.10404681414365768 0.10682561993598938
0.09031631052494049 0.09122815728187561
0.07612849771976471 0.07947374135255814
