0.5244690775871277 0.5283471345901489
0.521429181098938 0.5237954258918762
0.520811915397644 0.5264797806739807
0.5168764591217041 0.52461177110672
0.5167080760002136 0.5237864851951599
0.46597471833229065 0.4666191339492798
0.42611953616142273 0.4284355342388153
0.42301705479621887 0.4255811870098114
0.4192996323108673 0.4230266213417053
0.4178881049156189 0.4199182391166687
0.4160456657409668 0.42366886138916016
0.4158790409564972 0.42907533049583435
0.4144686162471771 0.4266248345375061
0.4135378897190094 0.42913007736206055
0.4133315682411194 0.42914140224456787
0.41163620352745056 0.4272840917110443
0.41061902046203613 0.42859041690826416
0.20433874428272247 0.5217589735984802
0.11166699230670929 0.11216451227664948
