0.3082225024700165 0.3107640743255615
0.29434871673583984 0.3039516508579254
0.29391196370124817 0.31783363223075867
0.2859377861022949 0.28653326630592346
0.2748197913169861 0.2770457863807678
0.27274975180625916 0.28857991099357605
0.2686573565006256 0.3151610195636749
0.2675240635871887 0.2921767830848694
0.26481178402900696 0.26786887645721436
0.2634001672267914 0.30808815360069275
0.2608945965766907 0.2767142653465271
0.2608945965766907 0.2734659016132355
0.2592802047729492 0.26197314262390137
0.25911006331443787 0.2813799977302551
0.2582397758960724 0.30324694514274597
0.2571708858013153 0.2715024948120117
0.2567972242832184 0.2625039517879486
0.2487921416759491 0.249357670545578
0.2481660693883896 0.25171011686325073
0.247798353433609 0.2727622985839844
0.2476770132780075 0.25161415338516235
0.24713751673698425 0.2715393900871277
0.24620476365089417 0.24891743063926697
0.24567937850952148 0.2502564787864685
0.24567314982414246 0.25619015097618103
0.24554862082004547 0.25475993752479553
0.23778292536735535 0.24444715678691864
0.23522385954856873 0.23686861991882324
0.23260046541690826 0.2651338577270508
0.2305193841457367 0.23840829730033875
0.22758272290229797 0.2461007684469223
0.22736956179141998 0.2417302280664444
0.22565659880638123 0.23667359352111816
0.22554099559783936 0.23844808340072632
0.22485783696174622 0.24200943112373352
0.22331945598125458 0.24958603084087372
0.2204175889492035 0.22419792413711548
0.21391256153583527 0.22942543029785156
0.20798595249652863 0.20896637439727783
0.20717841386795044 0.21235759556293488
0.20455119013786316 0.21341568231582642
0.20436114072799683 0.2072928249835968
0.19846311211585999 0.19942273199558258
0.16452431678771973 0.17198564112186432
0.1104981005191803 0.11131925880908966
