0.28373947739601135 0.29576706886291504
0.2647031843662262 0.275395005941391
0.25969821214675903 0.50115567445755
0.2594464123249054 0.26160410046577454
0.18874740600585938 0.18884171545505524
0.18792231380939484 0.18899580836296082
0.1836317479610443 0.18973614275455475
0.17827828228473663 0.19860748946666718
0.177606463432312 0.18449296057224274
0.17105920612812042 0.18225152790546417
0.1704048216342926 0.17785154283046722
0.16689002513885498 0.17779575288295746
0.16402916610240936 0.16624043881893158
0.1529800295829773 0.15769073367118835
0.13830417394638062 0.13898371160030365
0.13815061748027802 0.13885098695755005
0.13375909626483917 0.1338430643081665
0.13131467998027802 0.13315799832344055
0.13086986541748047 0.13970676064491272
0.12360220402479172 0.1240372359752655
0.11324774473905563 0.11521728336811066
