0.233958438038826 0.2547403573989868
0.22940853238105774 0.23380118608474731
0.2215411365032196 0.22572675347328186
0.21963021159172058 0.23286648094654083
0.2184315174818039 0.23845726251602173
0.21763117611408234 0.22256676852703094
0.21596962213516235 0.24599233269691467
0.21382349729537964 0.219483882188797
0.21356776356697083 0.21378551423549652
0.21259644627571106 0.21593284606933594
0.20801781117916107 0.2084188312292099
0.20758219063282013 0.21708936989307404
0.20740818977355957 0.21358105540275574
0.20712308585643768 0.21235081553459167
0.20506329834461212 0.2095228135585785
0.20412147045135498 0.20518314838409424
0.20389294624328613 0.22062475979328156
0.20329929888248444 0.22496305406093597
0.20150989294052124 0.20566131174564362
0.2011628895998001 0.22993989288806915
0.20093482732772827 0.2300412505865097
0.19976788759231567 0.22542907297611237
0.19910107553005219 0.20976528525352478
0.1985725611448288 0.20198778808116913
0.19745135307312012 0.21296872198581696
0.19682437181472778 0.19989779591560364
0.1951894611120224 0.19915048778057098
0.19419486820697784 0.20431119203567505
0.19407451152801514 0.2045040875673294
0.19294953346252441 0.1943875402212143
0.19128863513469696 0.20102937519550323
0.19061198830604553 0.1916208565235138
0.1847522109746933 0.19530238211154938
0.17058858275413513 0.17268991470336914
0.17022673785686493 0.1772698611021042
0.15629912912845612 0.16491885483264923
0.14802096784114838 0.15450267493724823
0.14459086954593658 0.14821629226207733
0.1417449712753296 0.15303130447864532
0.14116698503494263 0.14412131905555725
0.13395261764526367 0.14395134150981903
0.12683261930942535 0.12909717857837677
0.1072472408413887 0.10925263911485672
0.10541341453790665 0.10771241039037704
0.10464568436145782 0.1093999594449997
