0.16771723330020905 0.17236284911632538
0.14960063993930817 0.1501549780368805
0.14603841304779053 0.148814395070076
0.13923408091068268 0.14142367243766785
0.12879939377307892 0.13050022721290588
0.12874390184879303 0.13893508911132812
0.12511904537677765 0.12533137202262878
0.12354661524295807 0.1271502822637558
0.12316238135099411 0.124038465321064
0.12246036529541016 0.13770313560962677
0.11047346144914627 0.11109626293182373
0.10686378180980682 0.11098596453666687
0.10540998727083206 0.1063370555639267
0.1042020320892334 0.10973195731639862
0.10104834288358688 0.10729242116212845
0.09892173856496811 0.10304044187068939
0.08853013068437576 0.10014241933822632
