0.6203641295433044 0.6212165355682373
0.6198225617408752 0.621814489364624
0.6192975044250488 0.6219289898872375
0.6190489530563354 0.6245802640914917
0.6187072396278381 0.6191533207893372
0.6185621023178101 0.6233821511268616
0.617613673210144 0.6222870349884033
0.6165849566459656 0.6254451274871826
0.6164827346801758 0.6191155314445496
0.6148905754089355 0.6182711124420166
0.6146405935287476 0.625026285648346
0.2947409152984619 0.6284568905830383
0.2942001223564148 0.3022206723690033
0.18455037474632263 0.19046181440353394
