0.48441147804260254 0.48748570680618286
0.48156169056892395 0.4854370653629303
0.481540709733963 0.4887884557247162
0.4805895984172821 0.4878945052623749
0.47899550199508667 0.4813588559627533
0.47679251432418823 0.47821488976478577
0.476359486579895 0.478284627199173
0.4754318296909332 0.4781692624092102
0.47467195987701416 0.488343209028244
0.47462180256843567 0.47948402166366577
0.4739832878112793 0.47654989361763
0.4718194901943207 0.49126747250556946
0.47094282507896423 0.4851868748664856
0.4694748818874359 0.4696296453475952
0.27802789211273193 0.5012996196746826
0.18869620561599731 0.1899401694536209
