0.40878427028656006 0.4118177592754364
0.4052603840827942 0.41228508949279785
0.4044762849807739 0.4089905321598053
0.40442949533462524 0.410038560628891
0.40427613258361816 0.4088936746120453
0.4042290449142456 0.4094654619693756
0.40371569991111755 0.4076220989227295
0.40333956480026245 0.4084304869174957
0.40308764576911926 0.40771257877349854
0.4030177891254425 0.40937623381614685
0.40294191241264343 0.4095221161842346
0.4027808904647827 0.4086264967918396
0.4026995301246643 0.4062942862510681
0.4021783173084259 0.40768003463745117
0.40185269713401794 0.4102555811405182
0.40183794498443604 0.4029861390590668
0.401566743850708 0.4094353914260864
0.40150389075279236 0.41162624955177307
0.4015030562877655 0.4099286198616028
0.39965400099754333 0.40934571623802185
0.3979903757572174 0.4042816758155823
0.1894555389881134 0.4110434949398041
0.12903901934623718 0.1392289251089096
0.10466216504573822 0.10524170100688934
0.1035020500421524 0.14422686398029327
0.08589250594377518 0.08707854151725769
