0.2878241240978241 0.28957098722457886
0.2804957926273346 0.300340473651886
0.2800977826118469 0.2944597899913788
0.2743431031703949 0.2802621126174927
0.26669731736183167 0.28818589448928833
0.2656753659248352 0.26631173491477966
0.25929996371269226 0.2731468677520752
0.25741907954216003 0.2744305431842804
0.2545738220214844 0.2743808627128601
0.252360463142395 0.2782438397407532
0.25092998147010803 0.27508068084716797
0.2481171190738678 0.2556869089603424
0.24491776525974274 0.26236364245414734
0.24471651017665863 0.259576678276062
0.24233001470565796 0.2552570700645447
0.2420176863670349 0.2938540577888489
0.23980021476745605 0.24148541688919067
0.23926633596420288 0.24736975133419037
0.2332579791545868 0.24654962122440338
0.23320575058460236 0.23664294183254242
0.23281003534793854 0.2535485625267029
0.23240803182125092 0.24868614971637726
0.23137961328029633 0.25269415974617004
0.23015348613262177 0.24612528085708618
0.2280525118112564 0.23530639708042145
0.2253384292125702 0.22704103589057922
0.223497211933136 0.23564322292804718
0.2172609120607376 0.2353043407201767
0.21701474487781525 0.2178410291671753
0.21086259186267853 0.21929845213890076
0.21080797910690308 0.23284871876239777
0.21012380719184875 0.23633645474910736
0.20678871870040894 0.21803638339042664
0.20640532672405243 0.24326878786087036
0.20551159977912903 0.21381855010986328
0.2028994858264923 0.2079077810049057
0.2024506777524948 0.20372696220874786
0.19678014516830444 0.20608003437519073
0.19638103246688843 0.21738998591899872
0.19456250965595245 0.22158795595169067
0.19428277015686035 0.23663339018821716
0.19406667351722717 0.1951444447040558
0.19401833415031433 0.2056463360786438
0.19383719563484192 0.19464680552482605
0.19027188420295715 0.20087061822414398
0.18982692062854767 0.19277571141719818
0.1817415952682495 0.18264397978782654
0.1815008521080017 0.1835005283355713
0.17803353071212769 0.17847397923469543
0.17763245105743408 0.18805362284183502
0.1771915704011917 0.18859471380710602
0.17623578011989594 0.1800031214952469
0.1625930815935135 0.18161296844482422
