0.4987090528011322 0.502860963344574
0.496765673160553 0.4990021586418152
0.4954548180103302 0.5017586946487427
0.4896032214164734 0.4909931719303131
0.4875428080558777 0.4952298700809479
0.48614001274108887 0.4869382977485657
0.4823586046695709 0.4834073483943939
0.4760493338108063 0.4777465760707855
0.47264331579208374 0.4734293818473816
0.4658806324005127 0.46602848172187805
0.46586936712265015 0.47840869426727295
0.46285614371299744 0.4697543978691101
0.45344454050064087 0.4536505937576294
0.44871068000793457 0.45360156893730164
0.44732600450515747 0.45232391357421875
0.44584399461746216 0.4530426561832428
0.4458361864089966 0.4550741910934448
0.43604743480682373 0.4474544823169708
0.43438589572906494 0.43968018889427185
0.43063628673553467 0.44156888127326965
0.4188595116138458 0.4241073727607727
0.416367769241333 0.4262641966342926
0.40807104110717773 0.4130289852619171
0.40508806705474854 0.41951730847358704
0.4002087116241455 0.4069027900695801
0.39611557126045227 0.3961775600910187
0.3957592844963074 0.4024703800678253
0.3843693435192108 0.3853006958961487
0.38117358088493347 0.3826519250869751
0.22864441573619843 0.23510955274105072
0.22751404345035553 0.22778469324111938
0.22276881337165833 0.4990021586418152
0.15865904092788696 0.16116319596767426
