0.5438143014907837 0.5445938110351562
0.536231279373169 0.5365216135978699
0.4864075481891632 0.6227211952209473
0.16026422381401062 0.16462387144565582
0.15395796298980713 0.15756641328334808
0.1511574536561966 0.15253841876983643
0.14989405870437622 0.1583046168088913
0.1440834403038025 0.14445050060749054
0.1393527388572693 0.1447986215353012
0.13328728079795837 0.14706741273403168
0.13097944855690002 0.13305410742759705
0.12842723727226257 0.1297396719455719
0.12785816192626953 0.12991967797279358
0.1241999939084053 0.1378697156906128
0.12323940545320511 0.1238294392824173
0.12118662148714066 0.12926030158996582
0.12029249221086502 0.13344523310661316
0.11809249222278595 0.11914673447608948
0.11471071094274521 0.11549341678619385
0.11323042213916779 0.12120652943849564
0.11043164879083633 0.11558622121810913
0.10699176788330078 0.12411415576934814
0.1032356470823288 0.11013498902320862
0.10270659625530243 0.10367690026760101
0.10056211799383163 0.10309093445539474
0.09445998072624207 0.0973251685500145
0.09399783611297607 0.09903082251548767
0.08999381214380264 0.09277156740427017
