0.4467651844024658 0.4498942792415619
0.44193610548973083 0.45086222887039185
0.4376608729362488 0.4391484558582306
0.43185654282569885 0.43357259035110474
0.4181859493255615 0.4227445721626282
0.4048013985157013 0.41770023107528687
0.19736088812351227 0.44988134503364563
0.1902657151222229 0.19137947261333466
0.17954076826572418 0.18284760415554047
0.16937389969825745 0.17355424165725708
0.16417326033115387 0.16764044761657715
0.15958012640476227 0.16149012744426727
0.15887166559696198 0.15901774168014526
0.15867803990840912 0.16572529077529907
0.15568140149116516 0.16192655265331268
0.15185247361660004 0.15442757308483124
0.1507512480020523 0.15945692360401154
0.15017864108085632 0.15428899228572845
0.1432373970746994 0.1517311930656433
0.1423690915107727 0.1465044766664505
0.14078162610530853 0.14287404716014862
0.1402532458305359 0.14769068360328674
0.1399933248758316 0.14128316938877106
0.13859780132770538 0.14032527804374695
0.13807477056980133 0.1533377766609192
0.1374625712633133 0.147249236702919
0.13291974365711212 0.1379237025976181
0.12670432031154633 0.13587529957294464
0.12430066615343094 0.13030186295509338
0.12391296029090881 0.1256980001926422
0.12340135872364044 0.12444078922271729
0.11916693300008774 0.12506236135959625
0.11722297966480255 0.11836161464452744
0.11674036085605621 0.12722009420394897
0.11166348308324814 0.11325614154338837
0.11161904782056808 0.11565287411212921
0.10405971854925156 0.10493890941143036
