0.18556809425354004 0.18669965863227844
0.1629168689250946 0.16543453931808472
0.16104945540428162 0.17169056832790375
0.1577734798192978 0.1590898036956787
0.15776503086090088 0.17072729766368866
0.1571844220161438 0.158920556306839
0.15697000920772552 0.17018355429172516
0.14963063597679138 0.1507817655801773
0.14337049424648285 0.14610986411571503
0.13976550102233887 0.1436576545238495
0.1393333375453949 0.15477585792541504
0.1374143362045288 0.14209187030792236
0.13469985127449036 0.13869798183441162
0.13255152106285095 0.13512134552001953
0.12591606378555298 0.13425441086292267
0.1200493797659874 0.12676052749156952
0.11988130956888199 0.12091119587421417
0.11679895967245102 0.1293341964483261
0.1124921664595604 0.11914905905723572
0.1123707965016365 0.12491888552904129
0.11122792214155197 0.11435799300670624
0.1074938029050827 0.11011168360710144
0.10313622653484344 0.10928311198949814
0.09073619544506073 0.09949469566345215
