0.17553158104419708 0.17814019322395325
0.15473206341266632 0.16473262012004852
0.14884832501411438 0.14887474477291107
0.14388610422611237 0.1456155776977539
0.13998176157474518 0.14464439451694489
0.1273288130760193 0.12966498732566833
0.11827012151479721 0.11856428533792496
0.11311709135770798 0.11980221420526505
0.11106469482183456 0.11472812294960022
0.10978367179632187 0.11458846181631088
0.10952653735876083 0.11004870384931564
0.10656946897506714 0.10760321468114853
0.09051088988780975 0.09940266609191895
0.07644592225551605 0.08969483524560928
