0.44904401898384094 0.44948941469192505
0.4457460641860962 0.4466899037361145
0.44383367896080017 0.44755157828330994
0.44277799129486084 0.44535425305366516
0.44261878728866577 0.4471149146556854
0.44259408116340637 0.45324891805648804
0.44248899817466736 0.4445127248764038
0.44198617339134216 0.4425756633281708
0.4405820965766907 0.4471876621246338
0.43936267495155334 0.44506651163101196
0.4390953779220581 0.45781418681144714
0.4385541081428528 0.4456562101840973
0.4384693205356598 0.4417455792427063
0.4384121894836426 0.4392390549182892
0.43793049454689026 0.44811776280403137
0.4378063678741455 0.43911436200141907
0.4377332925796509 0.4550632834434509
0.4369523525238037 0.44029250741004944
0.43602240085601807 0.451156347990036
0.43593958020210266 0.438478022813797
0.4344855844974518 0.4360753893852234
0.28304967284202576 0.4696064591407776
0.08389930427074432 0.08477845042943954
