0.4479064643383026 0.45172497630119324
0.44586414098739624 0.4560239613056183
0.42172306776046753 0.4281615912914276
0.4092082679271698 0.4145694673061371
0.2796088457107544 0.2836783528327942
0.2777501046657562 0.2793142795562744
0.2715436816215515 0.2753289043903351
0.2695259153842926 0.27430015802383423
0.2638574540615082 0.2739863991737366
0.2629295289516449 0.2636469006538391
0.26182180643081665 0.2834589183330536
0.26127898693084717 0.29534828662872314
0.2597891092300415 0.29115498065948486
0.2597058415412903 0.2671874761581421
0.2568070888519287 0.27446049451828003
0.2535272240638733 0.27238377928733826
0.2533237636089325 0.28543737530708313
0.24990659952163696 0.25698748230934143
0.24876433610916138 0.27518385648727417
0.24789071083068848 0.24978415668010712
0.24634601175785065 0.2642001211643219
0.24488790333271027 0.2513997554779053
0.24428333342075348 0.25674206018447876
0.24403423070907593 0.27548012137413025
0.24382911622524261 0.2454751580953598
0.24358341097831726 0.2731521725654602
0.24234458804130554 0.2914297580718994
0.24100284278392792 0.2412739247083664
0.2408432960510254 0.24132058024406433
0.2407475709915161 0.24183772504329681
0.23732145130634308 0.269901305437088
0.23551537096500397 0.24605600535869598
0.23453277349472046 0.24034005403518677
0.23095613718032837 0.2579152286052704
0.23026415705680847 0.23815041780471802
0.2279447615146637 0.23790156841278076
0.22674544155597687 0.22743172943592072
0.1510106474161148 0.1606086641550064
