0.5779778361320496 0.5873404145240784
0.47251462936401367 0.4726029336452484
0.46280229091644287 0.5092735290527344
0.46060407161712646 0.47185343503952026
0.44096633791923523 0.4469577968120575
0.30593040585517883 0.3095576763153076
0.3001026511192322 0.32034948468208313
0.2846813201904297 0.29205721616744995
0.27913016080856323 0.2804969847202301
0.2677355408668518 0.2680644989013672
0.26686227321624756 0.28469136357307434
0.2665490210056305 0.3373750150203705
0.26591214537620544 0.2769683599472046
0.2550707757472992 0.2702634036540985
0.24776959419250488 0.24906682968139648
0.2465948611497879 0.2514037489891052
0.24526576697826385 0.27100101113319397
0.24064558744430542 0.2546018362045288
0.24014410376548767 0.2443377524614334
0.23137418925762177 0.2429748773574829
0.22363492846488953 0.230790913105011
0.22294794023036957 0.2379823923110962
0.2122456133365631 0.21693652868270874
0.20721638202667236 0.20751988887786865
0.2070167511701584 0.20774123072624207
0.20571894943714142 0.23354560136795044
0.2005196362733841 0.21213725209236145
0.17409749329090118 0.17644305527210236
0.16069398820400238 0.1612032949924469
