0.1971077024936676 0.20261719822883606
0.1949332058429718 0.20261719822883606
0.19479379057884216 0.19651436805725098
0.19296102225780487 0.19365552067756653
0.1706152707338333 0.17245538532733917
0.16124676167964935 0.17921307682991028
0.16059045493602753 0.1729104369878769
0.15567447245121002 0.1634686291217804
0.15478861331939697 0.15582945942878723
0.15194877982139587 0.1646929830312729
0.15175504982471466 0.15988703072071075
0.1471128761768341 0.15012744069099426
0.1449449211359024 0.14605441689491272
0.14432640373706818 0.15142017602920532
0.14340150356292725 0.14924976229667664
0.14322559535503387 0.15938325226306915
0.14314725995063782 0.15763777494430542
0.1430588960647583 0.14851494133472443
0.14222721755504608 0.14858625829219818
0.14099198579788208 0.14750242233276367
0.14074936509132385 0.1508130133152008
0.13771496713161469 0.1481459140777588
0.1366787552833557 0.13796952366828918
0.13656117022037506 0.13908593356609344
0.13608914613723755 0.13833016157150269
0.13608227670192719 0.13629940152168274
0.13586238026618958 0.146230548620224
0.1358264684677124 0.13903570175170898
0.1357557624578476 0.14076536893844604
0.13564172387123108 0.13780201971530914
0.13457068800926208 0.1369766741991043
0.13437668979167938 0.1382310688495636
0.13429224491119385 0.1431303769350052
0.1326897293329239 0.151624858379364
0.13117621839046478 0.13991892337799072
0.1309545785188675 0.1312069594860077
0.1309100091457367 0.13309788703918457
0.1308131217956543 0.13552217185497284
0.13047955930233002 0.1349632889032364
0.12987035512924194 0.13301877677440643
0.12934322655200958 0.1486562043428421
0.12821607291698456 0.1363612711429596
0.12809830904006958 0.13037367165088654
0.12767428159713745 0.12990038096904755
0.1270270198583603 0.1287057250738144
0.12665051221847534 0.13179585337638855
0.12641313672065735 0.144441157579422
0.12605997920036316 0.13150452077388763
0.1252838373184204 0.12659098207950592
0.1238672062754631 0.13730980455875397
0.12270360440015793 0.13279670476913452
0.12131229043006897 0.12316738069057465
0.11124452948570251 0.11283347010612488
0.10760313272476196 0.1113767921924591
