0.30359286069869995 0.3111540973186493
0.268164724111557 0.5345549583435059
0.20925572514533997 0.2160264253616333
0.20802189409732819 0.2160264253616333
0.2047867476940155 0.21720147132873535
0.1974736601114273 0.200611412525177
0.188006192445755 0.19065800309181213
0.18703153729438782 0.19985532760620117
0.186319962143898 0.19203175604343414
0.18057647347450256 0.20151694118976593
0.1801959127187729 0.1842593401670456
0.17927969992160797 0.18568705022335052
0.1770573854446411 0.1856478601694107
0.1529512107372284 0.15296173095703125
0.15139208734035492 0.1639753133058548
0.14764130115509033 0.16565674543380737
0.1446826159954071 0.14663180708885193
0.14430230855941772 0.15399521589279175
0.14221936464309692 0.15239395201206207
0.1411515474319458 0.1449858546257019
0.136000856757164 0.1427696794271469
0.13572821021080017 0.1370285600423813
0.13362525403499603 0.14032074809074402
0.13126856088638306 0.13957250118255615
