0.5369570255279541 0.5389150977134705
0.5350245833396912 0.5359202027320862
0.5346604585647583 0.5393742918968201
0.5345461368560791 0.5347431302070618
0.5344082713127136 0.5396292209625244
0.5326558351516724 0.5364463329315186
0.5324470400810242 0.5334832668304443
0.5318052172660828 0.536617636680603
0.5317132472991943 0.5419137477874756
0.5315486788749695 0.532031238079071
0.5313663482666016 0.5353691577911377
0.530643880367279 0.5323248505592346
0.530307412147522 0.5343173742294312
0.5301998257637024 0.5347381234169006
0.530005156993866 0.5359070897102356
0.5298258662223816 0.5348683595657349
0.5297286510467529 0.5344834327697754
0.5292643308639526 0.531360387802124
0.5291351675987244 0.5388001203536987
0.5290828943252563 0.5388073921203613
0.5286971926689148 0.5350839495658875
0.527742326259613 0.5371801853179932
0.5271756052970886 0.5316407680511475
0.5269311666488647 0.5302056074142456
0.5269257426261902 0.5290889143943787
0.5267124772071838 0.5283218026161194
0.5265346169471741 0.5362184643745422
0.5261297225952148 0.5335147380828857
0.5254789590835571 0.5374941229820251
0.5254529714584351 0.5328641533851624
0.5248107314109802 0.5334515571594238
0.5236046314239502 0.5428272485733032
0.23360013961791992 0.23416319489479065
0.21878637373447418 0.5364646911621094
0.18068578839302063 0.1935548186302185
0.1616809368133545 0.161934494972229
0.14501364529132843 0.14877359569072723
0.13231579959392548 0.1346072256565094
0.11210591346025467 0.12034587562084198
