0.3628113269805908 0.36418306827545166
0.35826554894447327 0.36481648683547974
0.3557701110839844 0.3596864640712738
0.35334160923957825 0.3622972369194031
0.35106080770492554 0.3560059666633606
0.34942910075187683 0.35287755727767944
0.3473709523677826 0.35205069184303284
0.3469606339931488 0.36481648683547974
0.34620827436447144 0.3639145493507385
0.34555017948150635 0.3620104491710663
0.34369394183158875 0.362438440322876
0.3424488604068756 0.3484039604663849
0.3083377480506897 0.31001028418540955
0.3004935681819916 0.30450597405433655
0.3003235161304474 0.3069191575050354
0.29598626494407654 0.29883918166160583
0.29556357860565186 0.3003467619419098
0.29481709003448486 0.30900177359580994
0.29469698667526245 0.3036770224571228
0.293362021446228 0.3100103437900543
0.29000169038772583 0.3117915093898773
0.28837478160858154 0.29063862562179565
0.26160532236099243 0.3650052547454834
0.2323887199163437 0.23917952179908752
0.230490580201149 0.23718471825122833
0.21380886435508728 0.2169974148273468
0.17851315438747406 0.18472963571548462
0.1766863465309143 0.17971156537532806
0.17608246207237244 0.1782185137271881
0.1731693595647812 0.17434749007225037
0.15269090235233307 0.15883801877498627
0.12827570736408234 0.13113977015018463
0.12760967016220093 0.1299908310174942
