0.3802328109741211 0.3811723589897156
0.3788433074951172 0.37892258167266846
0.3781573176383972 0.3800593316555023
0.3777809739112854 0.3779580891132355
0.3771018385887146 0.3774488866329193
0.3770378530025482 0.37784186005592346
0.37668201327323914 0.38069775700569153
0.37662553787231445 0.38213351368904114
0.37648752331733704 0.37818363308906555
0.3763815760612488 0.38113173842430115
0.3757346570491791 0.3795599341392517
0.37430623173713684 0.3818838894367218
0.37414488196372986 0.3750366270542145
0.3740665018558502 0.3775792717933655
0.37394461035728455 0.37889257073402405
0.3739258944988251 0.3784905970096588
0.37385106086730957 0.38186725974082947
0.37351030111312866 0.38058438897132874
0.37327465415000916 0.37494009733200073
0.37314775586128235 0.37841230630874634
0.37277936935424805 0.38159841299057007
0.3727450966835022 0.3775656819343567
0.37266501784324646 0.3775656819343567
0.37247541546821594 0.37855854630470276
0.37238192558288574 0.37896081805229187
0.3721396327018738 0.3759022653102875
0.3715878129005432 0.38060885667800903
0.37157291173934937 0.3785887360572815
0.37134650349617004 0.3773055374622345
0.37101542949676514 0.37999022006988525
0.3709053099155426 0.3792411684989929
0.3708234429359436 0.3813806474208832
0.3707408010959625 0.3851928412914276
0.3703135848045349 0.37297987937927246
0.36998623609542847 0.37950143218040466
0.36942508816719055 0.3818838894367218
0.36855611205101013 0.3790735900402069
0.3682542145252228 0.37545955181121826
0.1757824867963791 0.17905837297439575
0.1643345057964325 0.38057583570480347
0.1543533205986023 0.1579756885766983
0.1376039832830429 0.13843348622322083
0.1329546719789505 0.13911767303943634
0.13198429346084595 0.13327424228191376
0.12861397862434387 0.13066543638706207
0.1282307356595993 0.13202551007270813
0.12276797741651535 0.12319476157426834
