0.27785491943359375 0.2791215777397156
0.27465569972991943 0.2895525097846985
0.2716236114501953 0.2868550717830658
0.26843971014022827 0.270783931016922
0.2594948410987854 0.26878905296325684
0.24900630116462708 0.2579738199710846
0.2334866225719452 0.24077108502388
0.2227630317211151 0.293029248714447
0.2066633105278015 0.20948906242847443
0.19080372154712677 0.19149357080459595
0.17518386244773865 0.17756544053554535
0.1581556797027588 0.17229771614074707
0.15284520387649536 0.15432369709014893
0.14934293925762177 0.15045979619026184
0.1486419290304184 0.15517786145210266
0.14763399958610535 0.160818949341774
0.14170970022678375 0.14359945058822632
0.13963006436824799 0.14462675154209137
0.13859234750270844 0.14721255004405975
0.13850758969783783 0.13920995593070984
0.1383211761713028 0.14338473975658417
0.1363486349582672 0.16236858069896698
0.13251283764839172 0.14465560019016266
0.1314544975757599 0.14343740046024323
0.1311519742012024 0.1323319673538208
0.13065384328365326 0.15295787155628204
0.12573915719985962 0.1394379585981369
0.12539325654506683 0.1270931363105774
0.1248447373509407 0.12880121171474457
0.12382517009973526 0.12761032581329346
0.12226484715938568 0.1278083324432373
0.11884737014770508 0.1267520785331726
0.11789613217115402 0.12832671403884888
0.11611784249544144 0.12049239873886108
