0.45954063534736633 0.4662397801876068
0.4548990726470947 0.4556540846824646
0.45442095398902893 0.469205379486084
0.45381173491477966 0.4592961072921753
0.4524941146373749 0.45427075028419495
0.4520784616470337 0.45266133546829224
0.45204317569732666 0.4538138508796692
0.4512498378753662 0.45686161518096924
0.4511968791484833 0.45225679874420166
0.45089855790138245 0.45283687114715576
0.45045918226242065 0.45076391100883484
0.4503960907459259 0.45276379585266113
0.4502197504043579 0.45784464478492737
0.45012393593788147 0.45283687114715576
0.44991180300712585 0.45266133546829224
0.4497772455215454 0.45366954803466797
0.4496087431907654 0.45116087794303894
0.4485546350479126 0.4550305902957916
0.44808492064476013 0.45117026567459106
0.44748643040657043 0.4587579667568207
0.4470590054988861 0.45444971323013306
0.446183443069458 0.45156174898147583
0.4461762011051178 0.45091187953948975
0.4454299509525299 0.45444971323013306
0.4446490705013275 0.45215997099876404
0.444126158952713 0.4525136351585388
0.4435115158557892 0.4541592001914978
0.4434090852737427 0.4519886374473572
0.44339892268180847 0.4538138508796692
0.4428767263889313 0.44290146231651306
0.442841500043869 0.4462634325027466
0.4421233832836151 0.4492471218109131
0.4420410096645355 0.45219454169273376
0.4418598413467407 0.45283687114715576
0.4413769245147705 0.45108118653297424
0.4413663148880005 0.45031237602233887
0.44016897678375244 0.451149582862854
0.43991437554359436 0.45372486114501953
0.4353155791759491 0.4526682198047638
0.1989952027797699 0.21946124732494354
0.187588170170784 0.19180379807949066
0.1868429183959961 0.1889704465866089
0.17943528294563293 0.1861245036125183
0.1770603209733963 0.1907276064157486
0.1655343472957611 0.17719393968582153
0.16176721453666687 0.17814701795578003
0.1593436896800995 0.16042675077915192
0.13605134189128876 0.13770151138305664
