0.5145276188850403 0.5257546901702881
0.5134101510047913 0.5209344625473022
0.5121514201164246 0.5165153741836548
0.5115697383880615 0.5204911231994629
0.509523868560791 0.515562117099762
0.42989176511764526 0.43138638138771057
0.3317454159259796 0.3334524929523468
0.31550246477127075 0.32234135270118713
0.31376832723617554 0.339245468378067
0.27296945452690125 0.34082645177841187
0.2693992555141449 0.324196457862854
0.24021895229816437 0.24168236553668976
0.16041864454746246 0.16743789613246918
0.15665830671787262 0.170975461602211
0.155842125415802 0.15979665517807007
0.14659863710403442 0.16640925407409668
0.13851605355739594 0.14501547813415527
0.13572292029857635 0.1409296840429306
0.1332354098558426 0.1336568295955658
0.13270673155784607 0.13401181995868683
0.13003166019916534 0.1326444298028946
0.12926974892616272 0.13349515199661255
0.12739847600460052 0.12919199466705322
0.12553128600120544 0.12618519365787506
0.12184035778045654 0.12413287162780762
0.11226680874824524 0.1321437507867813
0.11058398336172104 0.11398759484291077
0.10981912910938263 0.11702898144721985
0.10000267624855042 0.1033017486333847
0.08514722436666489 0.08831601589918137
