0.3321356177330017 0.340874046087265
0.33175259828567505 0.33300015330314636
0.3286067545413971 0.3348347544670105
0.32665568590164185 0.3283568322658539
0.3251727521419525 0.3293442726135254
0.3241414427757263 0.32771095633506775
0.3239348828792572 0.32399702072143555
0.3238270878791809 0.3339087665081024
0.3235033452510834 0.32653915882110596
0.323194682598114 0.3280220627784729
0.32316410541534424 0.327962726354599
0.3228810131549835 0.3280150592327118
0.32274526357650757 0.32291120290756226
0.322263240814209 0.32429322600364685
0.32217779755592346 0.3261116147041321
0.3219747543334961 0.33229994773864746
0.3218653202056885 0.32507964968681335
0.3217407464981079 0.33057546615600586
0.32119008898735046 0.33193156123161316
0.3211117088794708 0.3252120614051819
0.3210923373699188 0.32552197575569153
0.32099395990371704 0.3226807415485382
0.32060837745666504 0.3237342834472656
0.3204071819782257 0.3286674916744232
0.3203638792037964 0.3385993540287018
0.32005080580711365 0.3645991086959839
0.3194853663444519 0.3363136351108551
0.31929275393486023 0.3220800459384918
0.3190692365169525 0.32192352414131165
0.3183304965496063 0.32155439257621765
0.3180810511112213 0.3231279253959656
0.3174256682395935 0.32378003001213074
0.3167248070240021 0.31778478622436523
0.31484726071357727 0.3155210316181183
0.14980566501617432 0.15245899558067322
