0.3086797595024109 0.30979838967323303
0.3078649640083313 0.3091126084327698
0.3068186640739441 0.3098045885562897
0.30423277616500854 0.3074551522731781
0.30359551310539246 0.3117462396621704
0.3018572926521301 0.3051847517490387
0.3015253245830536 0.3074551522731781
0.30151209235191345 0.3104068636894226
0.30082401633262634 0.30452486872673035
0.3003036379814148 0.30118319392204285
0.2997824251651764 0.30076274275779724
0.29912498593330383 0.30809926986694336
0.2991049885749817 0.3012283444404602
0.29851457476615906 0.3039710819721222
0.29838669300079346 0.3030069172382355
0.2980700433254242 0.30382776260375977
0.29793280363082886 0.30141961574554443
0.2971545457839966 0.30563777685165405
0.2967606782913208 0.30369025468826294
0.29627397656440735 0.29999446868896484
0.29606911540031433 0.29669705033302307
0.2957461178302765 0.2976042628288269
0.29519203305244446 0.2981790006160736
0.29478609561920166 0.29674991965293884
0.2944071888923645 0.3078796863555908
0.29429733753204346 0.30804264545440674
0.2937440872192383 0.2951734960079193
0.2937033474445343 0.3094325065612793
0.2934357523918152 0.29681238532066345
0.2928359806537628 0.30517494678497314
0.29281309247016907 0.3030069172382355
0.29201239347457886 0.2926916480064392
0.29155224561691284 0.29836198687553406
0.2908347547054291 0.29966747760772705
0.2905407249927521 0.29797258973121643
0.28583693504333496 0.3004930317401886
0.2851549983024597 0.3020074665546417
0.28037863969802856 0.2804614007472992
0.2765926718711853 0.2795230448246002
0.2613304555416107 0.26303836703300476
0.2554996907711029 0.2559221684932709
0.2553125023841858 0.2554020583629608
0.2535845935344696 0.25760406255722046
0.24931149184703827 0.31013211607933044
0.07948929816484451 0.08055172115564346
