0.27436530590057373 0.2755497395992279
0.2743208408355713 0.27444085478782654
0.2690463662147522 0.28408071398735046
0.26868748664855957 0.27890002727508545
0.2680390477180481 0.28149858117103577
0.267874151468277 0.27375608682632446
0.2676831781864166 0.26930898427963257
0.26715710759162903 0.2992089092731476
0.26663681864738464 0.2724301218986511
0.26543641090393066 0.28205347061157227
0.26519304513931274 0.28240272402763367
0.2650018036365509 0.2733204960823059
0.2638745605945587 0.26805898547172546
0.26374974846839905 0.29245683550834656
0.26345378160476685 0.2859725058078766
0.26238176226615906 0.2644696831703186
0.2600594758987427 0.27178558707237244
0.25924375653266907 0.27829092741012573
0.2590184807777405 0.2613036632537842
0.2579158544540405 0.27708545327186584
0.2578338086605072 0.26761487126350403
0.2575753927230835 0.26378968358039856
0.25749459862709045 0.2643624544143677
0.25677797198295593 0.2698805332183838
0.2565307021141052 0.25772997736930847
0.25651589035987854 0.27674320340156555
0.2564009428024292 0.28199219703674316
0.2558175027370453 0.25656625628471375
0.2551622986793518 0.25687170028686523
0.2549639344215393 0.2619315981864929
0.2546946704387665 0.280519038438797
0.2542763650417328 0.2993752062320709
0.2541332244873047 0.2705289125442505
0.25400856137275696 0.2646539509296417
0.2534940540790558 0.26674434542655945
0.2528427243232727 0.2565692365169525
0.2525670528411865 0.26875996589660645
0.25249844789505005 0.2528534531593323
0.2523205876350403 0.25292840600013733
0.2522442042827606 0.2640398442745209
0.2517533600330353 0.28366169333457947
0.251512348651886 0.2552871108055115
0.2512357234954834 0.26184138655662537
0.25094854831695557 0.2651282548904419
0.24962978065013885 0.25167182087898254
0.24909840524196625 0.2500688433647156
0.2446594536304474 0.2484743893146515
0.2329818308353424 0.2355697900056839
0.23060859739780426 0.23906879127025604
0.22579631209373474 0.2376297116279602
0.16257116198539734 0.1731802374124527
0.14834800362586975 0.14884141087532043
