0.44243645668029785 0.45821014046669006
0.2545623779296875 0.2642371356487274
0.21694953739643097 0.2187207192182541
0.20178352296352386 0.20737916231155396
0.19983790814876556 0.2123764008283615
0.19912925362586975 0.20050270855426788
0.19848616421222687 0.2222318947315216
0.18170537054538727 0.1852727234363556
0.17128250002861023 0.18296822905540466
0.16826659440994263 0.16859202086925507
0.16604283452033997 0.1885075569152832
0.16102038323879242 0.16713745892047882
0.15235154330730438 0.15396666526794434
0.15198153257369995 0.155843585729599
0.1440073549747467 0.156850203871727
0.1414456069469452 0.14197902381420135
0.14003901183605194 0.14089126884937286
0.1399291604757309 0.15636159479618073
0.1347450464963913 0.13904663920402527
0.1302039623260498 0.1339292675256729
0.12617726624011993 0.13003453612327576
0.1254267394542694 0.1261526197195053
0.12508907914161682 0.1339784413576126
0.10463188588619232 0.10789625346660614
