0.6058893799781799 0.606155514717102
0.6034663319587708 0.6074331402778625
0.603314995765686 0.6076244115829468
0.6026171445846558 0.6034582257270813
0.5998529195785522 0.6026756167411804
0.5989952683448792 0.6013776659965515
0.5982919335365295 0.6031615734100342
0.5982887744903564 0.6052409410476685
0.5971879363059998 0.6032546162605286
0.5392217636108398 0.5450217127799988
0.5361937880516052 0.5367132425308228
0.5345686078071594 0.5376983284950256
0.2503581941127777 0.6076624989509583
0.22017031908035278 0.22402305901050568
0.17483671009540558 0.1748567819595337
0.14055192470550537 0.14850357174873352
