0.38954421877861023 0.39699921011924744
0.37975651025772095 0.3864399790763855
0.37830299139022827 0.397732138633728
0.3714068830013275 0.40151843428611755
0.37059277296066284 0.38919076323509216
0.36963847279548645 0.38860297203063965
0.36228910088539124 0.3638930320739746
0.36123982071876526 0.40174639225006104
0.35861334204673767 0.3753480017185211
0.3541882634162903 0.36857864260673523
0.3521415591239929 0.39678865671157837
0.35103166103363037 0.40411728620529175
0.347957968711853 0.3707147538661957
0.3316987156867981 0.3389652371406555
0.3266560733318329 0.3276318907737732
0.32479140162467957 0.33111685514450073
0.3235218822956085 0.3290863037109375
0.32277676463127136 0.3559480309486389
0.3217329680919647 0.48202449083328247
0.31710806488990784 0.31888347864151
0.31626683473587036 0.3193250596523285
0.3148496448993683 0.32746586203575134
0.31203874945640564 0.33094462752342224
0.29886889457702637 0.30870598554611206
0.29886889457702637 0.3197290599346161
0.2956456243991852 0.37163403630256653
0.28656187653541565 0.28775084018707275
0.28588613867759705 0.30107325315475464
0.22341762483119965 0.2337348908185959
0.21836940944194794 0.229122132062912
0.21746039390563965 0.21968142688274384
0.2067541480064392 0.20775938034057617
0.205075204372406 0.20877201855182648
0.19691036641597748 0.20132939517498016
0.18750320374965668 0.19317299127578735
0.1843745857477188 0.19493690133094788
0.18072640895843506 0.19485487043857574
0.17032159864902496 0.1762954443693161
