0.2063828706741333 0.20913071930408478
0.18511508405208588 0.18831180036067963
0.1832207292318344 0.20244157314300537
0.18076187372207642 0.18194381892681122
0.1803717464208603 0.18640579283237457
0.17606228590011597 0.18809141218662262
0.17424815893173218 0.19256651401519775
0.1714816391468048 0.18287479877471924
0.16924485564231873 0.1756920963525772
0.1632108837366104 0.16626928746700287
0.16109268367290497 0.16817954182624817
0.15982668101787567 0.16371917724609375
0.15942050516605377 0.160825714468956
0.158663809299469 0.16138121485710144
0.15835142135620117 0.162052720785141
0.15592464804649353 0.16807642579078674
0.15278007090091705 0.1552048772573471
0.15031611919403076 0.1770649552345276
0.14729814231395721 0.15236349403858185
0.14427083730697632 0.1470397263765335
0.14278845489025116 0.1446596384048462
0.14221954345703125 0.15157347917556763
0.1283331662416458 0.1300855576992035
0.12202572077512741 0.12878328561782837
0.11134009063243866 0.11266178637742996
0.10798058658838272 0.10860500484704971
0.10602892935276031 0.1132197231054306
0.10331730544567108 0.11284840106964111
