0.20238713920116425 0.20559415221214294
0.17004969716072083 0.17462918162345886
0.15715959668159485 0.1655479222536087
0.15484237670898438 0.1557685285806656
0.15319731831550598 0.155165433883667
0.14322388172149658 0.16157926619052887
0.13622336089611053 0.1400519162416458
0.13484789431095123 0.13759104907512665
0.13329625129699707 0.13371975719928741
0.13218307495117188 0.13327108323574066
0.13119642436504364 0.13128598034381866
0.12684530019760132 0.12980146706104279
0.1253139078617096 0.13496896624565125
0.12329033017158508 0.1263207495212555
0.11954803764820099 0.12484762072563171
0.1193564385175705 0.1312977820634842
0.10651596635580063 0.10781455039978027
0.10384052991867065 0.10941679030656815
